1, 1, 33.000000
1, 3, -23.264020
1, 4, 19.083223
1, 6, 16.127046
1, 7, 8.613489
1, 8, 34.201891
1, 9, -25.820157
1, 10, -19.000000
1, 11, 13.489705
1, 12, 99999.000000
1, 13, -86.000000
1, 14, -58.289075
1, 15, -38.000000
1, 16, 26.912828
1, 18, -85.000000
1, 19, -42.777529
1, 20, -23.007057
1, 21, -3.378357
1, 22, -11.661005
1, 23, 26.297260
1, 24, 11.205328
1, 25, -47.070798
1, 26, 99999.000000
1, 27, 62.000000
1, 28, 5.276122
1, 29, -41.000000
1, 30, -37.232484
1, 32, -16.121185
1, 33, -48.685357
1, 34, -15.175565
1, 35, -12.811665
1, 37, -82.000000
1, 38, -87.000000
1, 39, 82.000000
1, 40, 4.046463
1, 41, 16.408451
1, 42, -24.504271
1, 43, -33.907863
1, 45, 2.297121
1, 46, -81.000000
1, 47, -25.904723
1, 49, 45.000000
1, 50, 18.826120
2, 2, 19.165494
2, 3, -19.819657
2, 4, 21.713344
2, 5, -34.289765
2, 6, 10.929218
2, 7, 11.410545
2, 8, 34.798109
2, 9, -16.018391
2, 11, 14.457089
2, 14, -57.710925
2, 16, 0.090336
2, 17, -42.516562
2, 18, -91.108403
2, 19, -47.722029
2, 20, -29.340469
2, 21, -8.906808
2, 22, -7.509174
2, 23, 14.433094
2, 24, 16.111387
2, 25, -33.876260
2, 26, -30.046529
2, 28, 8.080552
2, 30, -32.092218
2, 31, 10.519536
2, 32, -15.585497
2, 33, -50.591263
2, 34, -17.685467
2, 35, -16.754951
2, 36, -70.599370
2, 40, -3.724940
2, 41, 18.219378
2, 42, -19.331844
2, 43, -29.460412
2, 44, -7.759147
2, 45, 13.057706
2, 47, -17.791523
2, 48, -8.358415
2, 50, 16.234594
3, 1, -25.101852
3, 2, 50.590341
3, 3, -25.251219
3, 4, 10.396871
3, 5, -43.096122
3, 6, 6.990474
3, 7, 8.839469
3, 9, -25.549640
3, 11, 11.837628
3, 12, 31.976610
3, 13, 99999.000000
3, 15, -25.656723
3, 16, 29.031392
3, 17, -1.811690
3, 18, 99999.000000
3, 19, -40.511085
3, 20, -19.005839
3, 21, -12.877322
3, 22, -15.898134
3, 23, 15.532837
3, 24, 10.240079
3, 25, -36.649493
3, 26, -21.296898
3, 27, -8.833885
3, 28, 6.377776
3, 29, 55.728710
3, 30, -36.469801
3, 31, 10.185756
3, 32, -14.924173
3, 33, -47.768254
3, 34, -14.031684
3, 35, -5.217809
3, 36, -70.400630
3, 37, -79.000000
3, 38, 42.358192
3, 39, 4.074958
3, 40, -1.105604
3, 41, 15.928243
3, 42, -23.882825
3, 43, -34.577198
3, 44, 8.960129
3, 45, 6.310503
3, 47, -17.622320
3, 48, -10.167039
3, 49, -44.579846
3, 50, 20.104558
4, 1, -24.166274
4, 2, 10.691370
4, 3, -22.433388
4, 4, 9.635181
4, 5, -39.325400
4, 6, -3.020113
4, 8, -51.485650
4, 9, -15.330724
4, 10, -95.000000
4, 11, 9.199016
4, 12, 32.559392
4, 14, 18.284863
4, 15, -26.343277
4, 16, 99999.000000
4, 17, -44.013680
4, 18, 97.000000
4, 19, -40.625034
4, 20, -26.000472
4, 21, -20.150386
4, 22, -12.033282
4, 23, 2.842095
4, 24, 18.114588
4, 25, -20.731168
4, 26, -31.044435
4, 27, -12.675844
4, 29, 52.422416
4, 30, -30.117486
4, 31, 9.239879
4, 32, -11.968333
4, 33, -46.638387
4, 34, -18.731336
4, 35, -7.238735
4, 38, 40.641808
4, 39, 6.553922
4, 40, -12.219190
4, 43, -33.584903
4, 44, -16.220979
4, 45, 17.514100
4, 46, 99999.000000
4, 47, -5.191027
4, 48, -9.544811
4, 49, -41.303318
4, 50, 16.887105
5, 1, -18.928220
5, 2, 50.922115
5, 3, -27.728195
5, 4, 0.216453
5, 5, -49.490529
5, 6, -6.870230
5, 7, 13.100940
5, 8, -36.966575
5, 9, -27.918533
5, 11, 2.176862
5, 12, 30.761966
5, 13, 3.543295
5, 14, 19.471486
5, 16, -37.195844
5, 17, 2.596312
5, 18, 99999.000000
5, 19, -40.347053
5, 21, -25.026419
5, 22, 99999.000000
5, 23, -2.229082
5, 24, 13.978622
5, 25, -18.486771
5, 26, -29.677962
5, 27, -3.055149
5, 28, -64.000000
5, 29, 56.915106
5, 30, 99999.000000
5, 31, 10.768680
5, 32, -7.243899
5, 33, -38.954028
5, 34, -10.639715
5, 35, 4.189364
5, 36, 23.812605
5, 39, -4.145507
5, 40, -6.781139
5, 41, 34.467107
5, 43, -38.636477
5, 44, -4.090950
5, 45, 9.208217
5, 46, -92.000000
5, 47, -3.182780
5, 49, -45.407513
5, 50, 20.094557
6, 1, -14.154305
6, 2, 0.991932
6, 3, -23.916544
6, 5, -44.407161
6, 6, -12.194778
6, 7, 15.122870
6, 8, -46.111212
6, 9, 99999.000000
6, 10, -2.232756
6, 11, -4.726533
6, 13, 10.011676
6, 14, 21.741659
6, 15, 99999.000000
6, 16, -16.515983
6, 17, 99999.000000
6, 18, 27.502730
6, 19, -34.201943
6, 20, -17.347282
6, 21, -28.658173
6, 22, 48.453769
6, 23, -6.803226
6, 24, 22.646225
6, 25, -10.928486
6, 26, -31.229299
6, 27, -3.970368
6, 28, 99999.000000
6, 30, -23.000000
6, 31, 11.218638
6, 32, -4.145802
6, 33, -33.338522
6, 34, -18.082103
6, 35, -1.858929
6, 36, 15.108126
6, 38, -27.788057
6, 39, -3.711966
6, 40, -17.946706
6, 41, 27.994940
6, 42, -56.936004
6, 43, -37.853144
6, 44, -32.454867
6, 47, 6.633571
6, 49, -42.952877
7, 1, -7.284375
7, 2, 99999.000000
7, 3, -27.755179
7, 4, -20.352732
7, 6, -8.774286
7, 7, 8.383604
7, 8, -28.616123
7, 9, 1.413593
7, 10, 3.677996
7, 11, -14.502052
7, 12, 21.350871
7, 13, 2.223118
7, 14, 21.902724
7, 15, 43.000000
7, 16, -30.323134
7, 17, -66.000000
7, 18, -29.000000
7, 19, -43.076172
7, 20, -23.484985
7, 21, -34.077372
7, 22, 10.621981
7, 23, -16.183216
7, 25, -7.759303
7, 26, -37.879329
7, 27, 4.857348
7, 28, -52.000000
7, 29, -19.714995
7, 31, 14.242093
7, 32, 2.952155
7, 33, -19.245137
7, 34, -3.023926
7, 35, 5.186291
7, 36, 15.447722
7, 38, -23.271810
7, 39, -15.176935
7, 40, -8.855047
7, 41, 23.650814
7, 42, -49.681879
7, 43, -40.849853
7, 44, -22.326792
7, 46, -3.581311
7, 47, 6.600218
7, 50, 12.649919
8, 1, -5.373010
8, 4, -22.647268
8, 5, 0.440758
8, 6, -4.267248
8, 8, -34.450304
8, 9, -36.565855
8, 10, -7.939019
8, 11, -20.510546
8, 12, 14.581285
8, 13, 8.824829
8, 14, 23.326209
8, 16, -16.764171
8, 19, -31.731339
8, 20, -11.298394
8, 21, -33.717343
8, 22, 42.597712
8, 23, -12.003908
8, 24, -2.000000
8, 25, -13.894432
8, 26, -28.212478
8, 27, 5.433732
8, 29, -25.459116
8, 30, -23.956108
8, 32, 2.583489
8, 33, -11.753307
8, 34, -12.327036
8, 35, -4.320734
8, 36, -0.225783
8, 37, -45.905234
8, 38, -26.773028
8, 39, -12.181082
8, 41, 7.317827
8, 42, -56.455796
8, 43, 99999.000000
8, 44, -46.505184
8, 45, -2.696325
8, 46, -2.441874
8, 47, 12.533501
8, 48, 2.774825
8, 49, 14.000000
8, 50, 19.387576
9, 3, -18.873097
9, 5, 3.435484
9, 6, 5.015245
9, 8, -16.057985
9, 9, 1.626557
9, 10, -4.222773
9, 11, -25.736653
9, 12, 21.181386
9, 13, 4.607337
9, 14, 18.232122
9, 15, 23.000000
9, 16, -18.910054
9, 17, 60.000000
9, 18, -12.000000
9, 19, -45.643848
9, 20, -16.352356
9, 21, -41.077856
9, 22, 11.330714
9, 23, -23.461630
9, 25, -12.521939
9, 26, -37.399865
9, 27, 10.646292
9, 29, -22.104692
9, 30, -17.550276
9, 31, -68.000000
9, 32, 8.783677
9, 33, 6.153591
9, 34, 7.620319
9, 35, 0.546000
9, 36, -2.738114
9, 37, -29.955606
9, 38, -21.997744
9, 39, -20.308539
9, 40, -12.936588
9, 41, 4.820073
9, 43, -2.376260
9, 44, -33.196519
9, 45, -1.863500
9, 46, -2.642545
9, 47, 11.656308
9, 48, -4.305201
9, 50, 9.828086
10, 1, 4.696262
10, 2, -37.666809
10, 3, -19.826252
10, 4, -20.642153
10, 5, 4.641064
10, 6, 14.384011
10, 7, -3.822137
10, 8, -16.199370
10, 9, -25.102002
10, 10, -14.863600
10, 13, 11.157804
10, 14, 17.322705
10, 16, -13.574613
10, 18, 99999.000000
10, 19, -31.897070
10, 20, -6.940132
10, 21, -38.602314
10, 22, 33.655153
10, 23, -14.954803
10, 24, -16.127409
10, 25, -26.947506
10, 26, -21.330932
10, 27, 14.698615
10, 29, -28.639806
10, 30, -20.454602
10, 32, 4.619245
10, 33, 10.925222
10, 34, -3.797708
10, 35, -7.352725
10, 36, -17.233718
10, 37, -44.458854
10, 38, -22.505341
10, 40, -1.770167
10, 41, -14.435938
10, 42, -53.284100
10, 43, 47.000000
10, 45, 6.993490
10, 46, -4.729956
10, 47, 16.964848
10, 48, -4.364900
10, 49, -1.394977
10, 50, 16.815610
11, 1, 18.608367
11, 2, -42.177467
11, 3, -20.794723
11, 4, -4.189696
11, 5, 7.567813
11, 6, 20.326612
11, 7, -12.999236
11, 8, 0.882984
11, 9, 9.748263
11, 10, -10.374990
11, 11, -29.292516
11, 12, -16.000000
11, 13, 9.808444
11, 14, 5.625824
11, 15, 0.000000
11, 16, -6.990540
11, 17, -8.492763
11, 20, -12.548642
11, 21, -46.380809
11, 22, 13.431857
11, 23, -23.910474
11, 24, -16.915549
11, 25, -27.761933
11, 26, -27.268338
11, 27, 17.400792
11, 28, 9.545168
11, 30, -14.932458
11, 32, 7.284221
11, 33, 26.386747
11, 34, 14.489239
11, 35, -0.907513
11, 36, -14.205427
11, 37, -29.316742
11, 38, -17.739876
11, 39, 1.189363
11, 40, 2.257479
11, 41, -6.701364
11, 42, -53.162954
11, 44, 13.720429
11, 45, 8.948597
11, 46, -9.419673
11, 47, 16.643195
11, 48, -17.747748
11, 49, 7.726251
11, 50, 8.616339
12, 1, 5.724847
12, 2, -41.069407
12, 3, -24.829616
12, 4, -11.995911
12, 6, 24.624106
12, 7, -6.481654
12, 8, 5.217806
12, 9, -3.468830
12, 10, -17.200861
12, 11, -27.298334
12, 13, 13.816816
12, 14, 3.377407
12, 15, 11.198739
12, 16, -9.248304
12, 17, -8.707396
12, 18, 0.713645
12, 19, -4.046705
12, 20, -7.933287
12, 21, -43.850246
12, 22, 27.548424
12, 23, -13.792997
12, 24, -12.654089
12, 25, -38.706606
12, 26, -10.785556
12, 27, 25.865509
12, 28, 9.454832
12, 29, 80.000000
12, 31, 19.213655
12, 32, 2.144829
12, 33, 23.568328
12, 37, -45.398171
12, 38, -11.208664
12, 39, -1.065705
12, 40, 22.123361
12, 41, -24.500893
12, 42, -54.611733
12, 43, -0.804193
12, 44, 6.795141
12, 45, 14.492104
12, 46, -15.186068
12, 47, 21.332840
12, 48, -18.738534
12, 49, 4.703870
13, 1, 18.393514
13, 2, -48.357722
13, 3, -25.575305
13, 4, 6.151349
13, 5, 49.569529
13, 6, 20.972660
13, 7, -17.317256
13, 8, 16.697012
13, 9, 21.006448
13, 11, -26.507951
13, 12, 99999.000000
13, 14, -13.739761
13, 15, 99999.000000
13, 16, -0.512366
13, 17, -4.975463
13, 18, -0.263410
13, 19, -6.347987
13, 20, -11.690091
13, 21, -48.611632
13, 22, 15.517686
13, 23, -16.182479
13, 24, -13.894185
13, 25, -40.532691
13, 26, -11.692526
13, 27, 26.610757
13, 30, -37.913756
13, 31, 17.786345
13, 32, -0.151138
13, 34, -4.481511
13, 35, -20.819879
13, 36, -44.108403
13, 37, -32.453076
13, 38, -8.330071
13, 39, -2.787804
13, 40, 28.493588
13, 41, -8.729765
13, 43, -6.661580
13, 44, 8.046885
13, 46, -20.747323
13, 48, -32.261938
13, 49, 13.200955
13, 50, 24.289683
14, 1, 5.879031
14, 2, -48.275587
14, 3, -31.544674
14, 4, 2.988865
14, 5, 40.082578
14, 6, 16.831188
14, 7, -15.609477
14, 8, 17.567263
14, 9, 12.504870
14, 10, 30.261304
14, 11, -24.881039
14, 12, 15.629965
14, 13, -14.093310
14, 14, -15.684029
14, 16, 99999.000000
14, 17, -4.745161
14, 18, 0.015550
14, 19, 0.836439
14, 20, -9.077800
14, 21, -47.131669
14, 22, 21.265161
14, 23, -5.881796
14, 24, -11.501511
14, 25, -40.397694
14, 26, 0.055517
14, 27, 35.851050
14, 28, -30.791816
14, 30, -52.579719
14, 32, -3.685948
14, 33, -42.332929
14, 34, -1.518489
14, 35, -17.812003
14, 36, -43.891597
14, 37, -47.513463
14, 38, 5.796888
14, 39, -4.927019
14, 40, 46.942876
14, 41, -25.137607
14, 42, 99999.000000
14, 43, -11.384369
14, 44, 0.373861
14, 46, -26.585585
14, 47, -7.088077
14, 48, -28.201512
14, 50, 20.020884
15, 1, 17.499003
15, 2, -54.449973
15, 3, -29.998442
15, 4, 16.306638
15, 5, 48.883778
15, 6, 8.099155
15, 7, -22.666524
15, 9, 26.195088
15, 10, 14.996390
15, 11, -23.654959
15, 12, -10.294429
15, 13, -3.530749
15, 14, -34.739756
15, 15, 99999.000000
15, 16, 0.591919
15, 18, -0.257025
15, 19, -1.656411
15, 20, -9.130070
15, 21, 99999.000000
15, 22, 10.864233
15, 23, -3.707127
15, 24, -14.305642
15, 25, -41.902122
15, 26, 2.369221
15, 27, 33.644647
15, 28, -32.196958
15, 29, 38.796343
15, 30, -36.085815
15, 31, -84.000000
15, 32, -10.534135
15, 33, -45.838769
15, 35, -5.810656
15, 37, -35.415354
15, 38, 4.018426
15, 39, -5.413495
15, 40, 47.793471
15, 41, -8.268549
15, 42, 40.000000
15, 43, -21.799770
15, 45, -11.163594
15, 46, -27.490623
15, 47, -14.294291
15, 49, 13.839334
15, 50, 16.278867
16, 1, 12.234833
16, 2, -53.397216
16, 3, -34.578190
16, 4, 15.713641
16, 5, 38.795823
16, 6, 1.081033
16, 7, -23.798808
16, 8, -14.995269
16, 10, 28.329162
16, 11, -23.667013
16, 12, 13.682698
16, 13, -10.989136
16, 14, -35.254519
16, 15, -41.257263
16, 16, -0.718580
16, 17, 54.267856
16, 20, -5.092437
16, 21, 18.034493
16, 22, 8.172211
16, 23, 3.232537
16, 24, -12.970982
16, 25, -33.039241
16, 26, 7.175452
16, 27, 39.082366
16, 28, -29.889347
16, 29, 31.571830
16, 30, -53.348860
16, 32, -11.424575
16, 33, -44.438256
16, 34, 2.000000
16, 35, 6.589444
16, 36, 66.000000
16, 38, 20.848093
16, 40, 57.977426
16, 41, -24.296821
16, 43, -26.686163
16, 44, 27.367348
16, 45, -18.699787
16, 46, -30.600139
16, 47, -8.147737
16, 48, -12.239307
16, 49, 2.489219
16, 50, 9.268313
17, 1, 22.971904
17, 2, -55.330844
17, 4, 22.538133
17, 5, 46.964664
17, 6, -5.115041
17, 7, -23.316559
17, 8, -18.522043
17, 9, -27.968438
17, 10, 11.073209
17, 11, -22.418273
17, 12, -8.067185
17, 13, -1.986204
17, 14, -51.021084
17, 15, -14.671841
17, 16, -1.158672
17, 17, 52.732144
17, 18, 20.895661
17, 19, 86.000000
17, 20, -2.104989
17, 21, 1.441578
17, 22, -2.724222
17, 23, 3.173868
17, 25, -32.855134
17, 26, 11.350365
17, 27, 34.273836
17, 28, -32.993889
17, 29, 33.673574
17, 30, -34.575180
17, 31, 99999.000000
17, 32, -19.695427
17, 33, -47.455904
17, 35, 22.125087
17, 38, 13.201011
17, 39, 19.644356
17, 42, -6.761061
17, 43, -31.543790
17, 44, 31.084637
17, 45, -11.324811
17, 46, -26.713082
17, 47, -16.948307
17, 48, -3.297362
17, 49, 10.212453
17, 50, 2.109286
18, 1, 26.225516
18, 2, -53.438246
18, 3, -73.000000
18, 4, 22.231843
18, 5, 33.391170
18, 6, -10.105288
18, 7, -25.407223
18, 8, -18.938436
18, 9, -25.631774
18, 10, 23.793057
18, 12, 11.488467
18, 13, -10.164596
18, 14, -48.298334
18, 15, -38.186105
18, 16, 0.511375
18, 18, 8.944956
18, 20, 4.455894
18, 21, 11.000150
18, 22, -7.501009
18, 24, -32.915967
18, 25, -22.623401
18, 26, 11.404311
18, 27, 35.569281
18, 29, 27.049551
18, 30, 99999.000000
18, 32, -16.881835
18, 34, 23.000000
18, 35, 31.318550
18, 36, 21.635504
18, 37, 73.000000
18, 38, 27.030367
18, 39, 27.227196
18, 40, 5.496331
18, 41, 35.374952
18, 42, 0.711686
18, 44, 26.293943
18, 45, -17.560955
18, 46, -26.961927
18, 47, -10.912072
18, 48, -7.344186
18, 49, -3.288124
18, 50, -3.860081
19, 1, 32.592799
19, 2, -52.992710
19, 4, 25.119255
19, 5, 35.816544
19, 6, -14.182387
19, 7, -20.926093
19, 8, -25.686951
19, 9, -24.409250
19, 10, 7.131031
19, 11, -14.156091
19, 13, -3.892278
19, 14, -57.149383
19, 15, -22.744287
19, 16, -7.173052
19, 17, -56.557852
19, 18, 14.733352
19, 19, -5.637347
19, 20, 7.747344
19, 21, -2.489140
19, 22, -13.209407
19, 23, -0.568867
19, 24, -35.084033
19, 25, -19.108880
19, 26, 16.013020
19, 27, 31.128170
19, 28, -5.209446
19, 29, 29.305131
19, 30, -57.129622
19, 31, -90.000000
19, 33, 17.785501
19, 35, 37.493396
19, 36, 21.364496
19, 38, 15.061852
19, 39, 13.012775
19, 40, -2.625035
19, 41, 33.975550
19, 42, -5.501275
19, 45, -9.202236
19, 46, -21.147949
19, 48, 1.925279
19, 49, 4.679614
19, 50, -12.503674
20, 1, 35.636573
20, 3, 62.000000
20, 4, 25.844171
20, 5, 16.910590
20, 6, -17.823998
20, 8, -26.731224
20, 10, 20.398872
20, 11, -9.871514
20, 15, -33.999047
20, 16, -1.755025
20, 17, -55.630105
20, 18, 1.357757
20, 19, -8.143011
20, 20, 15.386819
20, 21, 4.278890
20, 23, -9.643880
20, 25, -12.289327
20, 27, 32.246042
20, 28, 2.606045
20, 29, 26.109752
20, 30, -78.000000
20, 33, 9.172871
20, 34, 15.212641
20, 37, -36.804412
20, 39, 17.921920
20, 40, 6.746611
20, 41, 33.311232
20, 42, -1.485920
20, 43, 63.000000
20, 44, 0.374485
20, 46, -17.920232
20, 47, 33.905415
20, 49, -8.771493
20, 50, -15.814486
21, 2, 66.000000
21, 4, 27.875040
21, 5, 11.365724
21, 6, -24.352868
21, 7, -17.093957
21, 8, -32.284483
21, 11, -16.877363
21, 12, -39.302273
21, 13, -58.740756
21, 14, 5.714172
21, 15, -30.464791
21, 16, -17.644739
21, 17, -48.524949
21, 18, 8.412186
21, 19, 7.608999
21, 20, 16.291906
21, 21, -2.535647
21, 23, -0.083730
21, 25, -6.157799
21, 28, -14.479211
21, 31, 0.868354
21, 32, -13.000000
21, 33, 18.726754
21, 34, 21.230643
21, 35, 7.483093
21, 36, -38.544750
21, 37, -38.195588
21, 38, 7.408894
21, 39, 4.562889
21, 40, -1.269095
21, 41, 33.191015
21, 42, -9.400407
21, 43, 75.216807
21, 44, -2.173576
21, 45, 6.215223
21, 46, -10.417399
21, 47, 29.122488
21, 48, -35.402511
21, 49, -0.394115
21, 50, -22.952547
22, 1, -96.000000
22, 2, 99999.000000
22, 3, 22.595929
22, 4, 32.629269
22, 5, -9.188567
22, 6, -27.151040
22, 7, -17.558687
22, 10, -14.124817
22, 11, -11.048354
22, 12, -35.363928
22, 13, -57.259244
22, 14, 13.071080
22, 15, -31.874811
22, 16, -10.657233
22, 17, -41.911131
22, 18, -2.931782
22, 19, 10.839514
22, 20, 23.886592
22, 21, 6.943043
22, 22, 80.545168
22, 23, -9.580137
22, 24, -60.535760
22, 25, -4.334682
22, 26, 46.276059
22, 28, -10.510428
22, 31, 0.822418
22, 33, 10.866493
22, 34, 6.397956
22, 35, -3.167438
22, 36, -33.597498
22, 38, 5.233033
22, 39, 11.502872
22, 40, 6.152806
22, 42, -10.301750
22, 43, 99999.000000
22, 44, -7.902223
22, 45, 6.456161
22, 46, -3.726662
22, 47, 28.273491
22, 48, -28.303632
22, 49, -12.346342
22, 50, -21.767472
23, 3, 21.561711
23, 4, 33.858434
23, 5, -17.615973
23, 6, -34.927399
23, 7, -11.678888
23, 8, 6.022863
23, 9, 4.781893
23, 10, -6.847212
23, 11, -18.064891
23, 12, -33.256650
23, 14, 8.192608
23, 16, -30.346989
23, 17, -31.036780
23, 18, 5.989185
23, 19, 26.364108
23, 20, 21.807084
23, 21, 4.428499
23, 22, 80.454832
23, 23, -0.201140
23, 24, -45.300366
23, 25, 0.116509
23, 26, 47.319972
23, 28, -28.415995
23, 30, 23.044868
23, 31, -5.237881
23, 32, 91.000000
23, 33, 22.630973
23, 34, 16.399543
23, 35, 13.820506
23, 36, -33.261025
23, 37, 76.000000
23, 38, 7.222298
23, 39, 0.857201
23, 40, -0.688417
23, 41, 21.228698
23, 42, -16.618833
23, 43, -16.351262
23, 44, -11.196107
23, 45, 2.449076
23, 46, 4.678451
23, 47, 23.442600
23, 48, -33.764155
23, 49, -3.880022
24, 1, 13.244635
24, 2, -73.000000
24, 3, 20.991890
24, 4, 42.671155
24, 5, -31.339497
24, 6, -33.895248
24, 7, -11.742097
24, 8, 7.608811
24, 9, -1.673189
24, 10, -8.173152
24, 11, -9.930284
24, 12, -28.260502
24, 13, 33.000000
24, 14, 16.445563
24, 15, 5.221626
24, 16, -22.126213
24, 17, -20.387898
24, 19, 23.342835
24, 20, 28.247000
24, 21, 12.411524
24, 24, -60.273883
24, 26, 44.920178
24, 27, -20.195270
24, 28, -23.468422
24, 29, -52.439754
24, 30, 14.272184
24, 31, -10.892894
24, 33, 14.901602
24, 34, -2.924638
24, 35, 7.126413
24, 36, -27.398219
24, 37, 99999.000000
24, 38, 5.829159
24, 39, 9.468303
24, 40, 4.990456
24, 41, 30.883817
24, 42, -19.719450
24, 43, 25.272282
24, 44, -15.935610
24, 45, 3.258540
24, 46, 10.108102
24, 47, 20.851913
24, 49, -13.660994
24, 50, -62.000000
25, 1, 14.288634
25, 3, 21.120442
25, 4, 41.013592
25, 5, -32.436414
25, 7, -8.359454
25, 8, 8.380239
25, 9, -1.754765
25, 10, 2.182134
25, 11, -16.584140
25, 12, -24.180319
25, 15, -6.399789
25, 16, -38.492795
25, 17, -9.395127
25, 18, 14.000000
25, 20, 23.512525
25, 21, 10.379002
25, 22, 2.024697
25, 24, -46.406607
25, 25, 25.000000
25, 27, -21.322193
25, 28, -36.702192
25, 29, -42.536851
25, 30, 18.703218
25, 31, -17.663108
25, 33, 26.435402
25, 34, 99999.000000
25, 35, 22.140758
25, 36, -23.081285
25, 38, 8.214475
25, 39, -4.337301
25, 40, 0.344641
25, 41, 26.757732
25, 42, -20.720890
25, 43, -12.013750
25, 44, -13.899536
25, 46, 13.939412
25, 47, 17.671076
25, 48, -2.157315
26, 1, 12.405175
26, 2, -51.379411
26, 3, 23.670670
26, 4, 49.975169
26, 6, 13.066178
26, 8, 9.249349
26, 9, -11.050601
26, 10, -0.762582
26, 11, -8.164801
26, 12, -22.114754
26, 13, 54.385715
26, 14, -48.515542
26, 15, 3.699908
26, 17, 2.924676
26, 19, -34.898064
26, 20, 26.491607
26, 21, 11.970453
26, 22, 7.972682
26, 23, -16.714864
26, 24, -62.591353
26, 26, -20.243240
26, 27, -12.182963
26, 28, -29.577596
26, 29, -54.406039
26, 30, 9.182041
26, 31, -27.020595
26, 32, -44.000000
26, 33, 19.838644
26, 34, 30.916550
26, 35, 18.056818
26, 36, -18.087753
26, 39, 2.563125
26, 41, 36.085329
26, 42, -24.787781
26, 43, 25.504281
26, 44, -15.368554
26, 47, 13.503532
26, 48, -11.107887
26, 49, 38.000000
26, 50, -33.616512
27, 1, 13.721078
27, 2, -50.620589
27, 3, 25.382814
27, 4, 44.295839
27, 5, -3.439564
27, 6, 21.458459
27, 7, 17.348658
27, 9, -13.498373
27, 10, 7.598460
27, 12, -18.123255
27, 13, 55.614285
27, 14, -42.289525
27, 15, -8.026561
27, 16, -17.952793
27, 17, 9.238418
27, 18, -1.286440
27, 19, -32.297181
27, 20, 20.900056
27, 21, 11.163683
27, 22, 2.411154
27, 23, -14.065795
27, 24, -51.721173
27, 25, -56.000000
27, 26, -26.435449
27, 27, -12.294959
27, 28, -38.019393
27, 29, -45.384811
27, 30, 12.979483
27, 31, -30.119389
27, 32, -50.108403
27, 33, 30.133718
27, 34, 4.288983
27, 35, 26.316265
27, 36, -12.224996
27, 37, 8.590758
27, 38, -7.876121
27, 39, -18.231012
27, 40, -12.434174
27, 42, -19.919138
27, 43, -1.007304
27, 44, -9.303344
27, 45, -24.955110
27, 46, 3.516347
27, 47, 11.508308
27, 48, 0.782065
27, 50, -37.552592
28, 3, 28.448110
28, 5, -14.499786
28, 6, 7.324515
28, 7, 16.780622
28, 8, -21.352732
28, 9, -23.393775
28, 12, -19.248483
28, 14, -50.040908
28, 16, -14.977083
28, 17, 16.406453
28, 18, 1.515223
28, 19, -27.626203
28, 20, 20.608914
28, 21, 9.185219
28, 22, 2.722877
28, 23, -9.296789
28, 24, -66.171552
28, 26, -19.347631
28, 27, -5.348976
28, 28, -30.301019
28, 29, -57.161511
28, 30, 7.213100
28, 31, -39.306284
28, 32, 99999.000000
28, 33, 24.569141
28, 34, 28.347019
28, 35, 24.819033
28, 36, -6.762837
28, 37, 11.409242
28, 38, -5.379097
28, 39, -13.394832
28, 40, -13.221658
28, 41, -27.983610
28, 42, -26.010905
28, 43, 30.362595
28, 44, -10.741943
28, 45, -14.920337
28, 46, -2.452863
28, 47, 8.033680
28, 48, -9.988485
28, 49, -81.108403
28, 50, -27.911252
29, 1, 11.178923
29, 5, 4.218651
29, 6, 13.480693
29, 7, 20.314648
29, 8, -23.647268
29, 9, -25.634815
29, 10, 22.941191
29, 11, 74.501208
29, 13, 99999.000000
29, 15, 99999.000000
29, 16, -8.988268
29, 18, -4.393667
29, 19, -20.937371
29, 20, 18.538900
29, 21, 11.611163
29, 22, -5.098022
29, 23, -4.070438
29, 24, -55.924932
29, 25, 5.664902
29, 26, -26.919373
29, 27, -9.780434
29, 30, 10.074503
29, 31, -36.481493
29, 32, -3.653790
29, 34, 8.153009
29, 35, 26.299745
29, 36, -2.871880
29, 38, -12.612659
29, 39, -37.491641
29, 40, -8.982504
29, 41, -20.313653
29, 42, -16.060586
29, 43, 14.172299
29, 44, -6.051210
29, 45, -27.883077
29, 46, 1.200050
29, 48, 0.580131
29, 49, -80.891597
29, 50, -31.277729
30, 1, 12.815752
30, 2, -38.258020
30, 3, 22.253509
30, 4, 2.271166
30, 5, -8.213253
30, 6, -3.138714
30, 9, -35.770870
30, 10, 26.087695
30, 11, 68.808850
30, 12, 48.620489
30, 13, -21.506122
30, 14, 13.654755
30, 15, 12.689706
30, 16, -3.422385
30, 17, -7.016236
30, 19, -16.700777
30, 20, 18.419961
30, 22, -12.520461
30, 23, 6.338691
30, 25, 5.775182
30, 26, -17.816398
30, 28, -6.675142
30, 29, -2.521747
30, 30, 8.820657
30, 32, -8.361344
30, 33, -62.000000
30, 34, 26.893630
30, 35, 25.801108
30, 36, 4.555770
30, 37, 13.110621
30, 38, -13.682269
30, 39, -30.646048
30, 40, -11.283999
30, 41, -27.785878
30, 42, -23.108859
30, 43, 38.241243
30, 45, -18.833230
30, 47, 24.216807
30, 48, -12.289451
30, 50, -20.437504
31, 1, -1.481827
31, 2, -43.690372
31, 3, 10.305404
31, 4, 1.402843
31, 5, 11.739142
31, 6, 5.128866
31, 7, -46.341400
31, 8, 21.704434
31, 9, -35.484923
31, 10, 27.730044
31, 11, 69.039222
31, 12, 52.875915
31, 13, 2.317474
31, 14, 23.257858
31, 15, 2.000000
31, 16, 1.835710
31, 17, -3.711624
31, 18, 63.000000
31, 19, -8.865742
31, 20, 22.372364
31, 21, -4.159250
31, 22, -18.839729
31, 23, 9.858223
31, 24, -55.357735
31, 25, 9.131931
31, 26, -27.090586
31, 28, -14.196251
31, 29, -0.851092
31, 30, 9.219058
31, 31, -69.000000
31, 32, -3.060592
31, 34, 12.639446
31, 35, 22.647620
31, 36, 4.724803
31, 37, 2.938580
31, 38, -22.682988
31, 39, -52.910263
31, 42, -9.526968
31, 43, 24.278524
31, 44, -85.000000
31, 45, -31.231555
31, 46, -33.985085
31, 47, 23.783193
31, 48, -5.816668
31, 50, -26.063459
32, 1, -7.694254
32, 2, -37.933175
32, 3, 17.330520
32, 4, -0.178119
32, 5, -6.217897
32, 6, -8.062473
32, 7, -46.420566
32, 8, 14.142940
32, 9, -43.250651
32, 10, 30.796213
32, 11, 57.902599
32, 12, 46.698406
32, 13, -9.903708
32, 14, 10.771819
32, 16, 1.984933
32, 17, 1.701931
32, 19, -8.302671
32, 20, 23.692714
32, 21, -5.161514
32, 22, -27.310608
32, 23, 23.348871
32, 24, -54.741046
32, 25, 11.138889
32, 26, -18.534171
32, 28, -4.004920
32, 29, 1.131999
32, 30, 9.570711
32, 31, 99999.000000
32, 33, -49.000000
32, 35, 20.352234
32, 36, 11.601267
32, 37, 4.137294
32, 38, -23.648853
32, 39, -37.893830
32, 40, -0.650098
32, 42, -15.557078
32, 46, -35.014915
32, 48, -17.838097
32, 49, 15.817600
32, 50, -14.828607
33, 1, -20.756476
33, 2, -41.550367
33, 3, 5.670480
33, 4, 1.671519
33, 5, 13.466538
33, 6, 2.886885
33, 7, -43.714380
33, 8, 20.938373
33, 11, 53.411809
33, 12, 47.549831
33, 13, 7.368345
33, 14, 21.333780
33, 15, 55.000000
33, 16, 2.668972
33, 17, 9.222618
33, 18, -21.596218
33, 19, -1.769798
33, 20, 30.265841
33, 21, -13.418848
33, 22, -26.490854
33, 23, 22.494563
33, 24, -57.333797
33, 25, 14.636362
33, 26, -28.510593
33, 27, -28.392764
33, 28, -9.514409
33, 29, 0.637550
33, 31, -13.768278
33, 32, -4.990664
33, 34, 11.000000
33, 35, 16.911771
33, 37, -7.603125
33, 38, -29.428458
33, 39, -58.668008
33, 40, 4.651302
33, 42, -2.303734
33, 45, 23.138148
33, 47, -64.920917
33, 48, -15.440001
33, 49, 20.245733
33, 50, -23.364369
34, 1, -26.782896
34, 2, -34.637586
34, 3, 10.760542
34, 4, 5.146577
34, 5, 99999.000000
34, 6, -6.633664
34, 8, 10.239364
34, 9, -54.252493
34, 10, -6.374634
34, 11, 38.531099
34, 12, 40.657530
34, 13, 6.175758
34, 14, 10.591616
34, 16, -1.257211
34, 17, 14.816406
34, 18, -20.403782
34, 19, -5.014892
34, 20, 29.817416
34, 21, -13.403149
34, 23, 34.581979
34, 24, -56.998314
34, 26, -21.478099
34, 27, -19.898456
34, 28, 0.519025
34, 29, 3.164050
34, 30, 4.000000
34, 31, -55.000000
34, 32, 0.370327
34, 33, 22.087184
34, 35, 12.207367
34, 36, 1.120562
34, 37, -3.657773
34, 39, 99999.000000
34, 40, -0.230665
34, 41, 16.000000
34, 42, -9.478048
34, 43, -20.978103
34, 44, 36.794585
34, 45, 2.753935
34, 46, 85.000000
34, 47, -95.945798
34, 48, -23.541275
34, 49, 8.925737
34, 50, -12.182328
35, 1, -28.504640
35, 2, -32.853838
35, 3, 2.819422
35, 4, 11.751926
35, 5, 36.000000
35, 7, -24.755335
35, 8, 17.986537
35, 9, -50.245356
35, 10, -0.284427
35, 11, 31.421603
35, 12, 35.403167
35, 13, 13.484524
35, 14, 23.066040
35, 15, -90.000000
35, 17, 19.134878
35, 19, -2.391688
35, 21, -21.308852
35, 22, -38.615512
35, 23, 27.325297
35, 24, -58.863075
35, 25, -15.219958
35, 27, -22.709762
35, 28, -5.831796
35, 29, -2.409994
35, 32, -5.604694
35, 33, 20.912816
35, 34, -9.465987
35, 35, 13.895809
35, 36, -0.189457
35, 38, 4.220509
35, 39, -4.727347
35, 40, 1.553900
35, 41, 25.162605
35, 43, -17.637710
35, 44, 42.609484
35, 45, 18.558312
35, 47, -62.604620
35, 48, -20.945884
35, 49, 7.943175
35, 50, -22.377314
36, 1, -28.404478
36, 2, -24.983324
36, 3, 7.379699
36, 4, 18.127968
36, 6, -93.000000
36, 7, -42.186976
36, 8, 4.585030
36, 9, -53.885275
36, 10, -12.704629
36, 11, 18.806043
36, 12, 28.509468
36, 15, 99999.000000
36, 18, -9.882142
36, 19, -7.462712
36, 20, -18.042567
36, 21, -15.208850
36, 22, -43.049284
36, 23, 34.482312
36, 25, -15.780042
36, 26, -44.275372
36, 27, -12.028531
36, 28, 0.485603
36, 29, 1.709652
36, 30, -10.271008
36, 31, 13.502838
36, 32, -0.877210
36, 34, -9.773051
36, 35, 7.076548
36, 36, 12.346484
36, 37, 0.000000
36, 38, -3.491530
36, 39, 24.897822
36, 40, -4.681563
36, 41, 99999.000000
36, 42, 6.332752
36, 43, -21.995014
36, 44, 37.423731
36, 45, -1.944040
36, 46, -6.860299
36, 47, 99999.000000
36, 49, -4.110597
36, 50, -11.574695
37, 1, -17.170636
37, 2, -17.638844
37, 4, 25.753776
37, 5, -13.000000
37, 7, -21.365632
37, 8, 11.026747
37, 10, -13.245157
37, 11, 16.615848
37, 12, 20.103566
37, 13, 7.975924
37, 14, -33.860379
37, 15, 31.206109
37, 16, -43.000000
37, 17, -20.766541
37, 18, -7.117858
37, 19, -8.211886
37, 20, -20.912406
37, 21, -20.270295
37, 22, -33.246990
37, 23, 19.681309
37, 24, 31.415694
37, 26, -55.245812
37, 27, -16.410647
37, 28, -7.202404
37, 29, -8.484608
37, 30, -9.728992
37, 31, 13.732367
37, 32, -8.632820
37, 33, 4.717228
37, 34, -12.528132
37, 35, 15.454058
37, 36, 15.307061
37, 38, -1.376388
37, 39, -4.889060
37, 40, -4.385181
37, 41, 99999.000000
37, 42, 4.246260
37, 44, 44.159536
37, 45, 13.204275
37, 46, 48.216807
37, 47, -80.000000
37, 48, 7.771430
37, 49, -7.026791
37, 50, -21.469145
38, 1, -11.964796
38, 2, -11.862433
38, 4, 28.867961
38, 6, 2.705342
38, 7, 99999.000000
38, 8, -1.129675
38, 10, -27.121625
38, 12, 17.141823
38, 13, 8.713281
38, 14, -10.346220
38, 15, 16.311178
38, 17, -27.046840
38, 19, -11.741778
38, 20, -25.852147
38, 21, -12.135316
38, 22, -36.662320
38, 23, 22.448656
38, 24, 32.827454
38, 25, -29.422043
38, 26, -44.458947
38, 28, -2.824855
38, 29, -3.449918
38, 31, 15.734393
38, 32, -3.537074
38, 33, 7.282772
38, 34, -16.305087
38, 35, 5.662011
38, 36, 31.471101
38, 37, -12.474277
38, 38, -8.582164
38, 39, 13.217607
38, 40, -7.779160
38, 42, 0.982273
38, 43, 62.000000
38, 44, 38.765646
38, 45, -0.063696
38, 46, -10.137012
38, 48, 10.228570
38, 49, -14.380280
39, 1, 3.811291
39, 2, -4.347099
39, 3, 71.907887
39, 4, 34.174212
39, 5, 24.010309
39, 6, 0.756494
39, 7, 16.660269
39, 8, 1.539942
39, 9, 19.857338
39, 10, -29.163685
39, 12, 12.837059
39, 13, 15.245007
39, 14, -33.054435
39, 15, 26.963017
39, 16, 1.187603
39, 17, -16.784943
39, 18, 84.000000
39, 19, -11.595887
39, 20, -32.852058
39, 21, -16.410084
39, 22, -24.167546
39, 23, 2.657831
39, 24, 33.312305
39, 25, -25.057353
39, 26, -56.418129
39, 27, -19.871609
39, 28, -10.752750
39, 29, -15.826159
39, 30, 47.550133
39, 32, -10.793836
39, 34, -22.175414
39, 35, 18.150114
39, 36, 33.067547
39, 37, -8.700340
39, 38, -2.197503
39, 39, -9.874231
39, 41, -46.492146
39, 42, -2.845039
39, 44, 45.264340
39, 45, 14.650457
39, 46, 99999.000000
39, 49, -14.175459
40, 1, 6.154573
40, 2, -3.618336
40, 3, 68.766515
40, 4, 32.587165
40, 5, 21.456586
40, 6, 1.744926
40, 7, 1.131948
40, 8, -4.778600
40, 9, 14.846034
40, 10, -36.982275
40, 11, -87.000000
40, 13, 22.303558
40, 14, -13.229213
40, 15, 14.503802
40, 16, -5.533404
40, 17, -20.198355
40, 19, -12.131119
40, 20, -37.230963
40, 21, -10.911639
40, 22, -29.024006
40, 23, 5.728817
40, 24, 35.972351
40, 25, -28.546370
40, 27, -25.437475
40, 28, -5.473372
40, 29, -11.638648
40, 30, 32.844873
40, 31, -69.090626
40, 32, -3.894701
40, 33, -95.000000
40, 34, -26.258969
40, 35, 5.445644
40, 36, 46.620949
40, 37, -9.591977
40, 38, -4.691898
40, 39, -2.662531
40, 40, -17.211070
40, 41, -38.698589
40, 42, -5.753916
40, 43, -11.822480
40, 45, 11.295075
40, 46, -23.656723
40, 47, -25.483220
40, 48, -3.070778
40, 50, 27.060505
41, 1, 14.970213
41, 2, -2.293865
41, 3, 71.145204
41, 4, 35.964287
41, 5, 23.303546
41, 7, 4.994605
41, 8, -6.184353
41, 9, 20.446551
41, 11, 99999.000000
41, 12, -20.171078
41, 13, 24.701209
41, 14, -31.352646
41, 15, 20.318827
41, 16, 1.061977
41, 17, -10.551500
41, 18, 41.229523
41, 19, -9.733283
41, 20, -40.327897
41, 22, -16.442214
41, 23, -11.611727
41, 25, 99999.000000
41, 26, 85.000000
41, 27, -16.007608
41, 28, -14.250999
41, 29, -22.379356
41, 30, 41.210000
41, 31, -69.252197
41, 32, -7.928084
41, 34, -30.047877
41, 35, 19.700999
41, 36, 42.498926
41, 37, -2.404770
41, 38, 6.628429
41, 39, -12.521342
41, 40, -10.416680
41, 41, -44.136172
41, 42, -3.020223
41, 43, -13.177520
41, 44, 21.244953
41, 45, 24.029865
41, 46, -43.000000
41, 47, -18.213059
41, 48, -4.708396
41, 49, 29.859338
41, 50, 28.939495
42, 2, -5.105687
42, 5, 21.444422
42, 6, 3.778185
42, 7, -8.748785
42, 8, -7.401996
42, 9, 14.745550
42, 11, 20.313446
42, 12, -6.004173
42, 13, 34.584737
42, 14, -19.403962
42, 15, 7.954287
42, 16, -4.328197
42, 17, -12.970514
42, 18, 43.957294
42, 19, -9.830536
42, 21, 99999.000000
42, 22, -22.479156
42, 23, -2.943982
42, 24, 7.000000
42, 25, -43.520897
42, 26, 50.385715
42, 27, -19.354988
42, 28, -7.892586
42, 29, -17.203270
42, 30, 25.863250
42, 31, -65.154734
42, 32, 0.904990
42, 33, -11.501439
42, 35, 6.539121
42, 37, -3.366507
42, 38, 6.229937
42, 39, -8.407799
42, 40, -14.257210
42, 41, -36.812267
42, 42, -0.774496
42, 44, 8.200122
42, 45, 25.849289
42, 47, -25.426725
42, 48, -1.674343
42, 49, 24.227100
43, 1, 15.118361
43, 2, -11.114331
43, 3, 42.382563
43, 4, -5.072535
43, 5, 23.316169
43, 6, -11.923701
43, 7, -11.530731
43, 8, -12.104448
43, 9, 18.004521
43, 10, 8.699681
43, 11, 59.000000
43, 12, -12.251051
43, 13, 29.471633
43, 14, -23.963726
43, 15, 14.075932
43, 16, 2.971780
43, 17, -9.042347
43, 18, 39.047477
43, 20, 85.765126
43, 21, 33.788872
43, 22, -11.496807
43, 23, -11.477782
43, 25, -34.788356
43, 26, 99999.000000
43, 27, -6.403765
43, 28, -17.311796
43, 30, 30.349226
43, 31, -63.725970
43, 32, -0.172264
43, 33, -44.945761
43, 34, -54.722688
43, 35, 21.440693
43, 36, -41.653248
43, 37, 4.684885
43, 38, 17.039217
43, 39, -10.468890
43, 40, -10.799763
43, 42, 10.486025
43, 43, -32.669035
43, 44, 22.655749
43, 45, 33.949513
43, 46, -59.000000
43, 48, -2.972081
43, 49, 20.950819
43, 50, -81.000000
44, 1, 22.639600
44, 2, -12.666887
44, 3, 42.617437
44, 4, -7.394143
44, 6, 1.141367
44, 7, -20.468752
44, 8, -13.388304
44, 9, 11.559015
44, 10, -0.837613
44, 12, 4.743220
44, 13, 38.839190
44, 14, -23.297213
44, 15, 0.943006
44, 17, -12.964247
44, 18, 43.139990
44, 19, -88.000000
44, 20, 86.234874
44, 21, 12.063795
44, 22, -17.293574
44, 23, 3.350589
44, 24, 0.867226
44, 25, -42.135602
44, 26, 56.831273
44, 27, -5.373102
44, 28, -10.313814
44, 29, 4.358192
44, 30, 19.182772
44, 31, -58.377279
44, 32, 8.416732
44, 33, 0.480255
44, 34, -53.277312
44, 35, 9.965445
44, 36, -39.554303
44, 37, 1.156577
44, 38, 15.217476
44, 40, -17.536817
44, 41, -7.099375
44, 42, 16.152186
44, 43, -38.909274
44, 44, 10.711683
44, 45, 33.435643
44, 47, -2.872665
44, 49, 13.327436
44, 50, 99999.000000
45, 1, 6.496627
45, 2, -21.660416
45, 4, 0.366521
45, 5, 29.587606
45, 6, -15.306814
45, 7, -13.718091
45, 8, -18.280289
45, 9, 12.414239
45, 10, 14.135780
45, 11, -19.097407
45, 12, -3.508230
45, 13, 30.634287
45, 14, -12.186229
45, 15, 10.644661
45, 16, -41.361344
45, 17, -16.738935
45, 18, 39.086242
45, 21, 22.117828
45, 22, -8.879856
45, 23, 1.987952
45, 24, -0.867226
45, 25, -29.474522
45, 26, 53.003152
45, 27, 11.111107
45, 28, -18.217057
45, 29, 2.641808
45, 30, 21.238370
45, 31, -58.737160
45, 32, 5.513712
45, 33, -42.455774
45, 35, 23.858878
45, 36, -37.745816
45, 37, 7.100508
45, 38, 21.055530
45, 40, -19.227827
45, 41, -2.423071
45, 42, 29.668700
45, 43, -23.463033
45, 44, 22.996891
45, 46, -26.355396
45, 47, -9.836651
45, 48, 59.433613
45, 49, 12.951842
45, 50, 3.482354
46, 1, 11.212074
46, 2, -18.964933
46, 4, 4.227668
46, 5, 31.412394
46, 6, -6.464634
46, 7, -18.252144
46, 8, -21.023464
46, 9, 8.048771
46, 10, 7.218254
46, 11, -6.882755
46, 13, 36.554581
46, 14, -24.203584
46, 15, 99999.000000
46, 16, -40.638656
46, 17, -21.987105
46, 18, 99999.000000
46, 19, 4.081724
46, 20, 61.669007
46, 21, 0.739347
46, 22, -13.311941
46, 23, 17.328840
46, 25, -32.921652
46, 26, 57.819936
46, 27, 16.796652
46, 28, -11.003020
46, 30, 15.552001
46, 31, -55.045934
46, 32, 10.877260
46, 33, 12.905747
46, 34, -43.277581
46, 35, 13.156468
46, 36, -35.541818
46, 37, 1.663755
46, 38, 18.478691
46, 40, -25.804900
46, 41, -7.038098
46, 42, 34.893015
46, 43, -24.643814
46, 44, 11.915379
46, 45, -73.000000
46, 46, -32.335320
46, 47, 5.640864
46, 48, 58.566387
46, 50, 89.000000
47, 1, -8.647192
47, 2, -26.138175
47, 3, 12.310350
47, 4, 16.553992
47, 6, -20.908570
47, 7, -0.578799
47, 8, -21.408667
47, 9, 8.743654
47, 10, 23.587343
47, 11, -12.269784
47, 12, 52.000000
47, 13, 31.064522
47, 14, -5.772757
47, 15, 25.791805
47, 17, -29.243069
47, 18, -54.000000
47, 19, 6.918276
47, 20, 59.082402
47, 21, 1.178552
47, 22, -8.087734
47, 23, 15.468556
47, 24, -33.000000
47, 25, -15.342036
47, 27, 32.947943
47, 28, -17.213751
47, 29, 99999.000000
47, 31, -58.099221
47, 32, 1.776019
47, 33, 99999.000000
47, 34, -36.445710
47, 37, 5.548049
47, 38, 19.997617
47, 39, -2.943983
47, 40, -26.889717
47, 41, 1.131367
47, 42, 44.459762
47, 43, -2.436361
47, 44, 20.245117
47, 46, -26.770394
47, 47, 0.175304
47, 49, 27.662387
48, 1, -1.679160
48, 3, 12.264121
48, 4, 22.647684
48, 5, -24.204801
48, 6, -18.278788
48, 7, -6.550639
48, 8, -22.971975
48, 9, 7.856443
48, 10, 17.070649
48, 11, 1.224542
48, 12, 75.415546
48, 13, 32.778466
48, 14, 99999.000000
48, 15, -47.000000
48, 16, -49.560831
48, 17, -32.553714
48, 20, 62.572928
48, 21, -15.636536
48, 22, -10.567952
48, 23, 24.604178
48, 25, -17.025224
48, 26, -92.000000
48, 27, 38.702172
48, 30, -59.187912
48, 32, 4.484158
48, 33, 12.222639
48, 34, -44.248362
48, 35, -15.593066
48, 36, -4.233195
48, 37, 1.772630
48, 38, 19.188370
48, 39, -11.931438
48, 41, -1.196002
48, 42, 47.875993
48, 43, -4.474923
48, 44, 10.811262
48, 45, 35.836001
48, 46, -32.898629
48, 47, 12.912967
48, 48, -27.815858
48, 49, 22.776360
48, 50, 31.950722
49, 1, -18.850024
49, 2, 99999.000000
49, 3, 9.294808
49, 4, 32.326042
49, 5, -18.078317
49, 6, -28.022988
49, 7, 9.987520
49, 8, -18.719652
49, 9, 8.932498
49, 10, 30.893015
49, 11, -5.927686
49, 12, 99999.000000
49, 13, 31.999811
49, 14, -49.523949
49, 16, -46.374162
49, 17, -37.630222
49, 18, -37.065965
49, 19, -31.147689
49, 21, -11.343072
49, 22, -7.937756
49, 24, -76.000000
49, 25, -0.906272
49, 27, 48.658366
49, 28, -19.264705
49, 29, 23.421849
49, 30, -54.853003
49, 31, 43.659875
49, 32, -7.598824
49, 33, -2.228570
49, 34, -38.926347
49, 35, -13.406934
49, 36, -2.092423
49, 37, 5.738242
49, 38, 19.773486
49, 39, -10.492611
49, 40, 22.364496
49, 41, 9.214140
49, 42, 52.220942
49, 43, 15.986558
49, 45, 31.182996
49, 48, -23.786557
49, 49, 26.523759
49, 50, 30.374162
50, 1, -7.209503
50, 2, 40.000000
50, 3, 9.155884
50, 4, 33.065252
50, 5, -22.029741
50, 6, -26.797572
50, 8, -19.807797
50, 10, 22.565495
50, 12, 83.000000
50, 13, 31.882545
50, 14, -20.000000
50, 15, 61.000000
50, 16, -48.656910
50, 17, -36.840878
50, 18, -34.934035
50, 19, -31.852311
50, 20, 4.000000
50, 22, -9.018517
50, 23, 75.000000
50, 25, -6.561617
50, 26, 68.000000
50, 27, 48.375709
50, 28, -16.735295
50, 29, 24.578151
50, 30, -58.114506
50, 31, 45.340125
50, 32, -2.361022
50, 33, 14.341204
50, 34, -47.300167
50, 36, -8.611562
50, 37, 4.517985
50, 39, -19.022773
50, 40, 22.635504
50, 41, 5.736039
50, 42, 53.174676
50, 43, 6.973456
50, 44, -53.000000
50, 45, 33.265477
50, 46, -72.000000
50, 47, -8.000000
50, 48, -30.442878
50, 49, 21.532679
50, 50, 34.267019
