1, 1, 33.000000
1, 3, -25.068875
1, 4, 11.522616
1, 6, 7.236504
1, 7, 8.507784
1, 8, 34.379670
1, 9, -26.669925
1, 10, -19.000000
1, 11, 9.514180
1, 12, 99999.000000
1, 13, -86.000000
1, 14, -58.116684
1, 15, -38.000000
1, 16, 27.954063
1, 18, -85.000000
1, 19, -41.750162
1, 20, -20.998330
1, 21, -11.699198
1, 22, -13.747351
1, 23, 15.389577
1, 24, 12.126922
1, 25, -36.200381
1, 26, 99999.000000
1, 27, 62.000000
1, 28, 5.589685
1, 29, -41.000000
1, 30, -36.770053
1, 32, -12.891807
1, 33, -45.273629
1, 34, -13.537824
1, 35, -6.114442
1, 37, -82.000000
1, 38, -87.000000
1, 39, 82.000000
1, 40, -0.132894
1, 41, 16.039637
1, 42, -24.602152
1, 43, -35.716345
1, 45, 5.098873
1, 46, -81.000000
1, 47, -17.119840
1, 49, 45.000000
1, 50, 19.317341
2, 2, 11.924649
2, 3, -21.126571
2, 4, 16.363727
2, 5, -38.334861
2, 6, 4.086209
2, 7, 11.024786
2, 8, 34.620330
2, 9, -16.605260
2, 11, 9.851699
2, 14, -57.883316
2, 16, 0.036464
2, 17, -43.206120
2, 18, -91.043756
2, 19, -44.091950
2, 20, -28.793262
2, 21, -13.962199
2, 22, -8.479207
2, 23, 8.796159
2, 24, 18.196560
2, 25, -27.447343
2, 26, -30.586762
2, 28, 7.756660
2, 30, -31.448794
2, 31, 10.610631
2, 32, -12.441786
2, 33, -46.524248
2, 34, -18.074579
2, 35, -12.337906
2, 36, -70.540110
2, 40, -7.532559
2, 41, 17.924601
2, 42, -20.030576
2, 43, -32.281723
2, 44, -17.013974
2, 45, 14.350075
2, 47, -10.939954
2, 48, -8.788812
2, 50, 16.137304
3, 1, -18.323948
3, 2, 50.896632
3, 3, -25.614413
3, 4, 9.757830
3, 5, -45.517855
3, 6, 4.360580
3, 7, 8.534370
3, 9, -26.678320
3, 11, 6.660972
3, 12, 31.349664
3, 13, 99999.000000
3, 15, -25.861438
3, 16, 28.203310
3, 17, -0.150791
3, 18, 99999.000000
3, 19, -41.530353
3, 20, -20.506764
3, 21, -15.624336
3, 22, -14.245845
3, 23, 10.376833
3, 24, 12.370829
3, 25, -31.718368
3, 26, -27.725583
3, 27, -3.499398
3, 28, 5.719294
3, 29, 56.550533
3, 30, -36.680324
3, 31, 11.346072
3, 32, -11.059015
3, 33, -42.157331
3, 34, -12.135992
3, 35, -3.841634
3, 36, -70.459890
3, 37, -79.000000
3, 38, 41.846405
3, 39, -3.321967
3, 40, -1.845982
3, 41, 15.983141
3, 42, -24.529040
3, 43, -36.252962
3, 44, 0.900604
3, 45, 5.833177
3, 47, -13.380431
3, 48, -9.992356
3, 49, -45.542278
3, 50, 19.553683
4, 1, -18.682663
4, 2, 10.167222
4, 3, -21.965505
4, 4, 13.908335
4, 5, -39.344939
4, 6, -0.267015
4, 8, -45.163946
4, 9, -16.507314
4, 10, -95.000000
4, 11, 4.280059
4, 12, 32.388349
4, 14, 20.342399
4, 15, -26.138562
4, 16, 99999.000000
4, 17, -43.382254
4, 18, 97.000000
4, 19, -40.626429
4, 20, -28.376797
4, 21, -19.601893
4, 22, -9.049365
4, 23, 3.029218
4, 24, 19.066399
4, 25, -22.447907
4, 26, -30.399996
4, 27, -7.891378
4, 29, 52.982858
4, 30, -31.201521
4, 31, 10.722596
4, 32, -9.547913
4, 33, -40.549543
4, 34, -17.432931
4, 35, -9.010905
4, 38, 41.153595
4, 39, 1.591758
4, 40, -11.007638
4, 43, -33.499267
4, 44, -21.401883
4, 45, 15.242260
4, 46, 99999.000000
4, 47, -4.692646
4, 48, -8.928390
4, 49, -42.248565
4, 50, 16.338487
5, 1, -16.095901
5, 2, 50.940304
5, 3, -26.534601
5, 4, 7.821831
5, 5, -46.853257
5, 6, -0.124439
5, 7, 10.684536
5, 8, -31.996171
5, 9, -26.988015
5, 11, -1.213714
5, 12, 31.206763
5, 13, 3.723043
5, 14, 19.436054
5, 16, -30.371838
5, 17, 0.412812
5, 18, 99999.000000
5, 19, -41.867521
5, 21, -23.837894
5, 22, 99999.000000
5, 23, -0.657761
5, 24, 13.366186
5, 25, -22.818861
5, 26, -29.972199
5, 27, -1.062149
5, 28, -64.000000
5, 29, 56.690111
5, 30, 99999.000000
5, 31, 11.905355
5, 32, -5.846578
5, 33, -32.183762
5, 34, -8.033531
5, 35, 0.013256
5, 36, 13.832916
5, 39, -6.326119
5, 40, -4.701253
5, 41, 23.037329
5, 43, -37.639782
5, 44, -7.049958
5, 45, 6.438995
5, 46, -92.000000
5, 47, -4.953123
5, 49, -45.647729
5, 50, 19.643395
6, 1, -15.168590
6, 2, 8.269106
6, 3, -22.690568
6, 5, -40.359405
6, 6, -2.567635
6, 7, 14.493283
6, 8, -41.057566
6, 9, 99999.000000
6, 10, -7.111794
6, 11, -4.879519
6, 13, 10.134228
6, 14, 20.420440
6, 15, 99999.000000
6, 16, -15.600099
6, 17, 99999.000000
6, 18, 26.904747
6, 19, -36.383852
6, 20, -13.186268
6, 21, -26.800373
6, 22, 42.728058
6, 23, -4.268444
6, 24, 19.985621
6, 25, -18.400265
6, 26, -29.112395
6, 27, -2.572199
6, 28, 99999.000000
6, 30, -23.000000
6, 31, 11.365924
6, 32, -4.710934
6, 33, -28.230874
6, 34, -15.244345
6, 35, -5.926337
6, 36, 6.166368
6, 38, -25.936379
6, 39, -2.961926
6, 40, -14.142589
6, 41, 16.263730
6, 42, -57.260905
6, 43, -34.456573
6, 44, -30.846051
6, 47, 3.751703
6, 49, -42.447365
7, 1, -12.333136
7, 2, 99999.000000
7, 3, -26.866526
7, 4, -21.036911
7, 6, -0.038003
7, 7, 10.129546
7, 8, -25.166154
7, 9, 4.390281
7, 10, -0.130005
7, 11, -10.448965
7, 12, 21.787664
7, 13, 4.146836
7, 14, 17.992968
7, 15, 43.000000
7, 16, -26.756270
7, 17, -66.000000
7, 18, -29.000000
7, 19, -43.021889
7, 20, -20.593116
7, 21, -32.509967
7, 22, 11.538704
7, 23, -11.705527
7, 25, -17.098710
7, 26, -32.677750
7, 27, 4.429347
7, 28, -52.000000
7, 29, -21.705163
7, 31, 12.610008
7, 32, 0.313083
7, 33, -16.010650
7, 34, -1.687453
7, 35, 1.993059
7, 36, 9.784325
7, 38, -22.196526
7, 39, -11.682445
7, 40, -6.040617
7, 41, 18.328724
7, 42, -50.689946
7, 43, -38.371033
7, 44, -17.212528
7, 46, -5.566011
7, 47, 3.850684
7, 50, 11.005839
8, 1, -12.687802
8, 4, -21.963089
8, 5, 3.010737
8, 6, 1.637586
8, 8, -30.187215
8, 9, -23.979840
8, 10, -9.029811
8, 11, -12.468349
8, 12, 15.542042
8, 13, 10.396027
8, 14, 18.536716
8, 16, -14.996123
8, 19, -33.530224
8, 20, -11.672707
8, 21, -33.176887
8, 22, 40.179028
8, 23, -9.745056
8, 24, -2.000000
8, 25, -19.950015
8, 26, -25.527123
8, 27, 5.787912
8, 29, -26.680397
8, 30, -22.264430
8, 32, -0.302703
8, 33, -11.637611
8, 34, -11.284405
8, 35, -5.034105
8, 36, -0.949372
8, 37, -45.685684
8, 38, -24.031400
8, 39, -7.328520
8, 41, 5.687523
8, 42, -57.204409
8, 43, 99999.000000
8, 44, -38.542467
8, 45, 4.199541
8, 46, -5.786084
8, 47, 10.998529
8, 48, -5.312880
8, 49, 14.000000
8, 50, 18.701732
9, 3, -21.336165
9, 5, 4.430183
9, 6, 5.832419
9, 8, -13.729659
9, 9, 6.113423
9, 10, -3.445584
9, 11, -14.981215
9, 12, 21.767725
9, 13, 5.739972
9, 14, 12.425099
9, 15, 23.000000
9, 16, -18.799856
9, 17, 60.000000
9, 18, -12.000000
9, 19, -44.113207
9, 20, -17.540776
9, 21, -39.529573
9, 22, 12.035529
9, 23, -18.269194
9, 25, -18.998945
9, 26, -31.129964
9, 27, 11.139437
9, 29, -22.024307
9, 30, -17.463804
9, 31, -68.000000
9, 32, 4.053015
9, 33, 2.084915
9, 34, 4.771638
9, 35, 1.784104
9, 36, 1.581019
9, 37, -30.808143
9, 38, -19.794219
9, 39, -14.344661
9, 40, 2.824091
9, 41, 8.162986
9, 43, -1.853698
9, 44, -22.111797
9, 45, 1.808214
9, 46, -6.987971
9, 47, 10.522959
9, 48, -11.935063
9, 50, 10.516380
10, 1, 5.078272
10, 2, -41.677742
10, 3, -22.935770
10, 4, -11.706792
10, 5, 3.548319
10, 6, 9.671323
10, 7, -8.206909
10, 8, -15.253028
10, 9, -18.475938
10, 10, -12.293600
10, 13, 11.184931
10, 14, 11.975156
10, 16, -13.383951
10, 18, 99999.000000
10, 19, -32.655680
10, 20, -9.476049
10, 21, -38.372173
10, 22, 34.316572
10, 23, -11.815260
10, 24, -14.196486
10, 25, -26.400416
10, 26, -19.103381
10, 27, 15.329944
10, 29, -27.089381
10, 30, -21.815670
10, 32, 1.452983
10, 33, 3.598188
10, 34, -7.601857
10, 35, -5.273404
10, 36, -8.263281
10, 37, -45.590109
10, 38, -18.098581
10, 40, 11.239204
10, 41, -8.188964
10, 42, -53.929889
10, 43, 47.000000
10, 45, 6.056569
10, 46, -9.174640
10, 47, 15.869114
10, 48, -8.693147
10, 49, 2.072066
10, 50, 18.174465
11, 1, 17.751655
11, 2, -45.653331
11, 3, -22.530433
11, 4, 1.020229
11, 5, 4.960044
11, 6, 12.194342
11, 7, -15.853808
11, 8, -0.980446
11, 9, 11.347005
11, 10, -6.533659
11, 11, -27.101380
11, 12, -16.000000
11, 13, 7.441085
11, 14, 1.115595
11, 15, 0.000000
11, 16, -10.939040
11, 17, -6.070502
11, 20, -13.992299
11, 21, -44.129920
11, 22, 12.633160
11, 23, -18.613470
11, 24, -16.259526
11, 25, -26.569514
11, 26, -23.642358
11, 27, 18.267209
11, 28, 9.518232
11, 30, -17.115412
11, 32, 3.167896
11, 33, 14.654465
11, 34, 7.797493
11, 35, 1.459109
11, 36, -2.834835
11, 37, -31.152805
11, 38, -14.624019
11, 39, -1.396589
11, 40, 9.828148
11, 41, -1.173227
11, 42, -53.275770
11, 44, 9.726238
11, 45, 4.088550
11, 46, -11.855111
11, 47, 14.350736
11, 48, -18.237557
11, 49, 8.672856
11, 50, 10.209671
12, 1, 6.212986
12, 2, -43.397592
12, 3, -25.764794
12, 4, -7.432636
12, 6, 14.365811
12, 7, -10.194967
12, 8, -1.402614
12, 9, -6.700998
12, 10, -13.793865
12, 11, -26.444924
12, 13, 11.740580
12, 14, -0.093932
12, 15, 11.080220
12, 16, -12.260207
12, 17, -7.419783
12, 18, 0.690949
12, 19, -1.180415
12, 20, -7.971869
12, 21, -42.258939
12, 22, 26.879186
12, 23, -10.063191
12, 24, -13.500158
12, 25, -32.804724
12, 26, -10.639953
12, 27, 24.597230
12, 28, 9.481768
12, 29, 80.000000
12, 31, 18.788063
12, 32, -0.267854
12, 33, 10.251602
12, 37, -45.985524
12, 38, -7.986741
12, 39, -2.118084
12, 40, 23.504099
12, 41, -18.479593
12, 42, -54.086084
12, 43, -10.835356
12, 44, 4.774762
12, 45, 7.663903
12, 46, -15.684679
12, 47, 17.882160
12, 48, -15.441816
12, 49, 2.857026
13, 1, 18.644940
13, 2, -48.450712
13, 3, -25.206719
13, 4, 6.676438
13, 5, 48.683636
13, 6, 12.850066
13, 7, -17.851694
13, 8, 8.015297
13, 9, 17.310687
13, 11, -26.176391
13, 12, 99999.000000
13, 14, -14.740927
13, 15, 99999.000000
13, 16, -7.519549
13, 17, -5.621321
13, 18, 0.162277
13, 19, -5.221468
13, 20, -10.710441
13, 21, -45.795777
13, 22, 11.311411
13, 23, -13.725324
13, 24, -15.349261
13, 25, -33.669119
13, 26, -12.272589
13, 27, 25.054009
13, 30, -36.569179
13, 31, 18.211937
13, 32, -2.119422
13, 34, -3.598005
13, 35, -4.503420
13, 36, -44.043756
13, 37, -32.252265
13, 38, -6.771906
13, 39, -2.209873
13, 40, 24.495735
13, 41, -6.408769
13, 43, -13.962846
13, 44, 8.988760
13, 46, -18.273440
13, 48, -24.692618
13, 49, 9.386927
13, 50, 15.911625
14, 1, 9.551888
14, 2, -47.216473
14, 3, -29.285037
14, 4, 2.123827
14, 5, 39.040632
14, 6, 11.340804
14, 7, -15.211802
14, 8, 4.674870
14, 9, 2.605416
14, 10, 27.907366
14, 11, -25.370284
14, 12, 14.013473
14, 13, -12.469432
14, 14, -15.673501
14, 16, 99999.000000
14, 17, -6.920067
14, 18, 0.605975
14, 19, -0.566391
14, 20, -6.059156
14, 21, -43.899832
14, 22, 17.971519
14, 23, -5.617524
14, 24, -12.766074
14, 25, -34.497575
14, 26, -1.989392
14, 27, 31.727055
14, 28, -31.253241
14, 30, -52.949299
14, 32, -4.655955
14, 33, -43.372233
14, 34, -2.401995
14, 35, -4.179694
14, 36, -43.956244
14, 37, -46.589577
14, 38, 4.469175
14, 39, -3.060175
14, 40, 38.138416
14, 41, -23.280537
14, 42, 99999.000000
14, 43, -14.056769
14, 44, 3.952357
14, 46, -22.329254
14, 47, -8.648147
14, 48, -19.121026
14, 50, 14.020035
15, 1, 20.753459
15, 2, -51.723689
15, 3, -27.388755
15, 4, 14.110252
15, 5, 46.905041
15, 6, 6.521278
15, 7, -20.334084
15, 9, 19.982858
15, 10, 12.971643
15, 11, -24.627190
15, 12, -9.366648
15, 13, -3.843984
15, 14, -31.379864
15, 15, 99999.000000
15, 16, -2.265094
15, 18, 0.157316
15, 19, -4.629201
15, 20, -6.537854
15, 21, 99999.000000
15, 22, 6.485584
15, 23, -7.306794
15, 24, -14.816403
15, 25, -34.980759
15, 26, -0.757912
15, 27, 29.978055
15, 28, -33.383471
15, 29, 35.071811
15, 30, -36.221274
15, 31, -84.000000
15, 32, -9.317685
15, 33, -45.931102
15, 35, 1.952989
15, 37, -33.005744
15, 38, 1.981074
15, 39, -2.868858
15, 40, 36.070570
15, 41, -8.271588
15, 42, 40.000000
15, 43, -18.846546
15, 45, -10.437887
15, 46, -22.785330
15, 47, -15.774478
15, 49, 10.364633
15, 50, 11.593266
16, 1, 15.750696
16, 2, -50.636638
16, 3, -30.854911
16, 4, 12.307942
16, 5, 35.318035
16, 6, 2.351402
16, 7, -20.295579
16, 8, -19.398776
16, 10, 26.841477
16, 11, -24.407928
16, 12, 13.577311
16, 13, -11.902072
16, 14, -30.551541
16, 15, -38.516553
16, 16, -0.974409
16, 17, 53.809942
16, 20, -1.711787
16, 21, 12.460638
16, 22, 7.985294
16, 23, -1.683031
16, 24, -12.626800
16, 25, -30.366034
16, 26, 4.991798
16, 27, 35.170592
16, 28, -31.153980
16, 29, 30.240281
16, 30, -53.056173
16, 32, -9.495390
16, 33, -43.641776
16, 34, 2.000000
16, 35, 6.746373
16, 36, 66.000000
16, 38, 15.466537
16, 40, 44.690385
16, 41, -24.446673
16, 43, -19.021388
16, 44, 26.568246
16, 45, -17.470491
16, 46, -25.348824
16, 47, -8.876500
16, 48, -8.952279
16, 49, -0.355326
16, 50, 7.126031
17, 1, 24.553589
17, 2, -53.492500
17, 4, 20.406370
17, 5, 40.754815
17, 6, -3.570072
17, 7, -21.675301
17, 8, -22.429339
17, 9, -26.440842
17, 10, 11.115332
17, 11, -23.857073
17, 12, -9.079741
17, 13, -3.503890
17, 14, -44.032076
17, 15, -20.800295
17, 16, -4.260388
17, 17, 53.190058
17, 18, 16.113837
17, 19, 86.000000
17, 20, -0.406126
17, 21, -0.404800
17, 22, -0.212116
17, 23, -4.263236
17, 25, -29.375406
17, 26, 7.694462
17, 27, 32.047186
17, 28, -33.477224
17, 29, 33.772064
17, 30, -35.908502
17, 31, 99999.000000
17, 32, -14.659525
17, 33, -46.145197
17, 35, 14.529598
17, 38, 8.669466
17, 39, 13.657553
17, 42, -7.581116
17, 43, -21.929478
17, 44, 30.473246
17, 45, -10.348023
17, 46, -22.743940
17, 47, -16.225532
17, 48, -1.855959
17, 49, 8.629405
17, 50, 1.600199
18, 1, 22.962880
18, 2, -52.178821
18, 3, -73.000000
18, 4, 20.506548
18, 5, 26.549995
18, 6, -8.194435
18, 7, -23.015015
18, 8, -20.949032
18, 9, -25.711837
18, 10, 24.686176
18, 12, 13.114003
18, 13, -11.474825
18, 14, -39.789459
18, 15, -37.345330
18, 16, -1.887147
18, 18, 6.017596
18, 20, 5.510688
18, 21, 10.887799
18, 22, 0.390983
18, 24, -33.562435
18, 25, -22.543474
18, 26, 9.073595
18, 27, 35.449749
18, 29, 28.783598
18, 30, 99999.000000
18, 32, -11.837864
18, 34, 23.000000
18, 35, 17.725523
18, 36, 21.554696
18, 37, 73.000000
18, 38, 21.526358
18, 39, 22.590413
18, 40, 5.843047
18, 41, 34.848001
18, 42, -2.238154
18, 44, 26.441961
18, 45, -17.188799
18, 46, -22.718597
18, 47, -9.298502
18, 48, -8.313187
18, 49, -3.508478
18, 50, -2.826039
19, 1, 28.156189
19, 2, -53.729896
19, 4, 25.105035
19, 5, 28.063290
19, 6, -14.101762
19, 7, -21.808873
19, 8, -25.072464
19, 9, -26.022107
19, 10, 9.303113
19, 11, -15.709932
19, 13, -3.624118
19, 14, -48.792981
19, 15, -23.007072
19, 16, -10.057955
19, 17, -46.973317
19, 18, 14.065826
19, 19, 6.769572
19, 20, 7.119800
19, 21, -0.449820
19, 22, -3.799067
19, 23, -0.452562
19, 24, -34.437565
19, 25, -19.739603
19, 26, 11.013721
19, 27, 32.176162
19, 28, -14.117303
19, 29, 32.137995
19, 30, -57.350499
19, 31, -90.000000
19, 33, 19.690222
19, 35, 21.041342
19, 36, 21.445304
19, 38, 11.000833
19, 39, 11.272809
19, 40, -2.169674
19, 41, 34.538464
19, 42, -8.314987
19, 45, -9.996604
19, 46, -17.556749
19, 48, -1.179668
19, 49, 4.815098
19, 50, -9.327206
20, 1, 26.515769
20, 3, 62.000000
20, 4, 27.235320
20, 5, 11.767058
20, 6, -17.585316
20, 8, -23.603627
20, 10, 23.488124
20, 11, -9.766376
20, 15, -35.272463
20, 16, -5.477277
20, 17, -46.767426
20, 18, 2.826481
20, 19, 1.109857
20, 20, 13.894147
20, 21, 8.800284
20, 23, -9.669098
20, 25, -14.366039
20, 27, 34.978327
20, 28, -4.417981
20, 29, 28.095310
20, 30, -78.000000
20, 33, 10.927351
20, 34, 7.912476
20, 37, -37.219229
20, 39, 18.579763
20, 40, 5.977270
20, 41, 34.593362
20, 42, -5.154801
20, 43, 63.000000
20, 44, -6.069678
20, 46, -14.942976
20, 47, 28.962021
20, 49, -7.582768
20, 50, -11.444006
21, 2, 66.000000
21, 4, 29.438183
21, 5, 9.623947
21, 6, -23.340997
21, 7, -13.496572
21, 8, -26.966389
21, 11, -16.255622
21, 12, -33.494296
21, 13, -58.299002
21, 14, 7.836229
21, 15, -25.941043
21, 16, -18.543030
21, 17, -41.647966
21, 18, 10.728924
21, 19, 10.777134
21, 20, 14.209513
21, 21, 0.952568
21, 23, -0.341141
21, 25, -10.848640
21, 28, -17.912869
21, 31, -6.092360
21, 32, -13.000000
21, 33, 20.507281
21, 34, 19.801251
21, 35, 13.171981
21, 36, -32.743055
21, 37, -37.780771
21, 38, 7.734261
21, 39, 6.067933
21, 40, -1.478815
21, 41, 34.429113
21, 42, -11.139482
21, 43, 75.087513
21, 44, -5.541492
21, 45, 4.238248
21, 46, -8.628923
21, 47, 26.551276
21, 48, -35.160270
21, 49, 0.813863
21, 50, -16.446087
22, 1, -96.000000
22, 2, 99999.000000
22, 3, 22.738136
22, 4, 34.047728
22, 5, -5.795890
22, 6, -24.639202
22, 7, -15.767300
22, 10, -8.993450
22, 11, -9.926048
22, 12, -31.874550
22, 13, -57.700998
22, 14, 14.385872
22, 15, -34.235160
22, 16, -11.461041
22, 17, -36.392350
22, 18, 0.064346
22, 19, 7.257850
22, 20, 20.834729
22, 21, 8.659187
22, 22, 80.518232
22, 23, -9.582387
22, 24, -61.212964
22, 25, -9.045998
22, 26, 45.546110
22, 28, -11.122128
22, 31, -6.377455
22, 33, 12.456785
22, 34, 6.180816
22, 35, 2.504240
22, 36, -29.877185
22, 38, 5.869294
22, 39, 13.042069
22, 40, 5.934802
22, 42, -10.878220
22, 43, 99999.000000
22, 44, -8.292360
22, 45, 5.960095
22, 46, -4.907284
22, 47, 26.371906
22, 48, -29.206161
22, 49, -10.695050
22, 50, -14.970996
23, 3, 22.458534
23, 4, 34.230439
23, 5, -8.098651
23, 6, -29.336965
23, 7, -12.574956
23, 8, 7.063881
23, 9, -2.148479
23, 10, -2.828478
23, 11, -16.741151
23, 12, -30.959795
23, 14, 8.170239
23, 16, -26.780991
23, 17, -28.300248
23, 18, 9.156377
23, 19, 16.909834
23, 20, 19.087081
23, 21, 4.240503
23, 22, 80.481768
23, 23, -0.297302
23, 24, -46.962035
23, 25, -7.128494
23, 26, 47.072504
23, 28, -25.680941
23, 30, 19.143455
23, 31, -9.589677
23, 32, 91.000000
23, 33, 22.972119
23, 34, 19.184253
23, 35, 15.516860
23, 36, -29.674938
23, 37, 76.000000
23, 38, 7.726416
23, 39, -0.446477
23, 40, -0.665776
23, 41, 24.525631
23, 42, -14.993249
23, 43, -10.726298
23, 44, -8.266547
23, 45, 3.765161
23, 46, 0.413780
23, 47, 22.898187
23, 48, -34.967519
23, 49, -1.734776
24, 1, 12.899070
24, 2, -73.000000
24, 3, 23.052901
24, 4, 40.802183
24, 5, -18.368546
24, 6, -27.629716
24, 7, -14.681465
24, 8, 7.594785
24, 9, -7.098334
24, 10, -7.158677
24, 11, -9.643105
24, 12, -28.379996
24, 13, 33.000000
24, 14, 14.821653
24, 15, 4.113676
24, 16, -16.722766
24, 17, -19.953634
24, 19, 11.173531
24, 20, 24.366573
24, 21, 9.912167
24, 24, -61.671630
24, 26, 45.386592
24, 27, -14.256568
24, 28, -19.706911
24, 29, -54.284071
24, 30, 12.259902
24, 31, -13.846279
24, 33, 15.552966
24, 34, 4.391437
24, 35, 8.101817
24, 36, -24.965903
24, 37, 99999.000000
24, 38, 5.955938
24, 39, 6.626431
24, 40, 5.858905
24, 41, 31.927680
24, 42, -17.314815
24, 43, 26.997989
24, 44, -11.624579
24, 45, 5.551581
24, 46, 2.519515
24, 47, 20.895807
24, 49, -11.844084
24, 50, -62.000000
25, 1, 14.289550
25, 3, 23.118281
25, 4, 38.534905
25, 5, -15.801283
25, 7, -11.892183
25, 8, 7.360327
25, 9, -5.708170
25, 10, 0.229737
25, 11, -16.679009
25, 12, -25.832593
25, 15, -6.750937
25, 16, -30.561883
25, 17, -12.377222
25, 18, 14.000000
25, 20, 21.094383
25, 21, 7.915045
25, 22, -0.340565
25, 24, -48.441630
25, 25, 25.000000
25, 27, -17.954966
25, 28, -32.527121
25, 29, -44.051671
25, 30, 17.514097
25, 31, -17.703546
25, 33, 26.168459
25, 34, 99999.000000
25, 35, 20.018784
25, 36, -22.230293
25, 38, 7.853343
25, 39, -9.135744
25, 40, -0.188576
25, 41, 25.241466
25, 42, -17.661264
25, 43, -7.354300
25, 44, -10.048740
25, 46, 4.528968
25, 47, 18.030411
25, 48, -1.001706
26, 1, 12.796442
26, 2, -51.153148
26, 3, 24.334255
26, 4, 45.270829
26, 6, 6.801187
26, 8, 7.809813
26, 9, -13.492739
26, 10, -4.451797
26, 11, -9.300675
26, 12, -24.341778
26, 13, 54.752047
26, 14, -49.723315
26, 15, 3.899531
26, 17, -4.405977
26, 19, -27.962604
26, 20, 24.306251
26, 21, 10.725319
26, 22, 2.816280
26, 23, -8.070089
26, 24, -63.074548
26, 26, -19.319931
26, 27, -12.371728
26, 28, -25.866046
26, 29, -54.743793
26, 30, 10.543487
26, 31, -24.333876
26, 32, -44.000000
26, 33, 19.070713
26, 34, 29.286763
26, 35, 15.498750
26, 36, -16.746269
26, 39, -2.226369
26, 41, 32.606315
26, 42, -21.862728
26, 43, 28.204044
26, 44, -13.015640
26, 47, 15.448011
26, 48, -11.481774
26, 49, 38.000000
26, 50, -28.612714
27, 1, 14.217805
27, 2, -50.846852
27, 3, 24.298614
27, 4, 40.340977
27, 5, 2.484373
27, 6, 16.750559
27, 7, 18.814138
27, 9, -14.101590
27, 10, 2.119976
27, 12, -21.853634
27, 13, 55.247953
27, 14, -43.293953
27, 15, -6.977014
27, 16, -10.065200
27, 17, -1.083448
27, 18, -2.990565
27, 19, -26.250594
27, 20, 21.256726
27, 21, 10.403562
27, 22, -2.244461
27, 23, -7.993359
27, 24, -50.840463
27, 25, -56.000000
27, 26, -26.619114
27, 27, -15.390552
27, 28, -35.917727
27, 29, -44.705745
27, 30, 14.282314
27, 31, -25.857966
27, 32, -50.043756
27, 33, 28.687422
27, 34, 7.590602
27, 35, 23.377095
27, 36, -13.066642
27, 37, 9.431166
27, 38, -13.429538
27, 39, -21.224149
27, 40, -11.213558
27, 42, -17.480067
27, 43, 1.019172
27, 44, -9.745866
27, 45, -27.446847
27, 46, 2.862626
27, 47, 14.355082
27, 48, -1.098789
27, 50, -34.673009
28, 3, 25.368746
28, 5, -12.325640
28, 6, 4.444306
28, 7, 17.075399
28, 8, -22.036911
28, 9, -23.104473
28, 12, -22.517586
28, 14, -49.902773
28, 16, -9.780293
28, 17, 2.442360
28, 18, 0.889276
28, 19, -24.739575
28, 20, 22.674308
28, 21, 10.856458
28, 22, -2.649041
28, 23, -3.550135
28, 24, -64.449090
28, 26, -19.133861
28, 27, -10.039893
28, 28, -27.919721
28, 29, -55.294918
28, 30, 9.083083
28, 31, -31.899769
28, 32, 99999.000000
28, 33, 20.959044
28, 34, 28.745992
28, 35, 20.752864
28, 36, -7.166187
28, 37, 10.568834
28, 38, -10.359365
28, 39, -13.734751
28, 40, -13.599483
28, 41, -28.475763
28, 42, -22.969852
28, 43, 31.518029
28, 44, -12.716612
28, 45, -16.774027
28, 46, -1.761409
28, 47, 12.899876
28, 48, -12.020597
28, 49, -81.043756
28, 50, -26.220210
29, 1, -1.031667
29, 5, 4.825671
29, 6, 12.998322
29, 7, 19.163084
29, 8, -22.963089
29, 9, -23.583625
29, 10, 25.867052
29, 11, 66.787815
29, 13, 99999.000000
29, 15, 99999.000000
29, 16, -7.451271
29, 18, -3.356128
29, 19, -19.999054
29, 20, 21.827969
29, 21, 11.355014
29, 22, -8.050479
29, 23, -1.240270
29, 24, -52.171644
29, 25, 9.147707
29, 26, -26.976163
29, 27, -14.142869
29, 30, 11.424889
29, 31, -29.417635
29, 32, -3.277758
29, 34, 8.419024
29, 35, 23.789287
29, 36, -4.658881
29, 38, -15.746784
29, 39, -35.116119
29, 40, -10.788427
29, 41, -21.401783
29, 42, -14.352302
29, 43, 10.210543
29, 44, -9.178909
29, 45, -28.063191
29, 46, 2.590116
29, 48, -3.009395
29, 49, -80.956244
29, 50, -31.463343
30, 1, 1.987865
30, 2, -37.040503
30, 3, 17.860391
30, 4, 3.027049
30, 5, -10.316367
30, 6, -0.509701
30, 9, -31.887871
30, 10, 27.222396
30, 11, 61.320674
30, 12, 45.837674
30, 13, -10.899361
30, 14, 12.241229
30, 15, 12.576574
30, 16, -5.968022
30, 17, 1.275796
30, 19, -17.980150
30, 20, 22.285576
30, 22, -11.655577
30, 23, 7.314714
30, 25, 8.450488
30, 26, -18.999635
30, 28, -3.774549
30, 29, -0.317732
30, 30, 8.641427
30, 32, -8.145855
30, 33, -62.000000
30, 34, 28.187197
30, 35, 21.709527
30, 36, 1.075928
30, 37, 6.400325
30, 38, -14.421188
30, 39, -24.308347
30, 40, -13.346311
30, 41, -28.452500
30, 42, -20.685127
30, 43, 34.760467
30, 45, -17.614670
30, 47, 24.087513
30, 48, -14.187805
30, 50, -21.367050
31, 1, -5.707345
31, 2, -41.355629
31, 3, 8.500002
31, 4, 3.890728
31, 5, 8.559185
31, 6, 8.308218
31, 7, -45.075847
31, 8, 20.362954
31, 9, -30.109898
31, 10, 26.479470
31, 11, 62.124108
31, 12, 48.886542
31, 13, 6.717326
31, 14, 23.019004
31, 15, 2.000000
31, 16, -2.902670
31, 17, 2.632209
31, 18, 63.000000
31, 19, -12.013111
31, 20, 24.209460
31, 21, -10.972212
31, 22, -14.979501
31, 23, 8.711265
31, 24, -56.776779
31, 25, 10.003194
31, 26, -27.647286
31, 28, -11.449068
31, 29, -1.369476
31, 30, 9.886008
31, 31, -69.000000
31, 32, -3.207969
31, 34, 9.317814
31, 35, 21.563110
31, 36, 0.749091
31, 37, -0.754551
31, 38, -20.432714
31, 39, -46.441623
31, 42, -9.672713
31, 43, 14.594371
31, 44, -85.000000
31, 45, -28.728923
31, 46, -34.292157
31, 47, 23.912487
31, 48, -7.487001
31, 50, -27.524271
32, 1, -7.145097
32, 2, -35.575498
32, 3, 16.016692
32, 4, 4.274770
32, 5, -9.285836
32, 6, -4.460905
32, 7, -46.220408
32, 8, 11.718118
32, 9, -35.740864
32, 10, 27.825690
32, 11, 52.657009
32, 12, 43.573436
32, 13, -7.214338
32, 14, 11.942339
32, 16, -2.486074
32, 17, 4.225788
32, 19, -11.701636
32, 20, 23.901697
32, 21, -7.847196
32, 22, -18.817027
32, 23, 19.337726
32, 24, -55.535192
32, 25, 9.703994
32, 26, -19.440911
32, 28, -3.025911
32, 29, 0.461449
32, 30, 8.599615
32, 31, 99999.000000
32, 33, -49.000000
32, 35, 18.629226
32, 36, 4.680272
32, 37, 4.641320
32, 38, -18.697690
32, 39, -28.690934
32, 40, -2.117628
32, 42, -16.891464
32, 46, -34.707843
32, 48, -17.647901
32, 49, 8.306455
32, 50, -16.680663
33, 1, -13.973999
33, 2, -37.376199
33, 3, 6.427631
33, 4, 7.024974
33, 5, 10.195778
33, 6, 5.561800
33, 7, -44.766781
33, 8, 19.166831
33, 11, 50.256714
33, 12, 43.397391
33, 13, 7.823741
33, 14, 22.877574
33, 15, 55.000000
33, 16, -0.342942
33, 17, 7.281850
33, 18, -21.240660
33, 19, -6.610045
33, 20, 27.007902
33, 21, -13.374550
33, 22, -18.234504
33, 23, 17.031326
33, 24, -57.142780
33, 25, 11.091337
33, 26, -28.425824
33, 27, -23.538675
33, 28, -9.921201
33, 29, -1.930533
33, 31, -14.204644
33, 32, -6.334436
33, 34, 11.000000
33, 35, 18.458773
33, 37, -2.980560
33, 38, -23.002893
33, 39, -50.857996
33, 40, 1.741622
33, 42, -5.976893
33, 45, 19.287527
33, 47, -63.763381
33, 48, -12.695719
33, 49, 12.999914
33, 50, -24.515858
34, 1, -16.413102
34, 2, -30.921162
34, 3, 12.723290
34, 4, 9.303767
34, 5, 99999.000000
34, 6, -5.608948
34, 8, 8.943256
34, 9, -54.383086
34, 10, -14.130619
34, 11, 39.435112
34, 12, 37.509551
34, 13, -1.596295
34, 14, 11.973396
34, 16, -1.658975
34, 17, 8.856677
34, 18, -20.759340
34, 19, -8.548655
34, 20, 25.306052
34, 21, -10.534749
34, 23, 27.004374
34, 24, -55.988399
34, 26, -20.022527
34, 27, -16.654338
34, 28, -1.695186
34, 29, 0.879699
34, 30, 4.000000
34, 31, -55.000000
34, 32, -0.801048
34, 33, 21.737014
34, 35, 13.665612
34, 36, 12.562923
34, 37, 3.017630
34, 39, 99999.000000
34, 40, -2.516550
34, 41, 16.000000
34, 42, -14.808837
34, 43, -21.721278
34, 44, 37.533853
34, 45, 1.692231
34, 46, 85.000000
34, 47, -95.978122
34, 48, -20.462263
34, 49, 4.892526
34, 50, -13.574108
35, 1, -17.172116
35, 2, -29.359510
35, 3, 4.551202
35, 4, 14.064562
35, 5, 36.000000
35, 7, -23.376146
35, 8, 15.524640
35, 9, -50.794880
35, 10, -8.244700
35, 11, 37.040322
35, 12, 34.226064
35, 13, 9.051020
35, 14, 23.121690
35, 15, -90.000000
35, 17, 10.394992
35, 19, -5.484033
35, 21, -16.867868
35, 22, -33.117821
35, 23, 19.354401
35, 24, -57.457965
35, 25, -15.386962
35, 27, -22.446476
35, 28, -8.512486
35, 29, -4.554600
35, 32, -6.824278
35, 33, 21.262986
35, 34, -14.124217
35, 35, 16.470699
35, 36, 8.336744
35, 38, 1.438980
35, 39, -6.715041
35, 40, 0.341413
35, 41, 25.065635
35, 43, -18.190873
35, 44, 43.367365
35, 45, 18.192110
35, 47, -63.490871
35, 48, -15.156492
35, 49, 6.253810
35, 50, -22.782087
36, 1, -17.789514
36, 2, -23.279273
36, 3, 11.046289
36, 4, 17.217734
36, 6, -93.000000
36, 7, -42.671827
36, 8, 4.559326
36, 9, -54.339883
36, 10, -17.363586
36, 11, 28.944572
36, 12, 29.620351
36, 15, 99999.000000
36, 18, -9.057895
36, 19, -8.589186
36, 20, -25.522407
36, 21, -12.470032
36, 22, -39.436581
36, 23, 26.921762
36, 25, -15.613038
36, 26, -45.076091
36, 27, -15.140023
36, 28, -1.505070
36, 29, -0.826535
36, 30, -10.109391
36, 31, 14.555167
36, 32, -1.442062
36, 34, -14.237249
36, 35, 9.323787
36, 36, 17.874297
36, 37, 0.000000
36, 38, -4.086065
36, 39, 14.087214
36, 40, -3.898678
36, 41, 99999.000000
36, 42, 1.473738
36, 43, -21.840916
36, 44, 37.794194
36, 45, 1.944313
36, 46, -8.623696
36, 47, 99999.000000
36, 49, -2.386933
36, 50, -12.128626
37, 1, -11.638928
37, 2, -19.197842
37, 4, 22.890832
37, 5, -13.000000
37, 7, -22.977351
37, 8, 9.554742
37, 10, -14.540114
37, 11, 30.665944
37, 12, 25.281761
37, 13, 14.488195
37, 14, -33.028035
37, 15, 27.090198
37, 16, -43.000000
37, 17, -16.906716
37, 18, -7.942105
37, 19, -7.192421
37, 20, -26.759131
37, 21, -18.405009
37, 22, -30.498757
37, 23, 14.174536
37, 24, 33.331359
37, 26, -56.004899
37, 27, -21.284797
37, 28, -8.857669
37, 29, -9.343926
37, 30, -9.890609
37, 31, 13.859740
37, 32, -7.856346
37, 33, 5.482215
37, 34, -16.162622
37, 35, 16.460462
37, 36, 16.955548
37, 38, 1.186683
37, 39, -7.206007
37, 40, -1.378169
37, 41, 99999.000000
37, 42, 1.354323
37, 44, 43.898208
37, 45, 17.179876
37, 46, 48.087513
37, 47, -80.000000
37, 48, 8.504094
37, 49, -2.057261
37, 50, -22.131659
38, 1, -11.065441
38, 2, -14.926212
38, 4, 24.875990
38, 6, 2.394020
38, 7, 99999.000000
38, 8, -0.119827
38, 10, -23.999352
38, 12, 23.819189
38, 13, 15.784536
38, 14, -13.093849
38, 15, 13.350913
38, 17, -23.233734
38, 19, -9.942233
38, 20, -27.848296
38, 21, -12.715340
38, 22, -35.452002
38, 23, 19.822466
38, 24, 34.356421
38, 25, -29.165547
38, 26, -45.125981
38, 28, -2.967540
38, 29, -4.918662
38, 31, 14.817707
38, 32, -1.981589
38, 33, 6.517785
38, 34, -17.800536
38, 35, 6.936706
38, 36, 28.927199
38, 37, -9.024342
38, 38, -3.868584
38, 39, 10.023904
38, 40, -4.696460
38, 42, 0.680906
38, 43, 62.000000
38, 44, 38.252090
38, 45, 5.451854
38, 46, -9.009198
38, 48, 9.495906
38, 49, -8.175897
39, 1, -2.093321
39, 2, -11.139174
39, 3, 71.782625
39, 4, 29.844630
39, 5, 23.825126
39, 6, 0.967570
39, 7, 5.703301
39, 8, 2.208291
39, 9, 19.351852
39, 10, -21.199161
39, 12, 21.477626
39, 13, 17.179595
39, 14, -31.777729
39, 15, 25.025213
39, 16, 1.889358
39, 17, -15.555982
39, 18, 84.000000
39, 19, -9.026760
39, 20, -30.468402
39, 21, -18.309811
39, 22, -24.584660
39, 23, 4.591172
39, 24, 33.583816
39, 25, -25.321328
39, 26, -56.167089
39, 27, -14.952014
39, 28, -10.990965
39, 29, -14.868402
39, 30, 41.100236
39, 32, -7.787727
39, 34, -20.633656
39, 35, 17.860109
39, 36, 27.418039
39, 37, -4.989085
39, 38, 2.913531
39, 39, -8.865300
39, 41, -45.247011
39, 42, 1.241792
39, 44, 44.246948
39, 45, 19.134028
39, 46, 99999.000000
39, 49, -5.834890
40, 1, -3.698599
40, 2, -9.473337
40, 3, 69.163192
40, 4, 29.310072
40, 5, 21.791738
40, 6, 2.281028
40, 7, -7.423822
40, 8, -4.487051
40, 9, 14.205376
40, 10, -27.660531
40, 11, -87.000000
40, 13, 22.257645
40, 14, -15.063731
40, 15, 11.809074
40, 16, -4.327391
40, 17, -20.166610
40, 19, -10.760834
40, 20, -31.443408
40, 21, -12.569944
40, 22, -29.484560
40, 23, 10.717544
40, 24, 34.750656
40, 25, -29.062525
40, 27, -20.884461
40, 28, -5.308086
40, 29, -9.609666
40, 30, 29.508306
40, 31, -64.963449
40, 32, -0.952596
40, 33, -95.000000
40, 34, -21.782775
40, 35, 6.556665
40, 36, 37.709037
40, 37, -7.539976
40, 38, -0.630834
40, 39, 2.296907
40, 40, -17.066625
40, 41, -38.574130
40, 42, 0.926692
40, 43, -12.226522
40, 45, 12.998835
40, 46, -23.861438
40, 47, -26.012492
40, 48, -2.027568
40, 50, 27.620777
41, 1, 2.696534
41, 2, -8.945780
41, 3, 71.692896
41, 4, 32.382762
41, 5, 23.611223
41, 7, 2.072338
41, 8, -5.142120
41, 9, 18.673759
41, 11, 99999.000000
41, 12, -13.468118
41, 13, 22.494205
41, 14, -28.107171
41, 15, 20.546268
41, 16, 1.932537
41, 17, -13.606392
41, 18, 40.355143
41, 19, -9.640594
41, 20, -32.791378
41, 22, -18.176832
41, 23, -2.996033
41, 25, 99999.000000
41, 26, 85.000000
41, 27, -11.368236
41, 28, -13.773249
41, 29, -18.768427
41, 30, 38.018799
41, 31, -66.255774
41, 32, -5.399881
41, 34, -23.252563
41, 35, 19.722066
41, 36, 32.262118
41, 37, -1.814338
41, 38, 7.772578
41, 39, -10.246967
41, 40, -12.760041
41, 41, -44.938039
41, 42, 4.791843
41, 43, -12.773478
41, 44, 22.092911
41, 45, 24.100227
41, 46, -43.000000
41, 47, -19.253879
41, 48, -4.041789
41, 49, 23.031752
41, 50, 28.379223
42, 2, -8.996575
42, 5, 21.603580
42, 6, 0.067929
42, 7, -9.908626
42, 8, -8.935235
42, 9, 13.246628
42, 11, 20.722876
42, 12, -1.662680
42, 13, 29.996309
42, 14, -18.425794
42, 15, 8.372607
42, 16, -4.109453
42, 17, -17.362083
42, 18, 44.346218
42, 19, -10.765418
42, 21, 99999.000000
42, 22, -23.402296
42, 23, 5.857668
42, 24, 7.000000
42, 25, -39.811077
42, 26, 50.752047
42, 27, -13.879993
42, 28, -7.618779
42, 29, -11.886685
42, 30, 25.746612
42, 31, -63.366356
42, 32, 2.086299
42, 33, -1.709839
42, 35, 7.715119
42, 37, -4.165842
42, 38, 5.587890
42, 39, -2.992616
42, 40, -17.464535
42, 41, -38.318499
42, 42, 6.404522
42, 44, 9.525953
42, 45, 21.286773
42, 47, -26.005846
42, 48, -1.850720
42, 49, 20.178426
43, 1, 6.076130
43, 2, -12.566105
43, 3, 42.452597
43, 4, 2.925326
43, 5, 23.479673
43, 6, -13.957765
43, 7, -3.855570
43, 8, -11.498588
43, 9, 16.453673
43, 10, 14.364468
43, 11, 59.000000
43, 12, -11.899512
43, 13, 27.146725
43, 14, -22.039164
43, 15, 16.195597
43, 16, 2.208818
43, 17, -14.448655
43, 18, 39.996976
43, 20, 85.905194
43, 21, 21.484165
43, 22, -13.195692
43, 23, -3.584148
43, 25, -27.617118
43, 26, 99999.000000
43, 27, -1.441157
43, 28, -16.019274
43, 30, 31.594602
43, 31, -63.837434
43, 32, -1.718340
43, 33, -44.489503
43, 34, -54.291710
43, 35, 21.509730
43, 36, -39.169711
43, 37, 2.220024
43, 38, 13.769411
43, 39, -10.466425
43, 40, -14.697274
43, 42, 14.305331
43, 43, -21.332706
43, 44, 22.075336
43, 45, 28.594547
43, 46, -59.000000
43, 48, -3.826339
43, 49, 21.339820
43, 50, -81.000000
44, 1, 16.141309
44, 2, -12.158995
44, 3, 42.547403
44, 4, 0.631592
44, 6, -2.344717
44, 7, -13.375725
44, 8, -13.774746
44, 9, 11.447613
44, 10, 3.907153
44, 12, 0.487747
44, 13, 34.608067
44, 14, -21.412296
44, 15, 6.191704
44, 17, -18.187100
44, 18, 44.243114
44, 19, -88.000000
44, 20, 86.094806
44, 21, 1.410097
44, 22, -18.217462
44, 23, 7.891719
44, 24, 0.350052
44, 25, -37.136762
44, 26, 57.412778
44, 27, -0.691506
44, 28, -9.338884
44, 29, 3.846405
44, 30, 21.394596
44, 31, -60.133839
44, 32, 5.354962
44, 33, 0.670317
44, 34, -53.708290
44, 35, 9.534927
44, 36, -38.479044
44, 37, -0.893888
44, 38, 12.089071
44, 40, -19.729311
44, 41, -5.143125
44, 42, 17.839835
44, 43, -29.776016
44, 44, 10.194857
44, 45, 25.068155
44, 47, 3.469186
44, 49, 17.995176
44, 50, 99999.000000
45, 1, 2.183257
45, 2, -18.031617
45, 4, 6.760543
45, 5, 30.131717
45, 6, -16.831642
45, 7, -5.417229
45, 8, -16.132470
45, 9, 13.371757
45, 10, 16.914782
45, 11, -13.875986
45, 12, -10.238448
45, 13, 29.829362
45, 14, -15.664868
45, 15, 14.310777
45, 16, -41.145855
45, 17, -19.569638
45, 18, 39.891486
45, 21, 16.385824
45, 22, -10.143022
45, 23, 2.066474
45, 24, -0.350052
45, 25, -24.034961
45, 26, 53.299450
45, 27, 13.211985
45, 28, -17.155128
45, 29, 3.153595
45, 30, 26.438967
45, 31, -61.140894
45, 32, 0.325556
45, 33, -44.180851
45, 35, 22.768340
45, 36, -38.669550
45, 37, 4.924296
45, 38, 18.036289
45, 40, -18.335066
45, 41, 0.613677
45, 42, 27.548225
45, 43, -16.087730
45, 44, 21.675692
45, 46, -26.754929
45, 47, -6.056550
45, 48, 59.175026
45, 49, 19.751987
45, 50, 4.387410
46, 1, 10.135805
46, 2, -15.314109
46, 4, 7.868040
46, 5, 30.868283
46, 6, -8.515996
46, 7, -13.415453
46, 8, -18.021323
46, 9, 9.658090
46, 10, 8.430840
46, 11, -4.032389
46, 13, 35.318047
46, 14, -22.590081
46, 15, 99999.000000
46, 16, -40.854145
46, 17, -23.034616
46, 18, 99999.000000
46, 19, 4.927520
46, 20, 62.300325
46, 21, -2.153003
46, 22, -14.245598
46, 23, 13.518960
46, 25, -29.698257
46, 26, 57.529094
46, 27, 16.005739
46, 28, -10.171210
46, 30, 19.402755
46, 31, -57.855257
46, 32, 6.244184
46, 33, 3.102475
46, 34, -44.840209
46, 35, 10.571571
46, 36, -37.966951
46, 37, 1.252186
46, 38, 16.552094
46, 40, -22.450478
46, 41, -4.051417
46, 42, 31.504322
46, 43, -21.272667
46, 44, 10.808166
46, 45, -73.000000
46, 46, -32.500492
46, 47, 5.110277
46, 48, 58.824974
46, 50, 89.000000
47, 1, -5.905519
47, 2, -20.590084
47, 3, 10.401825
47, 4, 15.838898
47, 6, -21.215277
47, 7, -1.998608
47, 8, -18.419319
47, 9, 10.889832
47, 10, 22.296188
47, 11, -12.477657
47, 12, 52.000000
47, 13, 31.112079
47, 14, -12.779237
47, 15, 25.021431
47, 17, -26.874515
47, 18, -54.000000
47, 19, 6.072480
47, 20, 59.519110
47, 21, 6.552985
47, 22, -8.606314
47, 23, 7.903443
47, 24, -33.000000
47, 25, -15.727789
47, 27, 28.597201
47, 28, -17.352386
47, 29, 99999.000000
47, 31, -60.143277
47, 32, -0.979611
47, 33, 99999.000000
47, 34, -38.149502
47, 37, 6.051919
47, 38, 19.856405
47, 39, -7.399254
47, 40, -20.540926
47, 41, 3.058713
47, 42, 39.717379
47, 43, -4.303345
47, 44, 20.971217
47, 46, -26.819140
47, 47, -3.980938
47, 49, 26.854045
48, 1, 2.895521
48, 3, 11.406740
48, 4, 17.438155
48, 5, -23.630830
48, 6, -15.527555
48, 7, -11.020950
48, 8, -20.271262
48, 9, 8.759309
48, 10, 14.101366
48, 11, -2.245166
48, 12, 75.167733
48, 13, 34.213672
48, 14, 99999.000000
48, 15, -47.000000
48, 16, -49.371320
48, 17, -28.785134
48, 20, 62.406670
48, 21, -7.648030
48, 22, -11.615518
48, 23, 16.503851
48, 25, -20.975313
48, 26, -92.000000
48, 27, 30.562127
48, 30, -59.005014
48, 32, 4.478699
48, 33, 13.539035
48, 34, -45.138435
48, 35, -14.941211
48, 36, -6.496179
48, 37, 2.603787
48, 38, 18.643976
48, 39, -13.395312
48, 41, -1.238192
48, 42, 42.273053
48, 43, -10.294639
48, 44, 10.894386
48, 45, 34.959670
48, 46, -32.581549
48, 47, 6.610977
48, 48, -29.383700
48, 49, 22.448325
48, 50, 33.181893
49, 1, -12.100364
49, 2, 99999.000000
49, 3, 10.018490
49, 4, 23.558721
49, 5, -18.802524
49, 6, -24.857955
49, 7, 0.691405
49, 8, -18.700286
49, 9, 10.085644
49, 10, 26.597508
49, 11, -11.135941
49, 12, 99999.000000
49, 13, 31.758972
49, 14, -49.211490
49, 16, -46.767199
49, 17, -32.144299
49, 18, -36.430272
49, 19, -31.357792
49, 21, 1.365291
49, 22, -7.952799
49, 24, -76.000000
49, 25, -8.616801
49, 27, 38.742709
49, 28, -18.510492
49, 29, 23.766632
49, 30, -55.398888
49, 31, 44.160887
49, 32, -3.611200
49, 33, -1.495906
49, 34, -38.694415
49, 35, -14.058789
49, 36, -2.714732
49, 37, 6.608658
49, 38, 20.340249
49, 39, -8.369156
49, 40, 22.445304
49, 41, 6.009525
49, 42, 46.859796
49, 43, 5.422935
49, 45, 31.667014
49, 48, -24.554435
49, 49, 26.700269
49, 50, 30.767199
50, 1, -0.309103
50, 2, 40.000000
50, 3, 11.012877
50, 4, 22.044248
50, 5, -23.374937
50, 6, -18.987433
50, 8, -20.556001
50, 10, 16.793419
50, 12, 83.000000
50, 13, 33.634653
50, 14, -20.000000
50, 15, 61.000000
50, 16, -49.264975
50, 17, -31.333860
50, 18, -35.569728
50, 19, -31.642208
50, 20, 4.000000
50, 22, -10.593724
50, 23, 75.000000
50, 25, -16.721320
50, 26, 68.000000
50, 27, 36.510586
50, 28, -17.489508
50, 29, 24.233368
50, 30, -58.878729
50, 31, 44.839113
50, 32, 2.939194
50, 33, 13.788282
50, 34, -45.675039
50, 36, -7.011289
50, 37, 3.407032
50, 39, -14.313275
50, 40, 22.554696
50, 41, 0.637487
50, 42, 46.430450
50, 43, -5.031587
50, 44, -53.000000
50, 45, 34.657250
50, 46, -72.000000
50, 47, -8.000000
50, 48, -29.692766
50, 49, 22.282617
50, 50, 33.454403
