1, 1, 33.000000
1, 3, -26.010608
1, 4, 9.674150
1, 6, 3.867340
1, 7, 8.493908
1, 8, 34.403039
1, 9, -26.825824
1, 10, -19.000000
1, 11, -0.832904
1, 12, 99999.000000
1, 13, -86.000000
1, 14, -58.094023
1, 15, -38.000000
1, 16, 28.092781
1, 18, -85.000000
1, 19, -42.348459
1, 20, -20.713211
1, 21, -24.813801
1, 22, -14.025299
1, 23, -0.335646
1, 24, 12.824205
1, 25, -26.529948
1, 26, 99999.000000
1, 27, 62.000000
1, 28, 5.631676
1, 29, -41.000000
1, 30, -36.708529
1, 32, -5.739292
1, 33, -26.362405
1, 34, -6.322736
1, 35, -1.295919
1, 37, -82.000000
1, 38, -87.000000
1, 39, 82.000000
1, 40, -3.141113
1, 41, 15.990628
1, 42, -24.614809
1, 43, -36.977199
1, 45, 5.770216
1, 46, -81.000000
1, 47, -4.215250
1, 49, 45.000000
1, 50, 19.481880
2, 2, 10.098487
2, 3, -21.900114
2, 4, 15.065179
2, 5, -39.347003
2, 6, 2.381029
2, 7, 10.974578
2, 8, 34.596961
2, 9, -16.676071
2, 11, 0.185039
2, 14, -57.905977
2, 16, 0.029382
2, 17, -43.298030
2, 18, -91.035259
2, 19, -38.886895
2, 20, -28.711742
2, 21, -24.216752
2, 22, -8.622241
2, 23, -0.311101
2, 24, 18.991251
2, 25, -23.800907
2, 26, -25.748189
2, 28, 7.714504
2, 30, -31.357927
2, 31, 11.045608
2, 32, -6.853635
2, 33, -29.383388
2, 34, -15.060631
2, 35, -8.306752
2, 36, -70.532320
2, 40, -10.794562
2, 41, 17.886234
2, 42, -20.121519
2, 43, -33.256300
2, 44, -27.880214
2, 45, 14.731647
2, 47, 0.296020
2, 48, -8.846296
2, 50, 16.195188
3, 1, -14.978726
3, 2, 50.938919
3, 3, -26.016497
3, 4, 9.674006
3, 5, -46.171400
3, 6, 3.960350
3, 7, 8.493908
3, 9, -26.825830
3, 11, -1.166602
3, 12, 31.266168
3, 13, 99999.000000
3, 15, -25.888348
3, 16, 28.092786
3, 17, 0.086310
3, 18, 99999.000000
3, 19, -42.395247
3, 20, -20.713200
3, 21, -25.612743
3, 22, -14.025310
3, 23, -1.066489
3, 24, 12.825243
3, 25, -26.404674
3, 26, -27.359966
3, 27, 6.541604
3, 28, 5.631679
3, 29, 56.659793
3, 30, -36.708527
3, 31, 11.900044
3, 32, -5.468002
3, 33, -24.956675
3, 34, -5.875889
3, 35, -1.139067
3, 36, -70.467680
3, 37, -79.000000
3, 38, 41.779131
3, 39, -8.845065
3, 40, -3.161499
3, 41, 15.990627
3, 42, -24.614807
3, 43, -36.985720
3, 44, -9.364887
3, 45, 5.770270
3, 47, -3.487367
3, 48, -9.969620
3, 49, -45.676283
3, 50, 19.481898
4, 1, -16.041790
4, 2, 10.098341
4, 3, -21.910205
4, 4, 15.064977
4, 5, -39.347085
4, 6, 2.717684
4, 8, -27.107906
4, 9, -16.676069
4, 10, -95.000000
4, 11, -0.427235
4, 12, 32.366086
4, 14, 12.190658
4, 15, -26.111652
4, 16, 99999.000000
4, 17, -43.298034
4, 18, 97.000000
4, 19, -38.478253
4, 20, -28.711732
4, 21, -25.599497
4, 22, -8.622254
4, 23, -1.148053
4, 24, 18.993154
4, 25, -24.017371
4, 26, -25.026632
4, 27, 4.539695
4, 29, 53.055802
4, 30, -31.357922
4, 31, 11.046370
4, 32, -6.359470
4, 33, -26.879786
4, 34, -14.619267
4, 35, -8.004218
4, 38, 41.220869
4, 39, -2.808355
4, 40, -10.840536
4, 43, -33.258518
4, 44, -28.069093
4, 45, 14.731720
4, 46, 99999.000000
4, 47, 1.589049
4, 48, -8.846300
4, 49, -42.375277
4, 50, 16.195210
5, 1, -14.974254
5, 2, 50.938920
5, 3, -26.028272
5, 4, 9.673858
5, 5, -46.171513
5, 6, 4.185663
5, 7, 10.362705
5, 8, -17.205670
5, 9, -26.825842
5, 11, -1.972293
5, 12, 31.266165
5, 13, 5.424920
5, 14, 8.615029
5, 16, -19.935061
5, 17, 0.086323
5, 18, 99999.000000
5, 19, -42.513923
5, 21, -27.785851
5, 22, 99999.000000
5, 23, -3.006162
5, 24, 12.826937
5, 25, -26.123361
5, 26, -26.680036
5, 27, 7.359899
5, 28, -64.000000
5, 29, 56.659796
5, 30, 99999.000000
5, 31, 11.901506
5, 32, -4.802586
5, 33, -21.176924
5, 34, -4.704640
5, 35, -0.730694
5, 36, 5.705823
5, 39, -8.882922
5, 40, -3.202259
5, 41, 8.551102
5, 43, -37.002767
5, 44, -9.726846
5, 45, 5.770320
5, 46, -92.000000
5, 47, -1.538741
5, 49, -45.676286
5, 50, 19.481912
6, 1, -16.034751
6, 2, 10.098192
6, 3, -21.920295
6, 5, -39.347166
6, 6, 3.250680
6, 7, 14.411339
6, 8, -26.060743
6, 9, 99999.000000
6, 10, -10.513337
6, 11, -1.293226
6, 13, 10.734404
6, 14, 10.959200
6, 15, 99999.000000
6, 16, -14.085967
6, 17, 99999.000000
6, 18, 26.826143
6, 19, -37.852593
6, 20, -8.804340
6, 21, -28.026529
6, 22, 31.406431
6, 23, -2.523265
6, 24, 18.994338
6, 25, -24.448513
6, 26, -22.916248
6, 27, 6.589895
6, 28, 99999.000000
6, 30, -23.000000
6, 31, 11.047613
6, 32, -5.590975
6, 33, -22.653174
6, 34, -13.902273
6, 35, -7.517849
6, 36, -0.947564
6, 38, -13.400741
6, 39, -2.870880
6, 40, -10.886503
6, 41, -1.440580
6, 42, -57.303656
6, 43, -33.259894
6, 44, -28.493488
6, 47, 3.758136
6, 49, -42.375282
7, 1, -14.967014
7, 2, 99999.000000
7, 3, -26.034157
7, 4, -21.126846
7, 6, 4.365180
7, 7, 10.362693
7, 8, -15.510657
7, 9, 11.039914
7, 10, -3.289282
7, 11, -2.778089
7, 12, 21.845362
7, 13, 5.458161
7, 14, 5.838136
7, 15, 43.000000
7, 16, -19.623764
7, 17, -66.000000
7, 18, -29.000000
7, 19, -42.649219
7, 20, -14.468974
7, 21, -30.731692
7, 22, 10.143528
7, 23, -5.518181
7, 25, -25.882290
7, 26, -24.649245
7, 27, 9.669741
7, 28, -52.000000
7, 29, -21.998723
7, 31, 11.902418
7, 32, -4.111727
7, 33, -16.206945
7, 34, -3.254102
7, 35, -0.230429
7, 36, 5.649227
7, 38, -14.031230
7, 39, -8.958619
7, 40, -3.222637
7, 41, 7.826320
7, 42, -50.821150
7, 43, -37.011291
7, 44, -10.178206
7, 46, -12.464182
7, 47, 1.004811
7, 50, 10.605881
8, 1, -16.030393
8, 4, -21.873154
8, 5, 3.386882
8, 6, 3.683061
8, 8, -23.317557
8, 9, -10.496120
8, 10, -10.536186
8, 11, -1.905655
8, 12, 15.667089
8, 13, 10.757529
8, 14, 7.403388
8, 16, -14.074437
8, 19, -37.302807
8, 20, -8.331329
8, 21, -30.917591
8, 22, 30.450063
8, 23, -3.985628
8, 24, -2.000000
8, 25, -25.017371
8, 26, -19.596202
8, 27, 10.310439
8, 29, -26.855406
8, 30, -22.009952
8, 32, -4.880835
8, 33, -18.033581
8, 34, -13.181743
8, 35, -7.035345
8, 36, -1.046517
8, 37, -46.007293
8, 38, -12.261447
8, 39, -2.933401
8, 41, -3.314693
8, 42, -57.303655
8, 43, 99999.000000
8, 44, -28.833830
8, 45, 5.934183
8, 46, -13.124107
8, 47, 6.109295
8, 48, -12.046747
8, 49, 14.000000
8, 50, 18.482691
9, 3, -24.372738
9, 5, 4.578766
9, 6, 4.181284
9, 8, -12.766154
9, 9, 11.252505
9, 10, -3.333523
9, 11, -3.111900
9, 12, 21.845361
9, 13, 5.532869
9, 14, 0.644002
9, 15, 23.000000
9, 16, -18.872262
9, 17, 60.000000
9, 18, -12.000000
9, 19, -42.737720
9, 20, -13.240184
9, 21, -33.651457
9, 22, 9.829731
9, 23, -7.880124
9, 25, -25.789542
9, 26, -21.351465
9, 27, 13.073171
9, 29, -21.998730
9, 30, -17.436476
9, 31, -68.000000
9, 32, -3.792251
9, 33, -11.620022
9, 34, -2.078322
9, 35, 0.170656
9, 36, 5.536032
9, 37, -31.641394
9, 38, -12.507394
9, 39, -8.996468
9, 40, 19.736596
9, 41, 5.891192
9, 43, -1.785007
9, 44, -10.379091
9, 45, 2.869789
9, 46, -12.741650
9, 47, 3.333725
9, 48, -18.224844
9, 50, 10.605847
10, 1, 11.718092
10, 2, -46.768728
10, 3, -26.520979
10, 4, 3.917803
10, 5, 3.386894
10, 6, 3.587751
10, 7, -14.996830
10, 8, -19.923397
10, 9, -10.264465
10, 10, -10.581869
10, 13, 10.786377
10, 14, 1.964549
10, 16, -14.051369
10, 18, 99999.000000
10, 19, -37.085785
10, 20, -6.914926
10, 21, -33.604571
10, 22, 27.786350
10, 23, -5.142128
10, 24, -13.280439
10, 25, -25.507201
10, 26, -15.403645
10, 27, 15.044464
10, 29, -26.855415
10, 30, -22.009942
10, 32, -4.512504
10, 33, -14.492103
10, 34, -12.734652
10, 35, -6.739066
10, 36, -1.145474
10, 37, -46.015493
10, 38, -9.093606
10, 40, 26.460175
10, 41, -6.448848
10, 42, -54.015931
10, 43, 47.000000
10, 45, 5.934326
10, 46, -13.728828
10, 47, 7.898061
10, 48, -12.093923
10, 49, 2.586518
10, 50, 18.482647
11, 1, 20.816302
11, 2, -49.619731
11, 3, -24.425466
11, 4, 11.529218
11, 5, 4.578778
11, 6, 3.232244
11, 7, -18.784740
11, 8, -10.019261
11, 9, 11.765804
11, 10, -3.377758
11, 11, -25.461991
11, 12, -16.000000
11, 13, 5.592790
11, 14, -6.229571
11, 15, 0.000000
11, 16, -18.120784
11, 17, -5.720558
11, 20, -10.867676
11, 21, -35.772403
11, 22, 8.953923
11, 23, -9.592869
11, 24, -15.544107
11, 25, -25.730098
11, 26, -17.069502
11, 27, 17.016902
11, 28, 9.514691
11, 30, -17.436467
11, 32, -4.058285
11, 33, -8.884876
11, 34, -1.628671
11, 35, 0.323002
11, 36, 5.479427
11, 37, -31.671964
11, 38, -9.789069
11, 39, -2.134265
11, 40, 20.027102
11, 41, 3.376734
11, 42, -53.290454
11, 44, 9.140735
11, 45, 2.869983
11, 46, -13.405321
11, 47, 4.714045
11, 48, -18.313016
11, 49, 8.825435
11, 50, 10.605817
12, 1, 12.163407
12, 2, -46.961648
12, 3, -26.645142
12, 4, 5.066165
12, 6, 2.528483
12, 7, -15.271577
12, 8, -17.174696
12, 9, -9.743957
12, 10, -10.604708
12, 11, -25.439520
12, 13, 10.799220
12, 14, -4.574173
12, 15, 11.064641
12, 16, -14.039827
12, 17, -7.236501
12, 18, 0.685085
12, 19, -0.767248
12, 20, -4.576348
12, 21, -35.489235
12, 22, 23.995916
12, 23, -5.817248
12, 24, -13.274867
12, 25, -25.595770
12, 26, -10.846925
12, 27, 20.025249
12, 28, 9.485309
12, 29, 80.000000
12, 31, 18.732119
12, 32, -4.583527
12, 33, -13.168704
12, 37, -46.033935
12, 38, -4.599593
12, 39, -2.535332
12, 40, 26.990276
12, 41, -9.832173
12, 42, -54.015934
12, 43, -15.393552
12, 44, 4.481545
12, 45, 5.934464
12, 46, -14.592958
12, 47, 8.563481
12, 48, -12.188275
12, 49, 2.586536
13, 1, 21.254759
13, 2, -49.911831
13, 3, -24.543943
13, 4, 13.081870
13, 5, 33.460276
13, 6, 1.184448
13, 7, -18.999534
13, 8, -8.320376
13, 9, 12.279168
13, 11, -25.450680
13, 12, 99999.000000
13, 14, -13.687558
13, 15, 99999.000000
13, 16, -17.809512
13, 17, -5.720547
13, 18, 0.216257
13, 19, -5.056815
13, 20, -7.516487
13, 21, -36.545254
13, 22, 7.713738
13, 23, -10.537508
13, 24, -15.533535
13, 25, -25.405891
13, 26, -12.371338
13, 27, 20.915351
13, 30, -36.238498
13, 31, 18.267881
13, 32, -4.820905
13, 34, -3.481868
13, 35, 8.081600
13, 36, -44.035259
13, 37, -31.710103
13, 38, -6.476605
13, 39, -2.134332
13, 40, 20.679835
13, 41, 1.085978
13, 43, -17.475968
13, 44, 9.140717
13, 46, -14.027942
13, 48, -18.401192
13, 49, 8.825452
13, 50, 1.555651
14, 1, 13.331336
14, 2, -47.449883
14, 3, -26.799969
14, 4, 8.313212
14, 5, 24.768822
14, 6, 0.253672
14, 7, -15.967107
14, 8, -16.124121
14, 9, -9.326544
14, 10, 25.762219
14, 11, -25.424548
14, 12, 13.564063
14, 13, -11.920444
14, 14, -11.119172
14, 16, 99999.000000
14, 17, -7.236490
14, 18, 0.685083
14, 19, -0.767233
14, 20, -1.391473
14, 21, -36.165159
14, 22, 19.926815
14, 23, -6.079013
14, 24, -13.263736
14, 25, -25.004366
14, 26, -6.565726
14, 27, 24.546545
14, 28, -31.318301
14, 30, -53.004573
14, 32, -4.964605
14, 33, -43.527962
14, 34, -2.518132
14, 35, 6.622591
14, 36, -43.964741
14, 37, -46.048733
14, 38, 0.206516
14, 39, -2.535422
14, 40, 27.651283
14, 41, -12.396397
14, 42, 99999.000000
14, 43, -15.399468
14, 44, 4.481526
14, 46, -15.186092
14, 47, -8.971284
14, 48, -12.235458
14, 50, 2.064745
15, 1, 21.966504
15, 2, -50.358879
15, 3, -24.638955
15, 4, 15.918001
15, 5, 31.989918
15, 6, -2.034409
15, 7, -19.328312
15, 9, 12.491831
15, 10, 11.163729
15, 11, -25.428066
15, 12, -9.223289
15, 13, -3.754484
15, 14, -20.405784
15, 15, 99999.000000
15, 16, -12.116528
15, 18, 0.216257
15, 19, -5.056802
15, 20, -3.425088
15, 21, 99999.000000
15, 22, 6.422885
15, 23, -10.909682
15, 24, -15.522972
15, 25, -24.539499
15, 26, -8.068666
15, 27, 24.258002
15, 28, -33.540197
15, 29, 33.437523
15, 30, -36.238471
15, 31, -84.000000
15, 32, -5.724660
15, 33, -45.952682
15, 35, 8.168318
15, 37, -31.727084
15, 38, -3.323183
15, 39, -2.134395
15, 40, 21.203283
15, 41, -0.266472
15, 42, 40.000000
15, 43, -17.485344
15, 45, -10.219986
15, 46, -14.128409
15, 47, -16.050117
15, 49, 4.900141
15, 50, 0.953062
16, 1, 14.779166
16, 2, -48.004641
16, 3, -26.868873
16, 4, 13.120574
16, 5, 22.126151
16, 6, -3.130861
16, 7, -16.757757
16, 8, -21.754910
16, 10, 25.747093
16, 11, -25.409578
16, 12, 13.564024
16, 13, -11.919824
16, 14, -16.431544
16, 15, -36.371525
16, 16, -6.770853
16, 17, 53.749749
16, 20, 2.466192
16, 21, 10.208682
16, 22, 16.517988
16, 23, -6.128546
16, 24, -13.258176
16, 25, -23.681770
16, 26, -3.230106
16, 27, 28.078019
16, 28, -31.318299
16, 29, 29.305358
16, 30, -53.004576
16, 32, -5.377512
16, 33, -43.527968
16, 34, 2.000000
16, 35, 6.772774
16, 36, 66.000000
16, 38, 4.217963
16, 40, 27.945462
16, 41, -13.348092
16, 43, -15.409033
16, 44, 26.462044
16, 45, -17.224083
16, 46, -15.047301
16, 47, -8.971303
16, 48, -8.466068
16, 49, -5.344175
16, 50, 1.044870
17, 1, 22.681121
17, 2, -50.751532
17, 4, 19.575821
17, 5, 27.944332
17, 6, -6.107036
17, 7, -19.617124
17, 8, -24.422584
17, 9, -26.237118
17, 10, 11.138188
17, 11, -25.416759
17, 12, -9.223283
17, 13, -3.753999
17, 14, -25.083705
17, 15, -23.671696
17, 16, -12.710617
17, 17, 53.250251
17, 18, 12.562698
17, 19, 86.000000
17, 20, 1.104530
17, 21, 2.583026
17, 22, 5.445737
17, 23, -10.991200
17, 25, -23.106041
17, 26, -5.032842
17, 27, 26.671255
17, 28, -33.540199
17, 29, 33.435427
17, 30, -36.238445
17, 31, 99999.000000
17, 32, -6.326718
17, 33, -45.952687
17, 35, 8.341745
17, 38, -1.067109
17, 39, 2.517950
17, 42, -11.568199
17, 43, -17.491141
17, 44, 30.393670
17, 45, -10.219969
17, 46, -13.415064
17, 47, -16.050147
17, 48, -1.641218
17, 49, 4.675358
17, 50, -0.572610
18, 1, 15.953891
18, 2, -48.366476
18, 3, -73.000000
18, 4, 18.746627
18, 5, 17.505624
18, 6, -7.112471
18, 7, -17.273654
18, 8, -21.758151
18, 9, -25.722257
18, 10, 25.716840
18, 12, 13.563985
18, 13, -11.918831
18, 14, -19.412574
18, 15, -36.356773
18, 16, -7.071853
18, 18, 3.080233
18, 20, 6.704278
18, 21, 10.194731
18, 22, 14.578741
18, 24, -33.647413
18, 25, -21.902435
18, 26, -1.401775
18, 27, 30.296990
18, 29, 29.302569
18, 30, 99999.000000
18, 32, -5.552069
18, 34, 23.000000
18, 35, 6.922959
18, 36, 21.544073
18, 37, 73.000000
18, 38, 6.493935
18, 39, 12.834742
18, 40, 5.911529
18, 41, 34.767382
18, 42, -9.539363
18, 44, 26.462041
18, 45, -17.224056
18, 46, -14.022935
18, 47, -8.971327
18, 48, -8.466053
18, 49, -5.752000
18, 50, -0.517511
19, 1, 23.124225
19, 2, -50.906476
19, 4, 23.512420
19, 5, 22.350454
19, 6, -10.346362
19, 7, -19.731100
19, 8, -24.428008
19, 9, -26.237109
19, 10, 11.112647
19, 11, -16.376825
19, 13, -3.753707
19, 14, -26.761186
19, 15, -23.675477
19, 16, -14.267486
19, 17, -27.396556
19, 18, 12.538531
19, 19, 12.416999
19, 20, 5.730916
19, 21, 2.873995
19, 22, 5.081259
19, 23, -0.374234
19, 24, -34.352587
19, 25, -21.430279
19, 26, -3.936558
19, 27, 27.928689
19, 28, -24.721107
19, 29, 33.432048
19, 30, -57.379533
19, 31, -90.000000
19, 33, 23.349974
19, 35, 8.428465
19, 36, 21.455927
19, 38, -0.248916
19, 39, 1.337696
19, 40, -1.302991
19, 41, 34.606109
19, 42, -11.741038
19, 45, -10.219946
19, 46, -11.956273
19, 48, -1.641203
19, 49, 4.106282
19, 50, -2.307340
20, 1, 16.403408
20, 3, 62.000000
20, 4, 24.399208
20, 5, 12.101926
20, 6, -10.886026
20, 8, -21.763397
20, 10, 25.701711
20, 11, -9.680151
20, 15, -36.327277
20, 16, -7.834549
20, 17, -27.281470
20, 18, 3.037827
20, 19, 5.547954
20, 20, 10.940068
20, 21, 10.166501
20, 23, -9.627736
20, 25, -20.201206
20, 27, 31.050609
20, 28, -14.864085
20, 29, 29.300849
20, 30, -78.000000
20, 33, 14.527874
20, 34, 6.152695
20, 37, -37.273757
20, 39, 10.867458
20, 40, 5.912467
20, 41, 34.767377
20, 42, -10.516046
20, 43, 63.000000
20, 44, -10.288402
20, 46, -12.373692
20, 47, 21.659943
20, 49, -6.376553
20, 50, -1.891301
21, 2, 66.000000
21, 4, 27.200643
21, 5, 16.678536
21, 6, -13.871658
21, 7, -12.691949
21, 8, -24.431367
21, 11, -16.384121
21, 12, -27.531951
21, 13, -58.240934
21, 14, 8.150573
21, 15, -23.681579
21, 16, -16.194940
21, 17, -26.536446
21, 18, 12.490214
21, 19, 12.424336
21, 20, 10.119614
21, 21, 3.672333
21, 23, -0.374224
21, 25, -20.070543
21, 28, -25.121687
21, 31, -16.644134
21, 32, -13.000000
21, 33, 23.520852
21, 34, 19.593311
21, 35, 18.697879
21, 36, -20.387487
21, 37, -37.726243
21, 38, 7.792396
21, 39, -2.075105
21, 40, -1.270441
21, 41, 34.606106
21, 42, -12.168788
21, 43, 75.070517
21, 44, -8.140063
21, 45, 3.950813
21, 46, -10.189838
21, 47, 21.042940
21, 48, -35.127463
21, 49, 3.459299
21, 50, -3.439498
22, 1, -96.000000
22, 2, 99999.000000
22, 3, 23.851516
22, 4, 29.351137
22, 5, 7.362889
22, 6, -13.590025
22, 7, -15.300247
22, 10, -6.452464
22, 11, -9.675388
22, 12, -27.605674
22, 13, -57.759066
22, 14, 14.574808
22, 15, -36.312529
22, 16, -8.702786
22, 17, -25.562766
22, 18, 2.995432
22, 19, 5.559786
22, 20, 14.782476
22, 21, 10.152510
22, 22, 80.514691
22, 23, -9.627723
22, 24, -62.743963
22, 25, -19.161909
22, 26, 45.448924
22, 28, -15.700082
22, 31, -17.922164
22, 33, 14.870875
22, 34, 6.152559
22, 35, 11.206173
22, 36, -18.524854
22, 38, 5.962945
22, 39, 7.204514
22, 40, 5.914569
22, 42, -12.199966
22, 43, 99999.000000
22, 44, -10.404913
22, 45, 5.881858
22, 46, -10.687855
22, 47, 21.441258
22, 48, -29.323629
22, 49, -6.925514
22, 50, -2.433821
23, 3, 23.359632
23, 4, 30.188238
23, 5, 12.476869
23, 6, -15.874672
23, 7, -12.691887
23, 8, 7.218085
23, 9, -14.357235
23, 10, -0.656910
23, 11, -16.400493
23, 12, -27.430102
23, 14, 8.150581
23, 16, -17.756770
23, 17, -24.358333
23, 18, 12.466057
23, 19, 12.436198
23, 20, 14.002288
23, 21, 4.770859
23, 22, 80.485309
23, 23, -0.374215
23, 24, -49.167660
23, 25, -19.547016
23, 26, 47.040295
23, 28, -26.135470
23, 30, 14.662803
23, 31, -16.961930
23, 32, 91.000000
23, 33, 23.953742
23, 34, 19.593297
23, 35, 18.835656
23, 36, -19.608691
23, 37, 76.000000
23, 38, 7.792398
23, 39, -7.328531
23, 40, -1.229851
23, 41, 25.015444
23, 42, -12.624436
23, 43, 0.298211
23, 44, -8.282484
23, 45, 3.950802
23, 46, -8.752475
23, 47, 20.702418
23, 48, -35.127458
23, 49, 3.037090
24, 1, 12.849645
24, 2, -73.000000
24, 3, 23.860523
24, 4, 33.007808
24, 5, 4.601707
24, 6, -14.572085
24, 7, -15.300165
24, 8, 7.601597
24, 9, -18.621215
24, 10, -6.449048
24, 11, -9.669435
24, 12, -27.455997
24, 13, 33.000000
24, 14, 14.574818
24, 15, 3.939738
24, 16, -9.270030
24, 17, -22.929128
24, 19, 5.567101
24, 20, 17.935048
24, 21, 10.170382
24, 24, -62.772691
24, 26, 45.448920
24, 27, -11.920166
24, 28, -16.980261
24, 29, -54.788504
24, 30, 10.266712
24, 31, -18.621774
24, 33, 15.396866
24, 34, 6.152421
24, 35, 11.880917
24, 36, -16.994216
24, 37, 99999.000000
24, 38, 5.962950
24, 39, 2.384514
24, 40, 5.916254
24, 41, 32.091811
24, 42, -14.155541
24, 43, 30.715535
24, 44, -10.699328
24, 45, 5.881849
24, 46, -9.628186
24, 47, 20.913326
24, 49, -7.142250
24, 50, -62.000000
25, 1, 14.287716
25, 3, 23.372570
25, 4, 32.128331
25, 5, 10.928466
25, 7, -12.691831
25, 8, 7.218092
25, 9, -14.879882
25, 10, -0.650874
25, 11, -16.413609
25, 12, -27.201264
25, 15, -6.810986
25, 16, -18.353932
25, 17, -21.881033
25, 18, 14.000000
25, 20, 17.220549
25, 21, 5.878549
25, 22, -7.835305
25, 24, -49.246755
25, 25, 25.000000
25, 27, -16.273019
25, 28, -27.287430
25, 29, -44.433649
25, 30, 14.492298
25, 31, -17.729150
25, 33, 24.446372
25, 34, 99999.000000
25, 35, 19.172404
25, 36, -17.519736
25, 38, 7.792402
25, 39, -13.756361
25, 40, -1.211783
25, 41, 25.015461
25, 42, -12.859743
25, 43, 0.643106
25, 44, -8.499822
25, 46, -8.200144
25, 47, 20.220859
25, 48, -4.922705
26, 1, 12.849643
26, 2, -51.123405
26, 3, 23.878551
26, 4, 34.946628
26, 6, 0.620251
26, 8, 7.601602
26, 9, -19.624276
26, 10, -6.443527
26, 11, -9.666779
26, 12, -27.269360
26, 13, 54.800201
26, 14, -49.883785
26, 15, 3.939733
26, 17, -20.612695
26, 19, -18.457442
26, 20, 20.267630
26, 21, 10.210491
26, 22, -6.613259
26, 23, 7.534238
26, 24, -62.837251
26, 26, -19.302317
26, 27, -11.917311
26, 28, -18.105401
26, 29, -54.788546
26, 30, 10.131944
26, 31, -19.611171
26, 32, -44.000000
26, 33, 15.859900
26, 34, 28.678133
26, 35, 12.921686
26, 36, -14.415456
26, 39, -2.819224
26, 41, 32.091827
26, 42, -15.944222
26, 43, 30.785200
26, 44, -11.033117
26, 47, 20.385398
26, 48, -14.194599
26, 49, 38.000000
26, 50, -21.346291
27, 1, 14.287715
27, 2, -50.876595
27, 3, 23.385519
27, 4, 32.800405
27, 5, 6.466480
27, 6, 11.444819
27, 7, 19.009368
27, 9, -16.203296
27, 10, -0.647144
27, 12, -27.017752
27, 13, 55.199799
27, 14, -43.424684
27, 15, -6.810991
27, 16, -4.795463
27, 17, -20.263822
27, 18, -3.217428
27, 19, -16.508063
27, 20, 19.728563
27, 21, 6.695223
27, 22, -8.079206
27, 23, 3.511795
27, 24, -49.345399
27, 25, -56.000000
27, 26, -27.351271
27, 27, -16.268454
27, 28, -28.038821
27, 29, -44.433709
27, 30, 14.060756
27, 31, -18.496376
27, 32, -50.035259
27, 33, 24.768129
27, 34, 8.453401
27, 35, 19.525771
27, 36, -14.784114
27, 37, 9.541637
27, 38, -18.086628
27, 39, -20.442156
27, 40, -11.034467
27, 42, -12.734799
27, 43, 1.475790
27, 44, -8.690095
27, 45, -28.087322
27, 46, 2.775074
27, 47, 19.880341
27, 48, -5.222410
27, 50, -29.435437
28, 3, 23.887574
28, 5, -10.995660
28, 6, 0.450984
28, 7, 17.113766
28, 8, -22.126846
28, 9, -21.161147
28, 12, -27.186298
28, 14, -49.883789
28, 16, -5.700182
28, 17, -19.697736
28, 18, 0.807805
28, 19, -18.002884
28, 20, 21.820053
28, 21, 10.243185
28, 22, -7.201166
28, 23, 8.246667
28, 24, -62.889030
28, 26, -19.311755
28, 27, -11.912706
28, 28, -18.549591
28, 29, -54.788590
28, 30, 9.925845
28, 31, -20.310788
28, 32, 99999.000000
28, 33, 16.042899
28, 34, 28.677407
28, 35, 13.859541
28, 36, -11.604404
28, 37, 10.458363
28, 38, -14.469281
28, 39, -7.490747
28, 40, -13.639475
28, 41, -28.540769
28, 42, -17.275767
28, 43, 30.941751
28, 44, -11.250408
28, 45, -17.236032
28, 46, -1.671413
28, 47, 20.166717
28, 48, -14.572825
28, 49, -81.035259
28, 50, -20.966352
29, 1, -8.852934
29, 5, 6.493053
29, 6, 11.142047
29, 7, 19.009376
29, 8, -22.873154
29, 9, -17.708304
29, 10, 26.294982
29, 11, 51.173312
29, 13, 99999.000000
29, 15, 99999.000000
29, 16, -4.714620
29, 18, -3.217437
29, 19, -15.580582
29, 20, 21.553936
29, 21, 6.995370
29, 22, -8.668097
29, 23, 4.423615
29, 24, -49.389307
29, 25, 10.117016
29, 26, -27.403837
29, 27, -16.265640
29, 30, 13.570337
29, 31, -18.814178
29, 32, -3.227742
29, 34, 8.453472
29, 35, 19.718325
29, 36, -12.270412
29, 38, -18.119293
29, 39, -26.318330
29, 40, -11.034458
29, 41, -21.543408
29, 42, -12.296062
29, 43, 2.308538
29, 44, -8.765022
29, 45, -28.087374
29, 46, 2.775068
29, 48, -6.009093
29, 49, -80.964741
29, 50, -28.866773
30, 1, -7.870841
30, 2, -28.137761
30, 3, 14.457653
30, 4, 11.780069
30, 5, -10.991823
30, 6, 0.042391
30, 9, -22.512755
30, 10, 27.391693
30, 11, 47.052522
30, 12, 36.756066
30, 13, -5.699730
30, 14, 12.112021
30, 15, 12.561703
30, 16, -5.568999
30, 17, 5.519621
30, 19, -16.776133
30, 20, 22.742147
30, 22, -8.032677
30, 23, 10.105011
30, 25, 9.159041
30, 26, -19.334578
30, 28, -2.939462
30, 29, -1.369445
30, 30, 9.744976
30, 32, -8.117529
30, 33, -62.000000
30, 34, 28.676239
30, 35, 14.281565
30, 36, -9.454602
30, 37, 4.707708
30, 38, -14.526911
30, 39, -10.737553
30, 40, -13.639469
30, 41, -28.540769
30, 42, -18.078045
30, 43, 31.067311
30, 45, -17.236105
30, 47, 24.070517
30, 48, -15.187018
30, 50, -19.950899
31, 1, -8.817971
31, 2, -30.650267
31, 3, 6.551859
31, 4, 13.041534
31, 5, 6.546179
31, 6, 10.713909
31, 7, -44.907220
31, 8, 12.496928
31, 9, -18.690684
31, 10, 26.294996
31, 11, 50.681286
31, 12, 38.169581
31, 13, 7.882814
31, 14, 23.054091
31, 15, 2.000000
31, 16, -4.533001
31, 17, 6.037464
31, 18, 63.000000
31, 19, -14.015211
31, 20, 22.744445
31, 21, -15.514959
31, 22, -9.257069
31, 23, 5.820120
31, 24, -57.117875
31, 25, 10.117097
31, 26, -27.478209
31, 28, -10.364759
31, 29, -5.442270
31, 30, 13.250415
31, 31, -69.000000
31, 32, -3.227740
31, 34, 8.453545
31, 35, 19.680268
31, 36, -10.776506
31, 37, -1.806233
31, 38, -18.184623
31, 39, -30.353820
31, 42, -11.758474
31, 43, 2.653501
31, 44, -85.000000
31, 45, -28.087428
31, 46, -34.332521
31, 47, 23.929483
31, 48, -6.985553
31, 50, -27.915010
32, 1, -8.247361
32, 2, -27.431211
32, 3, 14.434141
32, 4, 12.407993
32, 5, -10.989456
32, 6, -0.366129
32, 7, -46.194356
32, 8, 5.176771
32, 9, -23.046582
32, 10, 27.391707
32, 11, 46.161566
32, 12, 36.342667
32, 13, -5.692779
32, 14, 12.112112
32, 16, -5.405450
32, 17, 5.525379
32, 19, -15.124889
32, 20, 23.208452
32, 21, -10.651994
32, 22, -8.620702
32, 23, 12.405464
32, 24, -55.747509
32, 25, 9.159157
32, 26, -19.357457
32, 28, -3.041886
32, 29, -1.625485
32, 30, 9.673639
32, 31, 99999.000000
32, 33, -49.000000
32, 35, 14.002892
32, 36, -8.652399
32, 37, 4.707570
32, 38, -14.584546
32, 39, -11.901006
32, 40, -3.289029
32, 42, -18.454236
32, 46, -34.667479
32, 48, -15.803937
32, 49, -0.047559
32, 50, -18.629119
33, 1, -8.677889
33, 2, -29.105733
33, 3, 6.523316
33, 4, 14.326961
33, 5, 6.572737
33, 6, 10.411205
33, 7, -44.907213
33, 8, 11.689643
33, 11, 49.493361
33, 12, 37.212210
33, 13, 7.882911
33, 14, 23.054319
33, 15, 55.000000
33, 16, -4.387383
33, 17, 6.046895
33, 18, -21.193923
33, 19, -12.255251
33, 20, 23.333258
33, 21, -15.644182
33, 22, -9.501055
33, 23, 7.065510
33, 24, -57.117902
33, 25, 10.117184
33, 26, -27.530827
33, 27, -22.412547
33, 28, -10.538997
33, 29, -6.247364
33, 31, -14.262004
33, 32, -6.444248
33, 34, 11.000000
33, 35, 19.482426
33, 37, -1.806423
33, 38, -18.217293
33, 39, -31.791982
33, 40, 0.204467
33, 42, -11.395896
33, 45, 19.827169
33, 47, -63.609188
33, 48, -7.778813
33, 49, 4.483208
33, 50, -26.886463
34, 1, -8.818654
34, 2, -25.481656
34, 3, 14.387128
34, 4, 14.094515
34, 5, 99999.000000
34, 6, -0.535319
34, 8, 3.994663
34, 9, -54.400188
34, 10, -20.694413
34, 11, 44.901466
34, 12, 35.295726
34, 13, -5.681540
34, 14, 12.112270
34, 16, -5.332681
34, 17, 5.534691
34, 18, -20.806077
34, 19, -13.456067
34, 20, 23.348346
34, 21, -10.830138
34, 23, 14.346696
34, 24, -55.747546
34, 26, -19.366955
34, 27, -15.888363
34, 28, -3.360213
34, 29, -2.338312
34, 30, 4.000000
34, 31, -55.000000
34, 32, -0.553591
34, 33, 21.690984
34, 35, 13.115869
34, 36, 25.349913
34, 37, 4.707434
34, 39, 99999.000000
34, 40, -3.297089
34, 41, 16.000000
34, 42, -18.556538
34, 43, -21.820055
34, 44, 37.936621
34, 45, 6.974747
34, 46, 85.000000
34, 47, -95.982371
34, 48, -16.186577
34, 49, -0.191398
34, 50, -17.422577
35, 1, -8.381184
35, 2, -26.424575
35, 3, 6.494777
35, 4, 16.494299
35, 5, 36.000000
35, 7, -23.192132
35, 8, 9.375668
35, 9, -50.866403
35, 10, -14.629756
35, 11, 48.305321
35, 12, 35.745163
35, 13, 7.883010
35, 14, 23.054467
35, 15, -90.000000
35, 17, 6.052729
35, 19, -10.706479
35, 21, -15.970774
35, 22, -23.746759
35, 23, 7.630747
35, 24, -57.117928
35, 25, -15.408915
35, 27, -22.412463
35, 28, -10.919276
35, 29, -7.658123
35, 32, -6.304284
35, 33, 21.309016
35, 34, -18.478348
35, 35, 19.286093
35, 36, 19.140421
35, 38, 5.733108
35, 39, -8.552549
35, 40, 0.185268
35, 41, 25.052888
35, 43, -18.262870
35, 44, 43.754070
35, 45, 20.048635
35, 47, -63.609181
35, 48, -8.082590
35, 49, 4.186562
35, 50, -26.106124
36, 1, -9.350836
36, 2, -22.741886
36, 3, 14.363620
36, 4, 16.307992
36, 6, -93.000000
36, 7, -42.735560
36, 8, 1.782474
36, 9, -54.400187
36, 10, -20.740496
36, 11, 44.010360
36, 12, 34.104868
36, 15, 99999.000000
36, 18, -8.949548
36, 19, -12.081892
36, 20, -28.814284
36, 21, -11.102328
36, 22, -30.917341
36, 23, 15.377573
36, 25, -15.591085
36, 26, -45.202937
36, 27, -15.888244
36, 28, -3.911272
36, 29, -3.343503
36, 30, -10.088147
36, 31, 14.695405
36, 32, -0.262144
36, 34, -17.954106
36, 35, 11.909620
36, 36, 25.570092
36, 37, 0.000000
36, 38, 0.748354
36, 39, 5.133346
36, 40, -3.313222
36, 41, 99999.000000
36, 42, 7.054214
36, 43, -21.820058
36, 44, 37.937179
36, 45, 7.984928
36, 46, -8.858478
36, 47, 99999.000000
36, 49, -0.514589
36, 50, -16.709159
37, 1, -7.962880
37, 2, -23.272119
37, 4, 18.859224
37, 5, -13.000000
37, 7, -23.192123
37, 8, 5.860963
37, 10, -14.718760
37, 11, 47.813173
37, 12, 34.454790
37, 13, 22.236292
37, 14, -26.329964
37, 15, 21.217447
37, 16, -43.000000
37, 17, -16.862735
37, 18, -8.050452
37, 19, -9.596637
37, 20, -29.426022
37, 21, -16.341145
37, 22, -23.138203
37, 23, 7.332544
37, 24, 33.608134
37, 26, -56.114732
37, 27, -22.412377
37, 28, -11.531925
37, 29, -9.312803
37, 30, -9.911853
37, 31, 13.876319
37, 32, -5.898344
37, 33, 5.582773
37, 34, -18.509472
37, 35, 19.246849
37, 36, 19.519814
37, 38, 6.219449
37, 39, -8.603907
37, 40, 0.166063
37, 41, 99999.000000
37, 42, 8.651735
37, 44, 43.755124
37, 45, 20.651343
37, 46, 48.070517
37, 47, -80.000000
37, 48, 8.600402
37, 49, 3.816654
37, 50, -25.816323
38, 1, -9.701338
38, 2, -19.795780
38, 4, 18.346729
38, 6, 2.352391
38, 7, 99999.000000
38, 8, -1.187212
38, 10, -20.832663
38, 12, 33.327403
38, 13, 25.380028
38, 14, -16.939388
38, 15, 9.983536
38, 17, -21.100128
38, 19, -11.142002
38, 20, -28.818502
38, 21, -11.340964
38, 22, -29.606328
38, 23, 15.388087
38, 24, 34.567918
38, 25, -29.131210
38, 26, -45.202938
38, 28, -4.680666
38, 29, -4.384997
38, 31, 14.695411
38, 32, 0.294072
38, 33, 6.417227
38, 34, -18.006303
38, 35, 10.718633
38, 36, 26.064804
38, 37, -4.023081
38, 38, 1.837497
38, 39, 4.987081
38, 40, -3.321291
38, 42, 8.029035
38, 43, 62.000000
38, 44, 37.938083
38, 45, 9.700195
38, 46, -8.858486
38, 48, 9.399598
38, 49, -0.773767
39, 1, -7.579591
39, 2, -20.330634
39, 3, 71.765699
39, 4, 20.669459
39, 5, 23.651565
39, 6, 0.995042
39, 7, -0.591221
39, 8, 1.598718
39, 9, 15.871970
39, 10, -14.807773
39, 12, 33.945108
39, 13, 22.647256
39, 14, -25.905245
39, 15, 21.043376
39, 16, 2.046652
39, 17, -17.194928
39, 18, 84.000000
39, 19, -8.950688
39, 20, -29.432999
39, 21, -16.582312
39, 22, -21.452028
39, 23, 6.371582
39, 24, 33.608140
39, 25, -25.356027
39, 26, -56.114735
39, 27, 3.019806
39, 28, -12.350015
39, 29, -10.768018
39, 30, 33.656801
39, 32, -5.274462
39, 34, -18.571729
39, 35, 19.430210
39, 36, 19.992901
39, 37, 0.161990
39, 38, 7.583498
39, 39, -8.727906
39, 41, -45.056483
39, 42, 10.669279
39, 44, 43.755776
39, 45, 21.459706
39, 46, 99999.000000
39, 49, 3.652028
40, 1, -9.857053
40, 2, -17.170872
40, 3, 69.214821
40, 4, 19.560529
40, 5, 21.730266
40, 6, 2.352389
40, 7, -11.134544
40, 8, -4.569561
40, 9, 12.077363
40, 10, -20.878756
40, 11, -87.000000
40, 13, 26.294166
40, 14, -17.270158
40, 15, 9.958698
40, 16, -4.124502
40, 17, -21.356050
40, 19, -10.626623
40, 20, -28.825323
40, 21, -11.435025
40, 22, -27.244822
40, 23, 14.664174
40, 24, 34.567928
40, 25, -29.131208
40, 27, -2.725455
40, 28, -5.592146
40, 29, -5.170437
40, 30, 24.913894
40, 31, -61.283946
40, 32, 1.050887
40, 33, -95.000000
40, 34, -18.058510
40, 35, 9.784037
40, 36, 26.461530
40, 37, -3.735298
40, 38, 3.818093
40, 39, 4.658461
40, 40, -19.425573
40, 41, -38.544417
40, 42, 10.817909
40, 43, -12.279633
40, 45, 11.588936
40, 46, -23.888348
40, 47, -26.082475
40, 48, -1.878960
40, 50, 27.694425
41, 1, -7.423010
41, 2, -18.071486
41, 3, 71.765697
41, 4, 21.345298
41, 5, 23.651542
41, 7, -0.703147
41, 8, -2.886582
41, 9, 15.671957
41, 11, 99999.000000
41, 12, -11.854376
41, 13, 23.768491
41, 14, -24.791906
41, 15, 20.623151
41, 16, 2.046661
41, 17, -18.149642
41, 18, 40.120701
41, 19, -8.673351
41, 20, -29.437311
41, 22, -19.059288
41, 23, 5.168852
41, 25, 99999.000000
41, 26, 85.000000
41, 27, 4.275959
41, 28, -13.268698
41, 29, -11.617576
41, 30, 33.528151
41, 31, -63.379948
41, 32, -4.522308
41, 34, -18.602867
41, 35, 19.781426
41, 36, 20.203450
41, 37, 0.717918
41, 38, 9.557440
41, 39, -8.851898
41, 40, -15.946603
41, 41, -45.056476
41, 42, 14.391543
41, 43, -12.720367
41, 44, 21.649130
41, 45, 22.221561
41, 46, -43.000000
41, 47, -19.389347
41, 48, -3.949345
41, 49, 21.390914
41, 50, 28.305575
42, 2, -15.193707
42, 5, 21.730236
42, 6, -8.100893
42, 7, -11.189317
42, 8, -7.994830
42, 9, 11.845396
42, 11, 20.776695
42, 12, -0.581664
42, 13, 27.851211
42, 14, -17.777079
42, 15, 9.909013
42, 16, -4.124486
42, 17, -21.872583
42, 18, 44.394864
42, 19, -10.466735
42, 21, 99999.000000
42, 22, -24.285562
42, 23, 13.666756
42, 24, 7.000000
42, 25, -30.057527
42, 26, 50.800201
42, 27, -0.173928
42, 28, -6.505846
42, 29, -5.462796
42, 30, 24.751710
42, 31, -61.223380
42, 32, 1.902459
42, 33, 0.695590
42, 35, 9.190531
42, 37, -2.953547
42, 38, 6.319384
42, 39, 4.394950
42, 40, -19.474697
42, 41, -38.544411
42, 42, 14.997206
42, 44, 10.240160
42, 45, 13.046652
42, 47, -26.082475
42, 48, -1.878956
42, 49, 19.127710
43, 1, -3.210430
43, 2, -16.643555
43, 3, 42.461803
43, 4, 13.162710
43, 5, 23.651521
43, 6, -18.722683
43, 7, -0.990699
43, 8, -7.083987
43, 9, 15.148198
43, 10, 20.571972
43, 11, 59.000000
43, 12, -11.854251
43, 13, 25.305950
43, 14, -23.412901
43, 15, 20.202941
43, 16, 2.046675
43, 17, -19.581240
43, 18, 40.120678
43, 20, 85.923606
43, 21, 11.585128
43, 22, -16.444881
43, 23, 4.120479
43, 25, -18.174627
43, 26, 99999.000000
43, 27, 7.650206
43, 28, -14.120843
43, 30, 33.239091
43, 31, -63.283424
43, 32, -3.762245
43, 33, -44.423067
43, 34, -54.235058
43, 35, 20.157218
43, 36, -38.807494
43, 37, 1.667862
43, 38, 11.751017
43, 39, -8.903249
43, 40, -16.062839
43, 42, 19.188743
43, 43, -7.920132
43, 44, 21.637890
43, 45, 22.682988
43, 46, -59.000000
43, 48, -3.949340
43, 49, 21.390785
43, 50, -81.000000
44, 1, 8.654705
44, 2, -13.952195
44, 3, 42.538197
44, 4, 10.151512
44, 6, -8.360418
44, 7, -11.327029
44, 8, -11.105475
44, 9, 11.470167
44, 10, 9.686085
44, 12, -0.581490
44, 13, 29.624504
44, 14, -18.223002
44, 15, 9.884160
44, 17, -22.603292
44, 18, 44.394862
44, 19, -88.000000
44, 20, 86.076394
44, 21, -3.643790
44, 22, -21.265315
44, 23, 12.789155
44, 24, 0.282069
44, 25, -29.742959
44, 26, 57.490158
44, 27, 4.128427
44, 28, -7.249262
44, 29, 3.779131
44, 30, 24.549479
44, 31, -61.087300
44, 32, 2.718876
44, 33, 0.695780
44, 34, -53.764942
44, 35, 8.894197
44, 36, -38.321265
44, 37, -1.896229
44, 38, 8.854389
44, 40, -19.585114
44, 41, -2.492643
44, 42, 19.841609
44, 43, -18.736267
44, 44, 10.261448
44, 45, 13.593533
44, 47, 5.041422
44, 49, 19.127532
44, 50, 99999.000000
45, 1, -3.368093
45, 2, -15.928265
45, 4, 13.343559
45, 5, 30.203240
45, 6, -19.025560
45, 7, -1.335219
45, 8, -10.567549
45, 9, 14.500570
45, 10, 20.679118
45, 11, -12.505492
45, 12, -11.854125
45, 13, 26.882870
45, 14, -22.294954
45, 15, 20.028885
45, 16, -41.117529
45, 17, -21.210498
45, 18, 40.120661
45, 21, 11.516386
45, 22, -14.076626
45, 23, 3.430826
45, 24, -0.282069
45, 25, -18.007357
45, 26, 53.338398
45, 27, 12.079722
45, 28, -14.725196
45, 29, 3.220869
45, 30, 33.007283
45, 31, -63.163068
45, 32, -3.112250
45, 33, -44.423060
45, 35, 20.396868
45, 36, -38.807483
45, 37, 2.744388
45, 38, 13.728533
45, 40, -16.207816
45, 41, 3.268394
45, 42, 24.157634
45, 43, -7.685901
45, 44, 21.612625
45, 46, -26.819514
45, 47, -5.043848
45, 48, 59.141035
45, 49, 21.390658
45, 50, 4.506379
46, 1, 8.395009
46, 2, -13.375692
46, 4, 10.485107
46, 5, 30.796760
46, 6, -8.987009
46, 7, -11.481945
46, 8, -13.584570
46, 9, 11.095069
46, 10, 9.889191
46, 11, -3.179563
46, 13, 31.190174
46, 14, -18.399148
46, 15, 99999.000000
46, 16, -40.882471
46, 17, -23.399145
46, 18, 99999.000000
46, 19, 5.038699
46, 20, 62.384254
46, 21, -3.650459
46, 22, -18.695999
46, 23, 12.234773
46, 25, -28.983455
46, 26, 57.490161
46, 27, 8.823472
46, 28, -7.666793
46, 30, 24.459477
46, 31, -60.978180
46, 32, 3.380037
46, 33, 0.695972
46, 34, -45.255110
46, 35, 8.808993
46, 36, -38.321253
46, 37, -0.851060
46, 38, 10.910758
46, 40, -19.673687
46, 41, -2.472827
46, 42, 24.390785
46, 43, -18.348611
46, 44, 10.287989
46, 45, -73.000000
46, 46, -32.528135
46, 47, 5.041549
46, 48, 58.858965
46, 50, 89.000000
47, 1, -3.722341
47, 2, -15.721641
47, 3, 10.125324
47, 4, 13.749932
47, 6, -19.453931
47, 7, -1.605112
47, 8, -13.034909
47, 9, 13.976449
47, 10, 20.919866
47, 11, -12.505377
47, 12, 52.000000
47, 13, 28.147168
47, 14, -21.867388
47, 15, 24.920166
47, 17, -22.646502
47, 18, -54.000000
47, 19, 5.961301
47, 20, 59.575950
47, 21, 11.378912
47, 22, -12.314888
47, 23, 3.112615
47, 24, -33.000000
47, 25, -17.631499
47, 27, 16.160602
47, 28, -14.943742
47, 29, 99999.000000
47, 31, -63.109510
47, 32, -2.653598
47, 33, 99999.000000
47, 34, -38.518961
47, 37, 3.659099
47, 38, 15.097062
47, 39, -8.056451
47, 40, -16.272353
47, 41, 3.305883
47, 42, 28.265691
47, 43, -7.159590
47, 44, 21.592355
47, 46, -26.819515
47, 47, -5.043673
47, 49, 26.731392
48, 1, 8.071181
48, 3, 11.282403
48, 4, 10.901108
48, 5, -23.553893
48, 6, -9.613666
48, 7, -11.582090
48, 8, -15.180823
48, 9, 10.863316
48, 10, 10.142462
48, 11, -3.179404
48, 12, 75.135158
48, 13, 32.239245
48, 14, 99999.000000
48, 15, -47.000000
48, 16, -49.345831
48, 17, -24.026820
48, 20, 62.384256
48, 21, -3.661241
48, 22, -16.983831
48, 23, 12.050823
48, 25, -28.223852
48, 26, -92.000000
48, 27, 12.417667
48, 30, -58.980320
48, 32, 3.803282
48, 33, 13.714149
48, 34, -45.255142
48, 35, -14.855525
48, 36, -6.797558
48, 37, -0.093602
48, 38, 12.060691
48, 39, -13.621604
48, 41, -2.433181
48, 42, 27.640899
48, 43, -17.865201
48, 44, 10.299797
48, 45, 34.842553
48, 46, -32.528137
48, 47, 5.041673
48, 48, -29.592312
48, 49, 22.397359
48, 50, 33.345827
49, 1, -4.006417
49, 2, 99999.000000
49, 3, 10.125315
49, 4, 14.075830
49, 5, -18.896783
49, 6, -19.756871
49, 7, -1.706111
49, 8, -14.307674
49, 9, 13.776213
49, 10, 21.112930
49, 11, -12.505263
49, 12, 99999.000000
49, 13, 28.843951
49, 14, -49.170417
49, 16, -46.818355
49, 17, -23.491528
49, 18, -36.346710
49, 19, -31.385409
49, 21, 11.310167
49, 22, -11.383363
49, 24, -76.000000
49, 25, -17.330072
49, 27, 18.590725
49, 28, -18.411351
49, 29, 23.811954
49, 30, -55.469937
49, 31, 44.226745
49, 32, -2.421087
49, 33, -1.399598
49, 34, -38.519009
49, 35, -14.144475
49, 36, -2.795728
49, 37, 4.179800
49, 38, 15.585413
49, 39, -8.056473
49, 40, 22.455927
49, 41, 3.343383
49, 42, 30.592628
49, 43, -6.737513
49, 45, 31.730011
49, 48, -24.654378
49, 49, 26.731388
49, 50, 30.818355
50, 1, 7.927065
50, 2, 40.000000
50, 3, 11.282394
50, 4, 11.086255
50, 5, -23.553887
50, 6, -9.873264
50, 8, -15.731690
50, 10, 10.255184
50, 12, 83.000000
50, 13, 32.605376
50, 14, -20.000000
50, 15, 61.000000
50, 16, -49.345828
50, 17, -24.266230
50, 18, -35.653290
50, 19, -31.614591
50, 20, 4.000000
50, 22, -16.384261
50, 23, 75.000000
50, 25, -27.909178
50, 26, 68.000000
50, 27, 13.759627
50, 28, -17.588649
50, 29, 24.188046
50, 30, -58.980318
50, 31, 44.773255
50, 32, 3.947987
50, 33, 13.714155
50, 34, -45.255179
50, 36, -6.797569
50, 37, 0.182042
50, 39, -13.621626
50, 40, 22.544073
50, 41, -2.413347
50, 42, 28.821000
50, 43, -17.650053
50, 44, -53.000000
50, 45, 34.842546
50, 46, -72.000000
50, 47, -8.000000
50, 48, -29.592319
50, 49, 22.397355
50, 50, 33.345833
