1, 1, 33.000000
1, 3, -21.886280
1, 4, 15.065827
1, 6, 2.084008
1, 7, 10.974580
1, 8, 34.596958
1, 9, -16.676083
1, 10, -19.000000
1, 11, 0.820450
1, 12, 99999.000000
1, 13, -86.000000
1, 14, -57.905980
1, 15, -38.000000
1, 16, 0.029381
1, 18, -91.035257
1, 19, -39.282479
1, 20, -28.711780
1, 21, -23.034643
1, 22, -8.622190
1, 23, 0.457526
1, 24, 18.987731
1, 25, -23.656319
1, 27, 62.000000
1, 28, 7.714498
1, 29, -41.000000
1, 30, -31.357949
1, 32, -7.326994
1, 33, -31.592646
1, 34, -15.463932
1, 35, -8.587970
1, 37, -82.000000
1, 38, -87.000000
1, 39, 82.000000
1, 40, -10.731555
1, 41, 17.886240
1, 42, -20.121518
1, 43, -33.252185
1, 45, 14.731413
1, 46, -81.000000
1, 47, -0.855888
1, 49, 45.000000
1, 50, 16.195118
2, 2, 50.938916
2, 3, -26.001448
2, 4, 9.674532
2, 5, -46.171038
2, 6, 3.758292
2, 7, 8.493913
2, 8, 34.403042
2, 9, -26.825787
2, 11, -0.408493
2, 14, -58.094020
2, 16, 28.092781
2, 17, 0.086261
2, 19, -42.292127
2, 20, -20.713212
2, 21, -23.920930
2, 22, -14.025300
2, 23, 0.508473
2, 24, 12.822179
2, 25, -26.705200
2, 28, 5.631681
2, 30, -36.708531
2, 31, 11.897343
2, 32, -6.077565
2, 33, -27.949209
2, 34, -6.841761
2, 35, -1.480197
2, 36, -70.467681
2, 40, -3.109426
2, 41, 15.990631
2, 42, -24.614800
2, 43, -36.963933
2, 44, -8.946925
2, 45, 5.770088
2, 47, -5.042590
2, 48, -9.969612
2, 50, 19.481847
3, 1, -16.054842
3, 2, 10.098872
3, 3, -21.898248
3, 4, 15.065090
3, 5, -39.346794
3, 6, 2.294226
3, 7, 10.974583
3, 9, -16.676050
3, 11, 0.328372
3, 12, 32.366098
3, 13, 99999.000000
3, 15, -26.111648
3, 17, -43.298031
3, 19, -38.985104
3, 20, -28.711716
3, 21, -23.875228
3, 22, -8.622272
3, 23, -0.108627
3, 24, 18.991089
3, 25, -23.741884
3, 26, -26.487291
3, 27, 2.840913
3, 28, 7.714516
3, 29, 53.055788
3, 30, -31.357919
3, 31, 11.044125
3, 32, -6.972597
3, 33, -30.001237
3, 34, -15.168861
3, 35, -8.380055
3, 36, -70.532319
3, 37, -79.000000
3, 38, 41.220879
3, 39, -2.722676
3, 40, -10.786075
3, 41, 17.886233
3, 42, -20.121508
3, 43, -33.256122
3, 44, -27.620579
3, 45, 14.731695
3, 47, -0.021448
3, 48, -8.846300
3, 49, -42.375261
3, 50, 16.195207
4, 1, -14.987345
4, 2, 50.938916
4, 3, -26.022394
4, 4, 9.673492
4, 5, -46.171459
4, 6, 3.985155
4, 8, -18.762956
4, 9, -26.825851
4, 10, -95.000000
4, 11, -1.324304
4, 12, 31.266169
4, 14, 10.824966
4, 15, -25.888352
4, 17, 0.086324
4, 19, -42.411614
4, 20, -20.713158
4, 21, -25.773078
4, 23, -1.262262
4, 24, 12.827032
4, 25, -26.315590
4, 26, -28.033899
4, 27, 5.663685
4, 29, 56.659787
4, 31, 11.899918
4, 32, -5.352246
4, 33, -24.649049
4, 34, -5.752503
4, 35, -1.091740
4, 38, 41.779121
4, 39, -8.786213
4, 40, -3.181894
4, 43, -36.994235
4, 44, -9.285270
4, 45, 5.770461
4, 47, -3.317455
4, 48, -9.969631
4, 49, -45.676271
4, 50, 19.481959
5, 1, -16.042314
5, 2, 10.097820
5, 3, -21.922170
5, 4, 15.064325
5, 5, -39.347375
5, 6, 2.880367
5, 7, 14.411382
5, 8, -28.325414
5, 11, -0.859985
5, 12, 32.366078
5, 13, 10.707716
5, 14, 13.468986
5, 19, -38.233196
5, 21, -26.181046
5, 23, -1.582460
5, 24, 18.996593
5, 25, -24.049328
5, 26, -24.998512
5, 27, 4.031290
5, 29, 53.055806
5, 31, 11.047678
5, 32, -6.071196
5, 33, -25.712177
5, 34, -14.391312
5, 35, -7.841417
5, 36, -0.811977
5, 39, -2.796801
5, 40, -10.895021
5, 41, 0.236621
5, 43, -33.262536
5, 44, -28.193844
5, 45, 14.731951
5, 47, 2.207706
5, 49, -42.375275
5, 50, 16.195278
6, 1, -14.966504
6, 3, -26.043319
6, 5, -46.171874
6, 6, 4.368556
6, 7, 10.362706
6, 8, -17.619774
6, 10, -3.228654
6, 11, -2.619983
6, 13, 5.379217
6, 14, 9.311568
6, 16, -20.331041
6, 19, -42.595829
6, 20, -15.423834
6, 21, -28.946614
6, 23, -4.144121
6, 24, 12.830087
6, 25, -25.848941
6, 26, -26.693800
6, 27, 7.461212
6, 31, 11.904145
6, 32, -4.291908
6, 33, -19.061154
6, 34, -3.983573
6, 35, -0.473797
6, 36, 5.793845
6, 38, -15.306221
6, 39, -8.920784
6, 40, -3.254327
6, 41, 9.378395
6, 42, -50.821145
6, 43, -37.024556
6, 44, -10.045508
6, 47, -0.430636
6, 49, -45.676297
7, 1, -16.022022
7, 3, -21.934118
7, 4, -21.873141
7, 6, 3.657060
7, 7, 14.411308
7, 8, -25.769300
7, 10, -10.477819
7, 11, -2.048892
7, 12, 15.667082
7, 13, 10.729301
7, 14, 10.883266
7, 16, -14.103904
7, 18, 26.826131
7, 19, -37.379916
7, 20, -9.276546
7, 21, -29.375395
7, 22, 32.444069
7, 23, -3.406701
7, 25, -24.641310
7, 26, -22.105567
7, 27, 7.365216
7, 29, -26.855370
7, 31, 11.049922
7, 32, -5.030375
7, 33, -20.050360
7, 34, -13.420057
7, 35, -7.186817
7, 36, -0.929245
7, 38, -14.639730
7, 39, -2.944972
7, 40, -10.949477
7, 41, -0.981563
7, 42, -57.303644
7, 44, -28.908679
7, 46, -12.511785
7, 47, 5.107202
7, 50, 18.482833
8, 1, -14.953582
8, 4, -21.126859
8, 5, 4.578718
8, 6, 4.677188
8, 8, -14.623608
8, 9, 10.769511
8, 10, -3.281109
8, 11, -3.536579
8, 12, 21.845350
8, 13, 5.480090
8, 14, 4.928128
8, 16, -19.476444
8, 19, -42.758938
8, 20, -14.775741
8, 21, -32.557322
8, 22, 10.480702
8, 23, -7.149567
8, 24, -2.000000
8, 25, -25.655120
8, 26, -23.951869
8, 27, 10.722995
8, 29, -21.998704
8, 30, -17.436509
8, 32, -3.478451
8, 33, -12.930164
8, 34, -2.206579
8, 35, 0.131158
8, 36, 5.592645
8, 37, -31.606124
8, 38, -14.410580
8, 39, -9.055323
8, 41, 7.650661
8, 42, -50.821137
8, 44, -10.655230
8, 45, 2.869164
8, 46, -12.112167
8, 47, 2.688452
8, 48, -18.104029
8, 49, 14.000000
8, 50, 10.605953
9, 3, -26.377597
9, 5, 3.386869
9, 6, 4.220332
9, 8, -21.625594
9, 9, -10.814567
9, 10, -10.559045
9, 11, -2.541563
9, 12, 15.667079
9, 13, 10.777874
9, 14, 5.944481
9, 15, 23.000000
9, 16, -14.062924
9, 17, 60.000000
9, 19, -36.823976
9, 20, -8.333181
9, 21, -32.695828
9, 22, 30.313195
9, 23, -4.972385
9, 25, -25.413671
9, 26, -18.031398
9, 27, 12.200696
9, 29, -26.855416
9, 30, -22.009953
9, 31, -68.000000
9, 32, -4.305680
9, 33, -14.802760
9, 34, -12.626020
9, 35, -6.666222
9, 36, -1.163775
9, 37, -45.996012
9, 38, -12.093313
9, 39, -3.019063
9, 40, 25.848013
9, 41, -4.222335
9, 44, -29.226845
9, 45, 5.933835
9, 46, -12.979359
9, 47, 7.751909
9, 48, -11.973384
9, 50, 18.482662
10, 1, 20.415166
10, 2, -49.336754
10, 3, -24.300253
10, 4, 10.248382
10, 5, 4.578792
10, 6, 4.468407
10, 7, -18.576702
10, 8, -10.913318
10, 9, 11.352967
10, 10, -3.385953
10, 13, 5.605956
10, 14, -1.810893
10, 16, -18.268018
10, 19, -42.823639
10, 20, -12.878200
10, 21, -35.638175
10, 22, 9.791469
10, 23, -9.436418
10, 24, -15.558603
10, 25, -25.795397
10, 26, -19.861872
10, 27, 14.873399
10, 29, -21.998761
10, 30, -17.436446
10, 32, -3.383586
10, 33, -8.213479
10, 34, -1.104253
10, 35, 0.498590
10, 36, 5.391408
10, 37, -31.634639
10, 38, -11.908277
10, 40, 19.337261
10, 41, 4.780120
10, 42, -53.290442
10, 43, -1.784997
10, 45, 2.869899
10, 46, -12.869880
10, 47, 5.054496
10, 48, -18.208525
10, 49, 8.825369
10, 50, 10.605728
11, 1, 11.201398
11, 2, -46.535552
11, 3, -26.493668
11, 4, 2.686693
11, 5, 3.386942
11, 6, 3.990700
11, 7, -14.664924
11, 8, -17.472064
11, 9, -10.111451
11, 10, -10.640231
11, 11, -25.460036
11, 12, -16.000000
11, 13, 10.816876
11, 14, -0.778614
11, 15, 11.064639
11, 16, -14.021895
11, 17, -7.236545
11, 20, -6.437724
11, 21, -35.394572
11, 22, 26.496018
11, 23, -5.905338
11, 24, -13.289087
11, 25, -26.011943
11, 26, -13.198399
11, 27, 17.672292
11, 28, 9.485309
11, 30, -22.009903
11, 32, -4.177118
11, 33, -11.663559
11, 34, -12.320724
11, 35, -6.469463
11, 36, -1.281081
11, 37, -46.020884
11, 38, -7.547884
11, 39, -2.535045
11, 40, 26.343605
11, 41, -8.407615
11, 42, -54.015931
11, 44, 4.481617
11, 45, 5.934834
11, 46, -14.135638
11, 47, 9.314866
11, 48, -12.141087
11, 49, 2.586506
11, 50, 18.482508
12, 1, 20.708894
12, 2, -49.549572
12, 3, -24.460292
12, 4, 11.144756
12, 6, 3.202220
12, 7, -18.733129
12, 8, -7.905992
12, 9, 12.178454
12, 10, -3.438365
12, 11, -25.479569
12, 13, 5.662008
12, 14, -9.958499
12, 16, -17.413586
12, 17, -5.720574
12, 18, 0.216259
12, 19, -5.056869
12, 20, -9.863177
12, 21, -37.397579
12, 22, 8.532112
12, 23, -10.659987
12, 24, -15.546042
12, 25, -25.932529
12, 26, -14.806467
12, 27, 19.240583
12, 28, 9.514691
12, 29, 80.000000
12, 31, 18.267889
12, 32, -4.114955
12, 33, -6.447216
12, 37, -31.698852
12, 38, -8.328698
12, 39, -2.134106
12, 40, 20.218995
12, 41, 1.708205
12, 42, -53.290463
12, 43, -17.458574
12, 44, 9.140763
12, 45, 2.870604
12, 46, -13.955594
12, 47, 5.933161
12, 48, -18.417497
12, 49, 8.825478
13, 1, 12.285355
13, 2, -47.031074
13, 3, -26.754462
13, 4, 5.207360
13, 5, 27.019345
13, 6, 2.434486
13, 7, -15.370083
13, 8, -14.900043
13, 9, -9.234728
13, 11, -25.442280
13, 14, -8.289876
13, 17, -7.236484
13, 18, 0.685078
13, 19, -0.767259
13, 20, -3.600411
13, 21, -36.897370
13, 22, 21.815565
13, 23, -6.201611
13, 24, -13.269279
13, 25, -25.957822
13, 26, -8.236963
13, 27, 22.916115
13, 30, -53.004564
13, 31, 18.732111
13, 32, -4.611997
13, 34, -2.518149
13, 35, 6.416797
13, 36, -43.964743
13, 37, -46.051978
13, 38, -2.004392
13, 39, -2.535386
13, 40, 27.457007
13, 41, -12.194724
13, 43, -15.382166
13, 44, 4.481515
13, 46, -15.349103
13, 48, -12.308818
13, 49, 2.586605
13, 50, 3.050988
14, 1, 21.481881
14, 2, -50.087273
14, 3, -24.659854
14, 4, 13.658583
14, 5, 35.075437
14, 6, 0.506113
14, 7, -19.128485
14, 8, -6.755903
14, 9, 12.762399
14, 10, 11.198729
14, 11, -25.439367
14, 13, -3.755390
14, 14, -18.154590
14, 17, -5.720506
14, 18, 0.216247
14, 19, -5.056786
14, 20, -5.935597
14, 22, 6.974167
14, 23, -11.021305
14, 24, -15.521003
14, 25, -25.537227
14, 26, -9.574247
14, 27, 23.204885
14, 28, -33.540192
14, 30, -36.238563
14, 32, -5.345101
14, 33, -45.952662
14, 34, -3.481851
14, 35, 7.946741
14, 36, -44.035257
14, 37, -31.750433
14, 38, -4.462843
14, 39, -2.134568
14, 40, 21.318417
14, 41, -0.601098
14, 43, -17.475291
14, 44, 9.140649
14, 46, -14.703413
14, 47, -16.050019
14, 48, -18.522022
14, 50, 2.283344
15, 1, 14.048941
15, 2, -47.788800
15, 3, -26.963598
15, 4, 9.781433
15, 5, 25.426066
15, 6, -0.640376
15, 7, -16.449549
15, 9, -8.844539
15, 10, 25.785742
15, 11, -25.406808
15, 12, 13.564163
15, 13, -11.921619
15, 14, -15.229037
15, 18, 0.685077
15, 19, -0.767179
15, 20, 0.092781
15, 22, 17.328804
15, 23, -6.146847
15, 24, -13.249524
15, 25, -24.929288
15, 26, -3.907510
15, 27, 27.255022
15, 28, -31.318281
15, 29, 29.310537
15, 30, -53.004575
15, 31, -84.000000
15, 32, -5.289080
15, 33, -43.527961
15, 35, 6.594798
15, 37, -46.065843
15, 38, 3.276937
15, 39, -2.535706
15, 40, 28.349848
15, 41, -14.418818
15, 43, -15.409731
15, 45, -17.224167
15, 46, -15.888692
15, 47, -8.971218
15, 49, -4.949555
15, 50, 2.310102
16, 1, 22.445579
16, 2, -50.696702
16, 3, -24.748671
16, 4, 17.328665
16, 5, 31.746224
16, 6, -3.559518
16, 7, -19.576750
16, 8, -24.412530
16, 10, 11.168451
16, 11, -25.399179
16, 12, -9.223286
16, 13, -3.754495
16, 14, -24.831604
16, 16, -11.426220
16, 17, 53.250260
16, 20, -1.371345
16, 22, 5.534697
16, 23, -11.009282
16, 24, -15.508512
16, 25, -24.273190
16, 26, -5.216296
16, 27, 26.300425
16, 28, -33.540179
16, 29, 33.441537
16, 30, -36.238376
16, 32, -6.470030
16, 33, -45.952699
16, 34, 2.000000
16, 35, 8.255029
16, 36, 66.000000
16, 38, -1.207116
16, 40, 21.807727
16, 41, -1.453986
16, 43, -17.502302
16, 44, 30.393685
16, 45, -10.220048
16, 46, -14.525434
16, 47, -16.050123
16, 48, -1.641279
16, 49, 5.171624
16, 50, 0.737408
17, 1, 15.824644
17, 2, -48.453669
17, 4, 15.629039
17, 5, 21.022110
17, 6, -4.897237
17, 7, -17.397882
17, 8, -21.748668
17, 9, -25.722285
17, 10, 25.731971
17, 11, -25.389072
17, 12, 13.563887
17, 13, -11.918738
17, 14, -20.149135
17, 15, -36.394456
17, 16, -6.407879
17, 17, 53.749740
17, 18, 3.138350
17, 19, 86.000000
17, 20, 4.416743
17, 21, 10.229851
17, 22, 14.099410
17, 23, -6.079587
17, 25, -23.010862
17, 26, -0.947888
17, 27, 30.280094
17, 28, -31.318294
17, 29, 29.305541
17, 31, 99999.000000
17, 32, -5.777547
17, 33, -43.527991
17, 35, 6.950747
17, 38, 7.057401
17, 39, 14.411200
17, 42, -8.686829
17, 43, -15.426778
17, 44, 26.462050
17, 45, -17.224087
17, 46, -15.275217
17, 47, -8.971375
17, 48, -8.466089
17, 49, -5.246125
17, 50, 0.434600
18, 1, 23.231979
18, 2, -51.093299
18, 3, -73.000000
18, 4, 21.556532
18, 5, 25.878727
18, 6, -8.402635
18, 7, -19.868552
18, 8, -24.422182
18, 9, -26.237112
18, 10, 11.107921
18, 12, -9.223258
18, 13, -3.753123
18, 14, -28.586624
18, 15, -23.664447
18, 16, -12.875135
18, 18, 12.600257
18, 20, 3.483611
18, 21, 2.262019
18, 22, 4.665287
18, 24, -34.352574
18, 25, -22.292891
18, 26, -2.732950
18, 27, 28.244450
18, 29, 33.431787
18, 32, -6.921871
18, 34, 23.000000
18, 35, 8.563323
18, 36, 21.455928
18, 37, 73.000000
18, 38, 0.651585
18, 39, 3.744563
18, 40, -1.340574
18, 41, 34.606122
18, 42, -11.354719
18, 44, 30.393668
18, 45, -10.219908
18, 46, -13.215322
18, 47, -16.050247
18, 48, -1.641189
18, 49, 4.594837
18, 50, -1.630392
19, 1, 16.928209
19, 2, -48.715849
19, 4, 21.869552
19, 5, 14.884972
19, 6, -9.511229
19, 7, -17.772146
19, 8, -21.763762
19, 9, -25.722229
19, 10, 25.678189
19, 11, -9.685627
19, 13, -11.916995
19, 14, -21.930109
19, 15, -36.342020
19, 16, -7.178506
19, 17, -28.942670
19, 18, 3.088050
19, 19, 5.526006
19, 20, 8.987245
19, 21, 10.181788
19, 22, 12.924061
19, 23, -9.627776
19, 24, -33.647426
19, 25, -20.740901
19, 26, 0.104326
19, 27, 31.815431
19, 28, -14.055048
19, 29, 29.297525
19, 31, -90.000000
19, 33, 14.196814
19, 35, 7.128758
19, 36, 21.544072
19, 38, 8.428779
19, 39, 13.326942
19, 40, 5.910251
19, 41, 34.767372
19, 42, -9.299369
19, 45, -17.223967
19, 46, -13.543351
19, 48, -8.465995
19, 49, -5.996344
19, 50, -1.697499
20, 1, 23.533993
20, 3, 62.000000
20, 4, 25.748725
20, 5, 18.943570
20, 6, -13.033369
20, 8, -24.437813
20, 10, 11.077652
20, 11, -16.366801
20, 15, -23.682039
20, 16, -15.226615
20, 17, -28.434876
20, 18, 12.514352
20, 19, 12.402881
20, 20, 8.242628
20, 21, 2.924680
20, 23, -0.374254
20, 25, -20.237307
20, 27, 28.904393
20, 28, -24.236983
20, 29, 33.425785
20, 30, -57.379537
20, 33, 23.143822
20, 34, 19.593366
20, 37, -37.726235
20, 39, 1.261032
20, 40, -1.310145
20, 41, 34.606087
20, 42, -11.811118
20, 43, 75.070515
20, 44, -8.001341
20, 46, -11.096151
20, 47, 21.396430
20, 49, 3.711655
20, 50, -3.711974
21, 4, 27.682394
21, 5, 8.607388
21, 6, -13.418406
21, 7, -15.300514
21, 8, -21.773128
21, 11, -9.681220
21, 12, -27.778524
21, 13, -57.759074
21, 14, 14.574770
21, 15, -36.289596
21, 16, -8.362237
21, 17, -27.695160
21, 18, 2.987574
21, 19, 5.547098
21, 20, 13.326438
21, 21, 10.131209
21, 23, -9.627729
21, 25, -18.909576
21, 28, -14.663105
21, 31, -17.195932
21, 32, -13.000000
21, 33, 14.445195
21, 34, 6.153051
21, 35, 10.555090
21, 36, -19.879705
21, 37, -37.273765
21, 38, 5.962932
21, 39, 10.206637
21, 40, 5.913092
21, 41, 34.767356
21, 42, -10.954391
21, 44, -10.147220
21, 45, 5.881896
21, 46, -11.276649
21, 47, 21.938101
21, 48, -29.323634
21, 49, -6.848330
21, 50, -3.088806
22, 1, -96.000000
22, 3, 23.341922
22, 4, 29.393011
22, 5, 12.798615
22, 6, -16.369549
22, 7, -12.692090
22, 10, -0.668105
22, 11, -16.388973
22, 12, -27.671949
22, 13, -58.240926
22, 14, 8.150552
22, 15, -23.692887
22, 16, -17.586918
22, 17, -26.229382
22, 18, 12.428494
22, 19, 12.437064
22, 20, 12.550332
22, 21, 4.084602
22, 22, 80.485309
22, 23, -0.374188
22, 24, -49.076347
22, 25, -18.927301
22, 26, 47.040308
22, 28, -25.265812
22, 31, -16.239893
22, 33, 23.581570
22, 34, 19.593286
22, 35, 18.523926
22, 36, -21.269991
22, 38, 7.792382
22, 39, -3.463834
22, 40, -1.241789
22, 42, -12.488199
22, 44, -8.106055
22, 45, 3.950817
22, 46, -8.921066
22, 47, 21.122598
22, 48, -35.127450
22, 49, 2.935462
22, 50, -4.533921
23, 3, 23.837495
23, 4, 32.379662
23, 5, 3.922526
23, 6, -15.654981
23, 7, -15.300193
23, 8, 7.601576
23, 9, -17.651523
23, 10, -6.459026
23, 11, -9.671216
23, 12, -27.638580
23, 14, 14.574818
23, 16, -9.406278
23, 17, -24.535387
23, 18, 2.937356
23, 19, 5.581185
23, 20, 17.001333
23, 21, 10.127686
23, 22, 80.514691
23, 23, -9.627683
23, 24, -62.704467
23, 25, -18.208135
23, 26, 45.448925
23, 28, -16.201103
23, 30, 10.397462
23, 31, -17.758457
23, 32, 91.000000
23, 33, 15.075314
23, 34, 6.152071
23, 35, 11.044320
23, 36, -18.901953
23, 38, 5.962939
23, 39, 5.455575
23, 40, 5.916618
23, 41, 32.091749
23, 42, -13.174216
23, 44, -10.447624
23, 45, 5.881832
23, 46, -9.372418
23, 47, 21.337780
23, 48, -29.323608
23, 49, -7.403796
24, 1, 14.287723
24, 2, -73.000000
24, 3, 23.357215
24, 4, 32.077899
24, 5, 9.191918
24, 6, -17.584314
24, 7, -12.691668
24, 8, 7.218087
24, 9, -13.726207
24, 10, -0.657339
24, 11, -16.416515
24, 12, -27.362821
24, 13, 33.000000
24, 14, 8.150613
24, 15, -6.810965
24, 16, -19.050136
24, 17, -22.848979
24, 19, 12.458201
24, 20, 16.167603
24, 21, 5.442869
24, 24, -49.150240
24, 26, 47.040287
24, 27, -16.281499
24, 28, -26.839145
24, 29, -44.433460
24, 30, 14.868834
24, 31, -17.112275
24, 33, 24.253425
24, 35, 18.898867
24, 36, -19.431919
24, 38, 7.792405
24, 39, -9.914559
24, 40, -1.186957
24, 41, 25.015430
24, 42, -13.028964
24, 43, -0.140459
24, 44, -8.368975
24, 45, 3.950761
24, 46, -7.550110
24, 47, 20.461633
24, 49, 2.629026
24, 50, -62.000000
25, 1, 12.849644
25, 3, 23.869507
25, 4, 35.430246
25, 5, 2.188777
25, 7, -15.299902
25, 8, 7.601617
25, 9, -18.379832
25, 10, -6.443125
25, 11, -9.663126
25, 12, -27.324212
25, 15, 3.939747
25, 16, -9.819448
25, 17, -20.940357
25, 18, 14.000000
25, 20, 19.762185
25, 21, 10.180477
25, 22, -6.003108
25, 24, -62.791648
25, 25, 25.000000
25, 27, -11.925641
25, 28, -17.947335
25, 29, -54.788389
25, 30, 10.299024
25, 31, -19.116462
25, 33, 15.793898
25, 35, 12.281508
25, 36, -16.274401
25, 38, 5.962966
25, 39, -0.237996
25, 40, 5.918197
25, 41, 32.091849
25, 42, -15.371218
25, 43, 30.619770
25, 44, -10.904487
25, 46, -8.631272
25, 47, 20.488862
25, 48, -13.848775
26, 1, 14.287710
26, 2, -50.876599
26, 3, 23.387889
26, 4, 33.502393
26, 6, 11.759190
26, 8, 7.218117
26, 9, -15.066672
26, 10, -0.639962
26, 11, -16.428726
26, 12, -26.977389
26, 13, 55.199792
26, 14, -43.424663
26, 15, -6.810998
26, 17, -19.874803
26, 19, -17.339743
26, 20, 19.013336
26, 21, 6.635344
26, 22, -7.525092
26, 23, 2.624790
26, 24, -49.316371
26, 26, -27.296758
26, 27, -16.273326
26, 28, -28.219848
26, 29, -44.433670
26, 30, 14.431009
26, 31, -18.346010
26, 32, -50.035257
26, 33, 24.845446
26, 35, 19.432726
26, 36, -16.340086
26, 39, -17.269962
26, 41, 25.015525
26, 42, -13.134876
26, 43, 0.806178
26, 44, -8.664301
26, 47, 19.800679
26, 48, -4.575407
26, 49, 38.000000
26, 50, -29.943761
27, 1, 12.849634
27, 2, -51.123401
27, 3, 23.901588
27, 4, 36.487800
27, 5, -11.002781
27, 6, 0.835620
27, 7, 17.113740
27, 9, -20.224110
27, 10, -6.433293
27, 12, -27.072124
27, 13, 54.800208
27, 14, -49.883775
27, 15, 3.939713
27, 16, -5.851726
27, 17, -18.592710
27, 18, 0.807836
27, 19, -18.973039
27, 20, 21.597636
27, 21, 10.250187
27, 22, -6.475626
27, 23, 6.697249
27, 24, -62.900410
27, 25, -56.000000
27, 26, -19.290354
27, 27, -11.912342
27, 28, -19.085568
27, 29, -54.788696
27, 30, 10.050761
27, 31, -20.474491
27, 33, 16.264125
27, 34, 28.679519
27, 35, 13.693021
27, 36, -12.822352
27, 37, 10.458346
27, 38, -14.390320
27, 39, -5.933609
27, 40, -13.639500
27, 42, -17.073065
27, 43, 30.831177
27, 44, -11.302937
27, 45, -17.235800
27, 46, -1.671401
27, 47, 19.888568
27, 48, -14.101872
27, 50, -21.779252
28, 3, 23.403279
28, 5, 6.425180
28, 6, 11.515649
28, 7, 19.009369
28, 8, -22.873141
28, 9, -17.120578
28, 12, -26.805849
28, 14, -43.424687
28, 16, -4.906604
28, 17, -18.699751
28, 18, -3.217425
28, 19, -16.733394
28, 20, 21.130442
28, 21, 7.330616
28, 22, -8.194457
28, 23, 3.293815
28, 24, -49.449668
28, 26, -27.338957
28, 27, -16.260192
28, 28, -28.764391
28, 29, -44.433901
28, 30, 13.761285
28, 31, -19.218432
28, 33, 25.079602
28, 34, 8.453215
28, 35, 19.831161
28, 36, -12.976536
28, 37, 9.541654
28, 38, -18.035830
28, 39, -24.428990
28, 40, -11.034457
28, 41, -21.543399
28, 42, -12.725639
28, 43, 2.145221
28, 44, -8.854988
28, 45, -28.087186
28, 46, 2.775062
28, 47, 19.526863
28, 48, -5.303554
28, 49, -80.964743
28, 50, -29.574786
29, 1, -7.489860
29, 5, -10.995918
29, 6, 0.370788
29, 7, 17.113787
29, 8, -22.126859
29, 9, -22.321762
29, 10, 27.391638
29, 11, 47.977228
29, 16, -5.729001
29, 18, 0.807787
29, 19, -17.897410
29, 20, 22.678731
29, 21, 10.281839
29, 22, -7.616731
29, 23, 8.461729
29, 24, -62.948838
29, 25, 9.158673
29, 26, -19.316133
29, 27, -11.904171
29, 30, 9.770051
29, 31, -21.037041
29, 34, 28.676141
29, 35, 14.646247
29, 36, -9.639097
29, 38, -14.458609
29, 39, -10.563424
29, 40, -13.639443
29, 41, -28.540756
29, 42, -18.086316
29, 43, 31.094901
29, 44, -11.459448
29, 45, -17.236061
29, 46, -1.671438
29, 48, -14.768477
29, 49, -81.035257
29, 50, -20.875562
30, 1, -8.864687
30, 2, -31.988976
30, 3, 6.590973
30, 4, 11.905096
30, 5, 6.519645
30, 6, 10.927867
30, 9, -18.927036
30, 10, 26.294968
30, 11, 51.799108
30, 12, 39.094885
30, 14, 23.053681
30, 16, -4.661160
30, 17, 6.019979
30, 19, -15.131388
30, 20, 22.601689
30, 22, -9.141509
30, 23, 4.975866
30, 25, 10.116791
30, 26, -27.440942
30, 28, -10.253979
30, 29, -4.758828
30, 30, 13.173361
30, 32, -3.227744
30, 33, -62.000000
30, 34, 8.453725
30, 35, 19.901668
30, 36, -10.408837
30, 37, -1.805623
30, 38, -18.151947
30, 39, -30.155244
30, 40, -11.034423
30, 41, -21.543396
30, 42, -11.993086
30, 43, 3.092334
30, 45, -28.087560
30, 47, 23.929485
30, 48, -6.491227
30, 50, -28.592227
31, 1, -7.784622
31, 2, -28.916101
31, 3, 14.494202
31, 4, 11.069991
31, 5, -10.984886
31, 6, -0.286211
31, 7, -46.194379
31, 8, 6.126481
31, 9, -23.691207
31, 10, 27.391723
31, 11, 47.261055
31, 12, 37.255058
31, 13, -5.713097
31, 14, 12.111831
31, 15, 12.561700
31, 16, -5.453444
31, 17, 5.508545
31, 18, 63.000000
31, 19, -16.101321
31, 20, 23.239186
31, 21, -10.478880
31, 22, -8.758263
31, 23, 11.266895
31, 24, -55.747390
31, 25, 9.159085
31, 26, -19.352865
31, 28, -2.843843
31, 29, -1.093238
31, 30, 9.587727
31, 32, -8.117525
31, 34, 28.674077
31, 35, 14.740745
31, 36, -7.742089
31, 37, 4.708053
31, 38, -14.595198
31, 39, -13.166527
31, 42, -18.515238
31, 43, 31.212335
31, 44, -85.000000
31, 45, -17.236339
31, 46, -34.667473
31, 47, 24.070515
31, 48, -15.600303
31, 50, -19.370033
32, 1, -8.860916
32, 2, -31.030405
32, 3, 6.557124
32, 4, 12.724597
32, 5, 6.614043
32, 6, 10.340333
32, 7, -44.907219
32, 8, 13.346928
32, 9, -19.640586
32, 10, 26.295051
32, 11, 50.448685
32, 12, 38.400031
32, 13, 7.882559
32, 14, 23.054058
32, 16, -4.355299
32, 17, 6.036780
32, 19, -13.071037
32, 20, 23.479437
32, 21, -15.358432
32, 22, -9.811474
32, 23, 6.867341
32, 24, -57.117809
32, 25, 10.117387
32, 26, -27.543106
32, 28, -10.319253
32, 29, -5.241737
32, 30, 12.941421
32, 33, -49.000000
32, 35, 19.659193
32, 36, -9.451669
32, 37, -1.806339
32, 38, -18.268089
32, 39, -33.346636
32, 40, 0.230770
32, 42, -11.309973
32, 46, -34.332527
32, 48, -7.690599
32, 49, 4.825768
32, 50, -27.320961
33, 1, -8.493893
33, 2, -27.308717
33, 3, 14.410628
33, 4, 12.547703
33, 6, -0.750503
33, 7, -46.194338
33, 8, 5.470863
33, 11, 45.531756
33, 12, 36.195200
33, 13, -5.680727
33, 14, 12.112253
33, 15, 55.000000
33, 16, -5.232630
33, 17, 5.535357
33, 18, -20.806084
33, 19, -14.118331
33, 20, 23.469858
33, 21, -10.609364
33, 22, -9.231239
33, 23, 14.021313
33, 24, -55.747530
33, 25, 9.159529
33, 26, -19.379058
33, 27, -15.888743
33, 28, -3.029516
33, 29, -1.658642
33, 32, -0.778844
33, 34, 11.000000
33, 35, 13.957064
33, 37, 4.707077
33, 38, -14.663529
33, 40, -3.276468
33, 42, -18.624233
33, 45, 6.091110
33, 47, -95.982371
33, 48, -16.279610
33, 49, 0.150168
33, 50, -17.752881
34, 1, -8.695881
34, 2, -28.427427
34, 3, 6.489494
34, 4, 14.929534
34, 6, 10.097059
34, 8, 11.617681
34, 9, -50.866401
34, 10, -14.507806
34, 11, 48.538357
34, 12, 36.639972
34, 13, 7.883254
34, 14, 23.054723
34, 16, -4.219284
34, 17, 6.063942
34, 18, -21.193916
34, 19, -11.143446
34, 20, 23.773183
34, 21, -15.691451
34, 23, 8.104454
34, 24, -57.117999
34, 26, -27.585504
34, 27, -22.412769
34, 28, -10.552262
34, 29, -6.580508
34, 30, 4.000000
34, 31, -14.262013
34, 32, -6.588003
34, 33, 21.309022
34, 35, 19.299637
34, 36, 18.702303
34, 37, -1.807030
34, 40, 0.208046
34, 41, 25.052886
34, 42, -11.033514
34, 43, -18.262856
34, 44, 43.752115
34, 45, 19.582008
34, 46, 85.000000
34, 47, -63.609188
34, 48, -8.437708
34, 49, 4.548452
34, 50, -26.168159
35, 1, -9.236011
35, 2, -24.499530
35, 3, 14.327068
35, 4, 15.042410
35, 7, -42.735570
35, 8, 3.595987
35, 9, -54.400181
35, 10, -20.622744
35, 11, 43.801922
35, 12, 34.570352
35, 13, -5.660699
35, 14, 12.112568
35, 17, 5.551961
35, 19, -12.419003
35, 21, -10.937806
35, 22, -32.011124
35, 23, 15.784086
35, 24, -55.747664
35, 25, -15.591082
35, 27, -15.888305
35, 28, -3.445400
35, 29, -2.685282
35, 32, -0.627411
35, 33, 21.690978
35, 34, -17.882595
35, 35, 12.608230
35, 36, 25.047256
35, 38, -0.145612
35, 40, -3.305139
35, 43, -21.820050
35, 44, 37.935545
35, 45, 6.724283
35, 48, -16.540592
35, 49, -0.286408
35, 50, -16.532861
36, 1, -8.255623
36, 2, -24.898114
36, 3, 6.455681
36, 4, 17.831684
36, 6, -93.000000
36, 7, -23.192125
36, 8, 8.393115
36, 9, -50.866395
36, 10, -14.613270
36, 11, 47.187090
36, 12, 34.637337
36, 18, -8.050468
36, 19, -9.738547
36, 20, -29.413077
36, 21, -16.198240
36, 22, -24.414725
36, 23, 8.195642
36, 25, -15.408918
36, 26, -56.114719
36, 27, -22.412161
36, 28, -11.030176
36, 29, -8.455015
36, 30, -9.911857
36, 31, 13.876300
36, 32, -6.298599
36, 34, -18.429936
36, 35, 19.073234
36, 36, 19.056992
36, 37, 0.000000
36, 38, 5.208986
36, 39, -8.487188
36, 40, 0.162513
36, 42, 7.026395
36, 43, -18.262872
36, 44, 43.753994
36, 45, 20.088094
36, 46, 48.070515
36, 49, 3.925383
36, 50, -25.489952
37, 1, -9.716494
37, 2, -21.163675
37, 4, 17.768898
37, 5, -13.000000
37, 8, 0.752926
37, 10, -20.786562
37, 11, 43.085168
37, 12, 33.140398
37, 13, 24.568655
37, 14, -16.619758
37, 16, -43.000000
37, 17, -20.923770
37, 18, -8.949532
37, 19, -11.244827
37, 20, -28.806163
37, 21, -11.308174
37, 22, -31.242167
37, 23, 16.166444
37, 24, 34.567886
37, 26, -45.202920
37, 27, -15.887864
37, 28, -4.131041
37, 29, -3.945266
37, 30, -10.088143
37, 31, 14.695406
37, 32, -0.176647
37, 33, 6.417213
37, 34, -17.944429
37, 35, 11.149047
37, 36, 25.715532
37, 38, 0.476455
37, 39, 5.334413
37, 40, -3.333848
37, 42, 6.032617
37, 44, 37.938145
37, 45, 8.444897
37, 46, -8.858475
37, 48, 9.399584
37, 49, -0.830776
37, 50, -16.081293
38, 1, -7.658287
38, 2, -21.339266
38, 4, 20.512890
38, 6, 0.995048
38, 8, 4.104542
38, 10, -14.824225
38, 12, 33.329517
38, 13, 21.777216
38, 14, -26.823207
38, 15, 21.438873
38, 17, -16.518980
38, 19, -8.940135
38, 20, -29.425517
38, 21, -16.640581
38, 22, -23.036494
38, 23, 7.227016
38, 24, 33.608111
38, 25, -25.356032
38, 26, -56.114729
38, 28, -11.792720
38, 29, -10.382179
38, 31, 13.876335
38, 32, -5.734869
38, 33, 5.582787
38, 34, -18.540577
38, 35, 19.143668
38, 36, 19.853846
38, 37, -0.326760
38, 38, 6.283043
38, 39, -8.628206
38, 40, 0.139729
38, 42, 8.145545
38, 43, 62.000000
38, 44, 43.757030
38, 45, 20.974004
38, 48, 8.600416
38, 49, 3.425721
39, 1, -9.902434
39, 2, -18.015535
39, 3, 69.214823
39, 4, 19.858872
39, 5, 21.730360
39, 6, 2.352387
39, 8, -2.707188
39, 9, 12.290820
39, 10, -20.950421
39, 12, 32.575371
39, 13, 25.157333
39, 14, -16.859734
39, 15, 10.022163
39, 16, -4.124551
39, 17, -21.032502
39, 18, 84.000000
39, 19, -10.592658
39, 20, -28.825822
39, 21, -11.548166
39, 22, -29.098520
39, 23, 15.411862
39, 24, 34.567921
39, 25, -29.131206
39, 26, -45.202946
39, 27, -4.981065
39, 28, -5.059399
39, 29, -5.100944
39, 30, 25.101190
39, 32, 0.544663
39, 34, -18.068148
39, 35, 9.959675
39, 36, 26.548789
39, 37, -4.345339
39, 38, 2.237900
39, 39, 4.890420
39, 41, -38.544442
39, 42, 8.105153
39, 44, 37.939759
39, 45, 10.746985
39, 49, -1.073051
40, 1, -7.222128
40, 2, -18.493661
40, 3, 71.765694
40, 4, 22.112860
40, 5, 23.651616
40, 6, 0.995033
40, 7, -0.456792
40, 8, -0.690849
40, 9, 16.104687
40, 10, -14.929758
40, 13, 22.729874
40, 14, -25.788106
40, 15, 20.960994
40, 16, 2.046612
40, 17, -17.212391
40, 19, -8.600145
40, 20, -29.445620
40, 21, -16.814434
40, 22, -20.618229
40, 23, 5.735306
40, 24, 33.608165
40, 27, 1.599648
40, 28, -12.778613
40, 29, -11.826307
40, 30, 33.833641
40, 31, -63.491428
40, 32, -4.958042
40, 33, -95.000000
40, 34, -18.651273
40, 35, 19.510302
40, 36, 20.492869
40, 37, 0.025613
40, 38, 8.224329
40, 39, -8.827629
40, 40, -15.812433
40, 41, -45.056486
40, 42, 11.363636
40, 43, -12.720359
40, 45, 21.987014
40, 47, -19.389338
40, 48, -3.949364
40, 50, 28.305564
41, 1, -9.935439
41, 2, -15.570939
41, 3, 69.214811
41, 4, 20.639802
41, 5, 21.730245
41, 7, -11.067547
41, 8, -6.394818
41, 9, 12.133982
41, 12, -0.582225
41, 13, 26.723792
41, 14, -17.467791
41, 15, 9.933882
41, 16, -4.124510
41, 17, -21.399584
41, 18, 44.394875
41, 19, -10.325980
41, 20, -28.837977
41, 22, -26.019890
41, 23, 14.144267
41, 26, 50.800208
41, 27, -3.354515
41, 28, -6.107877
41, 29, -5.795454
41, 30, 24.949545
41, 31, -61.367211
41, 32, 1.450299
41, 34, -18.130061
41, 35, 9.210641
41, 36, 26.919643
41, 37, -3.676401
41, 38, 4.828862
41, 39, 4.336950
41, 40, -19.358032
41, 41, -38.544397
41, 42, 12.015458
41, 43, -12.279641
41, 44, 10.215567
41, 45, 12.911101
41, 46, -23.888352
41, 47, -26.082462
41, 48, -1.878968
41, 49, 19.128281
41, 50, 27.694436
42, 2, -16.698147
42, 5, 23.651462
42, 6, -18.408344
42, 7, -0.742515
42, 8, -5.406829
42, 9, 15.615995
42, 12, -11.854703
42, 13, 24.359437
42, 14, -24.106683
42, 15, 20.285268
42, 16, 2.046693
42, 17, -18.551906
42, 18, 40.120740
42, 19, -8.516583
42, 22, -17.708861
42, 23, 4.348673
42, 24, 7.000000
42, 27, 4.554981
42, 28, -13.819016
42, 29, -12.361958
42, 30, 33.443172
42, 31, -63.401172
42, 32, -4.094088
42, 33, -44.423096
42, 35, 20.021249
42, 37, 0.972814
42, 38, 10.652186
42, 39, -8.968587
42, 40, -15.920987
42, 41, -45.056449
42, 42, 16.226534
42, 44, 21.664577
42, 45, 22.794857
42, 47, -19.389337
42, 48, -3.949340
42, 49, 21.391238
43, 1, 8.954603
43, 2, -14.011812
43, 3, 42.538196
43, 4, 9.766311
43, 5, 21.730144
43, 6, -7.770816
43, 7, -11.210644
43, 8, -9.924863
43, 9, 11.723532
43, 10, 9.451550
43, 11, 20.776703
43, 12, -0.581578
43, 13, 28.771907
43, 14, -18.159862
43, 15, 9.845540
43, 16, -4.124432
43, 17, -22.081274
43, 18, 44.394846
43, 20, 86.076391
43, 22, -22.598354
43, 23, 12.972652
43, 25, -30.457610
43, 27, 1.021858
43, 28, -7.081027
43, 30, 24.608912
43, 31, -61.183359
43, 32, 2.394540
43, 33, 0.695098
43, 34, -53.764951
43, 35, 8.857613
43, 36, -38.321311
43, 37, -2.533862
43, 38, 7.763578
43, 39, 4.090704
43, 40, -19.507079
43, 42, 17.205855
43, 43, -19.183898
43, 44, 10.235479
43, 45, 14.219383
43, 46, -59.000000
43, 48, -1.878939
43, 49, 19.127614
44, 1, -2.993696
44, 2, -15.842268
44, 3, 42.461804
44, 4, 12.914096
44, 6, -18.651797
44, 7, -1.179340
44, 8, -9.527059
44, 9, 14.824722
44, 10, 20.424687
44, 12, -11.853806
44, 13, 26.228401
44, 14, -22.417041
44, 15, 19.807494
44, 17, -20.357062
44, 18, 40.120598
44, 19, -88.000000
44, 20, 85.923609
44, 21, 11.692021
44, 22, -14.884980
44, 23, 3.441361
44, 24, -0.282059
44, 25, -18.404567
44, 27, 9.545721
44, 28, -14.688928
44, 29, 3.220879
44, 30, 32.956301
44, 31, -63.198423
44, 32, -3.302236
44, 33, -44.423049
44, 34, -54.235049
44, 35, 20.454957
44, 36, -38.807508
44, 37, 2.230272
44, 38, 13.083328
44, 40, -16.165127
44, 41, 3.217041
44, 42, 21.914927
44, 43, -8.242123
44, 44, 21.630486
44, 45, 23.103650
44, 47, -5.044407
44, 49, 21.390325
45, 1, 8.711816
45, 2, -13.226211
45, 4, 10.078112
45, 5, 30.796750
45, 6, -8.483096
45, 7, -11.424298
45, 8, -12.942202
45, 9, 11.216548
45, 10, 9.641412
45, 11, -3.180069
45, 12, -0.580929
45, 13, 30.741970
45, 14, -18.611923
45, 16, -40.882475
45, 17, -23.014984
45, 21, -3.630961
45, 22, -19.436486
45, 23, 12.212712
45, 24, 0.282059
45, 25, -29.594297
45, 26, 57.490156
45, 27, 6.782863
45, 28, -7.770185
45, 29, 3.779121
45, 30, 24.335768
45, 31, -60.954160
45, 32, 3.216718
45, 33, 0.696458
45, 35, 8.744503
45, 36, -38.321242
45, 37, -1.239689
45, 38, 10.456803
45, 40, -19.693131
45, 41, -2.523472
45, 42, 22.741982
45, 43, -18.821547
45, 44, 10.280203
45, 46, -32.528128
45, 47, 5.041106
45, 48, 58.858970
45, 49, 19.126964
46, 1, -3.472248
46, 2, -15.563670
46, 4, 13.462977
46, 5, 30.203250
46, 6, -19.239645
46, 7, -1.584722
46, 8, -12.674367
46, 9, 14.032799
46, 10, 20.749890
46, 11, -12.505782
46, 13, 27.893344
46, 14, -21.368645
46, 16, -41.117525
46, 17, -22.246363
46, 19, 5.961284
46, 20, 59.575938
46, 21, 11.447653
46, 22, -12.604215
46, 23, 3.025932
46, 25, -17.896903
46, 26, 53.338404
46, 27, 15.002762
46, 28, -15.183630
46, 30, 32.739606
46, 31, -63.035877
46, 32, -2.708439
46, 34, -38.518810
46, 35, 20.623753
46, 36, -38.807438
46, 37, 3.445956
46, 38, 15.032088
46, 40, -16.361072
46, 41, 3.261435
46, 42, 27.298916
46, 43, -7.531212
46, 44, 21.587915
46, 45, -73.000000
46, 46, -26.819509
46, 47, -5.043756
46, 48, 59.141030
46, 50, 4.506396
47, 1, 8.166356
47, 2, -12.998709
47, 3, 11.282438
47, 4, 10.778793
47, 6, -9.490731
47, 7, -11.606620
47, 8, -15.143722
47, 9, 10.806709
47, 10, 10.068005
47, 11, -3.179477
47, 12, 75.135153
47, 13, 32.216593
47, 17, -23.952865
47, 19, 5.038716
47, 20, 62.384250
47, 21, -3.662023
47, 22, -17.038341
47, 23, 11.877688
47, 24, -33.000000
47, 25, -28.372891
47, 27, 12.106442
47, 28, -8.019062
47, 29, 99999.000000
47, 31, -60.852189
47, 32, 3.800033
47, 34, -45.255010
47, 37, -0.140370
47, 38, 12.345907
47, 39, -13.621521
47, 40, -19.776022
47, 41, -2.453036
47, 42, 27.429176
47, 43, -18.007327
47, 44, 10.316038
47, 46, -32.528138
47, 47, 5.042002
47, 49, 22.397374
48, 1, -4.068916
48, 3, 10.125334
48, 4, 14.147497
48, 5, -18.896794
48, 6, -19.827717
48, 7, -1.819513
48, 8, -14.627162
48, 9, 13.543060
48, 10, 21.155392
48, 11, -12.504969
48, 13, 29.018730
48, 15, 24.920151
48, 16, -46.818358
48, 17, -23.697258
48, 20, 59.575953
48, 21, 11.203276
48, 22, -11.149083
48, 23, 2.921773
48, 25, -17.263793
48, 26, -92.000000
48, 27, 19.187903
48, 30, -55.469940
48, 32, -2.361317
48, 34, -38.518968
48, 35, -14.144488
48, 36, -2.795688
48, 37, 4.309633
48, 38, 16.112271
48, 39, -8.056432
48, 41, 3.350296
48, 42, 31.166857
48, 43, -6.644688
48, 44, 21.568930
48, 45, 31.730027
48, 46, -26.819522
48, 47, -5.043116
48, 48, -24.654350
48, 49, 26.731398
48, 50, 30.818333
49, 1, 7.728951
49, 3, 11.282386
49, 4, 11.340775
49, 5, -23.553881
49, 6, -10.203511
49, 7, -11.677150
49, 8, -16.304649
49, 9, 10.650256
49, 10, 10.410132
49, 11, -3.178900
49, 13, 32.986099
49, 16, -49.345825
49, 17, -24.548033
49, 18, -35.653302
49, 19, -31.614587
49, 21, -3.681240
49, 22, -15.752010
49, 24, -76.000000
49, 25, -27.508844
49, 27, 15.283875
49, 28, -17.588664
49, 29, 24.188039
49, 30, -58.980312
49, 31, 44.773245
49, 32, 4.095117
49, 33, 13.714144
49, 34, -45.255257
49, 35, -14.855512
49, 36, -6.797556
49, 37, 0.485390
49, 38, 13.024896
49, 39, -13.621655
49, 40, 22.544072
49, 41, -2.382526
49, 42, 30.124793
49, 43, -17.354300
49, 45, 34.842544
49, 48, -29.592306
49, 49, 22.397352
49, 50, 33.345825
50, 1, -4.334441
50, 3, 10.125281
50, 4, 14.452192
50, 5, -18.896759
50, 6, -20.071413
50, 8, -15.286512
50, 10, 21.335872
50, 13, 29.413692
50, 14, -49.170411
50, 15, 61.000000
50, 16, -46.818344
50, 17, -24.243474
50, 18, -36.346698
50, 19, -31.385413
50, 20, 4.000000
50, 22, -10.652119
50, 23, 75.000000
50, 25, -16.981973
50, 26, 68.000000
50, 27, 20.752216
50, 28, -18.411336
50, 29, 23.811961
50, 30, -55.469924
50, 31, 44.226755
50, 32, -2.250190
50, 33, -1.399584
50, 34, -38.519165
50, 36, -2.795757
50, 37, 4.620280
50, 39, -8.056560
50, 40, 22.455928
50, 41, 3.394784
50, 42, 32.575262
50, 43, -6.250099
50, 44, -53.000000
50, 45, 31.729986
50, 46, -72.000000
50, 47, -8.000000
50, 48, -24.654392
50, 49, 26.731374
50, 50, 30.818369
