1, 1, 33.000000
1, 3, -16.891583
1, 4, 34.236446
1, 6, 23.231182
1, 7, 11.529439
1, 8, 34.035751
1, 9, -18.002695
1, 10, -19.000000
1, 11, 15.012686
1, 12, 99999.000000
1, 13, -86.000000
1, 14, -58.450181
1, 15, -38.000000
1, 16, -0.140681
1, 18, -90.831182
1, 19, -53.711335
1, 20, -35.300080
1, 21, 1.751776
1, 22, 0.058619
1, 23, 24.914979
1, 24, 16.635598
1, 25, -45.222575
1, 27, 62.000000
1, 28, 6.851056
1, 29, -41.000000
1, 30, -35.099931
1, 32, -16.586365
1, 33, -50.198091
1, 34, -16.574852
1, 35, -26.282756
1, 37, -82.000000
1, 38, -87.000000
1, 39, 82.000000
1, 40, 4.316281
1, 41, 19.261968
1, 42, -19.425704
1, 43, -26.656172
1, 45, 7.408149
1, 46, -81.000000
1, 47, -28.653725
1, 49, 45.000000
1, 50, 15.364042
2, 2, 50.442524
2, 3, -22.140355
2, 4, 23.275316
2, 5, -36.115828
2, 6, 19.947794
2, 7, 9.517254
2, 8, 34.964249
2, 9, -22.312674
2, 11, 15.126137
2, 14, -57.549819
2, 16, 27.561802
2, 17, -7.884065
2, 19, -41.418027
2, 20, -21.700780
2, 21, -4.174628
2, 22, -12.944034
2, 23, 28.652218
2, 24, 7.703095
2, 25, -50.511568
2, 28, 6.490902
2, 30, -37.336052
2, 31, 11.991793
2, 32, -19.356499
2, 33, -49.964019
2, 34, -14.801415
2, 35, -14.828474
2, 36, -70.654750
2, 40, 3.362974
2, 41, 16.772618
2, 42, -22.761201
2, 43, -30.627666
2, 44, 16.588191
2, 45, 2.363255
2, 47, -29.780265
2, 48, -8.640608
2, 50, 20.393083
3, 1, -31.254886
3, 2, 22.455044
3, 3, -20.797681
3, 4, 17.690213
3, 5, -33.055113
3, 6, 7.026494
3, 7, 12.188274
3, 9, -12.556303
3, 11, 16.537021
3, 12, 34.528790
3, 13, 99999.000000
3, 15, -25.465411
3, 17, -43.153219
3, 19, -44.999517
3, 20, -24.486338
3, 21, -15.876622
3, 22, -13.083230
3, 23, 8.919565
3, 24, 12.450236
3, 25, -29.312861
3, 26, -29.554255
3, 27, -20.081625
3, 28, 10.062873
3, 29, 50.041655
3, 30, -30.477382
3, 31, 8.941035
3, 32, -17.883251
3, 33, -52.973542
3, 34, -17.502725
3, 35, -12.652046
3, 36, -70.345250
3, 37, -79.000000
3, 38, 42.836474
3, 39, 15.595706
3, 40, -8.360590
3, 41, 17.861945
3, 42, -17.613910
3, 43, -27.656746
3, 44, -5.809300
3, 45, 17.086082
3, 47, -14.289566
3, 48, -9.309700
3, 49, -39.215846
3, 50, 17.825355
4, 1, -28.870788
4, 2, 50.055208
4, 3, -28.244980
4, 4, -0.948750
4, 5, -46.648636
4, 6, -2.819839
4, 8, -42.480186
4, 9, -26.111096
4, 10, -95.000000
4, 11, 13.255099
4, 12, 31.719914
4, 14, 15.460543
4, 15, -26.534589
4, 17, 0.699198
4, 19, -37.736945
4, 20, -12.970938
4, 21, -21.871934
4, 23, 5.429472
4, 24, 8.286340
4, 25, -27.149906
4, 26, -22.463291
4, 27, -9.628391
4, 29, 55.173046
4, 31, 7.032712
4, 32, -15.035057
4, 33, -50.016705
4, 34, -14.017745
4, 35, 3.699039
4, 38, 40.163526
4, 39, 4.652620
4, 40, -6.135801
4, 43, -35.617967
4, 44, 7.724946
4, 45, 11.419963
4, 47, -8.796712
4, 48, -12.099489
4, 49, -42.797759
4, 50, 21.109596
5, 1, -23.621236
5, 2, 0.192390
5, 3, -25.325621
5, 4, -4.424091
5, 5, -45.573293
5, 6, -16.197501
5, 7, 22.731133
5, 8, -51.385770
5, 11, 7.830249
5, 12, 30.987555
5, 13, 13.238421
5, 14, 18.568268
5, 19, -35.265321
5, 21, -27.903941
5, 23, -6.025747
5, 24, 20.799408
5, 25, -9.626979
5, 26, -33.135283
5, 27, -9.495285
5, 29, 53.500535
5, 31, 6.414410
5, 32, -9.105333
5, 33, -46.109592
5, 34, -20.584659
5, 35, 1.946862
5, 36, 25.517211
5, 39, 1.833744
5, 40, -18.741580
5, 41, 44.170733
5, 43, -38.952234
5, 44, -22.528419
5, 45, 21.810817
5, 47, 5.756260
5, 49, -41.229219
5, 50, 16.763692
6, 1, -13.274549
6, 3, -29.392690
6, 5, -56.226857
6, 6, -18.912668
6, 7, 12.032876
6, 8, -33.974308
6, 10, 10.550251
6, 11, -3.231863
6, 13, 2.451326
6, 14, 22.615411
6, 16, -36.446999
6, 19, -40.832717
6, 20, -31.179018
6, 21, -30.921544
6, 23, -13.394439
6, 24, 19.671182
6, 25, -5.056534
6, 26, -38.238433
6, 27, 3.187719
6, 31, 11.274848
6, 32, -1.165902
6, 33, -34.783284
6, 34, -9.850322
6, 35, 11.451340
6, 36, 28.845491
6, 38, -23.276506
6, 39, -12.344351
6, 40, -9.876730
6, 41, 39.488573
6, 42, -49.210358
6, 43, -43.104842
6, 44, -12.312260
6, 47, 7.073301
6, 49, -47.401401
7, 1, -4.755632
7, 3, -24.122675
7, 4, -19.713346
7, 6, -19.748951
7, 7, 8.977965
7, 8, -43.174661
7, 10, -2.202883
7, 11, -14.644726
7, 12, 13.711797
7, 13, 7.226546
7, 14, 26.300136
7, 16, -17.399629
7, 18, 24.938436
7, 19, -30.478726
7, 20, -16.052847
7, 21, -31.420478
7, 22, 49.817401
7, 23, -10.657920
7, 25, -3.995913
7, 26, -31.368540
7, 27, 2.668476
7, 29, -21.171319
7, 31, 14.613926
7, 32, 1.871679
7, 33, -25.470792
7, 34, -18.989970
7, 35, 0.393901
7, 36, 13.945229
7, 38, -27.018191
7, 39, -11.218750
7, 40, -20.620130
7, 41, 23.949992
7, 42, -54.629441
7, 44, -43.142166
7, 46, -4.389469
7, 47, 12.535292
7, 50, 22.738183
8, 1, 4.099118
8, 4, -23.286654
8, 5, -3.078434
8, 6, -9.549121
8, 8, -24.584447
8, 9, -3.025410
8, 10, 0.405794
8, 11, -27.982928
8, 12, 19.296651
8, 13, -1.013964
8, 14, 25.088197
8, 16, -25.651893
8, 19, -45.620607
8, 20, -18.154910
8, 21, -37.630484
8, 22, 11.211564
8, 23, -22.476050
8, 24, -2.000000
8, 25, -0.777032
8, 26, -42.857288
8, 27, 9.166451
8, 29, -17.842888
8, 30, -22.182300
8, 32, 10.071923
8, 33, -7.050062
8, 34, 1.330571
8, 35, 2.687455
8, 36, 8.672537
8, 37, -31.933935
8, 38, -22.895284
8, 39, -21.822266
8, 41, 12.329923
8, 42, -47.810335
8, 44, -35.799369
8, 45, -14.245498
8, 46, 0.502587
8, 47, 9.345349
8, 48, 5.327247
8, 49, 14.000000
8, 50, 11.586701
9, 3, -17.025527
9, 5, 0.367870
9, 6, 3.499480
9, 8, -29.442357
9, 9, -41.335148
9, 10, -13.619704
9, 11, -34.008293
9, 12, 13.217672
9, 13, 7.018119
9, 14, 25.090448
9, 15, 23.000000
9, 16, -18.940872
9, 17, 60.000000
9, 19, -31.506560
9, 20, -4.126002
9, 21, -35.441413
9, 22, 36.748990
9, 23, -13.290702
9, 25, -17.370213
9, 26, -26.738984
9, 27, 8.792625
9, 29, -27.137963
9, 30, -22.267407
9, 31, -68.000000
9, 32, 6.324052
9, 33, 1.045153
9, 34, -8.328889
9, 35, -9.423970
9, 36, -12.698101
9, 37, -43.467273
9, 38, -27.715375
9, 39, -17.020809
9, 40, -20.550529
9, 41, -9.979083
9, 44, -56.743471
9, 45, -2.388794
9, 46, 2.552339
9, 47, 12.334880
9, 48, 5.949168
9, 50, 16.746569
10, 1, 17.584016
10, 2, -37.531068
10, 3, -18.060207
10, 4, -12.379618
10, 5, 7.930651
10, 6, 18.249565
10, 7, -10.638624
10, 8, -10.778905
10, 9, 0.359170
10, 10, -10.512993
10, 13, 7.306038
10, 14, 16.556856
10, 16, -13.087536
10, 19, -47.400211
10, 20, -11.048928
10, 21, -45.150039
10, 22, 10.661067
10, 23, -27.121126
10, 24, -21.662860
10, 25, -17.710112
10, 26, -37.126714
10, 27, 11.200605
10, 29, -26.302423
10, 30, -12.851826
10, 32, 11.787091
10, 33, 21.581765
10, 34, 15.402523
10, 35, -4.820492
10, 36, -17.730929
10, 37, -26.412273
10, 38, -22.582092
10, 40, -16.988501
10, 41, -9.011433
10, 42, -51.096518
10, 43, -0.135390
10, 45, 5.843871
10, 46, 0.039216
10, 47, 12.180246
10, 48, -6.425356
10, 49, -1.161902
10, 50, 6.466425
11, 1, 8.066668
11, 2, -35.735582
11, 3, -19.857180
11, 4, -21.963901
11, 5, 11.162722
11, 6, 31.046686
11, 7, -0.149407
11, 8, -6.248635
11, 9, -14.491116
11, 10, -19.317943
11, 11, -30.113993
11, 12, -16.000000
11, 13, 14.782948
11, 14, 13.744522
11, 15, 10.690501
11, 16, -10.066354
11, 17, -14.656077
11, 20, -5.549853
11, 21, -41.302009
11, 22, 27.487327
11, 23, -18.277343
11, 24, -14.670282
11, 25, -37.553827
11, 26, -18.431945
11, 27, 18.484472
11, 28, 9.570341
11, 30, -15.721958
11, 32, 5.190499
11, 33, 25.360216
11, 34, 4.083953
11, 35, -9.326839
11, 36, -31.086185
11, 37, -43.332170
11, 38, -21.695941
11, 39, 2.995167
11, 40, 5.069032
11, 41, -27.474757
11, 42, -53.716652
11, 44, 16.215749
11, 45, 18.584697
11, 46, -5.666827
11, 47, 19.928725
11, 48, -10.196498
11, 49, -0.411030
11, 50, 14.549978
12, 1, 22.378409
12, 2, -43.017956
12, 3, -21.621109
12, 4, 0.262085
12, 6, 33.042563
12, 7, -11.788563
12, 8, 11.542352
12, 9, 16.854243
12, 10, -14.058244
12, 11, -28.851126
12, 13, 15.661202
12, 14, -1.724225
12, 16, 1.464002
12, 17, -9.612093
12, 18, 0.227116
12, 19, -13.985881
12, 20, -12.205529
12, 21, -49.299411
12, 22, 14.825696
12, 23, -25.506742
12, 24, -12.555348
12, 25, -39.849785
12, 26, -20.893252
12, 27, 21.017452
12, 28, 9.429659
12, 29, 80.000000
12, 31, 19.611383
12, 32, 5.770529
12, 33, 40.301536
12, 37, -29.227589
12, 38, -16.201924
12, 39, -0.279758
12, 40, 16.159866
12, 41, -10.620414
12, 42, -54.967170
12, 43, 6.825166
12, 44, 15.659867
12, 45, 19.534938
12, 46, -15.371780
12, 47, 21.807977
12, 48, -28.117744
12, 49, 14.879265
13, 1, 5.633860
13, 2, -43.891841
13, 3, -28.387167
13, 4, -4.950746
13, 5, 40.159438
13, 6, 31.071507
13, 7, -8.012665
13, 8, 20.798051
13, 9, 11.669529
13, 11, -24.826377
13, 14, -4.312647
13, 17, -5.523678
13, 18, -0.767134
13, 19, -3.833435
13, 20, -10.588731
13, 21, -47.179127
13, 22, 26.703108
13, 23, -14.381501
13, 24, -7.919363
13, 25, -46.690349
13, 26, -3.715980
13, 27, 33.264582
13, 30, -51.860565
13, 31, 17.388617
13, 32, 0.558229
13, 34, -5.307176
13, 35, -36.044948
13, 36, -44.168818
13, 37, -46.733709
13, 38, -4.644777
13, 39, -4.552603
13, 40, 40.175579
13, 41, -26.743856
13, 43, 3.142210
13, 44, 1.623860
13, 46, -24.234676
13, 48, -29.677113
13, 49, 13.663091
13, 50, 28.111607
14, 1, 16.167066
14, 2, -53.729775
14, 3, -29.401633
14, 4, 12.860083
14, 5, 47.119238
14, 6, 17.974479
14, 7, -21.654684
14, 8, 29.509464
14, 9, 29.272526
14, 10, 17.413351
14, 11, -23.468579
14, 13, -6.782554
14, 14, -24.690397
14, 17, 0.922557
14, 18, -1.781170
14, 19, -1.052553
14, 20, -12.355601
14, 22, 19.967433
14, 23, -10.760658
14, 24, -11.633853
14, 25, -48.675030
14, 26, -1.057422
14, 27, 33.453306
14, 28, -32.245791
14, 30, -38.049117
14, 32, -4.575726
14, 33, -43.008169
14, 34, -0.692824
14, 35, -27.728145
14, 36, -43.831182
14, 37, -35.770063
14, 38, -2.670531
14, 39, -6.666429
14, 40, 45.703024
14, 41, -6.998279
14, 43, -11.374148
14, 44, -1.288583
14, 46, -29.928307
14, 47, -11.529592
14, 48, -43.593766
14, 50, 25.204638
15, 1, 2.212913
15, 2, -54.094066
15, 3, -36.973519
15, 4, 12.552971
15, 5, 38.373277
15, 6, 6.719424
15, 7, -23.888411
15, 9, 21.980027
15, 10, 30.757758
15, 11, -23.566328
15, 12, 15.937857
15, 13, -12.387531
15, 14, -26.339896
15, 18, -0.555190
15, 19, 8.496146
15, 20, -10.791548
15, 22, 21.137773
15, 23, 1.100114
15, 24, -12.701446
15, 25, -39.353693
15, 26, 6.974327
15, 27, 42.816646
15, 28, -27.148457
15, 29, 36.719422
15, 30, -52.543790
15, 31, -84.000000
15, 32, -6.465999
15, 33, -43.258377
15, 35, -13.813543
15, 37, -49.402638
15, 38, 17.171706
15, 39, -7.784877
15, 40, 61.660100
15, 41, -23.229712
15, 43, -22.863423
15, 45, -18.552481
15, 46, -34.425366
15, 47, -4.253128
15, 49, 7.250494
15, 50, 16.132712
16, 1, 13.722304
16, 2, -59.058391
16, 3, -33.571218
16, 4, 22.065662
16, 5, 49.951018
16, 6, -3.803035
16, 7, -27.608041
16, 8, -13.674160
16, 10, 14.140884
16, 11, -22.785182
16, 12, -8.625199
16, 13, 0.807517
16, 14, -47.175701
16, 16, 1.588390
16, 17, 54.695792
16, 20, -8.803026
16, 22, 9.084858
16, 23, 6.626493
16, 24, -17.152824
16, 25, -40.766045
16, 26, 9.447700
16, 27, 38.285203
16, 28, -29.388529
16, 29, 37.859586
16, 30, -33.831065
16, 32, -16.541639
16, 33, -48.612816
16, 34, 2.000000
16, 35, 8.084857
16, 36, 66.000000
16, 38, 12.606500
16, 40, 59.197297
16, 41, -8.187261
16, 43, -35.979193
16, 44, 33.359901
16, 45, -13.419373
16, 46, -29.974653
16, 47, -14.111368
16, 48, -11.078601
16, 49, 13.741643
16, 50, 9.708604
17, 1, 15.637320
17, 2, -56.562222
17, 4, 23.130176
17, 5, 40.708122
17, 6, -9.887839
17, 7, -29.061367
17, 8, -12.999992
17, 9, -30.727049
17, 10, 27.766156
17, 11, -23.908917
17, 12, 11.648828
17, 13, -7.051593
17, 14, -47.436551
17, 15, -40.964087
17, 16, 0.240091
17, 17, 52.304208
17, 18, 16.285633
17, 19, 86.000000
17, 20, -2.991030
17, 21, 19.752358
17, 22, -1.049272
17, 23, 11.131641
17, 25, -27.373428
17, 26, 8.870159
17, 27, 39.967394
17, 28, -29.647014
17, 29, 27.116811
17, 31, 99999.000000
17, 32, -16.897719
17, 33, -47.324444
17, 35, 26.750270
17, 38, 30.454200
17, 39, 36.624464
17, 42, -0.752719
17, 43, -39.938798
17, 44, 28.083949
17, 45, -21.138049
17, 46, -30.822031
17, 47, -10.340627
17, 48, -13.254663
17, 49, -0.291422
17, 50, 2.739908
18, 1, 28.036817
18, 2, -54.082662
18, 3, -73.000000
18, 4, 25.500306
18, 5, 49.151400
18, 6, -10.513663
18, 7, -21.573276
18, 8, -19.092057
18, 9, -26.024721
18, 10, 8.339414
18, 12, -5.318653
18, 13, -1.376873
18, 14, -60.516883
18, 15, -16.021451
18, 16, -1.704829
18, 18, 19.126297
18, 20, 2.612447
18, 21, 0.925812
18, 22, -15.333688
18, 24, -32.311823
18, 25, -26.876810
18, 26, 14.486047
18, 27, 32.858735
18, 29, 28.096748
18, 32, -26.744226
18, 34, 23.000000
18, 35, 43.924045
18, 36, 21.711022
18, 37, 73.000000
18, 38, 18.682224
18, 39, 21.556625
18, 40, -4.667062
18, 41, 36.137563
18, 42, -4.064078
18, 44, 30.230437
18, 45, -11.568880
18, 46, -24.673599
18, 47, -20.914270
18, 48, 1.543610
18, 49, 7.165701
18, 50, -5.470907
19, 1, 38.978512
19, 2, -51.188153
19, 4, 23.437363
19, 5, 32.946309
19, 6, -12.588914
19, 7, -23.254034
19, 8, -21.906451
19, 9, -20.350407
19, 10, 19.649654
19, 11, -8.151398
19, 13, -11.145179
19, 14, -56.382842
19, 15, -35.728566
19, 16, 2.772640
19, 17, -64.180378
19, 18, 3.302024
19, 19, -24.954329
19, 20, 11.375350
19, 21, 1.493582
19, 22, -21.792203
19, 23, -9.414909
19, 24, -35.688177
19, 25, -17.660485
19, 26, 13.564636
19, 27, 30.886543
19, 28, 13.151788
19, 29, 23.861951
19, 31, -90.000000
19, 33, 8.343643
19, 35, 49.929847
19, 36, 21.288978
19, 38, 28.289397
19, 39, 23.530349
19, 40, 6.619143
19, 41, 32.718873
19, 42, 5.032056
19, 45, -15.411650
19, 46, -24.711906
19, 48, 0.399760
19, 49, -7.007852
19, 50, -10.486474
20, 1, 42.536361
20, 3, 62.000000
20, 4, 24.634035
20, 5, 31.108887
20, 6, -15.815201
20, 8, -31.856310
20, 10, 3.695357
20, 11, -15.707981
20, 15, -30.911002
20, 16, -10.193902
20, 17, -59.005406
20, 18, 9.247394
20, 19, -10.177269
20, 20, 14.308944
20, 21, -9.236100
20, 23, 0.459700
20, 25, -11.214011
20, 27, 27.216505
20, 28, -3.571035
20, 29, 26.946736
20, 30, -58.076794
20, 33, 14.909062
20, 34, 28.501593
20, 37, -36.416753
20, 39, 4.763872
20, 40, -0.757609
20, 41, 30.390785
20, 42, -2.772948
20, 43, 74.662365
20, 44, 7.884001
20, 46, -20.007525
20, 47, 33.960792
20, 49, 1.769860
20, 50, -21.023138
21, 4, 25.496268
21, 5, 7.673201
21, 6, -20.127530
21, 7, -25.310539
21, 8, -34.231468
21, 11, -12.263722
21, 12, -41.836163
21, 13, -59.153588
21, 14, 8.599334
21, 15, -31.188999
21, 16, -2.042098
21, 17, -53.478355
21, 18, -3.629237
21, 19, -2.470023
21, 20, 21.270008
21, 21, -0.938122
21, 23, -9.481544
21, 25, -6.504440
21, 28, -1.399714
21, 31, 8.232463
21, 32, -13.000000
21, 33, 7.445657
21, 34, 18.511893
21, 35, -11.574256
21, 36, -37.167464
21, 37, -38.583247
21, 38, 4.958883
21, 39, 8.754630
21, 40, 8.819289
21, 41, 31.003566
21, 42, -2.829815
21, 44, 0.308202
21, 45, 11.953328
21, 46, -14.724816
21, 47, 32.542730
21, 48, -29.643025
21, 49, -11.555361
21, 50, -23.876774
22, 1, -96.000000
22, 3, 25.321032
22, 4, 28.477376
22, 5, -4.383440
22, 6, -30.893439
22, 7, -16.872398
22, 10, -15.228609
22, 11, -19.535065
22, 12, -40.313790
22, 13, -56.846412
22, 14, 3.595774
22, 15, -35.093262
22, 16, -23.258788
22, 17, -42.408611
22, 18, 5.176628
22, 19, 21.946526
22, 20, 19.850249
22, 21, -1.852903
22, 22, 80.570341
22, 23, -0.049733
22, 24, -46.632108
22, 25, 2.199168
22, 26, 49.584072
22, 28, -23.340378
22, 31, 2.674167
22, 33, 20.355242
22, 34, 16.956086
22, 35, 6.728505
22, 36, -39.284821
22, 38, 5.874902
22, 39, -0.718687
22, 40, -0.575003
22, 42, -13.419307
22, 44, -8.563246
22, 45, 5.156312
22, 46, -5.154346
22, 47, 24.950861
22, 48, -32.733218
22, 49, -3.168490
22, 50, -30.305804
23, 3, 21.149656
23, 4, 37.024756
23, 5, -27.339974
23, 6, -34.671793
23, 7, -12.430179
23, 8, 4.517147
23, 9, 4.870467
23, 10, -14.366518
23, 11, -11.553234
23, 12, -31.897268
23, 14, 14.741910
23, 16, -16.590042
23, 17, -33.976099
23, 18, -4.345959
23, 19, 28.600366
23, 20, 27.987282
23, 21, 13.106150
23, 22, 80.429659
23, 23, -9.952304
23, 24, -59.377285
23, 25, 1.632748
23, 26, 46.105408
23, 28, -20.689627
23, 30, 19.794628
23, 31, -0.706698
23, 32, 91.000000
23, 33, 13.209831
23, 34, -5.208338
23, 35, 0.003498
23, 36, -31.950843
23, 38, 4.085347
23, 39, 9.974202
23, 40, 4.186135
23, 41, 22.665167
23, 42, -17.990938
23, 44, -17.305503
23, 45, 1.892425
23, 46, 5.835383
23, 47, 23.565285
23, 48, -24.866476
23, 49, -14.194964
24, 1, 15.419913
24, 2, -73.000000
24, 3, 17.367328
24, 4, 38.207266
24, 5, -38.618275
24, 6, -44.177911
24, 7, -4.371644
24, 8, 7.448987
24, 9, 5.899116
24, 10, -2.491715
24, 11, -18.540599
24, 12, -27.172466
24, 13, 33.000000
24, 14, 12.562326
24, 15, -4.221286
24, 16, -39.018041
24, 17, -21.725167
24, 19, 42.346999
24, 20, 25.201809
24, 21, 12.376414
24, 24, -42.543083
24, 26, 45.631065
24, 27, -31.926429
24, 28, -37.867418
24, 29, -40.342564
24, 30, 23.456100
24, 31, -9.927869
24, 33, 26.042061
24, 35, 20.594937
24, 36, -29.632446
24, 38, 7.368983
24, 39, 3.140221
24, 40, -1.594561
24, 41, 21.592752
24, 42, -22.628502
24, 43, -17.221782
24, 44, -19.276880
24, 45, -3.112827
24, 46, 17.073551
24, 47, 20.981317
24, 49, -6.143306
24, 50, -62.000000
25, 1, 12.685580
25, 3, 16.961227
25, 4, 50.091912
25, 5, -47.513120
25, 7, -5.721027
25, 8, 10.880866
25, 9, -4.492164
25, 10, -2.400031
25, 11, -8.821317
25, 12, -23.067642
25, 15, 5.628186
25, 16, -32.329008
25, 17, -8.746851
25, 18, 14.000000
25, 20, 32.063449
25, 21, 17.523150
25, 22, 7.254679
25, 24, -59.156307
25, 25, 25.000000
25, 27, -20.138792
25, 28, -31.010857
25, 29, -51.456367
25, 30, 10.948662
25, 31, -18.712544
25, 33, 16.713609
25, 35, 15.022079
25, 36, -24.395324
25, 38, 7.214267
25, 39, 12.530901
25, 40, 3.521606
25, 41, 37.118301
25, 42, -24.909346
25, 43, 23.914280
25, 44, -21.254020
25, 46, 21.719635
25, 47, 18.166792
25, 48, -12.949362
26, 1, 13.120338
26, 2, -51.590862
26, 3, 19.975464
26, 4, 46.256419
26, 6, 27.341499
26, 8, 11.553525
26, 9, -7.280325
26, 10, 9.461952
26, 11, -14.590279
26, 12, -18.891822
26, 13, 54.043366
26, 14, -38.898656
26, 15, -7.985018
26, 17, 3.045202
26, 19, -41.117628
26, 20, 25.168318
26, 21, 13.039224
26, 22, 4.532804
26, 23, -20.673427
26, 24, -46.707763
26, 26, -25.197015
26, 27, -14.604405
26, 28, -40.006053
26, 29, -42.447580
26, 30, 14.265859
26, 31, -25.404908
26, 32, -49.831182
26, 33, 26.718865
26, 35, 27.040058
26, 36, -16.686129
26, 39, -5.293036
26, 41, 35.013674
26, 42, -21.912156
26, 43, -9.958102
26, 44, -13.751443
26, 47, 15.848010
26, 48, -0.343892
26, 49, 38.000000
26, 50, -43.059926
27, 1, 11.242935
27, 2, -50.409138
27, 3, 27.655501
27, 4, 54.406543
27, 5, -21.427297
27, 6, 16.674767
27, 7, 12.114443
27, 9, -16.697021
27, 10, 4.600725
27, 12, -19.519179
27, 13, 55.956634
27, 14, -47.219226
27, 15, 1.533368
27, 16, -27.554196
27, 17, 18.667238
27, 18, 6.772159
27, 19, -35.305219
27, 20, 24.423612
27, 21, 8.016391
27, 22, 12.526063
27, 23, -18.896528
27, 24, -64.722861
27, 25, -56.000000
27, 26, -20.811705
27, 27, -2.141387
27, 28, -31.125515
27, 29, -56.519276
27, 30, 4.571489
27, 31, -37.235903
27, 33, 21.874683
27, 34, 30.203052
27, 35, 23.558789
27, 36, -12.903438
27, 37, 7.805369
27, 38, -0.060053
27, 39, -0.731144
27, 40, -17.446116
27, 42, -26.055724
27, 43, 23.949772
27, 44, -11.986393
27, 45, -11.252295
27, 46, 0.120085
27, 47, 9.139040
27, 48, -8.550624
27, 50, -32.669381
28, 3, 31.946476
28, 5, -2.339590
28, 6, 21.101149
28, 7, 18.227382
28, 8, -20.713346
28, 9, -20.099291
28, 12, -15.034963
28, 14, -43.345789
28, 16, -20.995122
28, 17, 23.383895
28, 18, -1.556909
28, 19, -28.257948
28, 20, 16.967132
28, 21, 8.412899
28, 22, 5.857078
28, 23, -11.948196
28, 24, -57.105055
28, 26, -27.440895
28, 27, -4.139506
28, 28, -36.523300
28, 29, -48.703444
28, 30, 9.265736
28, 31, -37.892781
28, 33, 32.779566
28, 34, 3.013071
28, 35, 27.271686
28, 36, -6.395594
28, 37, 12.194631
28, 38, -5.421376
28, 39, -27.651028
28, 40, -9.313271
28, 41, -19.337314
28, 42, -18.656978
28, 43, 4.593819
28, 44, -3.426356
28, 45, -23.922070
28, 46, 0.940772
28, 47, 5.776281
28, 48, 4.255406
28, 49, -81.168818
28, 50, -33.859044
29, 1, 29.007003
29, 5, -9.279847
29, 6, 1.210873
29, 7, 20.761644
29, 8, -24.286654
29, 9, -29.711861
29, 10, 18.656048
29, 11, 74.274342
29, 16, -9.336829
29, 18, -2.286814
29, 19, -21.027267
29, 20, 14.246893
29, 21, 6.029005
29, 22, 0.627504
29, 23, -3.852901
29, 24, -69.681080
29, 25, 1.606806
29, 26, -18.658857
29, 27, -1.724076
29, 30, 7.228586
29, 31, -47.551026
29, 34, 25.099622
29, 35, 28.597394
29, 36, -0.758245
29, 38, -5.794497
29, 39, -25.067613
29, 40, -7.946953
29, 41, -25.654162
29, 42, -27.504089
29, 43, 33.687479
29, 44, -5.794424
29, 45, -15.751882
29, 46, -6.632967
29, 48, -9.273662
29, 49, -80.831182
29, 50, -23.192346
30, 1, 14.071525
30, 2, -43.125499
30, 3, 14.931628
30, 4, 5.863568
30, 5, 12.363527
30, 6, 5.903017
30, 9, -31.653746
30, 10, 22.866754
30, 11, 76.544339
30, 12, 54.305674
30, 14, 27.414562
30, 16, 2.476008
30, 17, -13.853282
30, 19, -13.215051
30, 20, 15.567433
30, 22, -10.781314
30, 23, 1.940194
30, 25, 3.424143
30, 26, -27.299229
30, 28, -18.554088
30, 29, -4.007998
30, 30, 9.794004
30, 32, -3.797339
30, 33, -62.000000
30, 34, 12.680972
30, 35, 27.100344
30, 36, 0.911012
30, 37, 14.774858
30, 38, -16.363079
30, 39, -50.116074
30, 40, -4.585655
30, 41, -18.760834
30, 42, -15.048072
30, 43, 25.448869
30, 45, -31.379376
30, 47, 24.337635
30, 48, 0.684469
30, 50, -27.421062
31, 1, 7.232702
31, 2, -37.764362
31, 3, 22.247689
31, 4, -0.855018
31, 5, -3.415537
31, 6, -12.126594
31, 7, -50.482655
31, 8, 16.929214
31, 9, -43.492524
31, 10, 31.213316
31, 11, 68.385215
31, 12, 47.577233
31, 13, -23.500213
31, 14, 13.085938
31, 15, 12.204569
31, 16, 8.430883
31, 17, -8.691353
31, 18, 63.000000
31, 19, -10.533132
31, 20, 16.981481
31, 21, 4.663089
31, 22, -25.257890
31, 23, 15.780737
31, 24, -52.061017
31, 25, 6.089837
31, 26, -15.583076
31, 28, -9.720281
31, 29, -0.440006
31, 30, 11.513382
31, 32, -7.437274
31, 34, 26.721400
31, 35, 27.136624
31, 36, 11.233857
31, 37, 13.741669
31, 38, -20.021170
31, 39, -42.453118
31, 42, -22.483236
31, 43, 46.117661
31, 44, -85.000000
31, 45, -23.322694
31, 46, -33.698116
31, 47, 23.662365
31, 48, -13.402901
31, 50, -16.599912
32, 1, -13.518062
32, 2, -44.570655
32, 3, 6.620456
32, 4, -4.580532
32, 5, 15.311977
32, 6, -0.660440
32, 7, -45.438198
32, 8, 21.725160
32, 9, -42.526853
32, 10, 35.170838
32, 11, 66.863192
32, 12, 52.817361
32, 13, 0.515422
32, 14, 19.920130
32, 16, 10.002747
32, 17, 0.013064
32, 19, -1.980356
32, 20, 25.751599
32, 21, -5.128405
32, 22, -30.740947
32, 23, 18.070862
32, 24, -55.269543
32, 25, 12.772264
32, 26, -25.744759
32, 28, -14.219970
32, 29, 3.294476
32, 30, 9.192487
32, 33, -49.000000
32, 35, 20.254813
32, 36, 10.192949
32, 37, -4.057233
32, 38, -30.554480
32, 39, -61.201686
32, 40, 5.112913
32, 42, -5.541863
32, 46, -35.301884
32, 48, -9.962171
32, 49, 28.500053
32, 50, -23.377501
33, 1, -23.915425
33, 2, -39.336503
33, 3, 12.612051
33, 4, -5.416002
33, 6, -8.771667
33, 7, -42.823705
33, 8, 13.171096
33, 11, 52.368303
33, 12, 47.479196
33, 13, 1.166876
33, 14, 5.718593
33, 15, 55.000000
33, 16, 2.612512
33, 17, 9.305095
33, 18, -21.928498
33, 19, -3.714679
33, 20, 29.327673
33, 21, -12.742142
33, 22, -38.761151
33, 23, 33.887504
33, 24, -56.294386
33, 25, 17.135583
33, 26, -19.113975
33, 27, -28.854475
33, 28, 0.205810
33, 29, 4.638371
33, 32, 0.671295
33, 34, 11.000000
33, 35, 15.496059
33, 37, -6.683975
33, 38, -31.995866
33, 40, 3.586528
33, 42, -8.619396
33, 45, 8.624384
33, 47, -96.084409
33, 48, -21.622511
33, 49, 17.872702
33, 50, -11.363363
34, 1, -35.225332
34, 2, -42.453366
34, 3, 2.885094
34, 4, 0.213750
34, 6, 4.372725
34, 8, 20.867565
34, 9, -50.142026
34, 10, 7.710727
34, 11, 44.814976
34, 12, 46.697587
34, 13, 13.162073
34, 14, 18.925950
34, 16, -2.043768
34, 17, 19.797405
34, 18, -20.071502
34, 19, 2.903857
34, 20, 38.020418
34, 21, -24.214081
34, 23, 30.902484
34, 24, -59.845788
34, 26, -30.083288
34, 27, -31.271928
34, 28, -3.657770
34, 29, 1.415596
34, 30, 4.000000
34, 31, -15.639520
34, 32, -3.284482
34, 33, 22.414429
34, 35, 11.659781
34, 36, -11.141659
34, 37, -18.133638
34, 40, 8.677124
34, 41, 24.746773
34, 42, 4.276067
34, 43, -15.512470
34, 44, 41.290921
34, 45, 23.734948
34, 46, 85.000000
34, 47, -64.284979
34, 48, -23.041861
34, 49, 18.507695
34, 50, -22.172234
35, 1, -40.474723
35, 2, -34.218811
35, 3, 7.023195
35, 4, 9.865636
35, 7, -44.266133
35, 8, 7.975526
35, 9, -52.942403
35, 10, -2.521639
35, 11, 26.622381
35, 12, 38.769434
35, 13, 19.347866
35, 14, 12.131933
35, 17, 25.981137
35, 19, -2.567056
35, 21, -19.970162
35, 22, -47.670050
35, 23, 41.502822
35, 24, -59.343286
35, 25, -15.063888
35, 27, -16.272358
35, 28, 4.979072
35, 29, 3.498828
35, 32, 1.659871
35, 33, 20.585571
35, 34, -6.977693
35, 35, 6.203909
35, 36, -0.297809
35, 38, 4.709214
35, 40, 0.477893
35, 43, -20.352617
35, 44, 36.393783
35, 45, -1.228370
35, 48, -28.509872
35, 49, 3.396612
35, 50, -11.599474
36, 1, -33.821593
36, 2, -28.098015
36, 3, 2.108194
36, 4, 20.863451
36, 6, -93.000000
36, 7, -22.612875
36, 8, 17.651193
36, 9, -49.071420
36, 10, -0.147476
36, 11, 15.585114
36, 12, 27.414491
36, 18, -10.652426
36, 19, -3.824630
36, 20, -9.897334
36, 21, -25.410161
36, 22, -39.596450
36, 23, 31.069279
36, 25, -15.936112
36, 26, -54.430932
36, 27, -14.748500
36, 28, -3.888634
36, 29, -5.179462
36, 30, -10.422044
36, 31, 10.331345
36, 32, -6.041619
36, 34, -6.389916
36, 35, 12.615174
36, 36, 4.234375
36, 37, 0.000000
36, 38, 2.688575
36, 39, 0.347561
36, 40, -2.649779
36, 42, 12.655468
36, 43, -18.477225
36, 44, 43.092665
36, 45, 13.836015
36, 46, 47.662365
36, 49, -0.998904
36, 50, -22.902059
37, 1, -28.151351
37, 2, -18.538441
37, 4, 28.871442
37, 5, -13.000000
37, 8, 1.675284
37, 10, -17.398919
37, 11, 2.881443
37, 12, 18.719968
37, 13, -3.105893
37, 14, -9.665303
37, 16, -43.000000
37, 17, -31.628421
37, 18, -6.347574
37, 19, -10.758829
37, 20, -14.501056
37, 21, -13.513503
37, 22, -41.266603
37, 23, 34.522993
37, 24, 28.819642
37, 26, -42.026953
37, 27, -2.803642
37, 28, -1.982127
37, 29, 1.418654
37, 30, -9.577956
37, 31, 14.357511
37, 32, -2.183408
37, 33, 4.002323
37, 34, -8.239442
37, 35, 5.552922
37, 36, 21.353596
37, 38, -10.438232
37, 39, 28.459560
37, 40, -10.732439
37, 42, 10.213419
37, 44, 37.919709
37, 45, -7.045261
37, 46, -7.275192
37, 48, 7.086732
37, 49, -13.235616
37, 50, -12.195513
38, 1, -7.145190
38, 2, -6.468502
38, 4, 35.418972
38, 6, 1.911215
38, 8, 6.507523
38, 10, -23.486806
38, 12, 7.905499
38, 13, 7.015649
38, 14, -31.770689
38, 15, 31.135129
38, 17, -21.592786
38, 19, -14.604599
38, 20, -24.431003
38, 21, -16.229200
38, 22, -28.549585
38, 23, 14.512429
38, 24, 28.619301
38, 25, -26.189339
38, 26, -54.449111
38, 28, -10.034825
38, 29, -11.215985
38, 31, 16.837335
38, 32, -11.486069
38, 33, 7.997677
38, 34, -13.902115
38, 35, 18.179975
38, 36, 25.365611
38, 37, -13.126862
38, 38, -9.534741
38, 39, -5.618030
38, 40, -10.974132
38, 42, 1.716851
38, 43, 62.000000
38, 44, 45.474342
38, 45, 8.188181
38, 48, 10.913268
38, 49, -17.603577
39, 1, 2.898922
39, 2, -2.193596
39, 3, 69.417298
39, 4, 34.041930
39, 5, 20.892402
39, 6, 1.792446
39, 8, -5.425407
39, 9, 12.857327
39, 10, -38.887787
39, 12, 8.015878
39, 13, 13.587166
39, 14, -7.304746
39, 15, 17.422330
39, 16, -5.973781
39, 17, -26.000975
39, 18, 84.000000
39, 19, -16.175652
39, 20, -34.848000
39, 21, -8.583978
39, 22, -32.291189
39, 23, 13.840048
39, 24, 33.444230
39, 25, -28.484377
39, 26, -45.161245
39, 27, -27.674303
39, 28, -5.362515
39, 29, -5.732703
39, 30, 38.340669
39, 32, -6.156700
39, 34, -21.031326
39, 35, 5.958780
39, 36, 43.675217
39, 37, -14.279925
39, 38, -13.908237
39, 39, -0.519647
39, 41, -41.823786
39, 42, -6.788876
39, 44, 40.025894
39, 45, 0.833063
39, 49, -21.219710
40, 1, 20.974599
40, 2, 5.074295
40, 3, 70.713390
40, 4, 36.792237
40, 5, 22.145690
40, 6, -0.888831
40, 7, 20.754512
40, 8, -5.371069
40, 9, 20.143210
40, 10, -42.905137
40, 13, 23.225838
40, 14, -33.654628
40, 15, 23.381437
40, 16, -1.305589
40, 17, -13.507255
40, 19, -13.190693
40, 20, -44.540028
40, 21, -12.971713
40, 22, -18.479220
40, 23, -10.363515
40, 24, 37.177981
40, 27, -19.309590
40, 28, -12.032329
40, 29, -20.020653
40, 30, 47.917779
40, 31, -73.728422
40, 32, -13.152868
40, 33, -95.000000
40, 34, -30.533105
40, 35, 19.460791
40, 36, 44.865805
40, 37, -8.084972
40, 38, -2.136725
40, 39, -16.481576
40, 40, -14.024873
40, 41, -45.658861
40, 42, -12.321971
40, 43, -11.444889
40, 45, 15.782400
40, 47, -17.085817
40, 48, -7.249146
40, 50, 26.536913
41, 1, 20.590265
41, 2, 1.440179
41, 3, 67.193732
41, 4, 32.204359
41, 5, 20.520117
41, 7, 4.334091
41, 8, -5.736672
41, 9, 16.635350
41, 12, -17.877821
41, 13, 33.152179
41, 14, -16.603434
41, 15, 14.775183
41, 16, -7.607135
41, 17, -15.205517
41, 18, 46.184475
41, 19, -10.417354
41, 20, -47.110606
41, 22, -24.876879
41, 23, -7.203644
41, 26, 51.956634
41, 27, -24.656853
41, 28, -5.348032
41, 29, -18.381843
41, 30, 29.255951
41, 31, -70.966006
41, 32, -4.922691
41, 34, -35.761752
41, 35, 4.527153
41, 36, 56.958138
41, 37, -7.085370
41, 38, 0.004975
41, 39, -13.558591
41, 40, -13.804296
41, 41, -35.642269
41, 42, -13.170574
41, 43, -13.555111
41, 44, 5.194862
41, 45, 19.590137
41, 46, -24.534589
41, 47, -23.321372
41, 48, -3.853062
41, 49, 36.831456
41, 50, 29.463087
42, 2, -2.712532
42, 5, 23.725758
42, 6, -9.797999
42, 7, -7.761742
42, 8, -8.632005
42, 9, 22.931669
42, 12, -23.574009
42, 13, 30.099080
42, 14, -32.996369
42, 15, 17.120178
42, 16, 1.345496
42, 17, -5.174283
42, 18, 39.054145
42, 19, -5.359354
42, 22, -12.779906
42, 23, -22.168684
42, 24, 7.000000
42, 27, -14.852056
42, 28, -15.899931
42, 29, -27.736861
42, 30, 36.468559
42, 31, -68.161537
42, 32, -6.315499
42, 33, -49.361529
42, 35, 19.564256
42, 37, 2.673067
42, 38, 14.958370
42, 39, -12.893069
42, 40, -4.410849
42, 41, -40.957498
42, 42, -3.396514
42, 44, 20.374701
42, 45, 31.638898
42, 47, -16.921108
42, 48, -3.639541
42, 49, 31.556974
43, 1, 30.726731
43, 2, -8.206064
43, 3, 42.317114
43, 4, -12.951308
43, 5, 22.720151
43, 6, 4.194964
43, 7, -20.885360
43, 8, -6.220047
43, 9, 15.751452
43, 10, -6.697664
43, 11, 22.069179
43, 12, -0.890052
43, 13, 41.149839
43, 14, -24.748172
43, 15, 2.901375
43, 16, -1.843938
43, 17, -6.284650
43, 18, 40.774605
43, 20, 85.634228
43, 22, -19.403044
43, 23, -8.621701
43, 25, -45.243289
43, 27, -18.270724
43, 28, -9.806834
43, 30, 21.864937
43, 31, -61.129603
43, 32, 4.259651
43, 33, -15.285968
43, 34, -55.125452
43, 35, 6.636562
43, 36, -45.773463
43, 37, 1.538686
43, 38, 14.601706
43, 39, -7.157292
43, 40, -9.672879
43, 42, 3.926425
43, 43, -47.329911
43, 44, 8.852347
43, 45, 36.106612
43, 46, -59.000000
43, 48, 0.827707
43, 49, 17.610866
44, 1, 17.846494
44, 2, -19.222433
44, 3, 42.682886
44, 4, -9.936695
44, 6, -13.378183
44, 7, -25.535907
44, 8, -13.847516
44, 9, 16.021064
44, 10, 7.217572
44, 12, -1.721445
44, 13, 30.504686
44, 14, -18.864721
44, 15, 9.975839
44, 17, -6.684954
44, 18, 36.812895
44, 19, -88.000000
44, 20, 86.365772
44, 21, 37.245931
44, 22, -9.269024
44, 23, -9.504100
44, 24, 1.350542
44, 25, -37.843721
44, 27, -2.991349
44, 28, -20.256010
44, 29, 4.836474
44, 30, 23.611565
44, 31, -58.677696
44, 32, 6.586598
44, 33, -41.477937
44, 34, -52.874548
44, 35, 22.349350
44, 36, -42.078082
44, 37, 10.069786
44, 38, 24.008416
44, 40, -10.538343
44, 41, -1.843194
44, 42, 21.585492
44, 43, -37.797555
44, 44, 25.687783
44, 45, 41.789964
44, 47, -20.986394
44, 49, 9.415158
45, 1, 20.537289
45, 2, -18.484410
45, 4, -9.407980
45, 5, 29.079117
45, 6, 0.434541
45, 7, -30.665974
45, 8, -18.125063
45, 9, 7.781867
45, 10, 0.823138
45, 11, -15.512674
45, 12, 16.869228
45, 13, 40.064711
45, 14, -23.734003
45, 16, -41.562726
45, 17, -13.264581
45, 21, 15.265319
45, 22, -14.697086
45, 23, 10.349735
45, 24, -1.350542
45, 25, -43.711411
45, 26, 56.766094
45, 27, 1.736469
45, 28, -12.437030
45, 29, 2.163526
45, 30, 15.323515
45, 31, -52.876441
45, 32, 15.446887
45, 33, 15.759408
45, 35, 12.967015
45, 36, -35.565086
45, 37, 4.020543
45, 38, 19.931133
45, 40, -21.007314
45, 41, -9.077064
45, 42, 28.480187
45, 43, -38.787884
45, 44, 13.999310
45, 46, -31.718549
45, 47, -3.614368
45, 48, 59.675271
45, 49, 1.615792
46, 1, -1.288109
46, 2, -28.070556
46, 4, 3.508332
46, 5, 31.920883
46, 6, -16.280872
46, 7, -12.781997
46, 8, -24.099653
46, 9, 6.929290
46, 10, 19.167945
46, 11, -19.536393
46, 13, 30.895023
46, 14, -2.296987
46, 16, -40.437274
46, 17, -23.507123
46, 19, 3.291301
46, 20, 57.257211
46, 21, 12.455466
46, 22, -7.372552
46, 23, 13.752086
46, 25, -26.578939
46, 26, 54.273748
46, 27, 21.739881
46, 28, -17.858680
46, 30, 14.544551
46, 31, -55.532425
46, 32, 11.031204
46, 34, -34.973843
46, 35, 26.248696
46, 36, -31.538618
46, 37, 7.297140
46, 38, 21.388953
46, 40, -27.759488
46, 41, -5.550708
46, 42, 41.572566
46, 43, -16.282639
46, 44, 23.389202
46, 45, -73.000000
46, 46, -25.959344
46, 47, -4.025540
46, 48, 58.324729
46, 50, 7.363448
47, 1, 2.544991
47, 2, -22.617041
47, 3, 17.116701
47, 4, 12.703322
47, 6, -10.064209
47, 7, -13.096659
47, 8, -28.526333
47, 9, 5.207697
47, 10, 12.803429
47, 11, -1.721606
47, 12, 74.352865
47, 13, 33.799349
47, 17, -30.175622
47, 19, 7.708699
47, 20, 61.225750
47, 21, -10.560104
47, 22, -11.120534
47, 23, 28.911034
47, 24, -33.000000
47, 25, -27.573475
47, 27, 31.480776
47, 28, -10.328603
47, 29, 99999.000000
47, 31, -54.143688
47, 32, 13.136303
47, 34, -40.870135
47, 37, -0.410676
47, 38, 18.112271
47, 39, -0.603895
47, 40, -34.463706
47, 41, -9.738325
47, 42, 45.178171
47, 43, -14.530641
47, 44, 11.925239
47, 46, -32.662065
47, 47, 16.117786
47, 49, 24.533268
48, 1, -19.493766
48, 3, 12.648378
48, 4, 29.118124
48, 5, -20.407315
48, 6, -23.514310
48, 7, 13.207229
48, 8, -23.832963
48, 9, 7.546324
48, 10, 29.450196
48, 11, -4.478046
48, 13, 30.818144
48, 15, 22.488255
48, 16, -47.235060
48, 17, -38.268547
48, 20, 59.892548
48, 21, -14.654408
48, 22, -8.367993
48, 23, 25.356092
48, 25, -5.308963
48, 26, -92.000000
48, 27, 47.585485
48, 30, -55.783331
48, 32, -2.626591
48, 34, -34.924251
48, 35, -16.202246
48, 36, 5.013255
48, 37, 1.835278
48, 38, 17.161519
48, 39, -3.502730
48, 41, 3.098685
48, 42, 51.091474
48, 43, 12.633532
48, 44, 16.188970
48, 45, 34.367612
48, 46, -27.370277
48, 47, 10.655729
48, 48, -19.064688
48, 49, 27.987567
48, 50, 26.540865
49, 1, -10.428804
49, 3, 9.213241
49, 4, 37.144858
49, 5, -21.632703
49, 6, -27.224194
49, 7, 6.430739
49, 8, -21.802698
49, 9, 9.909737
49, 10, 23.521199
49, 11, 9.039553
49, 13, 29.566527
49, 16, -48.303175
49, 17, -39.219836
49, 18, -37.660041
49, 19, -30.951342
49, 21, -29.783735
49, 22, -9.629549
49, 24, -76.000000
49, 25, -4.054541
49, 27, 53.033303
49, 28, -19.969540
49, 29, 23.099639
49, 30, -57.532188
49, 31, 43.191663
49, 32, -3.200084
49, 33, 11.812274
49, 34, -45.494334
49, 35, -12.797754
49, 36, -5.146694
49, 37, 0.882047
49, 38, 18.992647
49, 39, -20.414591
49, 40, 22.288978
49, 41, 5.082152
49, 42, 54.124153
49, 43, 10.265993
49, 45, 33.558540
49, 48, -27.555278
49, 49, 21.655602
49, 50, 32.303175
50, 1, -24.458111
50, 3, 4.452782
50, 4, 44.406175
50, 5, -14.066034
50, 6, -34.564328
50, 8, -13.386672
50, 10, 35.589922
50, 13, 32.835262
50, 14, -48.184048
50, 15, 61.000000
50, 16, -44.599723
50, 17, -41.695943
50, 18, -34.339959
50, 19, -32.048658
50, 20, 4.000000
50, 22, -8.337758
50, 23, 75.000000
50, 25, 10.791289
50, 26, 68.000000
50, 27, 58.471242
50, 28, -16.030460
50, 29, 24.900361
50, 30, -52.653867
50, 31, 45.808337
50, 32, -17.748024
50, 33, 0.913268
50, 34, -42.505670
50, 36, -7.751661
50, 37, 6.945034
50, 39, -21.872223
50, 40, 22.711022
50, 41, 18.505090
50, 42, 56.087769
50, 43, 29.102525
50, 44, -53.000000
50, 45, 26.873371
50, 46, -72.000000
50, 47, -8.000000
50, 48, -26.723638
50, 49, 24.778813
50, 50, 33.293918
