1, 1, 33.000000
1, 3, -25.811300
1, 4, 9.765321
1, 6, 3.720981
1, 7, 8.494298
1, 8, 34.402380
1, 9, -26.819495
1, 10, -19.000000
1, 11, 3.543502
1, 12, 99999.000000
1, 13, -86.000000
1, 14, -58.094662
1, 15, -38.000000
1, 16, 28.088866
1, 18, -85.000000
1, 19, -41.891584
1, 20, -20.721391
1, 21, -18.484760
1, 22, -14.017455
1, 23, 6.545757
1, 24, 12.725711
1, 25, -29.251546
1, 26, 99999.000000
1, 27, 62.000000
1, 28, 5.630490
1, 29, -41.000000
1, 30, -36.710265
1, 32, -8.933981
1, 33, -37.298300
1, 34, -10.245311
1, 35, -2.920841
1, 37, -82.000000
1, 38, -87.000000
1, 39, 82.000000
1, 40, -2.458089
1, 41, 15.992011
1, 42, -24.614454
1, 43, -36.691548
1, 45, 5.737386
1, 46, -81.000000
1, 47, -10.328521
1, 49, 45.000000
1, 50, 19.472624
2, 2, 10.189937
2, 3, -21.730287
2, 4, 15.129353
2, 5, -39.296492
2, 6, 1.607079
2, 7, 10.975991
2, 8, 34.597620
2, 9, -16.674114
2, 11, 4.207138
2, 14, -57.905338
2, 16, 0.029582
2, 17, -43.295436
2, 18, -91.035498
2, 19, -41.080191
2, 20, -28.714109
2, 21, -19.044740
2, 22, -8.618106
2, 23, 3.694417
2, 24, 18.897032
2, 25, -24.047758
2, 26, -29.449217
2, 28, 7.715690
2, 30, -31.360530
2, 31, 10.975390
2, 32, -9.411368
2, 33, -39.161369
2, 34, -16.932753
2, 35, -9.815493
2, 36, -70.532540
2, 40, -10.028087
2, 41, 17.887314
2, 42, -20.118960
2, 43, -33.145255
2, 44, -24.345940
2, 45, 14.711072
2, 47, -5.115795
2, 48, -8.844673
2, 50, 16.190307
3, 1, -15.410515
3, 2, 50.937717
3, 3, -25.918792
3, 4, 9.676367
3, 5, -46.137471
3, 6, 3.456836
3, 7, 8.495049
3, 9, -26.821675
3, 11, 1.951719
3, 12, 31.268524
3, 13, 99999.000000
3, 15, -25.887589
3, 16, 28.095907
3, 17, 0.079516
3, 18, 99999.000000
3, 19, -42.019177
3, 20, -20.707314
3, 21, -20.320083
3, 22, -14.031537
3, 23, 4.312074
3, 24, 12.788094
3, 25, -27.984953
3, 26, -29.897727
3, 27, 1.074772
3, 28, 5.634151
3, 29, 56.656711
3, 30, -36.707731
3, 31, 11.829131
3, 32, -7.845044
3, 33, -34.384605
3, 34, -9.113089
3, 35, -2.334427
3, 36, -70.467460
3, 37, -79.000000
3, 38, 41.781027
3, 39, -7.578454
3, 40, -2.825427
3, 41, 15.990415
3, 42, -24.612389
3, 43, -36.840036
3, 44, -5.983229
3, 45, 5.772042
3, 47, -8.514559
3, 48, -9.970260
3, 49, -45.672459
3, 50, 19.483920
4, 1, -16.381747
4, 2, 10.100281
4, 3, -21.911737
4, 4, 15.004803
4, 5, -39.347025
4, 6, 1.489740
4, 8, -36.437976
4, 9, -16.671236
4, 10, -95.000000
4, 11, 1.272644
4, 12, 32.366713
4, 14, 18.705107
4, 15, -26.112411
4, 16, 99999.000000
4, 17, -43.300411
4, 18, 97.000000
4, 19, -39.596659
4, 20, -28.702145
4, 21, -21.934649
4, 22, -8.634510
4, 23, 1.076305
4, 24, 19.022647
4, 25, -23.224543
4, 26, -28.765800
4, 27, -2.392526
4, 29, 53.053749
4, 30, -31.353426
4, 31, 11.019348
4, 32, -7.747972
4, 33, -33.919389
4, 34, -15.910418
4, 35, -8.776461
4, 38, 41.218973
4, 39, -1.766945
4, 40, -10.845275
4, 43, -33.297220
4, 44, -25.869180
4, 45, 14.755930
4, 46, 99999.000000
4, 47, -1.921384
4, 48, -8.848616
4, 49, -42.371686
4, 50, 16.202499
5, 1, -15.110091
5, 2, 50.938979
5, 3, -26.128893
5, 4, 9.582592
5, 5, -46.206237
5, 6, 3.257830
5, 7, 10.371787
5, 8, -24.788635
5, 9, -26.832338
5, 11, -1.936817
5, 12, 31.264488
5, 13, 4.809067
5, 14, 16.392702
5, 16, -24.056020
5, 17, 0.095757
5, 18, 99999.000000
5, 19, -42.391735
5, 21, -25.093775
5, 22, 99999.000000
5, 23, -1.272013
5, 24, 12.905880
5, 25, -25.275274
5, 26, -29.780211
5, 27, 2.474186
5, 28, -64.000000
5, 29, 56.660653
5, 30, 99999.000000
5, 31, 11.922735
5, 32, -5.102966
5, 33, -26.295133
5, 34, -6.065027
5, 35, -0.979640
5, 36, 7.596121
5, 39, -8.255549
5, 40, -3.543527
5, 41, 14.905427
5, 43, -37.145727
5, 44, -8.887434
5, 45, 5.803080
5, 46, -92.000000
5, 47, -3.804812
5, 49, -45.675504
5, 50, 19.491088
6, 1, -15.908935
6, 2, 10.006664
6, 3, -22.090059
6, 5, -39.397680
6, 6, 2.191481
6, 7, 14.413645
6, 8, -33.682096
6, 9, 99999.000000
6, 10, -9.746960
6, 11, -2.941202
6, 13, 10.519968
6, 14, 17.511739
6, 15, 99999.000000
6, 16, -14.467242
6, 17, 99999.000000
6, 18, 26.828358
6, 19, -37.405992
6, 20, -11.157402
6, 21, -26.685836
6, 22, 37.809709
6, 23, -2.849123
6, 24, 19.111077
6, 25, -22.800215
6, 26, -26.582117
6, 27, 1.160578
6, 28, 99999.000000
6, 30, -23.000000
6, 31, 11.103447
6, 32, -5.170517
6, 33, -24.663615
6, 34, -14.073537
6, 35, -7.327369
6, 36, 0.704876
6, 38, -21.080320
6, 39, -2.873412
6, 40, -11.652788
6, 41, 6.649801
6, 42, -57.302453
6, 43, -33.396972
6, 44, -29.277951
6, 47, 3.216722
6, 49, -42.377357
7, 1, -14.619855
7, 2, 99999.000000
7, 3, -26.230432
7, 4, -21.124312
7, 6, 4.089437
7, 7, 10.356110
7, 8, -20.282954
7, 9, 8.250496
7, 10, -2.551127
7, 11, -5.891949
7, 12, 21.843736
7, 13, 5.066930
7, 14, 13.259276
7, 15, 43.000000
7, 16, -22.527370
7, 17, -66.000000
7, 18, -29.000000
7, 19, -42.879648
7, 20, -17.931581
7, 21, -31.164538
7, 22, 11.848244
7, 23, -7.624362
7, 25, -23.390747
7, 26, -28.771410
7, 27, 6.306154
7, 28, -52.000000
7, 29, -21.990270
7, 31, 11.990728
7, 32, -2.092189
7, 33, -15.097844
7, 34, -2.114302
7, 35, 0.376811
7, 36, 6.596107
7, 38, -19.103991
7, 39, -9.590672
7, 40, -3.900256
7, 41, 12.922728
7, 42, -50.817458
7, 43, -37.299774
7, 44, -12.516244
7, 46, -9.175753
7, 47, 2.066211
7, 50, 10.625631
8, 1, -15.607848
8, 4, -21.875688
8, 5, 3.376052
8, 6, 4.246855
8, 8, -26.379062
8, 9, -14.835032
8, 10, -10.158633
8, 11, -5.973268
8, 12, 15.663570
8, 13, 10.698370
8, 14, 13.631215
8, 16, -14.269635
8, 19, -35.555384
8, 20, -10.654346
8, 21, -31.924623
8, 22, 36.231022
8, 23, -6.306443
8, 24, -2.000000
8, 25, -23.905960
8, 26, -22.678235
8, 27, 7.393889
8, 29, -26.850389
8, 30, -22.017312
8, 32, -2.877781
8, 33, -13.960845
8, 34, -11.998986
8, 35, -6.144948
8, 36, -1.043774
8, 37, -45.859162
8, 38, -19.206706
8, 39, -3.974708
8, 41, 1.699454
8, 42, -57.300857
8, 43, 99999.000000
8, 44, -32.015182
8, 45, 5.847306
8, 46, -9.667342
8, 47, 8.507425
8, 48, -10.472270
8, 49, 14.000000
8, 50, 18.494850
9, 3, -23.385687
9, 5, 4.574469
9, 6, 5.924385
9, 8, -12.883450
9, 9, 9.261587
9, 10, -3.336718
9, 11, -7.559433
9, 12, 21.843173
9, 13, 5.664794
9, 14, 6.702470
9, 15, 23.000000
9, 16, -18.866315
9, 17, 60.000000
9, 18, -12.000000
9, 19, -43.232196
9, 20, -16.328915
9, 21, -36.780784
9, 22, 11.600060
9, 23, -12.152012
9, 25, -23.872715
9, 26, -25.645821
9, 27, 11.706309
9, 29, -21.999538
9, 30, -17.437339
9, 31, -68.000000
9, 32, -0.411864
9, 33, -4.191668
9, 34, 1.240695
9, 35, 1.230568
9, 36, 4.594238
9, 37, -31.357654
9, 38, -16.665070
9, 39, -10.258211
9, 40, 14.295215
9, 41, 7.921358
9, 43, -1.786943
9, 44, -14.143073
9, 45, 2.813071
9, 46, -10.259105
9, 47, 7.194680
9, 48, -16.753819
9, 50, 10.603328
10, 1, 7.871607
10, 2, -44.685450
10, 3, -25.358874
10, 4, -3.962456
10, 5, 3.391553
10, 6, 6.728612
10, 7, -12.066913
10, 8, -17.131805
10, 9, -12.963569
10, 10, -10.965253
10, 13, 10.934311
10, 14, 6.624320
10, 16, -13.863318
10, 18, 99999.000000
10, 19, -34.844441
10, 20, -9.258958
10, 21, -36.481823
10, 22, 31.803650
10, 23, -7.995247
10, 24, -13.469593
10, 25, -26.365017
10, 26, -17.110236
10, 27, 14.917922
10, 29, -26.862184
10, 30, -22.004377
10, 32, -1.952689
10, 33, -5.328991
10, 34, -10.586902
10, 35, -5.538267
10, 36, -2.798024
10, 37, -45.915797
10, 38, -13.869465
10, 40, 21.501963
10, 41, -6.005976
10, 42, -54.013503
10, 43, 47.000000
10, 45, 5.937769
10, 46, -11.928933
10, 47, 12.361395
10, 48, -11.305927
10, 49, 2.571675
10, 50, 18.467976
11, 1, 18.937081
11, 2, -48.034340
11, 3, -23.810448
11, 4, 6.188787
11, 5, 4.589752
11, 6, 7.318872
11, 7, -17.620941
11, 8, -5.320120
11, 9, 11.744645
11, 10, -4.115787
11, 11, -25.840069
11, 12, -16.000000
11, 13, 6.156977
11, 14, -3.164188
11, 15, 0.000000
11, 16, -15.215787
11, 17, -5.730610
11, 20, -13.458103
11, 21, -40.636479
11, 22, 10.622843
11, 23, -13.553041
11, 24, -15.719319
11, 25, -26.284884
11, 26, -19.800393
11, 27, 17.621743
11, 28, 9.514791
11, 30, -17.427227
11, 32, -1.055451
11, 33, 2.585110
11, 34, 2.567585
11, 35, 1.504469
11, 36, 3.583839
11, 37, -31.591343
11, 38, -12.106242
11, 39, -2.095229
11, 40, 16.645136
11, 41, 2.020061
11, 42, -53.290040
11, 44, 9.157587
11, 45, 2.931127
11, 46, -13.058375
11, 47, 10.139082
11, 48, -18.310847
11, 49, 8.820968
11, 50, 10.586168
12, 1, 8.956908
12, 2, -45.394717
12, 3, -26.358738
12, 4, -1.832950
12, 6, 7.644575
12, 7, -13.043164
12, 8, -9.452184
12, 9, -8.777546
12, 10, -11.365023
12, 11, -25.687521
12, 13, 11.045328
12, 14, -3.241722
12, 15, 11.065080
12, 16, -13.651118
12, 17, -7.241756
12, 18, 0.685270
12, 19, -0.779119
12, 20, -7.025757
12, 21, -39.551505
12, 22, 25.312991
12, 23, -7.673492
12, 24, -13.362889
12, 25, -28.652732
12, 26, -10.461708
12, 27, 22.239339
12, 28, 9.485209
12, 29, 80.000000
12, 31, 18.733696
12, 32, -2.804160
12, 33, -1.995133
12, 37, -46.062682
12, 38, -5.988001
12, 39, -2.510721
12, 40, 25.773973
12, 41, -13.530605
12, 42, -54.017915
12, 43, -14.819129
12, 44, 4.489975
12, 45, 6.021202
12, 46, -15.493343
12, 47, 13.767969
12, 48, -12.972075
12, 49, 2.594324
13, 1, 19.986150
13, 2, -49.122360
13, 3, -24.763392
13, 4, 9.081189
13, 5, 43.443110
13, 6, 6.390687
13, 7, -18.415176
13, 8, -0.548014
13, 9, 14.267031
13, 11, -25.637056
13, 12, 99999.000000
13, 14, -15.144444
13, 15, 99999.000000
13, 16, -13.700503
13, 17, -5.717660
13, 18, 0.214747
13, 19, -5.061564
13, 20, -9.605641
13, 21, -41.999637
13, 22, 8.558616
13, 23, -12.310630
13, 24, -15.528375
13, 25, -28.562839
13, 26, -11.964440
13, 27, 23.060181
13, 30, -36.254881
13, 31, 18.266304
13, 32, -3.828771
13, 34, -3.485141
13, 35, 5.181693
13, 36, -44.035498
13, 37, -31.905794
13, 38, -6.207158
13, 39, -2.136459
13, 40, 21.891873
13, 41, -2.776460
13, 43, -17.023491
13, 44, 9.136266
13, 46, -16.269095
13, 48, -19.872303
13, 49, 8.841622
13, 50, 7.938563
14, 1, 11.917811
14, 2, -47.142487
14, 3, -27.604114
14, 4, 3.811527
14, 5, 33.875988
14, 6, 5.398549
14, 7, -15.492936
14, 8, -6.459614
14, 9, -5.423944
14, 10, 26.266745
14, 11, -25.423061
14, 12, 13.587556
14, 13, -11.982300
14, 14, -14.434345
14, 16, 99999.000000
14, 17, -7.227384
14, 18, 0.682844
14, 19, -0.761465
14, 20, -3.757509
14, 21, -40.637970
14, 22, 17.954602
14, 23, -6.181441
14, 24, -13.168065
14, 25, -28.986865
14, 26, -3.800036
14, 27, 28.153626
14, 28, -31.316453
14, 30, -53.002982
14, 32, -4.910987
14, 33, -43.523461
14, 34, -2.514859
14, 35, 4.114535
14, 36, -43.964502
14, 37, -46.191090
14, 38, 2.793998
14, 39, -2.563063
14, 40, 31.080746
14, 41, -18.684461
14, 42, 99999.000000
14, 43, -15.223906
14, 44, 4.466264
14, 46, -18.672765
14, 47, -8.956830
14, 48, -13.814298
14, 50, 7.457711
15, 1, 21.824158
15, 2, -50.700875
15, 3, -25.527991
15, 4, 13.859591
15, 5, 41.095127
15, 6, 2.199142
15, 7, -19.576676
15, 9, 15.323686
15, 10, 11.589485
15, 11, -25.239612
15, 12, -9.227453
15, 13, -3.775194
15, 14, -26.881241
15, 15, 99999.000000
15, 16, -6.872268
15, 18, 0.214573
15, 19, -5.044522
15, 20, -4.854993
15, 21, 99999.000000
15, 22, 5.603272
15, 23, -10.226999
15, 24, -15.347968
15, 25, -28.545381
15, 26, -3.987634
15, 27, 27.282997
15, 28, -33.535777
15, 29, 33.641271
15, 30, -36.237987
15, 31, -84.000000
15, 32, -7.365538
15, 33, -45.952018
15, 35, 6.720969
15, 37, -32.054788
15, 38, -0.270700
15, 39, -2.173345
15, 40, 26.094494
15, 41, -5.352092
15, 42, 40.000000
15, 43, -17.658692
15, 45, -10.231654
15, 46, -18.205218
15, 47, -16.038561
15, 49, 7.289033
15, 50, 5.822966
16, 1, 15.857497
16, 2, -49.048375
16, 3, -28.158404
16, 4, 11.340494
16, 5, 29.495338
16, 6, -0.091904
16, 7, -18.226205
16, 8, -21.443863
16, 10, 25.999833
16, 11, -25.161638
16, 12, 13.564398
16, 13, -11.933650
16, 14, -24.348750
16, 15, -36.864924
16, 16, -3.691585
16, 17, 53.751445
16, 20, 0.794259
16, 21, 10.628812
16, 22, 11.363081
16, 23, -4.906977
16, 24, -13.076978
16, 25, -26.569850
16, 26, 1.608378
16, 27, 32.067926
16, 28, -31.313676
16, 29, 29.436882
16, 30, -53.006099
16, 32, -7.048700
16, 33, -43.531229
16, 34, 2.000000
16, 35, 6.772007
16, 36, 66.000000
16, 38, 10.356223
16, 40, 33.444594
16, 41, -20.477069
16, 43, -15.871474
16, 44, 26.465040
16, 45, -17.234917
16, 46, -19.719670
16, 47, -8.968634
16, 48, -8.480082
16, 49, -3.169639
16, 50, 3.894689
17, 1, 23.862010
17, 2, -51.998653
17, 4, 19.273910
17, 5, 34.213700
17, 6, -4.671011
17, 7, -20.536102
17, 8, -24.161756
17, 9, -26.242869
17, 10, 11.137471
17, 11, -25.040844
17, 12, -9.219178
17, 13, -3.740005
17, 14, -35.508189
17, 15, -23.306034
17, 16, -8.397730
17, 17, 53.248555
17, 18, 13.371999
17, 19, 86.000000
17, 20, 0.688689
17, 21, 0.542579
17, 22, 2.834847
17, 23, -9.250804
17, 25, -25.474257
17, 26, 1.947543
17, 27, 29.970036
17, 28, -33.538431
17, 29, 33.493614
17, 30, -36.222081
17, 31, 99999.000000
17, 32, -9.803834
17, 33, -45.958227
17, 35, 9.788298
17, 38, 4.147228
17, 39, 9.197737
17, 42, -9.634824
17, 43, -18.053324
17, 44, 30.395910
17, 45, -10.223576
17, 46, -17.554535
17, 47, -16.058876
17, 48, -1.647419
17, 49, 6.492156
17, 50, 0.510224
18, 1, 19.287879
18, 2, -50.241551
18, 3, -73.000000
18, 4, 19.225614
18, 5, 21.186932
18, 6, -7.447460
18, 7, -19.974181
18, 8, -21.659796
18, 9, -25.721964
18, 10, 25.465835
18, 12, 13.540477
18, 13, -11.868801
18, 14, -30.206447
18, 15, -36.600994
18, 16, -4.652152
18, 18, 3.785220
18, 20, 6.462033
18, 21, 10.401127
18, 22, 7.392704
18, 24, -33.645019
18, 25, -22.094970
18, 26, 4.648882
18, 27, 34.084768
18, 29, 29.247776
18, 30, 99999.000000
18, 32, -7.948646
18, 34, 23.000000
18, 35, 9.431045
18, 36, 21.544373
18, 37, 73.000000
18, 38, 14.720523
18, 39, 18.646909
18, 40, 5.893992
18, 41, 34.769728
18, 42, -5.678685
18, 44, 26.461472
18, 45, -17.219174
18, 46, -17.696908
18, 47, -8.985888
18, 48, -8.461595
18, 49, -4.626695
18, 50, -1.526521
19, 1, 25.233906
19, 2, -52.483196
19, 4, 24.494227
19, 5, 23.656490
19, 6, -12.517832
19, 7, -20.894197
19, 8, -24.524326
19, 9, -26.231040
19, 10, 10.686918
19, 11, -16.231941
19, 13, -3.727555
19, 14, -38.686269
19, 15, -23.568701
19, 16, -12.485703
19, 17, -36.431675
19, 18, 12.936002
19, 19, 11.704781
19, 20, 6.584979
19, 21, 1.034746
19, 22, 1.677789
19, 23, -0.379349
19, 24, -34.354981
19, 25, -20.488308
19, 26, 4.145461
19, 27, 31.208187
19, 28, -20.397928
19, 29, 33.268053
19, 30, -57.378715
19, 31, -90.000000
19, 33, 21.580921
19, 35, 11.329198
19, 36, 21.455627
19, 38, 5.778464
19, 39, 7.731697
19, 40, -1.605167
19, 41, 34.604242
19, 42, -10.265154
19, 45, -10.208134
19, 46, -14.103677
19, 48, -1.627886
19, 49, 4.502452
19, 50, -5.493371
20, 1, 20.664431
20, 3, 62.000000
20, 4, 26.594920
20, 5, 10.405046
20, 6, -14.653996
20, 8, -22.013095
20, 10, 25.195377
20, 11, -9.722477
20, 15, -36.081151
20, 16, -7.186197
20, 17, -36.309796
20, 18, 3.031800
20, 19, 4.976824
20, 20, 12.434951
20, 21, 9.972806
20, 23, -9.630941
20, 25, -17.352878
20, 27, 34.670141
20, 28, -10.395072
20, 29, 29.136811
20, 30, -78.000000
20, 33, 12.758041
20, 34, 6.238908
20, 37, -37.272220
20, 39, 16.024515
20, 40, 5.904228
20, 41, 34.762438
20, 42, -7.842883
20, 43, 63.000000
20, 44, -8.948050
20, 46, -13.099911
20, 47, 24.551939
20, 49, -6.803788
20, 50, -6.271877
21, 2, 66.000000
21, 4, 29.189384
21, 5, 11.716982
21, 6, -19.290016
21, 7, -12.729897
21, 8, -24.755874
21, 11, -16.303253
21, 12, -29.440496
21, 13, -58.242571
21, 14, 8.141517
21, 15, -23.975528
21, 16, -17.736997
21, 17, -33.478874
21, 18, 12.086082
21, 19, 12.207117
21, 20, 12.061111
21, 21, 2.479117
21, 23, -0.373292
21, 25, -15.951270
21, 28, -21.873991
21, 31, -12.444677
21, 32, -13.000000
21, 33, 22.143866
21, 34, 19.599294
21, 35, 16.802287
21, 36, -26.716777
21, 37, -37.727780
21, 38, 7.790093
21, 39, 3.489944
21, 40, -1.345524
21, 41, 34.601039
21, 42, -11.899879
21, 43, 75.070996
21, 44, -7.311711
21, 45, 3.959086
21, 46, -9.032991
21, 47, 23.289367
21, 48, -35.128392
21, 49, 2.267690
21, 50, -9.398529
22, 1, -96.000000
22, 2, 99999.000000
22, 3, 23.555500
22, 4, 33.016013
22, 5, -0.004749
22, 6, -19.846746
22, 7, -15.324208
22, 10, -6.781619
22, 11, -9.693778
22, 12, -29.004766
22, 13, -57.757429
22, 14, 14.569390
22, 15, -35.821111
22, 16, -10.237972
22, 17, -30.412126
22, 18, 2.290684
22, 19, 5.777983
22, 20, 17.563128
22, 21, 9.762685
22, 22, 80.514791
22, 23, -9.624405
22, 24, -62.210208
22, 25, -14.336219
22, 26, 45.451666
22, 28, -13.397808
22, 31, -13.301624
22, 33, 13.878449
22, 34, 6.153354
22, 35, 7.550484
22, 36, -24.640780
22, 38, 5.959832
22, 39, 11.092352
22, 40, 5.918350
22, 42, -11.510140
22, 43, 99999.000000
22, 44, -9.453232
22, 45, 5.884147
22, 46, -7.815231
22, 47, 23.478829
22, 48, -29.320323
22, 49, -8.672139
22, 50, -8.145761
23, 3, 23.144287
23, 4, 33.132597
23, 5, 2.067432
23, 6, -23.208240
23, 7, -12.688594
23, 8, 7.213632
23, 9, -8.845350
23, 10, -0.945736
23, 11, -16.439224
23, 12, -28.614488
23, 14, 8.151231
23, 16, -22.157267
23, 17, -25.978355
23, 18, 11.663681
23, 19, 13.009521
23, 20, 16.392525
23, 21, 4.621321
23, 22, 80.485209
23, 23, -0.369137
23, 24, -48.430145
23, 25, -14.126519
23, 26, 47.041202
23, 28, -25.494593
23, 30, 16.497862
23, 31, -13.994994
23, 32, 91.000000
23, 33, 23.606474
23, 34, 19.581512
23, 35, 17.550641
23, 36, -24.916862
23, 37, 76.000000
23, 38, 7.790539
23, 39, -3.232350
23, 40, -1.021639
23, 41, 25.001313
23, 42, -13.778418
23, 43, -4.240038
23, 44, -7.944218
23, 45, 3.945489
23, 46, -4.522284
23, 47, 21.629742
23, 48, -35.122947
23, 49, 0.820701
24, 1, 12.851066
24, 2, -73.000000
24, 3, 23.705528
24, 4, 37.981068
24, 5, -6.489841
24, 6, -21.740157
24, 7, -15.271929
24, 8, 7.601352
24, 9, -13.338608
24, 10, -6.548589
24, 11, -9.640804
24, 12, -27.797826
24, 13, 33.000000
24, 14, 14.581966
24, 15, 3.944790
24, 16, -12.335931
24, 17, -21.308296
24, 19, 6.276694
24, 20, 20.996265
24, 21, 9.929390
24, 24, -62.435478
24, 26, 45.447160
24, 27, -12.200741
24, 28, -17.870065
24, 29, -54.762321
24, 30, 11.011711
24, 31, -16.707845
24, 33, 15.677017
24, 34, 6.066176
24, 35, 10.058312
24, 36, -21.246476
24, 37, 99999.000000
24, 38, 5.963226
24, 39, 4.277705
24, 40, 5.929298
24, 41, 32.087027
24, 42, -15.487828
24, 43, 29.421143
24, 44, -10.594661
24, 45, 5.872366
24, 46, -4.297929
24, 47, 20.912272
24, 49, -9.399671
24, 50, -62.000000
25, 1, 14.287782
25, 3, 23.365443
25, 4, 35.879240
25, 5, -1.670016
25, 7, -12.654014
25, 8, 7.222151
25, 9, -10.659976
25, 10, -0.539131
25, 11, -16.532258
25, 12, -26.775517
25, 15, -6.809221
25, 16, -23.896169
25, 17, -17.372919
25, 18, 14.000000
25, 20, 19.344817
25, 21, 6.917916
25, 22, -4.638471
25, 24, -49.056457
25, 25, 25.000000
25, 27, -16.492354
25, 28, -29.446584
25, 29, -44.414452
25, 30, 15.872785
25, 31, -17.727553
25, 33, 25.327548
25, 34, 99999.000000
25, 35, 19.263186
25, 36, -20.124281
25, 38, 7.794780
25, 39, -12.039428
25, 40, -0.873629
25, 41, 25.021988
25, 42, -14.930177
25, 43, -2.577000
25, 44, -8.739133
25, 46, -2.711997
25, 47, 19.292833
25, 48, -2.391286
26, 1, 12.848130
26, 2, -51.124243
26, 3, 24.023663
26, 4, 40.757579
26, 6, 2.882153
26, 8, 7.607580
26, 9, -16.806320
26, 10, -6.179118
26, 11, -9.609811
26, 12, -26.302000
26, 13, 54.798844
26, 14, -49.879259
26, 15, 3.938527
26, 17, -13.215094
26, 19, -22.521708
26, 20, 22.665826
26, 21, 10.291682
26, 22, -2.744927
26, 23, 0.509421
26, 24, -62.952773
26, 26, -19.194687
26, 27, -11.996435
26, 28, -21.685164
26, 29, -54.787285
26, 30, 10.482174
26, 31, -21.522811
26, 32, -44.000000
26, 33, 17.342682
26, 34, 28.749769
26, 35, 13.724224
26, 36, -15.454949
26, 39, -3.778849
26, 41, 32.106655
26, 42, -18.494524
26, 43, 29.969972
26, 44, -11.699514
26, 47, 18.347636
26, 48, -12.578717
26, 49, 38.000000
26, 50, -24.625048
27, 1, 14.285715
27, 2, -50.875757
27, 3, 23.601152
27, 4, 36.880885
27, 5, 5.574521
27, 6, 13.457470
27, 7, 19.003859
27, 9, -15.240279
27, 10, -0.287674
27, 12, -25.304289
27, 13, 55.201156
27, 14, -43.421005
27, 15, -6.815819
27, 16, -6.327033
27, 17, -11.696606
27, 18, -3.211027
27, 19, -20.725171
27, 20, 21.278475
27, 21, 8.679863
27, 22, -5.796790
27, 23, -1.513218
27, 24, -49.854995
27, 25, -56.000000
27, 26, -27.011709
27, 27, -16.178055
27, 28, -31.934121
27, 29, -44.449807
27, 30, 14.338545
27, 31, -21.463011
27, 32, -50.035498
27, 33, 26.490494
27, 34, 8.409485
27, 35, 20.816916
27, 36, -13.880866
27, 37, 9.538524
27, 38, -16.996604
27, 39, -22.126623
27, 40, -11.039638
27, 42, -14.664069
27, 43, 1.454359
27, 44, -9.279259
27, 45, -28.054957
27, 46, 2.777547
27, 47, 17.634288
27, 48, -3.071032
27, 50, -31.871226
28, 3, 24.193870
28, 5, -11.177778
28, 6, 2.032784
28, 7, 17.112686
28, 8, -22.124312
28, 9, -22.124972
28, 12, -25.635157
28, 14, -49.884328
28, 16, -6.936817
28, 17, -9.982437
28, 18, 0.810098
28, 19, -21.207020
28, 20, 23.219596
28, 21, 10.565165
28, 22, -5.570312
28, 23, 2.799235
28, 24, -63.375620
28, 26, -19.224541
28, 27, -11.686269
28, 28, -23.161714
28, 29, -54.814824
28, 30, 9.750414
28, 31, -24.933374
28, 32, 99999.000000
28, 33, 18.030880
28, 34, 28.696167
28, 35, 16.708956
28, 36, -9.005709
28, 37, 10.461476
28, 38, -13.507824
28, 39, -11.838174
28, 40, -13.638411
28, 41, -28.538938
28, 42, -19.750132
28, 43, 31.221858
28, 44, -12.314870
28, 45, -17.212917
28, 46, -1.673946
28, 47, 17.276837
28, 48, -13.466048
28, 49, -81.035498
28, 50, -23.615941
29, 1, -7.521102
29, 5, 6.056352
29, 6, 11.959802
29, 7, 19.013716
29, 8, -22.875688
29, 9, -20.456870
29, 10, 26.282663
29, 11, 57.641073
29, 13, 99999.000000
29, 15, 99999.000000
29, 16, -5.652320
29, 18, -3.221353
29, 19, -17.986878
29, 20, 22.777818
29, 21, 9.343673
29, 22, -8.640355
29, 23, 1.915514
29, 24, -50.218761
29, 25, 10.066366
29, 26, -27.254066
29, 27, -15.993183
29, 30, 12.655786
29, 31, -23.016840
29, 32, -3.229153
29, 34, 8.452502
29, 35, 21.307070
29, 36, -8.148638
29, 38, -17.573180
29, 39, -31.907538
29, 40, -11.027466
29, 41, -21.539422
29, 42, -13.007176
29, 43, 5.525930
29, 44, -9.452603
29, 45, -28.086693
29, 46, 2.769850
29, 48, -5.005017
29, 49, -80.964502
29, 50, -30.388420
30, 1, -5.027815
30, 2, -33.314880
30, 3, 15.243544
30, 4, 6.807779
30, 5, -10.917551
30, 6, 0.017515
30, 9, -26.824954
30, 10, 27.386798
30, 11, 52.915276
30, 12, 41.082710
30, 13, -6.370481
30, 14, 12.108193
30, 15, 12.562122
30, 16, -5.855459
30, 17, 4.965624
30, 19, -17.953812
30, 20, 23.446701
30, 22, -9.622305
30, 23, 8.566993
30, 25, 9.122636
30, 26, -19.317027
30, 28, -2.762593
30, 29, 0.067799
30, 30, 9.176816
30, 32, -8.118327
30, 33, -62.000000
30, 34, 28.618393
30, 35, 17.703311
30, 36, -3.955539
30, 37, 4.792552
30, 38, -14.523899
30, 39, -17.981867
30, 40, -13.631076
30, 41, -28.538281
30, 42, -19.387056
30, 43, 32.244759
30, 45, -17.256868
30, 47, 24.070996
30, 48, -15.055949
30, 50, -21.059132
31, 1, -8.425970
31, 2, -36.593428
31, 3, 7.025567
31, 4, 7.953553
31, 5, 6.992647
31, 6, 9.871997
31, 7, -44.911979
31, 8, 17.390155
31, 9, -23.878509
31, 10, 26.300319
31, 11, 55.276144
31, 12, 43.193732
31, 13, 7.823139
31, 14, 23.044272
31, 15, 2.000000
31, 16, -4.178196
31, 17, 5.585721
31, 18, 63.000000
31, 19, -13.922116
31, 20, 24.099177
31, 21, -14.039220
31, 22, -11.536283
31, 23, 7.014340
31, 24, -57.101168
31, 25, 10.113889
31, 26, -27.612724
31, 28, -10.325552
31, 29, -2.725552
31, 30, 11.588440
31, 31, -69.000000
31, 32, -3.227182
31, 34, 8.497500
31, 35, 20.601526
31, 36, -4.727093
31, 37, -1.750394
31, 38, -18.727198
31, 39, -39.160830
31, 42, -10.784710
31, 43, 7.234719
31, 44, -85.000000
31, 45, -28.119820
31, 46, -34.331384
31, 47, 23.929004
31, 48, -7.671044
31, 50, -28.075886
32, 1, -7.529758
32, 2, -31.950340
32, 3, 14.823641
32, 4, 8.157458
32, 5, -10.762581
32, 6, -1.950821
32, 7, -46.195090
32, 8, 8.857391
32, 9, -28.696524
32, 10, 27.404197
32, 11, 48.620556
32, 12, 39.677688
32, 13, -5.897553
32, 14, 12.105023
32, 16, -4.547390
32, 17, 5.354599
32, 19, -14.270430
32, 20, 23.697713
32, 21, -9.648343
32, 22, -12.525643
32, 23, 15.132664
32, 24, -55.736517
32, 25, 9.190947
32, 26, -19.441990
32, 28, -2.675539
32, 29, -0.151209
32, 30, 8.965834
32, 31, 99999.000000
32, 33, -49.000000
32, 35, 16.502874
32, 36, -2.033526
32, 37, 4.705703
32, 38, -15.546123
32, 39, -20.302577
32, 40, -3.019291
32, 42, -18.366273
32, 46, -34.668616
32, 48, -16.827084
32, 49, 2.646416
32, 50, -17.981898
33, 1, -10.063498
33, 2, -33.332931
33, 3, 6.520636
33, 4, 10.723487
33, 5, 7.454539
33, 6, 8.420063
33, 7, -44.903248
33, 8, 16.259626
33, 11, 49.530562
33, 12, 39.918567
33, 13, 7.881245
33, 14, 23.052712
33, 15, 55.000000
33, 16, -3.030187
33, 17, 6.217566
33, 18, -21.195240
33, 19, -10.334222
33, 20, 24.971732
33, 21, -14.591644
33, 22, -12.753499
33, 23, 11.199301
33, 24, -57.118603
33, 25, 10.167962
33, 26, -27.882934
33, 27, -22.466610
33, 28, -10.066719
33, 29, -3.979424
33, 31, -14.260388
33, 32, -7.008220
33, 34, 11.000000
33, 35, 19.295692
33, 37, -1.865714
33, 38, -19.310995
33, 39, -41.857213
33, 40, 0.529494
33, 42, -9.217118
33, 45, 18.481499
33, 47, -63.613539
33, 48, -10.047216
33, 49, 7.257881
33, 50, -25.787645
34, 1, -10.402780
34, 2, -28.174417
34, 3, 13.995357
34, 4, 11.880846
34, 5, 99999.000000
34, 6, -2.747354
34, 8, 7.047203
34, 9, -54.399707
34, 10, -19.156768
34, 11, 42.491990
34, 12, 36.090234
34, 13, -5.142485
34, 14, 12.114390
34, 16, -3.986832
34, 17, 5.979601
34, 18, -20.804760
34, 19, -11.510250
34, 20, 23.839226
34, 21, -10.384547
34, 23, 19.609915
34, 24, -55.759342
34, 26, -19.509794
34, 27, -15.925721
34, 28, -2.602791
34, 29, -1.008658
34, 30, 4.000000
34, 31, -55.000000
34, 32, -1.194825
34, 33, 21.692282
34, 35, 13.896601
34, 36, 21.226065
34, 37, 4.622666
34, 39, 99999.000000
34, 40, -3.156797
34, 41, 16.000000
34, 42, -17.846080
34, 43, -21.817269
34, 44, 37.883125
34, 45, 3.286325
34, 46, 85.000000
34, 47, -95.982251
34, 48, -18.013009
34, 49, 1.484020
34, 50, -15.403370
35, 1, -10.413128
35, 2, -27.723302
35, 3, 6.021176
35, 4, 15.556870
35, 5, 36.000000
35, 7, -23.197327
35, 8, 13.006488
35, 9, -50.864390
35, 10, -13.143804
35, 11, 43.715518
35, 12, 34.847598
35, 13, 7.942752
35, 14, 23.067263
35, 15, -90.000000
35, 17, 6.615044
35, 19, -8.331820
35, 21, -15.843944
35, 22, -28.336994
35, 23, 12.416341
35, 24, -57.134607
35, 25, -15.408297
35, 27, -22.413420
35, 28, -9.959250
35, 29, -6.457858
35, 32, -6.992841
35, 33, 21.307718
35, 34, -17.441955
35, 35, 18.226665
35, 36, 15.594112
35, 38, 2.594854
35, 39, -7.869758
35, 40, 0.189652
35, 41, 25.053247
35, 43, -18.260843
35, 44, 43.703415
35, 45, 18.687303
35, 47, -63.605841
35, 48, -11.009758
35, 49, 4.870425
35, 50, -24.184829
36, 1, -11.458475
36, 2, -22.945005
36, 3, 13.580091
36, 4, 16.918359
36, 6, -93.000000
36, 7, -42.733764
36, 8, 3.844172
36, 9, -54.398487
36, 10, -19.969206
36, 11, 38.104660
36, 12, 31.943814
36, 15, 99999.000000
36, 18, -8.952601
36, 19, -10.182810
36, 20, -28.403579
36, 21, -11.359727
36, 22, -35.473782
36, 23, 20.377125
36, 25, -15.591703
36, 26, -45.199257
36, 27, -15.851387
36, 28, -2.935936
36, 29, -2.739806
36, 30, -10.088745
36, 31, 14.691447
36, 32, -1.079181
36, 34, -17.083400
36, 35, 11.085398
36, 36, 23.007963
36, 37, 0.000000
36, 38, -2.639016
36, 39, 7.886148
36, 40, -3.448031
36, 41, 99999.000000
36, 42, 1.845231
36, 43, -21.820649
36, 44, 37.920133
36, 45, 5.055249
36, 46, -8.851853
36, 47, 99999.000000
36, 49, -1.114519
36, 50, -13.976276
37, 1, -8.615277
37, 2, -21.464329
37, 4, 21.023659
37, 5, -13.000000
37, 7, -23.186062
37, 8, 8.048209
37, 10, -14.713694
37, 11, 41.270809
37, 12, 30.329660
37, 13, 18.848409
37, 14, -30.047576
37, 15, 23.522799
37, 16, -43.000000
37, 17, -15.461532
37, 18, -8.047399
37, 19, -7.909511
37, 20, -29.087925
37, 21, -17.072983
37, 22, -27.028189
37, 23, 10.277039
37, 24, 33.600191
37, 26, -56.111587
37, 27, -22.358276
37, 28, -10.468649
37, 29, -9.774013
37, 30, -9.911255
37, 31, 13.875852
37, 32, -6.766879
37, 33, 5.579939
37, 34, -17.986619
37, 35, 17.958301
37, 36, 18.647666
37, 38, 3.308684
37, 39, -8.118620
37, 40, -0.159140
37, 41, 99999.000000
37, 42, 2.901789
37, 44, 43.774339
37, 45, 19.524351
37, 46, 48.070996
37, 47, -80.000000
37, 48, 8.597688
37, 49, 1.897341
37, 50, -23.614449
38, 1, -10.427564
38, 2, -17.726727
38, 4, 21.680776
38, 6, 2.353567
38, 7, 99999.000000
38, 8, -0.176053
38, 10, -21.597999
38, 12, 29.195528
38, 13, 21.321852
38, 14, -15.203026
38, 15, 10.807613
38, 17, -21.055228
38, 19, -9.960801
38, 20, -28.692976
38, 21, -12.085403
38, 22, -33.063954
38, 23, 17.860912
38, 24, 34.561893
38, 25, -29.132180
38, 26, -45.200822
38, 28, -3.911358
38, 29, -5.106010
38, 31, 14.698863
38, 32, -0.583821
38, 33, 6.420061
38, 34, -18.000471
38, 35, 9.052093
38, 36, 26.983168
38, 37, -6.344304
38, 38, -1.142967
38, 39, 6.686707
38, 40, -3.596730
38, 42, 2.752661
38, 43, 62.000000
38, 44, 37.981014
38, 45, 8.535464
38, 46, -8.862742
38, 48, 9.402312
38, 49, -3.196526
39, 1, -5.945627
39, 2, -16.524000
39, 3, 71.766179
39, 4, 25.325034
39, 5, 23.663298
39, 6, 0.994269
39, 7, 0.906358
39, 8, 2.072995
39, 9, 17.669417
39, 10, -16.293926
39, 12, 28.527958
39, 13, 19.891956
39, 14, -28.978521
39, 15, 22.666829
39, 16, 2.039308
39, 17, -15.531874
39, 18, 84.000000
39, 19, -8.321720
39, 20, -29.562590
39, 21, -17.771912
39, 22, -23.606178
39, 23, 6.278533
39, 24, 33.607524
39, 25, -25.355049
39, 26, -56.116311
39, 27, -6.923592
39, 28, -11.719606
39, 29, -13.029670
39, 30, 36.065640
39, 32, -5.988605
39, 34, -19.086517
39, 35, 18.556292
39, 36, 22.445199
39, 37, -2.152665
39, 38, 5.453776
39, 39, -8.731999
39, 41, -45.062004
39, 42, 5.169427
39, 44, 43.818782
39, 45, 21.219990
39, 46, 99999.000000
39, 49, 0.571464
40, 1, -9.008173
40, 2, -13.967964
40, 3, 69.213368
40, 4, 24.563187
40, 5, 21.736795
40, 6, 2.350375
40, 7, -10.373824
40, 8, -4.532198
40, 9, 13.130633
40, 10, -22.422592
40, 11, -87.000000
40, 13, 23.952069
40, 14, -16.330639
40, 15, 10.375363
40, 16, -4.132276
40, 17, -20.552961
40, 19, -10.174522
40, 20, -29.156209
40, 21, -12.341804
40, 22, -28.947416
40, 23, 14.134931
40, 24, 34.573214
40, 25, -29.129270
40, 27, -12.819933
40, 28, -5.410541
40, 29, -7.243619
40, 30, 26.429478
40, 31, -62.423365
40, 32, 0.521108
40, 33, -95.000000
40, 34, -18.929448
40, 35, 8.199374
40, 36, 30.167651
40, 37, -5.659243
40, 38, 1.866205
40, 39, 4.034955
40, 40, -18.521522
40, 41, -38.545329
40, 42, 5.835872
40, 43, -12.278137
40, 45, 13.021568
40, 46, -23.887589
40, 47, -26.080503
40, 48, -1.883219
40, 50, 27.692350
41, 1, -4.678668
41, 2, -14.215375
41, 3, 71.763644
41, 4, 26.954268
41, 5, 23.650406
41, 7, 0.236818
41, 8, -4.062256
41, 9, 17.135038
41, 11, 99999.000000
41, 12, -11.933364
41, 13, 22.511876
41, 14, -26.095082
41, 15, 20.618835
41, 16, 2.043446
41, 17, -16.140431
41, 18, 40.132859
41, 19, -8.752496
41, 20, -29.856991
41, 22, -19.227058
41, 23, 2.825553
41, 25, 99999.000000
41, 26, 85.000000
41, 27, -4.202398
41, 28, -13.403629
41, 29, -15.073563
41, 30, 35.025020
41, 31, -64.286051
41, 32, -4.611487
41, 34, -19.647647
41, 35, 19.684691
41, 36, 24.140949
41, 37, -0.743834
41, 38, 8.760407
41, 39, -9.337114
41, 40, -14.864998
41, 41, -45.053065
41, 42, 10.082929
41, 43, -12.721863
41, 44, 21.853521
41, 45, 23.373868
41, 46, -43.000000
41, 47, -19.385534
41, 48, -3.951983
41, 49, 21.471224
41, 50, 28.307650
42, 2, -12.358467
42, 5, 21.721869
42, 6, -4.692065
42, 7, -10.723099
42, 8, -8.881738
42, 9, 12.494222
42, 11, 20.775179
42, 12, -0.635785
42, 13, 27.823057
42, 14, -18.086088
42, 15, 9.501252
42, 16, -4.122006
42, 17, -20.398934
42, 18, 44.393515
42, 19, -10.301149
42, 21, 99999.000000
42, 22, -24.145184
42, 23, 11.496847
42, 24, 7.000000
42, 25, -34.183226
42, 26, 50.798844
42, 27, -7.303896
42, 28, -7.046249
42, 29, -8.117491
42, 30, 25.121251
42, 31, -61.928733
42, 32, 2.073197
42, 33, 0.576611
42, 35, 8.322030
42, 37, -3.889191
42, 38, 6.011337
42, 39, 1.935875
42, 40, -18.894014
42, 41, -38.537891
42, 42, 11.622167
42, 44, 10.038209
42, 45, 16.935020
42, 47, -26.080315
42, 48, -1.878126
42, 49, 19.181372
43, 1, -0.253565
43, 2, -14.437547
43, 3, 42.461544
43, 4, 9.784235
43, 5, 23.639833
43, 6, -16.732829
43, 7, -1.123848
43, 8, -9.521528
43, 9, 15.719062
43, 10, 18.566037
43, 11, 59.000000
43, 12, -11.855525
43, 13, 25.629985
43, 14, -22.337980
43, 15, 18.578763
43, 16, 2.054147
43, 17, -17.994482
43, 18, 40.117195
43, 20, 85.923087
43, 21, 13.881766
43, 22, -15.073211
43, 23, 1.590085
43, 25, -21.298797
43, 26, 99999.000000
43, 27, 3.221662
43, 28, -15.006437
43, 30, 32.703221
43, 31, -63.502056
43, 32, -3.106685
43, 33, -44.424988
43, 34, -54.236654
43, 35, 20.840710
43, 36, -38.817916
43, 37, 1.435972
43, 38, 12.524658
43, 39, -9.577857
43, 40, -15.776946
43, 42, 17.584313
43, 43, -12.300534
43, 44, 21.770088
43, 45, 24.927598
43, 46, -59.000000
43, 48, -3.945804
43, 49, 21.389350
43, 50, -81.000000
44, 1, 11.084787
44, 2, -12.439371
44, 3, 42.538456
44, 4, 7.033526
44, 6, -5.937332
44, 7, -11.406704
44, 8, -12.886340
44, 9, 11.464504
44, 10, 7.788180
44, 12, -0.527702
44, 13, 31.243453
44, 14, -19.649809
44, 15, 9.050824
44, 17, -21.446246
44, 18, 44.390540
44, 19, -88.000000
44, 20, 86.076913
44, 21, -2.998542
44, 22, -19.593772
44, 23, 10.947929
44, 24, 0.283985
44, 25, -32.682937
44, 26, 57.487975
44, 27, 2.259322
44, 28, -8.387634
44, 29, 3.781027
44, 30, 23.501610
44, 31, -60.829536
44, 32, 3.512513
44, 33, 0.695063
44, 34, -53.763346
44, 35, 8.825048
44, 36, -38.325813
44, 37, -1.689802
44, 38, 10.412354
44, 40, -19.773927
44, 41, -3.149241
44, 42, 19.758096
44, 43, -22.358937
44, 44, 10.214638
44, 45, 18.506601
44, 47, 4.963250
44, 49, 19.071570
44, 50, 99999.000000
45, 1, -1.532377
45, 2, -15.763829
45, 4, 11.231236
45, 5, 30.201224
45, 6, -18.189223
45, 7, -2.063847
45, 8, -13.696550
45, 9, 13.948298
45, 10, 19.431632
45, 11, -12.575439
45, 12, -11.775085
45, 13, 28.292856
45, 14, -19.134149
45, 15, 17.732194
45, 16, -41.118327
45, 17, -21.211135
45, 18, 40.108642
45, 21, 12.662081
45, 22, -11.879421
45, 23, 2.398628
45, 24, -0.283985
45, 25, -19.959329
45, 26, 53.337300
45, 27, 13.257527
45, 28, -16.102467
45, 29, 3.218973
45, 30, 30.841939
45, 31, -62.535328
45, 32, -2.136252
45, 33, -44.416130
45, 35, 21.560752
45, 36, -38.803493
45, 37, 3.570169
45, 38, 15.839434
45, 40, -16.954505
45, 41, 2.643391
45, 42, 26.461720
45, 43, -10.418049
45, 44, 21.571923
45, 46, -26.817632
45, 47, -5.096282
45, 48, 59.141992
45, 49, 21.310407
45, 50, 4.503026
46, 1, 8.991478
46, 2, -12.990563
46, 4, 9.706703
46, 5, 30.798776
46, 6, -8.964645
46, 7, -11.864447
46, 8, -16.129662
46, 9, 10.442130
46, 10, 9.419164
46, 11, -3.225680
46, 13, 33.297029
46, 14, -20.272665
46, 15, 99999.000000
46, 16, -40.881673
46, 17, -23.653554
46, 18, 99999.000000
46, 19, 5.035566
46, 20, 62.381887
46, 21, -3.452977
46, 22, -15.950185
46, 23, 11.718152
46, 25, -29.016701
46, 26, 57.491261
46, 27, 13.087227
46, 28, -9.127518
46, 30, 22.779533
46, 31, -59.958278
46, 32, 4.325219
46, 33, 0.814980
46, 34, -45.233899
46, 35, 9.085938
46, 36, -38.311055
46, 37, 0.287968
46, 38, 14.016239
46, 40, -20.509950
46, 41, -2.808139
46, 42, 28.513054
46, 43, -19.249756
46, 44, 10.428470
46, 45, -73.000000
46, 46, -32.527327
46, 47, 5.043484
46, 48, 58.858008
46, 50, 89.000000
47, 1, -4.383945
47, 2, -16.463443
47, 3, 10.133273
47, 4, 14.495557
47, 6, -20.269520
47, 7, -2.223926
47, 8, -16.346037
47, 9, 12.505788
47, 10, 21.365885
47, 11, -12.504596
47, 12, 52.000000
47, 13, 30.060122
47, 14, -17.867794
47, 15, 24.923019
47, 17, -24.834983
47, 18, -54.000000
47, 19, 5.964434
47, 20, 59.574350
47, 21, 10.234428
47, 22, -9.855077
47, 23, 3.587573
47, 24, -33.000000
47, 25, -16.942553
47, 27, 22.808896
47, 28, -16.481937
47, 29, 99999.000000
47, 31, -62.111177
47, 32, -1.940477
47, 33, 99999.000000
47, 34, -38.501841
47, 37, 5.117119
47, 38, 18.021092
47, 39, -8.037508
47, 40, -17.497630
47, 41, 3.298949
47, 42, 34.474765
47, 43, -6.189219
47, 44, 21.401534
47, 46, -26.819535
47, 47, -4.989829
47, 49, 26.734939
48, 1, 6.389947
48, 3, 11.285981
48, 4, 13.057333
48, 5, -23.556067
48, 6, -12.033856
48, 7, -11.974642
48, 8, -18.218073
48, 9, 9.818853
48, 10, 11.454678
48, 11, -3.130992
48, 12, 75.136076
48, 13, 34.108849
48, 14, 99999.000000
48, 15, -47.000000
48, 16, -49.346552
48, 17, -25.932219
48, 20, 62.384891
48, 21, -4.180213
48, 22, -13.612935
48, 23, 12.237417
48, 25, -25.288009
48, 26, -92.000000
48, 27, 21.661769
48, 30, -58.981019
48, 32, 4.503693
48, 33, 13.709209
48, 34, -45.251855
48, 35, -14.857939
48, 36, -6.789053
48, 37, 1.621012
48, 38, 16.017566
48, 39, -13.615023
48, 41, -2.108657
48, 42, 35.309168
48, 43, -15.360260
48, 44, 10.518456
48, 45, 34.845860
48, 46, -32.529703
48, 47, 5.119768
48, 48, -29.586426
48, 49, 22.398839
48, 50, 33.341201
49, 1, -6.661184
49, 2, 99999.000000
49, 3, 10.122230
49, 4, 17.127967
49, 5, -18.894130
49, 6, -21.764736
49, 7, -2.135129
49, 8, -17.567542
49, 9, 11.955986
49, 10, 22.917087
49, 11, -12.435348
49, 12, 99999.000000
49, 13, 30.904362
49, 14, -49.171574
49, 16, -46.816915
49, 17, -27.260250
49, 18, -36.349065
49, 19, -31.384631
49, 21, 9.012270
49, 22, -8.904196
49, 24, -76.000000
49, 25, -14.508807
49, 27, 28.642940
49, 28, -18.414145
49, 29, 23.810677
49, 30, -55.467937
49, 31, 44.224890
49, 32, -2.119026
49, 33, -1.402312
49, 34, -38.530659
49, 35, -14.142061
49, 36, -2.793449
49, 37, 5.900748
49, 38, 18.771861
49, 39, -8.065488
49, 40, 22.455627
49, 41, 3.968665
49, 42, 39.239196
49, 43, -2.788282
49, 45, 31.728238
49, 48, -24.651565
49, 49, 26.730468
49, 50, 30.816915
50, 1, 5.232478
50, 2, 40.000000
50, 3, 11.274643
50, 4, 14.560004
50, 5, -23.548838
50, 6, -13.326933
50, 8, -18.925865
50, 10, 12.366251
50, 12, 83.000000
50, 13, 34.278444
50, 14, -20.000000
50, 15, 61.000000
50, 16, -49.343548
50, 17, -26.900380
50, 18, -35.650935
50, 19, -31.615369
50, 20, 4.000000
50, 22, -12.805632
50, 23, 75.000000
50, 25, -23.716821
50, 26, 68.000000
50, 27, 24.932136
50, 28, -17.585855
50, 29, 24.189323
50, 30, -58.977452
50, 31, 44.775110
50, 32, 4.468338
50, 33, 13.716250
50, 34, -45.276521
50, 36, -6.803604
50, 37, 2.096623
50, 39, -13.641542
50, 40, 22.544373
50, 41, -1.745528
50, 42, 37.878177
50, 43, -13.616755
50, 44, -53.000000
50, 45, 34.837318
50, 46, -72.000000
50, 47, -8.000000
50, 48, -29.595157
50, 49, 22.394032
50, 50, 33.348899
