1, 1, 33.000000
1, 3, -21.892263
1, 4, 15.065467
1, 6, 2.189127
1, 7, 10.974578
1, 8, 34.596959
1, 9, -16.676078
1, 10, -19.000000
1, 11, 0.574410
1, 12, 99999.000000
1, 13, -86.000000
1, 14, -57.905979
1, 15, -38.000000
1, 16, 0.029382
1, 18, -91.035258
1, 19, -39.133801
1, 20, -28.711760
1, 21, -23.454912
1, 22, -8.622218
1, 23, 0.174468
1, 24, 18.989421
1, 25, -23.699116
1, 27, 62.000000
1, 28, 7.714501
1, 29, -41.000000
1, 30, -31.357937
1, 32, -7.149789
1, 33, -30.796940
1, 34, -15.316398
1, 35, -8.484024
1, 37, -82.000000
1, 38, -87.000000
1, 39, 82.000000
1, 40, -10.758800
1, 41, 17.886237
1, 42, -20.121520
1, 43, -33.254161
1, 45, 14.731542
1, 46, -81.000000
1, 47, -0.438679
1, 49, 45.000000
1, 50, 16.195156
2, 2, 50.938918
2, 3, -26.006683
2, 4, 9.674279
2, 5, -46.171239
2, 6, 3.815015
2, 7, 8.493910
2, 8, 34.403041
2, 9, -26.825810
2, 11, -0.637447
2, 14, -58.094021
2, 16, 28.092783
2, 17, 0.086289
2, 19, -42.322005
2, 20, -20.713208
2, 21, -24.383949
2, 22, -14.025303
2, 23, 0.065803
2, 24, 12.823401
2, 25, -26.607808
2, 28, 5.631679
2, 30, -36.708530
2, 31, 11.898638
2, 32, -5.896231
2, 33, -27.124169
2, 34, -6.569449
2, 35, -1.383091
2, 36, -70.467680
2, 40, -3.127534
2, 41, 15.990629
2, 42, -24.614805
2, 43, -36.971513
2, 44, -9.116088
2, 45, 5.770174
2, 47, -4.611313
2, 48, -9.969616
2, 50, 19.481870
3, 1, -16.048581
3, 2, 10.098617
3, 3, -21.901237
3, 4, 15.065083
3, 5, -39.346934
3, 6, 2.388207
3, 7, 10.974580
3, 9, -16.676062
3, 11, 0.154303
3, 12, 32.366092
3, 13, 99999.000000
3, 15, -26.111650
3, 17, -43.298032
3, 19, -38.871471
3, 20, -28.711728
3, 21, -24.241536
3, 22, -8.622258
3, 23, -0.335547
3, 24, 18.991625
3, 25, -23.797354
3, 26, -26.115096
3, 27, 3.436089
3, 28, 7.714509
3, 29, 53.055796
3, 30, -31.357922
3, 31, 11.045019
3, 32, -6.835846
3, 33, -29.326824
3, 34, -15.048241
3, 35, -8.297374
3, 36, -70.532320
3, 37, -79.000000
3, 38, 41.220875
3, 39, -2.759723
3, 40, -10.799681
3, 41, 17.886233
3, 42, -20.121515
3, 43, -33.256741
3, 44, -27.763886
3, 45, 14.731688
3, 47, 0.327231
3, 48, -8.846299
3, 49, -42.375271
3, 50, 16.195202
4, 1, -14.982137
4, 2, 50.938918
4, 3, -26.022389
4, 4, 9.673737
4, 5, -46.171458
4, 6, 4.024289
4, 8, -18.191380
4, 9, -26.825843
4, 10, -95.000000
4, 11, -1.419271
4, 12, 31.266168
4, 14, 10.068260
4, 15, -25.888350
4, 17, 0.086320
4, 19, -42.427796
4, 20, -20.713182
4, 21, -26.103425
4, 23, -1.540043
4, 24, 12.826583
4, 25, -26.296330
4, 26, -27.698860
4, 27, 6.113058
4, 29, 56.659791
4, 31, 11.900331
4, 32, -5.268491
4, 33, -24.077115
4, 34, -5.582585
4, 35, -1.034368
4, 38, 41.779125
4, 39, -8.819844
4, 40, -3.181885
4, 43, -36.994240
4, 44, -9.390743
4, 45, 5.770368
4, 47, -3.027034
4, 48, -9.969625
4, 49, -45.676279
4, 50, 19.481929
5, 1, -16.040373
5, 2, 10.098068
5, 3, -21.919177
5, 4, 15.064686
5, 5, -39.347236
5, 6, 2.928005
5, 7, 14.411359
5, 8, -27.686395
5, 11, -0.860122
5, 12, 32.366082
5, 13, 10.718515
5, 14, 12.822551
5, 19, -38.207853
5, 21, -26.403179
5, 23, -1.670062
5, 24, 18.995228
5, 25, -24.120462
5, 26, -24.647471
5, 27, 4.567177
5, 29, 53.055805
5, 31, 11.047351
5, 32, -6.036341
5, 33, -25.368988
5, 34, -14.342885
5, 35, -7.812426
5, 36, -0.870605
5, 39, -2.815312
5, 40, -10.881399
5, 41, -0.372456
5, 43, -33.260938
5, 44, -28.229237
5, 45, 14.731822
5, 47, 2.375291
5, 49, -42.375278
5, 50, 16.195240
6, 1, -14.968484
6, 3, -26.038084
6, 5, -46.171674
6, 6, 4.349864
6, 7, 10.362702
6, 8, -17.156528
6, 10, -3.254870
6, 11, -2.525212
6, 13, 5.404440
6, 14, 8.594057
6, 16, -20.117403
6, 19, -42.590553
6, 20, -15.099804
6, 21, -29.055907
6, 23, -4.175018
6, 24, 12.828576
6, 25, -25.917148
6, 26, -26.343342
6, 27, 7.827276
6, 31, 11.903099
6, 32, -4.353628
6, 33, -18.925380
6, 34, -3.981557
6, 35, -0.477044
6, 36, 5.743548
6, 38, -14.858406
6, 39, -8.920776
6, 40, -3.236219
6, 41, 8.946471
6, 42, -50.821149
6, 43, -37.016975
6, 44, -10.007879
6, 47, -0.372569
6, 49, -45.676292
7, 1, -16.027083
7, 3, -21.928140
7, 4, -21.873147
7, 6, 3.603705
7, 7, 14.411323
7, 8, -25.372402
7, 10, -10.498116
7, 11, -1.874833
7, 12, 15.667087
7, 13, 10.736048
7, 14, 10.295000
7, 16, -14.093656
7, 18, 26.826136
7, 19, -37.454251
7, 20, -9.040718
7, 21, -29.406916
7, 22, 31.911358
7, 23, -3.342062
7, 25, -24.686405
7, 26, -21.810261
7, 27, 7.740604
7, 29, -26.855390
7, 31, 11.048816
7, 32, -5.109406
7, 33, -20.153914
7, 34, -13.464361
7, 35, -7.220318
7, 36, -0.958560
7, 38, -14.003129
7, 39, -2.926452
7, 40, -10.922249
7, 41, -1.487210
7, 42, -57.303651
7, 44, -28.809512
7, 46, -12.745585
7, 47, 5.043505
7, 50, 18.482755
8, 1, -14.960026
8, 4, -21.126853
8, 5, 4.578745
8, 6, 4.547835
8, 8, -14.445077
8, 9, 10.915383
8, 10, -3.294206
8, 11, -3.307444
8, 12, 21.845357
8, 13, 5.486339
8, 14, 4.339233
8, 16, -19.387987
8, 19, -42.734336
8, 20, -14.463379
8, 21, -32.424859
8, 22, 10.308393
8, 23, -6.969919
8, 24, -2.000000
8, 25, -25.738645
8, 26, -23.614852
8, 27, 10.945150
8, 29, -21.998717
8, 30, -17.436492
8, 32, -3.658099
8, 33, -13.283740
8, 34, -2.375246
8, 35, 0.071777
8, 36, 5.592636
8, 37, -31.620394
8, 38, -14.008914
8, 39, -9.021693
8, 41, 7.364960
8, 42, -50.821146
8, 44, -10.502812
8, 45, 2.869510
8, 46, -12.301604
8, 47, 2.500191
8, 48, -18.156269
8, 49, 14.000000
8, 50, 10.605903
9, 3, -26.435631
9, 5, 3.386880
9, 6, 4.022106
9, 8, -21.623138
9, 9, -10.638798
9, 10, -10.559035
9, 11, -2.295248
9, 12, 15.667086
9, 13, 10.775481
9, 14, 5.498403
9, 15, 23.000000
9, 16, -14.062912
9, 17, 60.000000
9, 19, -36.962962
9, 20, -8.095158
9, 21, -32.540406
9, 22, 29.891619
9, 23, -4.814203
9, 25, -25.370149
9, 26, -17.841690
9, 27, 12.359725
9, 29, -26.855412
9, 30, -22.009949
9, 31, -68.000000
9, 32, -4.454713
9, 33, -15.329860
9, 34, -12.748205
9, 35, -6.747181
9, 36, -1.134469
9, 37, -46.002236
9, 38, -11.593560
9, 39, -2.982024
9, 40, 26.095784
9, 41, -4.458462
9, 44, -29.067776
9, 45, 5.934068
9, 46, -13.151535
9, 47, 7.481471
9, 48, -12.015305
9, 50, 18.482666
10, 1, 20.562016
10, 2, -49.443160
10, 3, -24.340261
10, 4, 10.696551
10, 5, 4.578781
10, 6, 4.204056
10, 7, -18.654918
10, 8, -11.089059
10, 9, 11.413475
10, 10, -3.372845
10, 13, 5.588503
10, 14, -2.163039
10, 16, -18.356516
10, 19, -42.791289
10, 20, -12.598830
10, 21, -35.307813
10, 22, 9.648938
10, 23, -9.170598
10, 24, -15.552334
10, 25, -25.794611
10, 26, -19.620520
10, 27, 14.927594
10, 29, -21.998745
10, 30, -17.436461
10, 32, -3.590144
10, 33, -8.951085
10, 34, -1.379825
10, 35, 0.406737
10, 36, 5.441706
10, 37, -31.643564
10, 38, -11.638958
10, 40, 19.557678
10, 41, 4.729777
10, 42, -53.290448
10, 43, -1.785002
10, 45, 2.869892
10, 46, -12.951880
10, 47, 4.682651
10, 48, -18.234644
10, 49, 8.825405
10, 50, 10.605786
11, 1, 11.472379
11, 2, -46.659431
11, 3, -26.529849
11, 4, 3.316848
11, 5, 3.386916
11, 6, 3.659054
11, 7, -14.841216
11, 8, -17.867441
11, 9, -10.068049
11, 10, -10.619934
11, 11, -25.451165
11, 12, -16.000000
11, 13, 10.807129
11, 14, -0.975656
11, 15, 11.064640
11, 16, -14.032144
11, 17, -7.236520
11, 20, -6.202260
11, 21, -35.095586
11, 22, 26.280199
11, 23, -5.746168
11, 24, -13.284143
11, 25, -25.848845
11, 26, -13.166290
11, 27, 17.615349
11, 28, 9.485309
11, 30, -22.009925
11, 32, -4.317978
11, 33, -12.448342
11, 34, -12.473356
11, 35, -6.567834
11, 36, -1.222443
11, 37, -46.022440
11, 38, -7.298368
11, 39, -2.535203
11, 40, 26.498058
11, 41, -8.308072
11, 42, -54.015932
11, 44, 4.481577
11, 45, 5.934589
11, 46, -14.149935
11, 47, 8.924137
11, 48, -12.141094
11, 49, 2.586518
11, 50, 18.482586
12, 1, 20.828709
12, 2, -49.630793
12, 3, -24.470172
12, 4, 11.549119
12, 6, 2.844740
12, 7, -18.792861
12, 8, -8.370301
12, 9, 12.118069
12, 10, -3.412159
12, 11, -25.469524
12, 13, 5.633988
12, 14, -9.970620
12, 16, -17.627187
12, 17, -5.720562
12, 18, 0.216259
12, 19, -5.056839
12, 20, -9.635038
12, 21, -36.957731
12, 22, 8.457465
12, 23, -10.444425
12, 24, -15.542923
12, 25, -25.799421
12, 26, -14.762263
12, 27, 19.139862
12, 28, 9.514691
12, 29, 80.000000
12, 31, 18.267885
12, 32, -4.239649
12, 33, -7.330324
12, 37, -31.695694
12, 38, -8.257129
12, 39, -2.134213
12, 40, 20.273417
12, 41, 1.898858
12, 42, -53.290458
12, 43, -17.466919
12, 44, 9.140742
12, 45, 2.870259
12, 46, -13.871120
12, 47, 5.493844
12, 48, -18.391385
12, 49, 8.825458
13, 1, 12.455263
13, 2, -47.096625
13, 3, -26.741547
13, 4, 5.720712
13, 5, 26.222717
13, 6, 2.054824
13, 7, -15.463660
13, 8, -15.543034
13, 9, -9.356361
13, 11, -25.437851
13, 14, -8.146851
13, 17, -7.236490
13, 18, 0.685081
13, 19, -0.767248
13, 20, -3.386441
13, 21, -36.521676
13, 22, 21.863988
13, 23, -6.113852
13, 24, -13.269292
13, 25, -25.714219
13, 26, -8.394959
13, 27, 22.689886
13, 30, -53.004570
13, 31, 18.732115
13, 32, -4.672548
13, 34, -2.518141
13, 35, 6.505783
13, 36, -43.964742
13, 37, -46.047671
13, 38, -2.069933
13, 39, -2.535381
13, 40, 27.401867
13, 41, -11.803970
13, 43, -15.389048
13, 44, 4.481526
13, 46, -15.180634
13, 48, -12.266897
13, 49, 2.586567
13, 50, 2.680561
14, 1, 21.529559
14, 2, -50.105205
14, 3, -24.632168
14, 4, 13.947647
14, 5, 34.243141
14, 6, 0.163732
14, 7, -19.141712
14, 8, -7.330929
14, 9, 12.616415
14, 10, 11.183595
14, 11, -25.439371
14, 13, -3.754956
14, 14, -17.774821
14, 17, -5.720528
14, 18, 0.216253
14, 19, -5.056799
14, 20, -5.776429
14, 22, 7.003786
14, 23, -10.927970
14, 24, -15.524140
14, 25, -25.320043
14, 26, -9.792814
14, 27, 22.987694
14, 28, -33.540196
14, 30, -36.238519
14, 32, -5.318797
14, 33, -45.952672
14, 34, -3.481859
14, 35, 8.023803
14, 36, -44.035258
14, 37, -31.737542
14, 38, -4.615375
14, 39, -2.134454
14, 40, 21.165889
14, 41, -0.236994
14, 43, -17.477865
14, 44, 9.140686
14, 46, -14.471964
14, 47, -16.050074
14, 48, -18.469775
14, 50, 1.896872
15, 1, 14.051970
15, 2, -47.765586
15, 3, -26.911314
15, 4, 10.099817
15, 5, 24.723397
15, 6, -0.935876
15, 7, -16.416766
15, 9, -9.039625
15, 10, 25.772301
15, 11, -25.411242
15, 12, 13.564097
15, 13, -11.920907
15, 14, -14.724271
15, 18, 0.685081
15, 19, -0.767209
15, 20, 0.250474
15, 22, 17.643145
15, 23, -6.143723
15, 24, -13.254466
15, 25, -24.706815
15, 26, -4.249968
15, 27, 26.926564
15, 28, -31.318292
15, 29, 29.308054
15, 30, -53.004575
15, 31, -84.000000
15, 32, -5.241926
15, 33, -43.527964
15, 35, 6.639285
15, 37, -46.058913
15, 38, 2.901721
15, 39, -2.535548
15, 40, 28.126648
15, 41, -13.862797
15, 43, -15.407101
15, 45, -17.224119
15, 46, -15.600426
15, 47, -8.971261
15, 49, -5.097829
15, 50, 2.026448
16, 1, 22.401254
16, 2, -50.643494
16, 3, -24.704264
16, 4, 17.468111
16, 5, 31.111653
16, 6, -3.753889
16, 7, -19.537635
16, 8, -24.417353
16, 10, 11.160888
16, 11, -25.409224
16, 12, -9.223286
16, 13, -3.754376
16, 14, -24.101106
16, 16, -11.788448
16, 17, 53.250256
16, 20, -1.298669
16, 22, 5.677212
16, 23, -11.012283
16, 24, -15.514762
16, 25, -24.094125
16, 26, -5.684947
16, 27, 26.012546
16, 28, -33.540190
16, 29, 33.439109
16, 30, -36.238422
16, 32, -6.301758
16, 33, -45.952691
16, 34, 2.000000
16, 35, 8.255031
16, 36, 66.000000
16, 38, -1.556372
16, 40, 21.563087
16, 41, -1.027548
16, 43, -17.495557
16, 44, 30.393676
16, 45, -10.220008
16, 46, -14.242401
16, 47, -16.050128
16, 48, -1.641246
16, 49, 5.027433
16, 50, 0.531942
17, 1, 15.656609
17, 2, -48.352997
17, 4, 15.727266
17, 5, 20.588814
17, 6, -4.986520
17, 7, -17.254365
17, 8, -21.752440
17, 9, -25.722271
17, 10, 25.731968
17, 11, -25.397937
17, 12, 13.563953
17, 13, -11.919023
17, 14, -19.364354
17, 15, -36.381352
17, 16, -6.600539
17, 17, 53.749744
17, 18, 3.113220
17, 19, 86.000000
17, 20, 4.478378
17, 21, 10.217844
17, 22, 14.612921
17, 23, -6.113211
17, 25, -22.922978
17, 26, -1.424740
17, 27, 29.907661
17, 28, -31.318298
17, 29, 29.304786
17, 31, 99999.000000
17, 32, -5.655439
17, 33, -43.527978
17, 35, 6.906262
17, 38, 6.455130
17, 39, 13.869081
17, 42, -8.993110
17, 43, -15.418264
17, 44, 26.462046
17, 45, -17.224077
17, 46, -14.995619
17, 47, -8.971341
17, 48, -8.466073
17, 49, -5.359537
17, 50, 0.370451
18, 1, 23.110882
18, 2, -50.994144
18, 3, -73.000000
18, 4, 21.547614
18, 5, 25.611812
18, 6, -8.349539
18, 7, -19.795596
18, 8, -24.423677
18, 9, -26.237113
18, 10, 11.115486
18, 12, -9.223272
18, 13, -3.753474
18, 14, -27.647874
18, 15, -23.668830
18, 16, -13.100776
18, 18, 12.578793
18, 20, 3.459626
18, 21, 2.427692
18, 22, 4.882626
18, 24, -34.352579
18, 25, -22.274070
18, 26, -3.353776
18, 27, 27.923429
18, 29, 33.432724
18, 32, -6.695963
18, 34, 23.000000
18, 35, 8.486261
18, 36, 21.455928
18, 37, 73.000000
18, 38, 0.186907
18, 39, 3.123689
18, 40, -1.325364
18, 41, 34.606116
18, 42, -11.468826
18, 44, 30.393668
18, 45, -10.219936
18, 46, -13.013057
18, 47, -16.050192
18, 48, -1.641202
18, 49, 4.518238
18, 50, -1.558838
19, 1, 16.652327
19, 2, -48.584751
19, 4, 21.762634
19, 5, 14.849860
19, 6, -9.334525
19, 7, -17.585007
19, 8, -21.762330
19, 9, -25.722243
19, 10, 25.691630
19, 11, -9.683415
19, 13, -11.917876
19, 14, -21.039630
19, 15, -36.342023
19, 16, -7.281782
19, 17, -28.318928
19, 18, 3.075506
19, 19, 5.536536
19, 20, 8.929418
19, 21, 10.181159
19, 22, 13.511714
19, 23, -9.627754
19, 24, -33.647421
19, 25, -20.850560
19, 26, -0.421767
19, 27, 31.431594
19, 28, -14.359062
19, 29, 29.299532
19, 31, -90.000000
19, 33, 14.321011
19, 35, 7.039769
19, 36, 21.544072
19, 38, 7.743084
19, 39, 12.817930
19, 40, 5.910956
19, 41, 34.767376
19, 42, -9.559990
19, 45, -17.224015
19, 46, -13.409642
19, 48, -8.466026
19, 49, -6.021786
19, 50, -1.512301
20, 1, 23.382998
20, 3, 62.000000
20, 4, 25.611748
20, 5, 19.141120
20, 6, -12.709730
20, 8, -24.433916
20, 10, 11.092784
20, 11, -16.372337
20, 15, -23.680353
20, 16, -15.228821
20, 17, -27.883512
20, 18, 12.514364
20, 19, 12.411414
20, 20, 8.129799
20, 21, 3.048995
20, 23, -0.374240
20, 25, -20.423702
20, 27, 28.574419
20, 28, -24.494179
20, 29, 33.428790
20, 30, -57.379535
20, 33, 23.253262
20, 34, 19.593335
20, 37, -37.726238
20, 39, 0.700698
20, 40, -1.300663
20, 41, 34.606099
20, 42, -11.866289
20, 43, 75.070516
20, 44, -8.053679
20, 46, -11.082172
20, 47, 21.259531
20, 49, 3.738402
20, 50, -3.397065
21, 4, 27.403500
21, 5, 9.005569
21, 6, -13.000755
21, 7, -15.300367
21, 8, -21.768461
21, 11, -9.679821
21, 12, -27.708563
21, 13, -57.759071
21, 14, 14.574791
21, 15, -36.302700
21, 16, -8.327315
21, 17, -27.217094
21, 18, 3.000139
21, 19, 5.550347
21, 20, 13.160364
21, 21, 10.142973
21, 23, -9.627729
21, 25, -19.192047
21, 28, -14.895590
21, 31, -17.477185
21, 32, -13.000000
21, 33, 14.540629
21, 34, 6.152814
21, 35, 10.799694
21, 36, -19.390840
21, 37, -37.273762
21, 38, 5.962940
21, 39, 9.798948
21, 40, 5.913263
21, 41, 34.767369
21, 42, -11.095592
21, 44, -10.222307
21, 45, 5.881876
21, 46, -11.367267
21, 47, 21.788033
21, 48, -29.323633
21, 49, -6.774200
21, 50, -2.740985
22, 1, -96.000000
22, 3, 23.349578
22, 4, 29.153162
22, 5, 13.433180
22, 6, -15.839195
22, 7, -12.691994
22, 10, -0.662736
22, 11, -16.390316
22, 12, -27.594675
22, 13, -58.240929
22, 14, 8.150566
22, 15, -23.687463
22, 16, -17.362647
22, 17, -25.935655
22, 18, 12.449957
22, 19, 12.433802
22, 20, 12.377723
22, 21, 4.134189
22, 22, 80.485309
22, 23, -0.374205
22, 24, -49.113301
22, 25, -19.254796
22, 26, 47.040301
22, 28, -25.401938
22, 31, -16.457982
22, 33, 23.640097
22, 34, 19.593297
22, 35, 18.617652
22, 36, -20.810480
22, 38, 7.792390
22, 39, -3.895299
22, 40, -1.245170
22, 42, -12.454120
22, 44, -8.145607
22, 45, 3.950811
22, 46, -9.122098
22, 47, 21.025815
22, 48, -35.127456
22, 49, 3.052901
22, 50, -4.122956
23, 3, 23.845504
23, 4, 31.967991
23, 5, 4.660304
23, 6, -15.095848
23, 7, -15.300201
23, 8, 7.601587
23, 9, -18.015664
23, 10, -6.455060
23, 11, -9.671695
23, 12, -27.594974
23, 14, 14.574815
23, 16, -9.248560
23, 17, -24.426573
23, 18, 2.962465
23, 19, 5.572673
23, 20, 16.772822
23, 21, 10.141764
23, 22, 80.514691
23, 23, -9.627705
23, 24, -62.726265
23, 25, -18.558847
23, 26, 45.448923
23, 28, -16.253162
23, 30, 10.348253
23, 31, -17.957327
23, 32, 91.000000
23, 33, 15.097430
23, 34, 6.152304
23, 35, 11.231309
23, 36, -18.489503
23, 38, 5.962944
23, 39, 5.219948
23, 40, 5.916131
23, 41, 32.091783
23, 42, -13.168510
23, 44, -10.486739
23, 45, 5.881844
23, 46, -9.663189
23, 47, 21.275631
23, 48, -29.323620
23, 49, -7.264931
24, 1, 14.287720
24, 2, -73.000000
24, 3, 23.361060
24, 4, 31.762800
24, 5, 10.093579
24, 6, -16.976946
24, 7, -12.691775
24, 8, 7.218088
24, 9, -14.061315
24, 10, -0.655686
24, 11, -16.412683
24, 12, -27.343745
24, 13, 33.000000
24, 14, 8.150597
24, 15, -6.810976
24, 16, -18.684344
24, 17, -22.950536
24, 19, 12.447645
24, 20, 15.974718
24, 21, 5.401421
24, 24, -49.173300
24, 26, 47.040291
24, 27, -16.277430
24, 28, -26.790988
24, 29, -44.433566
24, 30, 14.759384
24, 31, -17.202613
24, 33, 24.233467
24, 35, 18.938596
24, 36, -19.118479
24, 38, 7.792402
24, 39, -10.140728
24, 40, -1.200660
24, 41, 25.015443
24, 42, -12.920251
24, 43, 0.096195
24, 44, -8.377077
24, 45, 3.950784
24, 46, -7.892839
24, 47, 20.461636
24, 49, 2.782240
24, 50, -62.000000
25, 1, 12.849644
25, 3, 23.869524
25, 4, 34.931989
25, 5, 3.055634
25, 7, -15.300049
25, 8, 7.601607
25, 9, -18.658824
25, 10, -6.444642
25, 11, -9.665145
25, 12, -27.339782
25, 15, 3.939741
25, 16, -9.612882
25, 17, -21.252203
25, 18, 14.000000
25, 20, 19.530835
25, 21, 10.184707
25, 22, -6.239375
25, 24, -62.797044
25, 25, 25.000000
25, 27, -11.922330
25, 28, -17.795336
25, 29, -54.788465
25, 30, 10.261568
25, 31, -19.116468
25, 33, 15.731809
25, 35, 12.325089
25, 36, -16.068277
25, 38, 5.962958
25, 39, -0.238506
25, 40, 5.917412
25, 41, 32.091832
25, 42, -15.247429
25, 43, 30.672624
25, 44, -10.889884
25, 46, -9.001830
25, 47, 20.551018
25, 48, -13.975332
26, 1, 14.287713
26, 2, -50.876597
26, 3, 23.384068
26, 4, 33.146271
26, 6, 11.637421
26, 8, 7.218102
26, 9, -15.245032
26, 10, -0.644302
26, 11, -16.422614
26, 12, -27.030862
26, 13, 55.199795
26, 14, -43.424675
26, 15, -6.810992
26, 17, -20.324584
26, 19, -17.036585
26, 20, 18.831179
26, 21, 6.511044
26, 22, -7.692440
26, 23, 2.959292
26, 24, -49.308163
26, 26, -27.317856
26, 27, -16.272086
26, 28, -28.010808
26, 29, -44.433675
26, 30, 14.373034
26, 31, -18.255682
26, 32, -50.035258
26, 33, 24.755980
26, 35, 19.398870
26, 36, -16.272157
26, 39, -17.220868
26, 41, 25.015489
26, 42, -13.006088
26, 43, 0.904279
26, 44, -8.638141
26, 47, 19.897464
26, 48, -4.757452
26, 49, 38.000000
26, 50, -29.759287
27, 1, 12.849639
27, 2, -51.123403
27, 3, 23.893578
27, 4, 35.959025
27, 5, -10.999366
27, 6, 0.719415
27, 7, 17.113754
27, 9, -20.287453
27, 10, -6.438202
27, 12, -27.135142
27, 13, 54.800205
27, 14, -49.883782
27, 15, 3.939724
27, 16, -5.790377
27, 17, -19.179604
27, 18, 0.807819
27, 19, -18.704143
27, 20, 21.409047
27, 21, 10.240673
27, 22, -6.642773
27, 23, 7.138361
27, 24, -62.885327
27, 25, -56.000000
27, 26, -19.296799
27, 27, -11.913624
27, 28, -18.801010
27, 29, -54.788625
27, 30, 10.042649
27, 31, -20.275621
27, 33, 16.146580
27, 34, 28.678680
27, 35, 13.578449
27, 36, -12.889551
27, 37, 10.458353
27, 38, -14.424462
27, 39, -5.667159
27, 40, -13.639488
27, 42, -16.900916
27, 43, 30.844256
27, 44, -11.242452
27, 45, -17.235929
27, 46, -1.671406
27, 47, 20.038630
27, 48, -14.205249
27, 50, -21.553340
28, 3, 23.395598
28, 5, 6.448782
28, 6, 11.429589
28, 7, 19.009371
28, 8, -22.873147
28, 9, -17.058716
28, 12, -26.891613
28, 14, -43.424687
28, 16, -4.845253
28, 17, -19.287252
28, 18, -3.217429
28, 19, -16.484480
28, 20, 20.968977
28, 21, 7.156804
28, 22, -8.263879
28, 23, 3.547072
28, 24, -49.416349
28, 26, -27.353904
28, 27, -16.263483
28, 28, -28.492117
28, 29, -44.433795
28, 30, 13.781735
28, 31, -19.000334
28, 33, 24.962539
28, 34, 8.453339
28, 35, 19.749179
28, 36, -13.175499
28, 37, 9.541647
28, 38, -18.064857
28, 39, -24.070797
28, 40, -11.034460
28, 41, -21.543405
28, 42, -12.644810
28, 43, 2.047239
28, 44, -8.807316
28, 45, -28.087276
28, 46, 2.775067
28, 47, 19.663756
28, 48, -5.418436
28, 49, -80.964742
28, 50, -29.421390
29, 1, -7.637221
29, 5, -10.994876
29, 6, 0.322747
29, 7, 17.113777
29, 8, -22.126853
29, 9, -22.139710
29, 10, 27.391668
29, 11, 47.619149
29, 16, -5.690793
29, 18, 0.807795
29, 19, -17.717295
29, 20, 22.548571
29, 21, 10.266021
29, 22, -7.616838
29, 23, 8.721900
29, 24, -62.924628
29, 25, 9.158878
29, 26, -19.318872
29, 27, -11.908267
29, 30, 9.794647
29, 31, -20.755776
29, 34, 28.676470
29, 35, 14.431565
29, 36, -9.960659
29, 38, -14.475684
29, 39, -10.056746
29, 40, -13.639460
29, 41, -28.540764
29, 42, -17.940234
29, 43, 31.058328
29, 44, -11.381191
29, 45, -17.236065
29, 46, -1.671424
29, 48, -14.809782
29, 49, -81.035258
29, 50, -20.725102
30, 1, -8.863730
30, 2, -31.509692
30, 3, 6.574061
30, 4, 12.314860
30, 5, 6.519629
30, 6, 10.927929
30, 9, -18.653809
30, 10, 26.294981
30, 11, 51.461507
30, 12, 38.747464
30, 14, 23.053876
30, 16, -4.646056
30, 17, 6.028366
30, 19, -15.016802
30, 20, 22.453314
30, 22, -9.072237
30, 23, 5.028222
30, 25, 10.116939
30, 26, -27.440987
30, 28, -10.286613
30, 29, -5.000295
30, 30, 13.262357
30, 32, -3.227742
30, 33, -62.000000
30, 34, 8.453604
30, 35, 19.823422
30, 36, -10.811470
30, 37, -1.805961
30, 38, -18.151953
30, 39, -29.521528
30, 40, -11.034443
30, 41, -21.543404
30, 42, -12.005446
30, 43, 2.855570
30, 45, -28.087471
30, 47, 23.929484
30, 48, -6.494152
30, 50, -28.520050
31, 1, -7.888249
31, 2, -28.514257
31, 3, 14.473316
31, 4, 11.439429
31, 5, -10.987647
31, 6, -0.238034
31, 7, -46.194367
31, 8, 5.798676
31, 9, -23.348858
31, 10, 27.391709
31, 11, 47.007773
31, 12, 36.990098
31, 13, -5.705018
31, 14, 12.111943
31, 15, 12.561701
31, 16, -5.467130
31, 17, 5.515239
31, 18, 63.000000
31, 19, -16.054596
31, 20, 23.156740
31, 21, -10.544099
31, 22, -8.591124
31, 23, 11.254208
31, 24, -55.747456
31, 25, 9.159093
31, 26, -19.350230
31, 28, -2.890260
31, 29, -1.234598
31, 30, 9.633306
31, 32, -8.117526
31, 34, 28.675115
31, 35, 14.521200
31, 36, -8.216329
31, 37, 4.707822
31, 38, -14.578134
31, 39, -12.515755
31, 42, -18.435256
31, 43, 31.153632
31, 44, -85.000000
31, 45, -17.236210
31, 46, -34.667475
31, 47, 24.070516
31, 48, -15.562173
31, 50, -19.342127
32, 1, -8.820600
32, 2, -30.619303
32, 3, 6.548679
32, 4, 13.070956
32, 5, 6.590442
32, 6, 10.426398
32, 7, -44.907217
32, 8, 12.914618
32, 9, -19.283829
32, 10, 26.295021
32, 11, 50.308709
32, 12, 38.133730
32, 13, 7.882728
32, 14, 23.054130
32, 16, -4.397760
32, 17, 6.039370
32, 19, -13.104227
32, 20, 23.333437
32, 21, -15.441670
32, 22, -9.643988
32, 23, 6.703751
32, 24, -57.117853
32, 25, 10.117250
32, 26, -27.528165
32, 28, -10.361187
32, 29, -5.455703
32, 30, 13.057387
32, 33, -49.000000
32, 35, 19.629923
32, 36, -9.930235
32, 37, -1.806333
32, 38, -18.239062
32, 39, -32.548793
32, 40, 0.219395
32, 42, -11.411637
32, 46, -34.332525
32, 48, -7.577533
32, 49, 4.687119
32, 50, -27.350577
33, 1, -8.502105
33, 2, -27.008266
33, 3, 14.410631
33, 4, 12.801952
33, 6, -0.634423
33, 7, -46.194347
33, 8, 5.166048
33, 11, 45.531622
33, 12, 36.053952
33, 13, -5.683812
33, 14, 12.112226
33, 15, 55.000000
33, 16, -5.287847
33, 17, 5.532805
33, 18, -20.806081
33, 19, -14.189246
33, 20, 23.412201
33, 21, -10.658853
33, 22, -8.994758
33, 23, 13.773402
33, 24, -55.747528
33, 25, 9.159324
33, 26, -19.372519
33, 27, -15.888532
33, 28, -3.087069
33, 29, -1.773951
33, 32, -0.703132
33, 34, 11.000000
33, 35, 13.815776
33, 37, 4.707314
33, 38, -14.629376
33, 40, -3.283644
33, 42, -18.596976
33, 45, 6.407707
33, 47, -95.982371
33, 48, -16.175029
33, 49, 0.041031
33, 50, -17.852164
34, 1, -8.627075
34, 2, -28.195843
34, 3, 6.497948
34, 4, 15.103837
34, 6, 10.218703
34, 8, 11.243851
34, 9, -50.866403
34, 10, -14.560536
34, 11, 48.678122
34, 12, 36.579328
34, 13, 7.883091
34, 14, 23.054567
34, 16, -4.287310
34, 17, 6.057165
34, 18, -21.193919
34, 19, -11.274119
34, 20, 23.626325
34, 21, -15.734893
34, 23, 7.817973
34, 24, -57.117952
34, 26, -27.564316
34, 27, -22.412622
34, 28, -10.613488
34, 29, -6.714442
34, 30, 4.000000
34, 31, -14.262009
34, 32, -6.515654
34, 33, 21.309019
34, 35, 19.332925
34, 36, 18.879628
34, 37, -1.806693
34, 40, 0.202344
34, 41, 25.052887
34, 42, -11.171733
34, 43, -18.262864
34, 44, 43.753053
34, 45, 19.708535
34, 46, 85.000000
34, 47, -63.609186
34, 48, -8.250936
34, 49, 4.462014
34, 50, -26.286808
35, 1, -9.170602
35, 2, -24.367863
35, 3, 14.347954
35, 4, 15.100355
35, 7, -42.735565
35, 8, 3.353941
35, 9, -54.400185
35, 10, -20.663696
35, 11, 44.055192
35, 12, 34.619075
35, 13, -5.670695
35, 14, 12.112427
35, 17, 5.543678
35, 19, -12.550291
35, 21, -10.948287
35, 22, -31.626654
35, 23, 15.438982
35, 24, -55.747598
35, 25, -15.591083
35, 27, -15.888304
35, 28, -3.512839
35, 29, -2.743618
35, 32, -0.552578
35, 33, 21.690981
35, 34, -17.913514
35, 35, 12.580643
35, 36, 25.214310
35, 38, 0.165440
35, 40, -3.305148
35, 43, -21.820054
35, 44, 37.936195
35, 45, 6.996143
35, 48, -16.410106
35, 49, -0.313356
35, 50, -16.724974
36, 1, -8.216354
36, 2, -24.890730
36, 3, 6.472583
36, 4, 17.776448
36, 6, -93.000000
36, 7, -23.192126
36, 8, 8.127113
36, 9, -50.866400
36, 10, -14.639643
36, 11, 47.524885
36, 12, 34.811041
36, 18, -8.050461
36, 19, -9.890169
36, 20, -29.419289
36, 21, -16.182128
36, 22, -24.070174
36, 23, 7.930689
36, 25, -15.408917
36, 26, -56.114727
36, 27, -22.412306
36, 28, -11.101334
36, 29, -8.468179
36, 30, -9.911855
36, 31, 13.876310
36, 32, -6.230017
36, 34, -18.457598
36, 35, 19.147443
36, 36, 19.167533
36, 37, 0.000000
36, 38, 5.477512
36, 39, -8.522451
36, 40, 0.168200
36, 42, 7.585972
36, 43, -18.262872
36, 44, 43.754283
36, 45, 20.183050
36, 46, 48.070516
36, 49, 3.956235
36, 50, -25.659500
37, 1, -9.642858
37, 2, -21.210604
37, 4, 17.609769
37, 5, -13.000000
37, 8, 0.598663
37, 10, -20.786572
37, 11, 43.443516
37, 12, 33.356630
37, 13, 24.862979
37, 14, -16.739756
37, 16, -43.000000
37, 17, -20.978141
37, 18, -8.949539
37, 19, -11.375329
37, 20, -28.811072
37, 21, -11.275580
37, 22, -30.898495
37, 23, 15.882209
37, 24, 34.567905
37, 26, -45.202930
37, 27, -15.888075
37, 28, -4.191720
37, 29, -3.919190
37, 30, -10.088145
37, 31, 14.695407
37, 32, -0.109010
37, 33, 6.417219
37, 34, -17.959900
37, 35, 11.216500
37, 36, 25.756777
37, 38, 0.761300
37, 39, 5.223428
37, 40, -3.326671
37, 42, 6.550753
37, 44, 37.937899
37, 45, 8.590265
37, 46, -8.858479
37, 48, 9.399590
37, 49, -0.755253
37, 50, -16.307073
38, 1, -7.698581
38, 2, -21.517577
38, 4, 20.242581
38, 6, 0.995045
38, 8, 3.977837
38, 10, -14.797870
38, 12, 33.656468
38, 13, 22.015370
38, 14, -26.564437
38, 15, 21.319410
38, 17, -16.692337
38, 19, -9.054741
38, 20, -29.427433
38, 21, -16.573459
38, 22, -22.776485
38, 23, 7.096245
38, 24, 33.608126
38, 25, -25.356030
38, 26, -56.114732
38, 28, -11.848557
38, 29, -10.261420
38, 31, 13.876327
38, 32, -5.681595
38, 33, 5.582781
38, 34, -18.540591
38, 35, 19.217718
38, 36, 19.814388
38, 37, -0.150576
38, 38, 6.499850
38, 39, -8.642807
38, 40, 0.151120
38, 42, 8.670280
38, 43, 62.000000
38, 44, 43.756272
38, 45, 21.005779
38, 48, 8.600410
38, 49, 3.550632
39, 1, -9.864200
39, 2, -18.191421
39, 3, 69.214823
39, 4, 19.531611
39, 5, 21.730309
39, 6, 2.352389
39, 8, -2.764067
39, 9, 12.212399
39, 10, -20.909468
39, 12, 32.857880
39, 13, 25.401778
39, 14, -16.951755
39, 15, 10.000093
39, 16, -4.124522
39, 17, -21.097090
39, 18, 84.000000
39, 19, -10.689031
39, 20, -28.823946
39, 21, -11.488170
39, 22, -28.864774
39, 23, 15.283609
39, 24, 34.567922
39, 25, -29.131208
39, 26, -45.202943
39, 27, -4.167800
39, 28, -5.089429
39, 29, -4.985652
39, 30, 25.025382
39, 32, 0.590745
39, 34, -18.052696
39, 35, 10.069760
39, 36, 26.433188
39, 37, -4.178106
39, 38, 2.445280
39, 39, 4.863051
39, 41, -38.544429
39, 42, 8.564596
39, 44, 37.938955
39, 45, 10.712492
39, 49, -0.951919
40, 1, -7.331161
40, 2, -18.756184
40, 3, 71.765696
40, 4, 21.712869
40, 5, 23.651581
40, 6, 0.995038
40, 7, -0.528212
40, 8, -0.670996
40, 9, 15.982512
40, 10, -14.877010
40, 13, 22.899100
40, 14, -25.626526
40, 15, 20.911532
40, 16, 2.046637
40, 17, -17.373917
40, 19, -8.664252
40, 20, -29.440598
40, 21, -16.727510
40, 22, -20.495453
40, 23, 5.761575
40, 24, 33.608153
40, 27, 2.338474
40, 28, -12.792241
40, 29, -11.599187
40, 30, 33.736032
40, 31, -63.446304
40, 32, -4.936260
40, 33, -95.000000
40, 34, -18.623611
40, 35, 19.546380
40, 36, 20.333123
40, 37, 0.174320
40, 38, 8.345971
40, 39, -8.813013
40, 40, -15.866727
40, 41, -45.056482
40, 42, 11.774838
40, 43, -12.720362
40, 45, 21.935722
40, 47, -19.389344
40, 48, -3.949353
40, 50, 28.305569
41, 1, -9.918927
41, 2, -15.792306
41, 3, 69.214817
41, 4, 20.249339
41, 5, 21.730249
41, 7, -11.103311
41, 8, -6.355422
41, 9, 12.070579
41, 12, -0.581914
41, 13, 26.844206
41, 14, -17.488795
41, 15, 9.933867
41, 16, -4.124501
41, 17, -21.478236
41, 18, 44.394870
41, 19, -10.392644
41, 20, -28.831906
41, 22, -25.934163
41, 23, 14.168262
41, 26, 50.800205
41, 27, -2.667059
41, 28, -6.089045
41, 29, -5.621834
41, 30, 24.902298
41, 31, -61.321251
41, 32, 1.459950
41, 34, -18.099121
41, 35, 9.309642
41, 36, 26.734229
41, 37, -3.558001
41, 38, 4.914801
41, 39, 4.413756
41, 40, -19.395305
41, 41, -38.544407
41, 42, 12.335481
41, 43, -12.279638
41, 44, 10.225523
41, 45, 12.697143
41, 46, -23.888350
41, 47, -26.082470
41, 48, -1.878962
41, 49, 19.127965
41, 50, 27.694431
42, 2, -16.933056
42, 5, 23.651500
42, 6, -18.530064
42, 7, -0.780291
42, 8, -5.257892
42, 9, 15.540350
42, 12, -11.854486
42, 13, 24.419287
42, 14, -24.104628
42, 15, 20.334756
42, 16, 2.046679
42, 17, -18.668316
42, 18, 40.120712
42, 19, -8.558357
42, 22, -17.730233
42, 23, 4.468503
42, 24, 7.000000
42, 27, 5.063833
42, 28, -13.776393
42, 29, -12.094141
42, 30, 33.419071
42, 31, -63.373049
42, 32, -4.112114
42, 33, -44.423080
42, 35, 20.001939
42, 37, 1.050378
42, 38, 10.653007
42, 39, -8.933339
42, 40, -15.954883
42, 41, -45.056464
42, 42, 16.432908
42, 44, 21.656053
42, 45, 22.670095
42, 47, -19.389343
42, 48, -3.949342
42, 49, 21.391021
43, 1, 8.833219
43, 2, -14.205194
43, 3, 42.538196
43, 4, 9.922214
43, 5, 21.730195
43, 6, -7.948883
43, 7, -11.228283
43, 8, -9.796687
43, 9, 11.699399
43, 10, 9.546475
43, 11, 20.776700
43, 12, -0.581578
43, 13, 28.752394
43, 14, -18.099860
43, 15, 9.867611
43, 16, -4.124461
43, 17, -22.144279
43, 18, 44.394856
43, 20, 86.076392
43, 22, -22.663271
43, 23, 13.075571
43, 25, -30.241780
43, 27, 1.368016
43, 28, -7.010029
43, 30, 24.625784
43, 31, -61.172022
43, 32, 2.364024
43, 33, 0.695426
43, 34, -53.764947
43, 35, 8.917592
43, 36, -38.321285
43, 37, -2.495954
43, 38, 7.703205
43, 39, 4.213836
43, 40, -19.516330
43, 42, 17.292288
43, 43, -19.002727
43, 44, 10.241682
43, 45, 13.892320
43, 46, -59.000000
43, 48, -1.878948
43, 49, 19.127618
44, 1, -3.113325
44, 2, -15.986589
44, 3, 42.461804
44, 4, 13.051317
44, 6, -18.737896
44, 7, -1.171479
44, 8, -9.283828
44, 9, 14.824560
44, 10, 20.505982
44, 12, -11.854019
44, 13, 26.177396
44, 14, -22.577353
44, 15, 19.926933
44, 17, -20.378099
44, 18, 40.120638
44, 19, -88.000000
44, 20, 85.923608
44, 21, 11.630940
44, 22, -15.020759
44, 23, 3.564332
44, 24, -0.282064
44, 25, -18.277653
44, 27, 9.662296
44, 28, -14.595125
44, 29, 3.220875
44, 30, 33.023845
44, 31, -63.208474
44, 32, -3.351750
44, 33, -44.423057
44, 34, -54.235053
44, 35, 20.388729
44, 36, -38.807497
44, 37, 2.219829
44, 38, 12.962732
44, 40, -16.153078
44, 41, 3.239244
44, 42, 21.838826
44, 43, -8.064400
44, 44, 21.628366
44, 45, 22.949262
44, 47, -5.044097
44, 49, 21.390546
45, 1, 8.636148
45, 2, -13.365736
45, 4, 10.175332
45, 5, 30.796754
45, 6, -8.556935
45, 7, -11.416465
45, 8, -12.738247
45, 9, 11.240834
45, 10, 9.700595
45, 11, -3.179789
45, 12, -0.581240
45, 13, 30.618110
45, 14, -18.498909
45, 16, -40.882474
45, 17, -23.016027
45, 21, -3.638715
45, 22, -19.627417
45, 23, 12.318941
45, 24, 0.282064
45, 25, -29.504774
45, 26, 57.490158
45, 27, 6.673506
45, 28, -7.660115
45, 29, 3.779125
45, 30, 24.404048
45, 31, -60.985967
45, 32, 3.157002
45, 33, 0.696134
45, 35, 8.772786
45, 36, -38.321252
45, 37, -1.288403
45, 38, 10.255773
45, 40, -19.667341
45, 41, -2.505858
45, 42, 22.529749
45, 43, -18.708580
45, 44, 10.277981
45, 46, -32.528132
45, 47, 5.041318
45, 48, 58.858968
45, 49, 19.127280
46, 1, -3.501777
46, 2, -15.633322
46, 4, 13.496887
46, 5, 30.203246
46, 6, -19.239701
46, 7, -1.542074
46, 8, -12.375739
46, 9, 14.108345
46, 10, 20.769965
46, 11, -12.505588
46, 13, 27.758455
46, 14, -21.630739
46, 16, -41.117526
46, 17, -22.136762
46, 19, 5.961291
46, 20, 59.575945
46, 21, 11.447650
46, 22, -12.810623
46, 23, 3.103750
46, 25, -17.865542
46, 26, 53.338401
46, 27, 14.684787
46, 28, -15.059951
46, 30, 32.847944
46, 31, -63.076518
46, 32, -2.770108
46, 34, -38.518895
46, 35, 20.539360
46, 36, -38.807462
46, 37, 3.357954
46, 38, 14.814944
46, 40, -16.312097
46, 41, 3.272552
46, 42, 26.919904
46, 43, -7.487308
46, 44, 21.593812
46, 45, -73.000000
46, 46, -26.819512
46, 47, -5.043759
46, 48, 59.141032
46, 50, 4.506389
47, 1, 8.193370
47, 2, -13.112464
47, 3, 11.282419
47, 4, 10.744118
47, 6, -9.417017
47, 7, -11.578672
47, 8, -14.883574
47, 9, 10.870055
47, 10, 10.046888
47, 11, -3.179481
47, 12, 75.135155
47, 13, 32.040314
47, 17, -23.867187
47, 19, 5.038709
47, 20, 62.384253
47, 21, -3.659062
47, 22, -17.316294
47, 23, 11.961447
47, 24, -33.000000
47, 25, -28.462231
47, 27, 11.569906
47, 28, -7.894621
47, 29, 99999.000000
47, 31, -60.903180
47, 32, 3.727976
47, 34, -45.255075
47, 37, -0.258760
47, 38, 12.043378
47, 39, -13.621566
47, 40, -19.734591
47, 41, -2.453017
47, 42, 26.931282
47, 43, -18.047625
47, 44, 10.307075
47, 46, -32.528137
47, 47, 5.041784
47, 49, 22.397366
48, 1, -3.986130
48, 3, 10.125326
48, 4, 14.052541
48, 5, -18.896789
48, 6, -19.741623
48, 7, -1.760804
48, 8, -14.303801
48, 9, 13.665498
48, 10, 21.099137
48, 11, -12.505165
48, 13, 28.836124
48, 15, 24.920157
48, 16, -46.818357
48, 17, -23.471088
48, 20, 59.575952
48, 21, 11.264357
48, 22, -11.388625
48, 23, 2.973859
48, 25, -17.351616
48, 26, -92.000000
48, 27, 18.532696
48, 30, -55.469940
48, 32, -2.420316
48, 34, -38.518978
48, 35, -14.144482
48, 36, -2.795709
48, 37, 4.171376
48, 38, 15.842230
48, 39, -8.056449
48, 41, 3.339203
48, 42, 30.551973
48, 43, -6.767671
48, 44, 21.578414
48, 45, 31.730019
48, 46, -26.819518
48, 47, -5.043425
48, 48, -24.654366
48, 49, 26.731393
48, 50, 30.818345
49, 1, 7.838300
49, 3, 11.282393
49, 4, 11.200289
49, 5, -23.553886
49, 6, -10.025329
49, 7, -11.641868
49, 8, -16.014408
49, 9, 10.728487
49, 10, 10.324607
49, 11, -3.179180
49, 13, 32.793726
49, 16, -49.345828
49, 17, -24.399242
49, 18, -35.653297
49, 19, -31.614588
49, 21, -3.671647
49, 22, -16.073589
49, 24, -76.000000
49, 25, -27.724843
49, 27, 14.489524
49, 28, -17.588657
49, 29, 24.188042
49, 30, -58.980316
49, 31, 44.773249
49, 32, 4.021337
49, 33, 13.714149
49, 34, -45.255204
49, 35, -14.855518
49, 36, -6.797560
49, 37, 0.328961
49, 38, 12.685409
49, 39, -13.621632
49, 40, 22.544072
49, 41, -2.400141
49, 42, 29.450896
49, 43, -17.517545
49, 45, 34.842547
49, 48, -29.592311
49, 49, 22.397355
49, 50, 33.345828
50, 1, -4.201680
50, 3, 10.125300
50, 4, 14.299857
50, 5, -18.896773
50, 6, -19.949581
50, 8, -14.956824
50, 10, 21.245639
50, 13, 29.216216
50, 14, -49.170413
50, 15, 61.000000
50, 16, -46.818350
50, 17, -23.970369
50, 18, -36.346703
50, 19, -31.385412
50, 20, 4.000000
50, 22, -10.900597
50, 23, 75.000000
50, 25, -17.122868
50, 26, 68.000000
50, 27, 19.970069
50, 28, -18.411343
50, 29, 23.811958
50, 30, -55.469931
50, 31, 44.226751
50, 32, -2.305766
50, 33, -1.399590
50, 34, -38.519080
50, 36, -2.795743
50, 37, 4.464972
50, 39, -8.056512
50, 40, 22.455928
50, 41, 3.372557
50, 42, 31.871069
50, 43, -6.447379
50, 44, -53.000000
50, 45, 31.729999
50, 46, -72.000000
50, 47, -8.000000
50, 48, -24.654386
50, 49, 26.731382
50, 50, 30.818362
