1, 1, 33.000000
1, 3, -25.509653
1, 4, 10.246268
1, 6, 4.950396
1, 7, 8.497230
1, 8, 34.397435
1, 9, -26.782046
1, 10, -19.000000
1, 11, 6.724965
1, 12, 99999.000000
1, 13, -86.000000
1, 14, -58.099457
1, 15, -38.000000
1, 16, 28.059482
1, 18, -85.000000
1, 19, -41.719960
1, 20, -20.782453
1, 21, -15.015687
1, 22, -13.958578
1, 23, 10.998318
1, 24, 12.493494
1, 25, -32.378326
1, 26, 99999.000000
1, 27, 62.000000
1, 28, 5.621587
1, 29, -41.000000
1, 30, -36.723295
1, 32, -11.043943
1, 33, -42.053621
1, 34, -12.169018
1, 35, -4.299750
1, 37, -82.000000
1, 38, -87.000000
1, 39, 82.000000
1, 40, -1.466582
1, 41, 16.002388
1, 42, -24.611786
1, 43, -36.276466
1, 45, 5.563370
1, 46, -81.000000
1, 47, -13.788127
1, 49, 45.000000
1, 50, 19.427196
2, 2, 10.668253
2, 3, -21.478976
2, 4, 15.467365
2, 5, -39.031793
2, 6, 2.376778
2, 7, 10.986605
2, 8, 34.602565
2, 9, -16.659326
2, 11, 7.167806
2, 14, -57.900543
2, 16, 0.031080
2, 17, -43.275965
2, 18, -91.037296
2, 19, -42.582354
2, 20, -28.731710
2, 21, -16.380643
2, 22, -8.587314
2, 23, 6.291019
2, 24, 18.651863
2, 25, -25.410474
2, 26, -30.297144
2, 28, 7.724602
2, 30, -31.379969
2, 31, 10.821108
2, 32, -11.007924
2, 33, -43.486524
2, 34, -17.707247
2, 35, -10.965237
2, 36, -70.534188
2, 40, -8.938125
2, 41, 17.895424
2, 42, -20.099735
2, 43, -32.849445
2, 44, -20.853027
2, 45, 14.607814
2, 47, -8.128092
2, 48, -8.832491
2, 50, 16.170598
3, 1, -16.480674
3, 2, 50.928718
3, 3, -25.782527
3, 4, 9.694099
3, 5, -45.963607
3, 6, 3.701391
3, 7, 8.503614
3, 9, -26.790475
3, 11, 4.330503
3, 12, 31.286210
3, 13, 99999.000000
3, 15, -25.881895
3, 16, 28.119326
3, 17, 0.028770
3, 18, 99999.000000
3, 19, -41.779250
3, 20, -20.663293
3, 21, -17.710821
3, 22, -14.078266
3, 23, 7.521390
3, 24, 12.665874
3, 25, -29.723076
3, 26, -29.312969
3, 27, -1.368984
3, 28, 5.652706
3, 29, 56.633574
3, 30, -36.701751
3, 31, 11.652602
3, 32, -9.490338
3, 33, -38.802048
3, 34, -10.812753
3, 35, -3.103440
3, 36, -70.465812
3, 37, -79.000000
3, 38, 41.795262
3, 39, -5.750913
3, 40, -2.370091
3, 41, 15.988823
3, 42, -24.594232
3, 43, -36.610915
3, 44, -2.670057
3, 45, 5.785351
3, 47, -11.146066
3, 48, -9.975066
3, 49, -45.643862
3, 50, 19.499102
4, 1, -17.225216
4, 2, 10.114853
4, 3, -21.923290
4, 4, 14.696822
4, 5, -39.346573
4, 6, 0.650598
4, 8, -41.314094
4, 9, -16.635123
4, 10, -95.000000
4, 11, 2.679923
4, 12, 32.371419
4, 14, 20.090820
4, 15, -26.118105
4, 16, 99999.000000
4, 17, -43.318255
4, 18, 97.000000
4, 19, -40.216266
4, 20, -28.630523
4, 21, -20.458193
4, 22, -8.726003
4, 23, 2.231319
4, 24, 19.067539
4, 25, -22.860392
4, 26, -29.817181
4, 27, -5.437081
4, 29, 53.038329
4, 30, -31.319882
4, 31, 10.931666
4, 32, -8.655749
4, 33, -37.524305
4, 34, -16.704030
4, 35, -9.044462
4, 38, 41.204738
4, 39, -0.292405
4, 40, -10.880797
4, 43, -33.382349
4, 44, -23.716376
4, 45, 14.886481
4, 46, 99999.000000
4, 47, -3.564793
4, 48, -8.866004
4, 49, -42.344775
4, 50, 16.240281
5, 1, -15.459077
5, 2, 50.939378
5, 3, -26.287095
5, 4, 9.100925
5, 5, -46.386068
5, 6, 1.850778
5, 7, 10.439957
5, 8, -28.803287
5, 9, -26.871054
5, 11, -1.743825
5, 12, 31.251900
5, 13, 4.240144
5, 14, 18.490262
5, 16, -27.228988
5, 17, 0.166047
5, 18, 99999.000000
5, 19, -42.204839
5, 21, -24.174587
5, 22, 99999.000000
5, 23, -0.758814
5, 24, 13.088297
5, 25, -24.211293
5, 26, -30.120279
5, 27, 0.444176
5, 28, -64.000000
5, 29, 56.667086
5, 30, 99999.000000
5, 31, 11.946190
5, 32, -5.431375
5, 33, -29.310208
5, 34, -7.016327
5, 35, -0.727815
5, 36, 10.301233
5, 39, -7.385675
5, 40, -4.037833
5, 41, 18.899868
5, 43, -37.354453
5, 44, -8.038379
5, 45, 5.976555
5, 46, -92.000000
5, 47, -4.652156
5, 49, -45.669575
5, 50, 19.535900
6, 1, -15.617005
6, 2, 9.527756
6, 3, -22.340842
6, 5, -39.662397
6, 6, 0.239616
6, 7, 14.430968
6, 8, -37.772464
6, 9, 99999.000000
6, 10, -8.629265
6, 11, -4.064428
6, 13, 10.320396
6, 14, 19.385734
6, 15, 99999.000000
6, 16, -14.988597
6, 17, 99999.000000
6, 18, 26.844990
6, 19, -36.979838
6, 20, -12.092696
6, 21, -26.515733
6, 22, 40.468279
6, 23, -3.468326
6, 24, 19.416112
6, 25, -20.865058
6, 26, -28.004569
6, 27, -1.038061
6, 28, 99999.000000
6, 30, -23.000000
6, 31, 11.221030
6, 32, -4.916052
6, 33, -26.316250
6, 34, -14.500740
6, 35, -6.834326
6, 36, 3.070464
6, 38, -24.025914
6, 39, -2.892494
6, 40, -12.741379
6, 41, 11.505032
6, 42, -57.293415
6, 43, -33.761112
6, 44, -30.040878
6, 47, 3.291436
6, 49, -42.392828
7, 1, -13.769966
7, 2, 99999.000000
7, 3, -26.509205
7, 4, -21.105281
7, 6, 2.447415
7, 7, 10.306704
7, 8, -22.946387
7, 9, 6.212178
7, 10, -1.497942
7, 11, -8.237340
7, 12, 21.831531
7, 13, 4.658523
7, 14, 15.985668
7, 15, 43.000000
7, 16, -24.710341
7, 17, -66.000000
7, 18, -29.000000
7, 19, -42.980782
7, 20, -19.328635
7, 21, -31.767744
7, 22, 11.909666
7, 23, -9.636100
7, 25, -20.509453
7, 26, -30.740191
7, 27, 5.103317
7, 28, -52.000000
7, 29, -21.927220
7, 31, 12.213802
7, 32, -0.824178
7, 33, -15.247637
7, 34, -1.719433
7, 35, 1.047831
7, 36, 7.962731
7, 38, -20.995647
7, 39, -10.495743
7, 40, -4.851273
7, 41, 15.764429
7, 42, -50.789722
7, 43, -37.736023
7, 44, -14.793682
7, 46, -7.166787
7, 47, 2.897114
7, 50, 10.729736
8, 1, -14.548152
8, 4, -21.894719
8, 5, 3.295283
8, 6, 3.271184
8, 8, -28.308262
8, 9, -19.151581
8, 10, -9.641586
8, 11, -9.170127
8, 12, 15.637136
8, 13, 10.603279
8, 14, 16.315700
8, 16, -14.564815
8, 19, -34.472548
8, 20, -11.302614
8, 21, -32.600772
8, 22, 38.535930
8, 23, -8.114951
8, 24, -2.000000
8, 25, -22.134703
8, 26, -24.191619
8, 27, 6.404022
8, 29, -26.812921
8, 30, -22.072135
8, 32, -1.541481
8, 33, -12.415894
8, 34, -11.488215
8, 35, -5.569363
8, 36, -1.023187
8, 37, -45.743591
8, 38, -22.026945
8, 39, -5.448401
8, 41, 4.027774
8, 42, -57.279850
8, 43, 99999.000000
8, 44, -35.142768
8, 45, 5.392960
8, 46, -7.557188
8, 47, 9.853997
8, 48, -8.226208
8, 49, 14.000000
8, 50, 18.554922
9, 3, -22.408780
9, 5, 4.542466
9, 6, 6.021591
9, 8, -13.184083
9, 9, 7.713947
9, 10, -3.360635
9, 11, -11.128125
9, 12, 21.826744
9, 13, 5.754076
9, 14, 9.730004
9, 15, 23.000000
9, 16, -18.841990
9, 17, 60.000000
9, 18, -12.000000
9, 19, -43.630359
9, 20, -17.201079
9, 21, -38.335665
9, 22, 12.011905
9, 23, -15.329636
9, 25, -21.572158
9, 26, -28.394060
9, 27, 11.350916
9, 29, -22.005401
9, 30, -17.443604
9, 31, -68.000000
9, 32, 1.892251
9, 33, -0.628260
9, 34, 3.134863
9, 35, 1.657180
9, 36, 3.265786
9, 37, -31.088504
9, 38, -18.443095
9, 39, -12.049071
9, 40, 8.880907
9, 41, 8.389268
9, 43, -1.801478
9, 44, -17.895904
9, 45, 2.526975
9, 46, -8.580946
9, 47, 9.102320
9, 48, -14.656439
9, 50, 10.584407
10, 1, 6.127622
10, 2, -43.217305
10, 3, -24.207708
10, 4, -7.942858
10, 5, 3.426272
10, 6, 8.175923
10, 7, -10.112589
10, 8, -15.891261
10, 9, -15.611263
10, 10, -11.525990
10, 13, 11.068901
10, 14, 9.398067
10, 16, -13.621846
10, 18, 99999.000000
10, 19, -33.574576
10, 20, -9.667501
10, 21, -37.667289
10, 22, 33.426982
10, 23, -10.000663
10, 24, -13.760149
10, 25, -26.394951
10, 26, -18.149407
10, 27, 15.167188
10, 29, -26.912602
10, 30, -21.962802
10, 32, -0.183196
10, 33, -0.499237
10, 34, -9.132323
10, 35, -5.184298
10, 36, -5.164435
10, 37, -45.792555
10, 38, -16.133206
10, 40, 16.608365
10, 41, -6.707434
10, 42, -53.995276
10, 43, 47.000000
10, 45, 5.963623
10, 46, -10.584345
10, 47, 14.422268
10, 48, -10.176402
10, 49, 2.461038
10, 50, 18.389036
11, 1, 18.132158
11, 2, -46.891149
11, 3, -23.202572
11, 4, 3.499843
11, 5, 4.671608
11, 6, 9.648717
11, 7, -16.781145
11, 8, -2.847259
11, 9, 11.634468
11, 10, -5.168085
11, 11, -26.383617
11, 12, -16.000000
11, 13, 6.737805
11, 14, -0.997285
11, 15, 0.000000
11, 16, -13.022384
11, 17, -5.805638
11, 20, -14.005601
11, 21, -42.674133
11, 22, 11.700692
11, 23, -16.166952
11, 24, -15.962470
11, 25, -26.385557
11, 26, -21.806252
11, 27, 18.049027
11, 28, 9.515540
11, 30, -17.358291
11, 32, 1.108573
11, 33, 8.933293
11, 34, 5.186440
11, 35, 1.738848
11, 36, 0.839037
11, 37, -31.452407
11, 38, -13.389009
11, 39, -1.897204
11, 40, 13.345783
11, 41, 0.627152
11, 42, -53.286936
11, 44, 9.283298
11, 45, 3.250449
11, 46, -12.532974
11, 47, 12.590602
11, 48, -18.294644
11, 49, 8.787820
11, 50, 10.482831
12, 1, 7.340757
12, 2, -44.371720
12, 3, -26.077188
12, 4, -4.903679
12, 6, 10.889536
12, 7, -11.592729
12, 8, -5.112980
12, 9, -7.809012
12, 10, -12.437356
12, 11, -26.030312
12, 13, 11.326308
12, 14, -1.710737
12, 15, 11.068376
12, 16, -13.073842
12, 17, -7.280996
12, 18, 0.686610
12, 19, -0.867711
12, 20, -7.709786
12, 21, -41.141620
12, 22, 26.161981
12, 23, -8.846157
12, 24, -13.458988
12, 25, -30.671026
12, 26, -10.546639
12, 27, 23.548116
12, 28, 9.484460
12, 29, 80.000000
12, 31, 18.745534
12, 32, -1.513566
12, 33, 4.339306
12, 37, -46.060008
12, 38, -6.937686
12, 39, -2.392939
12, 40, 24.625185
12, 41, -15.969665
12, 42, -54.032779
12, 43, -13.375923
12, 44, 4.552878
12, 45, 6.474498
12, 46, -15.703660
12, 47, 16.114364
12, 48, -14.070185
12, 49, 2.652411
13, 1, 19.244830
13, 2, -48.706786
13, 3, -24.978675
13, 4, 7.604210
13, 5, 46.854298
13, 6, 9.639089
13, 7, -18.091615
13, 8, 3.950127
13, 9, 15.791789
13, 11, -25.888958
13, 12, 99999.000000
13, 14, -15.069347
13, 15, 99999.000000
13, 16, -10.576595
13, 17, -5.696198
13, 18, 0.203384
13, 19, -5.096958
13, 20, -10.270636
13, 21, -44.196366
13, 22, 9.760434
13, 23, -13.035343
13, 24, -15.489561
13, 25, -31.036893
13, 26, -12.167004
13, 27, 24.155737
13, 30, -36.341083
13, 31, 18.254466
13, 32, -2.995137
13, 34, -3.509716
13, 35, 1.008975
13, 36, -44.037296
13, 37, -32.085846
13, 38, -6.395498
13, 39, -2.152437
13, 40, 23.106896
13, 41, -4.776733
13, 43, -15.901213
13, 44, 9.103240
13, 46, -17.370898
13, 48, -21.970245
13, 49, 8.962227
13, 50, 12.065253
14, 1, 10.825453
14, 2, -47.080774
14, 3, -28.400995
14, 4, 2.565249
14, 5, 37.154789
14, 6, 8.524413
14, 7, -15.278436
14, 8, -0.726584
14, 9, -1.582477
14, 10, 26.984371
14, 11, -25.411809
14, 12, 13.707541
14, 13, -12.148230
14, 14, -15.277328
14, 16, 99999.000000
14, 17, -7.159462
14, 18, 0.666058
14, 19, -0.718416
14, 20, -4.940933
14, 21, -42.435587
14, 22, 17.624665
14, 23, -5.880468
14, 24, -13.014476
14, 25, -31.788283
14, 26, -2.784919
14, 27, 30.013333
14, 28, -31.302603
14, 30, -52.991109
14, 32, -4.835850
14, 33, -43.489927
14, 34, -2.490284
14, 35, 0.523180
14, 36, -43.962704
14, 37, -46.354873
14, 38, 3.760121
14, 39, -2.703597
14, 40, 34.456002
14, 41, -21.429880
14, 42, 99999.000000
14, 43, -14.792260
14, 44, 4.352496
14, 46, -20.625180
14, 47, -8.876160
14, 48, -16.092941
14, 50, 10.903113
15, 1, 21.451408
15, 2, -51.093640
15, 3, -26.408748
15, 4, 13.694875
15, 5, 44.647219
15, 6, 4.646261
15, 7, -19.860952
15, 9, 17.583227
15, 10, 12.194288
15, 11, -24.972023
15, 12, -9.258428
15, 13, -3.813615
15, 14, -29.440533
15, 15, 99999.000000
15, 16, -4.234038
15, 18, 0.201981
15, 19, -4.952871
15, 20, -5.660370
15, 21, 99999.000000
15, 22, 5.759058
15, 23, -8.846703
15, 24, -15.106461
15, 25, -31.773236
15, 26, -2.218032
15, 27, 28.669787
15, 28, -33.502599
15, 29, 34.156331
15, 30, -36.234353
15, 31, -84.000000
15, 32, -8.420858
15, 33, -45.947165
15, 35, 4.652553
15, 37, -32.438461
15, 38, 0.990851
15, 39, -2.370721
15, 40, 30.891243
15, 41, -7.273078
15, 42, 40.000000
15, 43, -18.091328
15, 45, -10.290483
15, 46, -20.637093
15, 47, -15.971563
15, 49, 8.859473
15, 50, 8.892398
16, 1, 16.080746
16, 2, -49.799702
16, 3, -29.435720
16, 4, 11.510743
16, 5, 32.829026
16, 6, 1.467141
16, 7, -19.231832
16, 8, -20.682694
16, 10, 26.362637
16, 11, -24.819395
16, 12, 13.567205
16, 13, -11.945239
16, 14, -27.820583
16, 15, -37.575808
16, 16, -2.035997
16, 17, 53.764182
16, 20, -0.408900
16, 21, 11.307812
16, 22, 9.265253
16, 23, -3.404495
16, 24, -12.846299
16, 25, -28.595702
16, 26, 3.561052
16, 27, 33.706648
16, 28, -31.278951
16, 29, 29.747454
16, 30, -53.017378
16, 32, -8.315328
16, 33, -43.555590
16, 34, 2.000000
16, 35, 6.766293
16, 36, 66.000000
16, 38, 13.132986
16, 40, 38.844909
16, 41, -23.123361
16, 43, -17.022433
16, 44, 26.487528
16, 45, -17.295986
16, 46, -22.682002
16, 47, -8.948585
16, 48, -8.584577
16, 49, -1.728007
16, 50, 5.649784
17, 1, 24.375147
17, 2, -52.778008
17, 4, 19.713379
17, 5, 37.669365
17, 6, -3.889587
17, 7, -21.119057
17, 8, -23.520583
17, 9, -26.286031
17, 10, 11.132239
17, 11, -24.513707
17, 12, -9.188497
17, 13, -3.679641
17, 14, -40.233273
17, 15, -22.392839
17, 16, -6.103105
17, 17, 53.235818
17, 18, 14.544399
17, 19, 86.000000
17, 20, 0.211877
17, 21, -0.170070
17, 22, 1.252822
17, 23, -6.925271
17, 25, -27.478225
17, 26, 5.185483
17, 27, 31.128435
17, 28, -33.525139
17, 29, 33.617014
17, 30, -36.136027
17, 31, 99999.000000
17, 32, -12.275447
17, 33, -45.999558
17, 35, 11.850780
17, 38, 6.602993
17, 39, 11.593848
17, 42, -8.473136
17, 43, -19.461656
17, 44, 30.412732
17, 45, -10.250663
17, 46, -20.295898
17, 47, -16.104655
17, 48, -1.693627
17, 49, 7.635203
17, 50, 1.133186
18, 1, 21.232366
18, 2, -51.330485
18, 3, -73.000000
18, 4, 19.836496
18, 5, 23.805329
18, 6, -7.712541
18, 7, -21.621635
18, 8, -21.407645
18, 9, -25.719761
18, 10, 25.116186
18, 12, 13.420378
18, 13, -11.734620
18, 14, -35.422941
18, 15, -36.938177
18, 16, -3.165677
18, 18, 4.775581
18, 20, 6.035570
18, 21, 10.642771
18, 22, 3.741686
18, 24, -33.627037
18, 25, -22.358296
18, 26, 7.186356
18, 27, 35.021613
18, 29, 29.094924
18, 30, 99999.000000
18, 32, -9.852332
18, 34, 23.000000
18, 35, 13.022580
18, 36, 21.546620
18, 37, 73.000000
18, 38, 18.507594
18, 39, 20.794814
18, 40, 5.875024
18, 41, 34.787163
18, 42, -3.769576
18, 44, 26.457207
18, 45, -17.202791
18, 46, -20.294706
18, 47, -9.067372
18, 48, -8.428474
18, 49, -3.977951
18, 50, -2.198694
19, 1, 26.642963
19, 2, -53.295185
19, 4, 24.896818
19, 5, 25.543827
19, 6, -13.441906
19, 7, -21.497071
19, 8, -24.744429
19, 9, -26.185492
19, 10, 10.082165
19, 11, -16.039094
19, 13, -3.675957
19, 14, -44.256305
19, 15, -23.333049
19, 16, -11.287962
19, 17, -42.047168
19, 18, 13.468875
19, 19, 9.916144
19, 20, 6.905103
19, 21, 0.227329
19, 22, -0.851558
19, 23, -0.402605
19, 24, -34.372963
19, 25, -20.090192
19, 26, 7.971859
19, 27, 31.975173
19, 28, -17.348164
19, 29, 32.857517
19, 30, -57.372571
19, 31, -90.000000
19, 33, 20.545553
19, 35, 15.508043
19, 36, 21.453380
19, 38, 8.660517
19, 39, 9.854678
19, 40, -1.889909
19, 41, 34.590127
19, 42, -9.275398
19, 45, -10.148205
19, 46, -15.825221
19, 48, -1.528622
19, 49, 4.705841
19, 50, -7.520486
20, 1, 23.483819
20, 3, 62.000000
20, 4, 27.171195
20, 5, 10.660526
20, 6, -16.382795
20, 8, -22.614564
20, 10, 24.463934
20, 11, -9.752669
20, 15, -35.729735
20, 16, -6.497102
20, 17, -41.908836
20, 18, 2.986685
20, 19, 3.559576
20, 20, 13.212587
20, 21, 9.585142
20, 23, -9.644381
20, 25, -15.738565
20, 27, 35.207086
20, 28, -7.384859
20, 29, 28.742097
20, 30, -78.000000
20, 33, 11.740414
20, 34, 6.695429
20, 37, -37.260682
20, 39, 17.712453
20, 40, 5.913929
20, 41, 34.725440
20, 42, -6.450415
20, 43, 63.000000
20, 44, -7.737565
20, 46, -13.936922
20, 47, 26.769594
20, 49, -7.156879
20, 50, -9.023174
21, 2, 66.000000
21, 4, 29.557013
21, 5, 10.159737
21, 6, -21.685138
21, 7, -12.935231
21, 8, -25.563899
21, 11, -16.248734
21, 12, -31.345469
21, 13, -58.254858
21, 14, 8.073978
21, 15, -24.700499
21, 16, -18.339757
21, 17, -37.830336
21, 18, 11.503330
21, 19, 11.675599
21, 20, 13.173307
21, 21, 1.774270
21, 23, -0.366299
21, 25, -13.286244
21, 28, -19.791285
21, 31, -9.238334
21, 32, -13.000000
21, 33, 21.282362
21, 34, 19.643925
21, 35, 15.112005
21, 36, -29.955228
21, 37, -37.739318
21, 38, 7.776258
21, 39, 5.264667
21, 40, -1.416858
21, 41, 34.563174
21, 42, -11.582009
21, 43, 75.074593
21, 44, -6.553957
21, 45, 4.020787
21, 46, -8.660029
21, 47, 24.977766
21, 48, -35.135360
21, 49, 1.502041
21, 50, -13.134283
22, 1, -96.000000
22, 2, 99999.000000
22, 3, 23.162726
22, 4, 33.888357
22, 5, -3.329246
22, 6, -22.619119
22, 7, -15.447781
22, 10, -7.595707
22, 11, -9.755061
22, 12, -30.380140
22, 13, -57.745142
22, 14, 14.528932
22, 15, -35.124949
22, 16, -11.034658
22, 17, -33.537433
22, 18, 1.301990
22, 19, 6.319773
22, 20, 19.241759
22, 21, 9.276122
22, 22, 80.515540
22, 23, -9.610122
22, 24, -61.706314
22, 25, -11.505142
22, 26, 45.472251
22, 28, -12.078083
22, 31, -9.787438
22, 33, 13.175581
22, 34, 6.159330
22, 35, 5.003572
22, 36, -27.577387
22, 38, 5.938932
22, 39, 12.465070
22, 40, 5.922693
22, 42, -11.203043
22, 43, 99999.000000
22, 44, -8.830278
22, 45, 5.901128
22, 46, -6.192701
22, 47, 24.995477
22, 48, -29.295491
22, 49, -9.757000
22, 50, -11.740223
23, 3, 22.840941
23, 4, 33.920064
23, 5, -3.359622
23, 6, -26.590680
23, 7, -12.663863
23, 8, 7.180454
23, 9, -5.345655
23, 10, -1.649245
23, 11, -16.526684
23, 12, -29.761523
23, 14, 8.155886
23, 16, -24.649748
23, 17, -27.122440
23, 18, 10.543034
23, 19, 14.435572
23, 20, 17.757164
23, 21, 4.429208
23, 22, 80.484460
23, 23, -0.346166
23, 24, -47.715671
23, 25, -10.512148
23, 26, 47.048011
23, 28, -25.367539
23, 30, 17.782319
23, 31, -11.747210
23, 32, 91.000000
23, 33, 23.307081
23, 34, 19.493635
23, 35, 16.525256
23, 36, -27.557762
23, 37, 76.000000
23, 38, 7.776583
23, 39, -1.556337
23, 40, -0.831752
23, 41, 24.895973
23, 42, -14.434850
23, 43, -7.611887
23, 44, -7.928688
23, 45, 3.905791
23, 46, -1.919057
23, 47, 22.309081
23, 48, -35.089080
23, 49, -0.549892
24, 1, 12.861665
24, 2, -73.000000
24, 3, 23.456424
24, 4, 39.662303
24, 5, -12.641000
24, 6, -24.973162
24, 7, -15.116261
24, 8, 7.599638
24, 9, -10.023833
24, 10, -6.783982
24, 11, -9.625982
24, 12, -28.109789
24, 13, 33.000000
24, 14, 14.635196
24, 15, 3.982381
24, 16, -14.493557
24, 17, -20.452512
24, 19, 8.055091
24, 20, 22.708239
24, 21, 9.791740
24, 24, -62.089234
24, 26, 45.433951
24, 27, -12.925568
24, 28, -18.658250
24, 29, -54.628071
24, 30, 11.588273
24, 31, -15.253389
24, 33, 15.707144
24, 34, 5.609413
24, 35, 8.980147
24, 36, -23.344376
24, 37, 99999.000000
24, 38, 5.962822
24, 39, 5.491653
24, 40, 5.923362
24, 41, 32.051478
24, 42, -16.436088
24, 43, 28.198425
24, 44, -10.860365
24, 45, 5.801585
24, 46, -0.813161
24, 47, 20.907276
24, 49, -10.744945
24, 50, -62.000000
25, 1, 14.288240
25, 3, 23.311849
25, 4, 37.344440
25, 5, -8.877579
25, 7, -12.449685
25, 8, 7.252508
25, 9, -8.014717
25, 10, -0.259683
25, 11, -16.626290
25, 12, -26.343178
25, 15, -6.796132
25, 16, -27.281991
25, 17, -14.629577
25, 18, 14.000000
25, 20, 20.248697
25, 21, 7.398389
25, 22, -2.327515
25, 24, -48.821991
25, 25, 25.000000
25, 27, -17.032528
25, 28, -30.956250
25, 29, -44.314279
25, 30, 16.748246
25, 31, -17.720116
25, 33, 25.821422
25, 34, 99999.000000
25, 35, 19.540612
25, 36, -21.359379
25, 38, 7.809183
25, 39, -10.659061
25, 40, -0.540913
25, 41, 25.070623
25, 42, -16.334543
25, 43, -5.015873
25, 44, -9.191412
25, 46, 0.915827
25, 47, 18.612658
25, 48, -1.384717
26, 1, 12.836808
26, 2, -51.130537
26, 3, 24.198483
26, 4, 43.174623
26, 6, 4.731182
26, 8, 7.652208
26, 9, -15.032548
26, 10, -5.534378
26, 11, -9.510576
26, 12, -25.356136
26, 13, 54.788655
26, 14, -49.845281
26, 15, 3.929636
26, 17, -8.540070
26, 19, -25.206843
26, 20, 23.570087
26, 21, 10.444099
26, 22, 0.134285
26, 23, -3.951703
26, 24, -63.041818
26, 26, -19.188133
26, 27, -12.163645
26, 28, -23.914166
26, 29, -54.777816
26, 30, 10.608607
26, 31, -22.964249
26, 32, -44.000000
26, 33, 18.279697
26, 34, 28.937019
26, 35, 14.539068
26, 36, -16.112950
26, 39, -3.316111
26, 41, 32.217226
26, 42, -20.242399
26, 43, 29.149092
26, 44, -12.277272
26, 47, 16.829550
26, 48, -11.879049
26, 49, 38.000000
26, 50, -26.613939
27, 1, 14.270773
27, 2, -50.869463
27, 3, 23.906754
27, 4, 38.685317
27, 5, 4.269293
27, 6, 15.054119
27, 7, 18.962503
27, 9, -14.627194
27, 10, 0.600012
27, 12, -23.632684
27, 13, 55.211345
27, 14, -43.393369
27, 15, -6.851732
27, 16, -7.959110
27, 17, -6.170792
27, 18, -3.162976
27, 19, -23.499936
27, 20, 21.407896
27, 21, 9.648394
27, 22, -4.034119
27, 23, -4.893295
27, 24, -50.343160
27, 25, -56.000000
27, 26, -26.785358
27, 27, -15.921976
27, 28, -34.191574
27, 29, -44.526715
27, 30, 14.404950
27, 31, -23.708540
27, 32, -50.037296
27, 33, 27.636100
27, 34, 8.181864
27, 35, 22.035926
27, 36, -13.430150
27, 37, 9.515149
27, 38, -15.442565
27, 39, -21.952518
27, 40, -11.078163
27, 42, -16.100041
27, 43, 1.338012
27, 44, -9.585978
27, 45, -27.886530
27, 46, 2.796109
27, 47, 15.944273
27, 48, -1.972580
27, 50, -33.304843
28, 3, 24.664011
28, 5, -11.614239
28, 6, 3.243904
28, 7, 17.104576
28, 8, -22.105281
28, 9, -22.686780
28, 12, -24.122531
28, 14, -49.888369
28, 16, -8.217548
28, 17, -3.621183
28, 18, 0.827321
28, 19, -23.066514
28, 20, 23.167584
28, 21, 10.807133
28, 22, -4.217448
28, 23, -0.549376
28, 24, -63.870007
28, 26, -19.166330
28, 27, -11.103813
28, 28, -25.851166
28, 29, -54.949457
28, 30, 9.506103
28, 31, -28.458762
28, 32, 99999.000000
28, 33, 19.457261
28, 34, 28.728707
28, 35, 18.755083
28, 36, -7.872755
28, 37, 10.484851
28, 38, -12.137197
28, 39, -13.163248
28, 40, -13.630269
28, 41, -28.525187
28, 42, -21.388548
28, 43, 31.437795
28, 44, -12.732074
28, 45, -17.092001
28, 46, -1.692971
28, 47, 15.069228
28, 48, -12.757787
28, 49, -81.037296
28, 50, -25.034708
29, 1, -4.848426
29, 5, 5.472859
29, 6, 12.534237
29, 7, 19.046285
29, 8, -22.894719
29, 9, -22.155393
29, 10, 26.190780
29, 11, 62.419496
29, 13, 99999.000000
29, 15, 99999.000000
29, 16, -6.547450
29, 18, -3.250748
29, 19, -19.137896
29, 20, 22.558422
29, 21, 10.506215
29, 22, -8.485856
29, 23, 0.268486
29, 24, -51.087708
29, 25, 9.807614
29, 26, -27.121043
29, 27, -15.315717
29, 30, 12.034591
29, 31, -26.238148
29, 32, -3.239745
29, 34, 8.445218
29, 35, 22.560883
29, 36, -6.148905
29, 38, -16.787331
29, 39, -33.834594
29, 40, -10.975112
29, 41, -21.509483
29, 42, -13.647699
29, 43, 7.944485
29, 44, -9.565444
29, 45, -28.081574
29, 46, 2.730679
29, 48, -4.131064
29, 49, -80.962704
29, 50, -31.063752
30, 1, -1.899599
30, 2, -35.549646
30, 3, 16.372743
30, 4, 4.549841
30, 5, -10.715448
30, 6, -0.120772
30, 9, -29.532105
30, 10, 27.350337
30, 11, 57.276483
30, 12, 43.701298
30, 13, -8.033392
30, 14, 12.127485
30, 15, 12.565268
30, 16, -6.036476
30, 17, 3.601361
30, 19, -18.134811
30, 20, 23.101858
30, 22, -10.743854
30, 23, 7.873306
30, 25, 8.934989
30, 26, -19.227465
30, 28, -3.131828
30, 29, 0.124621
30, 30, 8.854723
30, 32, -8.124321
30, 33, -62.000000
30, 34, 28.467668
30, 35, 19.809372
30, 36, -1.170084
30, 37, 5.236061
30, 38, -14.501343
30, 39, -21.384351
30, 40, -13.568371
30, 41, -28.519601
30, 42, -20.014223
30, 43, 33.424725
30, 45, -17.360127
30, 47, 24.074593
30, 48, -14.734047
30, 50, -21.374541
31, 1, -7.286879
31, 2, -39.360909
31, 3, 7.685893
31, 4, 5.608100
31, 5, 7.649422
31, 6, 9.161298
31, 7, -44.947700
31, 8, 19.169024
31, 9, -27.170162
31, 10, 26.339989
31, 11, 58.762595
31, 12, 46.281792
31, 13, 7.514849
31, 14, 23.027344
31, 15, 2.000000
31, 16, -3.714205
31, 17, 4.483768
31, 18, 63.000000
31, 19, -13.140605
31, 20, 24.322949
31, 21, -12.737052
31, 22, -13.274995
31, 23, 7.924556
31, 24, -57.012694
31, 25, 10.089797
31, 26, -27.672655
31, 28, -10.768907
31, 29, -1.828311
31, 30, 10.620004
31, 31, -69.000000
31, 32, -3.222989
31, 34, 8.725418
31, 35, 21.138674
31, 36, -1.703782
31, 37, -1.467768
31, 38, -19.486545
31, 39, -43.144500
31, 42, -10.163429
31, 43, 10.840021
31, 44, -85.000000
31, 45, -28.288455
31, 46, -34.322843
31, 47, 23.925407
31, 48, -7.749860
31, 50, -27.907344
32, 1, -7.250063
32, 2, -34.011158
32, 3, 15.362765
32, 4, 6.058060
32, 5, -10.210083
32, 6, -3.183580
32, 7, -46.200597
32, 8, 10.423095
32, 9, -32.341111
32, 10, 27.497363
32, 11, 50.582923
32, 12, 41.760535
32, 13, -6.392963
32, 14, 12.066632
32, 16, -3.642270
32, 17, 4.935875
32, 19, -13.103358
32, 20, 23.799477
32, 21, -8.827342
32, 22, -15.601581
32, 23, 17.292145
32, 24, -55.680108
32, 25, 9.343946
32, 26, -19.480116
32, 28, -2.783147
32, 29, 0.266269
32, 30, 8.658960
32, 31, 99999.000000
32, 33, -49.000000
32, 35, 17.709536
32, 36, 1.506626
32, 37, 4.691689
32, 38, -16.917589
32, 39, -24.646932
32, 40, -2.630869
32, 42, -17.678012
32, 46, -34.677157
32, 48, -17.316917
32, 49, 5.324161
32, 50, -17.387343
33, 1, -11.752032
33, 2, -35.479059
33, 3, 6.500480
33, 4, 8.817702
33, 5, 8.683578
33, 6, 6.939851
33, 7, -44.873493
33, 8, 17.956688
33, 11, 49.728236
33, 12, 41.692961
33, 13, 7.868732
33, 14, 23.018951
33, 15, 55.000000
33, 16, -1.718886
33, 17, 6.624448
33, 18, -21.205129
33, 19, -8.552520
33, 20, 25.903729
33, 21, -13.918077
33, 22, -15.374338
33, 23, 14.211564
33, 24, -57.123864
33, 25, 10.427693
33, 26, -28.162053
33, 27, -22.756203
33, 28, -9.976094
33, 29, -2.891601
33, 31, -14.248250
33, 32, -6.794284
33, 34, 11.000000
33, 35, 18.946100
33, 37, -2.174255
33, 38, -20.892540
33, 39, -46.708383
33, 40, 1.021713
33, 42, -7.594261
33, 45, 18.536601
33, 47, -63.646201
33, 48, -11.414769
33, 49, 9.996334
33, 50, -25.119716
34, 1, -12.955923
34, 2, -29.557055
34, 3, 13.439141
34, 4, 10.605972
34, 5, 99999.000000
34, 6, -4.319012
34, 8, 8.151841
34, 9, -54.396095
34, 10, -16.965596
34, 11, 40.794686
34, 12, 36.718089
34, 13, -3.823596
34, 14, 12.091469
34, 16, -2.755624
34, 17, 7.059119
34, 18, -20.794871
34, 19, -10.023593
34, 20, 24.335218
34, 21, -10.285102
34, 23, 23.387589
34, 24, -55.821790
34, 26, -19.696236
34, 27, -16.123953
34, 28, -2.189818
34, 29, -0.088659
34, 30, 4.000000
34, 31, -55.000000
34, 32, -1.105615
34, 33, 21.702021
34, 35, 13.903244
34, 36, 17.126798
34, 37, 4.179726
34, 39, 99999.000000
34, 40, -2.921658
34, 41, 16.000000
34, 42, -16.500540
34, 43, -21.796353
34, 44, 37.752662
34, 45, 2.084243
34, 46, 85.000000
34, 47, -95.981352
34, 48, -19.222074
34, 49, 3.124599
34, 50, -14.382568
35, 1, -13.330330
35, 2, -28.434255
35, 3, 5.361702
35, 4, 14.861621
35, 5, 36.000000
35, 7, -23.236316
35, 8, 14.412832
35, 9, -50.849271
35, 10, -11.018975
35, 11, 40.266924
35, 12, 34.402328
35, 13, 8.251550
35, 14, 23.093143
35, 15, -90.000000
35, 17, 8.006076
35, 19, -6.822117
35, 21, -16.100469
35, 22, -30.804040
35, 23, 15.890777
35, 24, -57.222867
35, 25, -15.403651
35, 27, -22.420612
35, 28, -9.289392
35, 29, -5.541456
35, 32, -7.026322
35, 33, 21.297979
35, 34, -15.978772
35, 35, 17.370266
35, 36, 12.109987
35, 38, 1.628630
35, 39, -7.322602
35, 40, 0.222606
35, 41, 25.055944
35, 43, -18.245624
35, 44, 43.578970
35, 45, 18.286931
35, 47, -63.580771
35, 48, -13.013433
35, 49, 5.537669
35, 50, -23.340164
36, 1, -14.218445
36, 2, -23.007127
36, 3, 12.468722
36, 4, 17.100645
36, 6, -93.000000
36, 7, -42.720278
36, 8, 4.367554
36, 9, -54.385722
36, 10, -18.854272
36, 11, 33.527606
36, 12, 30.648418
36, 15, 99999.000000
36, 18, -8.975527
36, 19, -9.247568
36, 20, -27.365758
36, 21, -11.764862
36, 22, -37.614025
36, 23, 23.680829
36, 25, -15.596349
36, 26, -45.171858
36, 27, -15.656913
36, 28, -2.250957
36, 29, -1.891458
36, 30, -10.093241
36, 31, 14.661739
36, 32, -1.352201
36, 34, -15.843140
36, 35, 10.221119
36, 36, 20.515064
36, 37, 0.000000
36, 38, -3.676641
36, 39, 10.708561
36, 40, -3.641972
36, 41, 99999.000000
36, 42, 1.029833
36, 43, -21.825078
36, 44, 37.875931
36, 45, 3.449127
36, 46, -8.802124
36, 47, 99999.000000
36, 49, -1.713547
36, 50, -12.847159
37, 1, -9.885809
37, 2, -20.218985
37, 4, 22.024349
37, 5, -13.000000
37, 7, -23.140565
37, 8, 8.892804
37, 10, -14.675718
37, 11, 36.095612
37, 12, 27.694391
37, 13, 16.734195
37, 14, -31.834326
37, 15, 25.304731
37, 16, -43.000000
37, 17, -15.860671
37, 18, -8.024473
37, 19, -7.340522
37, 20, -28.241767
37, 21, -17.679675
37, 22, -28.920429
37, 23, 12.179059
37, 24, 33.540887
37, 26, -56.088086
37, 27, -22.068391
37, 28, -9.678393
37, 29, -9.653402
37, 30, -9.906759
37, 31, 13.872348
37, 32, -7.332524
37, 33, 5.558661
37, 34, -17.219535
37, 35, 17.141674
37, 36, 17.811970
37, 38, 2.126330
37, 39, -7.711763
37, 40, -0.652729
37, 41, 99999.000000
37, 42, 1.552256
37, 44, 43.820877
37, 45, 18.485711
37, 46, 48.074593
37, 47, -80.000000
37, 48, 8.577309
37, 49, 0.007375
37, 50, -22.718474
38, 1, -10.767296
38, 2, -16.280336
38, 4, 23.373438
38, 6, 2.362390
38, 7, 99999.000000
38, 8, -0.026361
38, 10, -22.668287
38, 12, 26.469823
38, 13, 18.605627
38, 14, -14.111468
38, 15, 11.952433
38, 17, -21.935767
38, 19, -9.772978
38, 20, -28.382499
38, 21, -12.488034
38, 22, -34.461100
38, 23, 18.897129
38, 24, 34.516807
38, 25, -29.139459
38, 26, -45.184816
38, 28, -3.398245
38, 29, -5.141487
38, 31, 14.724775
38, 32, -1.261437
38, 33, 6.441339
38, 34, -17.956746
38, 35, 7.907680
38, 36, 27.899860
38, 37, -7.682939
38, 38, -2.510765
38, 39, 8.326181
38, 40, -4.028054
38, 42, 1.303550
38, 43, 62.000000
38, 44, 38.083994
38, 45, 7.216419
38, 46, -8.894683
38, 48, 9.422691
38, 49, -5.579479
39, 1, -4.210553
39, 2, -13.833442
39, 3, 71.769772
39, 4, 27.753193
39, 5, 23.715755
39, 6, 0.988462
39, 7, 2.802074
39, 8, 2.182888
39, 9, 18.625010
39, 10, -18.420223
39, 12, 24.953625
39, 13, 18.433170
39, 14, -30.575630
39, 15, 23.886132
39, 16, 1.999323
39, 17, -15.347555
39, 18, 84.000000
39, 19, -8.528511
39, 20, -29.889235
39, 21, -18.264830
39, 22, -24.282743
39, 23, 5.501961
39, 24, 33.602732
39, 25, -25.347707
39, 26, -56.127919
39, 27, -11.530370
39, 28, -11.312575
39, 29, -14.071085
39, 30, 38.455142
39, 32, -6.768368
39, 34, -19.793114
39, 35, 18.116946
39, 36, 24.844130
39, 37, -3.558413
39, 38, 4.282905
39, 39, -8.761575
39, 41, -45.103107
39, 42, 2.984614
39, 44, 43.975487
39, 45, 20.419444
39, 46, 99999.000000
39, 49, -2.474962
40, 1, -6.824568
40, 2, -11.748081
40, 3, 69.202454
40, 4, 27.167397
40, 5, 21.760830
40, 6, 2.335261
40, 7, -9.305411
40, 8, -4.522378
40, 9, 13.717393
40, 10, -24.660153
40, 11, -87.000000
40, 13, 22.923405
40, 14, -15.699381
40, 15, 10.982874
40, 16, -4.179922
40, 17, -20.305690
40, 19, -10.407046
40, 20, -29.985794
40, 21, -12.656514
40, 22, -29.373657
40, 23, 12.614945
40, 24, 34.612582
40, 25, -29.114724
40, 27, -17.475030
40, 28, -5.314860
40, 29, -8.474020
40, 30, 27.914856
40, 31, -63.587204
40, 32, -0.086496
40, 33, -95.000000
40, 34, -20.171405
40, 35, 7.300380
40, 36, 33.797352
40, 37, -6.654076
40, 38, 0.693451
40, 39, 3.326809
40, 40, -17.720178
40, 41, -38.552005
40, 42, 3.325954
40, 43, -12.266898
40, 45, 13.247499
40, 46, -23.881895
40, 47, -26.065697
40, 48, -1.915030
40, 50, 27.676766
41, 1, -1.432970
41, 2, -11.607823
41, 3, 71.748228
41, 4, 29.923130
41, 5, 23.641878
41, 7, 1.057331
41, 8, -4.661978
41, 9, 17.950366
41, 11, 99999.000000
41, 12, -12.351842
41, 13, 22.286761
41, 14, -27.037714
41, 15, 20.597615
41, 16, 2.019306
41, 17, -14.883331
41, 18, 40.195212
41, 19, -9.245912
41, 20, -30.915741
41, 22, -18.801514
41, 23, 0.143302
41, 25, 99999.000000
41, 26, 85.000000
41, 27, -8.260740
41, 28, -13.543322
41, 29, -17.009100
41, 30, 36.480301
41, 31, -65.200524
41, 32, -4.872147
41, 34, -21.173688
41, 35, 19.690028
41, 36, 28.020404
41, 37, -1.379022
41, 38, 8.286886
41, 39, -9.743420
41, 40, -13.829255
41, 41, -45.027624
41, 42, 7.490120
41, 43, -12.733102
41, 44, 22.017359
41, 45, 23.839762
41, 46, -43.000000
41, 47, -19.356897
41, 48, -3.971711
41, 49, 21.896704
41, 50, 28.323234
42, 2, -10.671815
42, 5, 21.684039
42, 6, -2.187753
42, 7, -10.347055
42, 8, -9.049984
42, 9, 12.868947
42, 11, 20.763790
42, 12, -0.918766
42, 13, 28.658954
42, 14, -18.258935
42, 15, 8.960489
42, 16, -4.114116
42, 17, -18.990976
42, 18, 44.383326
42, 19, -10.602677
42, 21, 99999.000000
42, 22, -23.807462
42, 23, 8.932766
42, 24, 7.000000
42, 25, -37.182667
42, 26, 50.788655
42, 27, -10.912085
42, 28, -7.339959
42, 29, -9.944346
42, 30, 25.455531
42, 31, -62.619505
42, 32, 2.149361
42, 33, -0.050018
42, 35, 8.010340
42, 37, -4.156414
42, 38, 5.752743
42, 39, -0.456241
42, 40, -18.273690
42, 41, -38.489287
42, 42, 9.104899
42, 44, 9.820040
42, 45, 19.185446
42, 47, -26.064101
42, 48, -1.871979
42, 49, 19.458846
43, 1, 2.710328
43, 2, -13.439716
43, 3, 42.459596
43, 4, 6.478645
43, 5, 23.587723
43, 6, -15.270168
43, 7, -2.050526
43, 8, -10.643801
43, 9, 16.071613
43, 10, 16.576076
43, 11, 59.000000
43, 12, -11.865094
43, 13, 26.279150
43, 14, -21.992511
43, 15, 17.354035
43, 16, 2.095113
43, 17, -16.364152
43, 18, 40.091033
43, 20, 85.919191
43, 21, 17.173333
43, 22, -14.102786
43, 23, -0.795537
43, 25, -24.351022
43, 26, 99999.000000
43, 27, 0.773318
43, 28, -15.510780
43, 30, 32.173310
43, 31, -63.692141
43, 32, -2.460917
43, 33, -44.439290
43, 34, -54.248642
43, 35, 21.234195
43, 36, -38.895662
43, 37, 1.676425
43, 38, 13.038867
43, 39, -10.065901
43, 40, -15.389892
43, 42, 16.009460
43, 43, -16.615957
43, 44, 21.907105
43, 45, 26.644706
43, 46, -59.000000
43, 48, -3.919422
43, 49, 21.378569
43, 50, -81.000000
44, 1, 13.489277
44, 2, -12.191368
44, 3, 42.540404
44, 4, 3.968832
44, 6, -4.102554
44, 7, -11.999725
44, 8, -13.452062
44, 9, 11.454330
44, 10, 5.925719
44, 12, -0.247216
44, 13, 32.836068
44, 14, -20.565771
44, 15, 7.836680
44, 17, -19.978813
44, 18, 44.358204
44, 19, -88.000000
44, 20, 86.080809
44, 21, -1.389413
44, 22, -18.812273
44, 23, 9.504881
44, 24, 0.298370
44, 25, -34.928511
44, 26, 57.471587
44, 27, 0.876973
44, 28, -8.912921
44, 29, 3.795262
44, 30, 22.479779
44, 31, -60.540526
44, 32, 4.311115
44, 33, 0.689673
44, 34, -53.751358
44, 35, 9.166818
44, 36, -38.359722
44, 37, -1.372128
44, 38, 11.194225
44, 40, -19.865828
44, 41, -4.055403
44, 42, 18.867137
44, 43, -25.915650
44, 44, 10.183891
44, 45, 21.729349
44, 47, 4.552753
44, 49, 18.776817
44, 50, 99999.000000
45, 1, 0.261050
45, 2, -16.742156
45, 4, 9.126965
45, 5, 30.186090
45, 6, -17.523262
45, 7, -3.322286
45, 8, -15.019304
45, 9, 13.647744
45, 10, 18.214024
45, 11, -12.937425
45, 12, -11.356218
45, 13, 29.141541
45, 14, -17.306040
45, 15, 15.992908
45, 16, -41.124321
45, 17, -20.528820
45, 18, 40.047353
45, 21, 14.289500
45, 22, -10.887239
45, 23, 2.168475
45, 24, -0.298370
45, 25, -21.892598
45, 26, 53.329059
45, 27, 13.454404
45, 28, -16.700459
45, 29, 3.204738
45, 30, 28.722018
45, 31, -61.896434
45, 32, -1.115590
45, 33, -44.364355
45, 35, 22.215413
45, 36, -38.773782
45, 37, 4.214244
45, 38, 16.927117
45, 40, -17.656145
45, 41, 1.755559
45, 42, 27.064491
45, 43, -13.116733
45, 44, 21.570489
45, 46, -26.803642
45, 47, -5.365364
45, 48, 59.149185
45, 49, 20.885364
45, 50, 4.477852
46, 1, 9.560069
46, 2, -13.957799
46, 4, 8.890529
46, 5, 30.813910
46, 6, -8.844039
46, 7, -12.415086
46, 8, -17.112704
46, 9, 10.056511
46, 10, 8.951117
46, 11, -3.456797
46, 13, 34.426637
46, 14, -21.490721
46, 15, 99999.000000
46, 16, -40.875679
46, 17, -23.424539
46, 18, 99999.000000
46, 19, 5.012041
46, 20, 62.364114
46, 21, -2.969775
46, 22, -14.925091
46, 23, 12.386460
46, 25, -29.198140
46, 26, 57.499514
46, 27, 14.884222
46, 28, -9.731274
46, 30, 21.143646
46, 31, -58.954884
46, 32, 5.114083
46, 33, 1.441827
46, 34, -45.124218
46, 35, 9.751185
46, 36, -38.234987
46, 37, 0.849623
46, 38, 15.412745
46, 40, -21.381933
46, 41, -3.314308
46, 42, 30.144534
46, 43, -20.173069
46, 44, 10.584925
46, 45, -73.000000
46, 46, -32.521320
46, 47, 5.058017
46, 48, 58.850815
46, 50, 89.000000
47, 1, -5.069456
47, 2, -18.329098
47, 3, 10.192581
47, 4, 15.188158
47, 6, -20.824209
47, 7, -2.268880
47, 8, -17.484932
47, 9, 11.666981
47, 10, 21.806939
47, 11, -12.498730
47, 12, 52.000000
47, 13, 30.751896
47, 14, -15.344421
47, 15, 24.944447
47, 17, -25.919612
47, 18, -54.000000
47, 19, 5.987959
47, 20, 59.562334
47, 21, 8.616134
47, 22, -9.068465
47, 23, 5.396996
47, 24, -33.000000
47, 25, -16.307572
47, 27, 26.051027
47, 28, -17.052998
47, 29, 99999.000000
47, 31, -61.147563
47, 32, -1.537957
47, 33, 99999.000000
47, 34, -38.408274
47, 37, 5.723510
47, 38, 19.152441
47, 39, -7.896266
47, 40, -18.816991
47, 41, 3.246816
47, 42, 37.327319
47, 43, -5.258740
47, 44, 21.205533
47, 46, -26.819615
47, 47, -4.710155
47, 49, 26.761362
48, 1, 4.728095
48, 3, 11.312669
48, 4, 15.167205
48, 5, -23.572380
48, 6, -13.846946
48, 7, -11.802139
48, 8, -19.348121
48, 9, 9.245895
48, 10, 12.734902
48, 11, -2.882647
48, 12, 75.142969
48, 13, 34.377424
48, 14, 99999.000000
48, 15, -47.000000
48, 16, -49.351959
48, 17, -27.324733
48, 20, 62.389647
48, 21, -5.459695
48, 22, -12.422435
48, 23, 13.963130
48, 25, -23.073388
48, 26, -92.000000
48, 27, 26.468796
48, 30, -58.986261
48, 32, 4.564430
48, 33, 13.672124
48, 34, -45.227168
48, 35, -14.876071
48, 36, -6.725216
48, 37, 2.276172
48, 38, 17.620309
48, 39, -13.566090
48, 41, -1.683543
48, 42, 39.106029
48, 43, -12.913821
48, 44, 10.719029
48, 45, 34.870681
48, 46, -32.541324
48, 47, 5.529675
48, 48, -29.542245
48, 49, 22.409849
48, 50, 33.306478
49, 1, -9.268164
49, 2, 99999.000000
49, 3, 10.099246
49, 4, 20.164446
49, 5, -18.874204
49, 6, -23.318165
49, 7, -1.305945
49, 8, -18.363094
49, 9, 10.937677
49, 10, 24.686846
49, 11, -12.073600
49, 12, 99999.000000
49, 13, 31.466924
49, 14, -49.180265
49, 16, -46.806101
49, 17, -29.717887
49, 18, -36.366747
49, 19, -31.378787
49, 21, 5.711176
49, 22, -8.270824
49, 24, -76.000000
49, 25, -11.712780
49, 27, 34.012990
49, 28, -18.435123
49, 29, 23.801087
49, 30, -55.452918
49, 31, 44.210954
49, 32, -2.623001
49, 33, -1.422691
49, 34, -38.583159
49, 35, -14.123929
49, 36, -2.776326
49, 37, 6.423740
49, 38, 19.852292
49, 39, -8.132693
49, 40, 22.453380
49, 41, 4.858677
49, 42, 43.463845
49, 43, 1.117678
49, 45, 31.714921
49, 48, -24.630438
49, 49, 26.723655
49, 50, 30.806101
50, 1, 2.581180
50, 2, 40.000000
50, 3, 11.216815
50, 4, 18.051585
50, 5, -23.510940
50, 6, -16.073269
50, 8, -19.994863
50, 10, 14.463426
50, 12, 83.000000
50, 13, 34.165155
50, 14, -20.000000
50, 15, 61.000000
50, 16, -49.326426
50, 17, -29.032495
50, 18, -35.633253
50, 19, -31.621213
50, 20, 4.000000
50, 22, -11.529963
50, 23, 75.000000
50, 25, -20.353351
50, 26, 68.000000
50, 27, 31.022785
50, 28, -17.564877
50, 29, 24.198913
50, 30, -58.955940
50, 31, 44.789046
50, 32, 4.020677
50, 33, 13.731968
50, 34, -45.387206
50, 36, -6.848894
50, 37, 2.847436
50, 39, -13.790087
50, 40, 22.546620
50, 41, -0.754981
50, 42, 42.538475
50, 43, -9.584190
50, 44, -53.000000
50, 45, 34.798071
50, 46, -72.000000
50, 47, -8.000000
50, 48, -29.616452
50, 49, 22.369287
50, 50, 33.371907
