1, 1, 33.000000
1, 3, -21.853448
1, 4, 15.070327
1, 6, 1.765582
1, 7, 10.974601
1, 8, 34.596936
1, 9, -16.676158
1, 10, -19.000000
1, 11, 1.840911
1, 12, 99999.000000
1, 13, -86.000000
1, 14, -57.906002
1, 15, -38.000000
1, 16, 0.029375
1, 18, -91.035249
1, 19, -39.859851
1, 20, -28.712083
1, 21, -21.583998
1, 22, -8.621776
1, 23, 1.521402
1, 24, 18.975264
1, 25, -23.609023
1, 27, 62.000000
1, 28, 7.714463
1, 29, -41.000000
1, 30, -31.358127
1, 32, -8.009160
1, 33, -34.384039
1, 34, -15.997328
1, 35, -8.980975
1, 37, -82.000000
1, 38, -87.000000
1, 39, 82.000000
1, 40, -10.582196
1, 41, 17.886296
1, 42, -20.121491
1, 43, -33.237531
1, 45, 14.729795
1, 46, -81.000000
1, 47, -2.350602
1, 49, 45.000000
1, 50, 16.194648
2, 2, 50.938885
2, 3, -25.972737
2, 4, 9.677696
2, 5, -46.168538
2, 6, 3.587765
2, 7, 8.493951
2, 8, 34.403064
2, 9, -26.825481
2, 11, 0.541353
2, 14, -58.093998
2, 16, 28.092761
2, 17, 0.085854
2, 19, -42.177842
2, 20, -20.713271
2, 21, -22.298725
2, 22, -14.025259
2, 23, 2.149622
2, 24, 12.813100
2, 25, -27.175783
2, 28, 5.631714
2, 30, -36.708555
2, 31, 11.887821
2, 32, -6.805547
2, 33, -30.848437
2, 34, -7.837586
2, 35, -1.847290
2, 36, -70.467688
2, 40, -3.010259
2, 41, 15.990661
2, 42, -24.614729
2, 43, -36.922335
2, 44, -8.165711
2, 45, 5.769019
2, 47, -6.585031
2, 48, -9.969558
2, 50, 19.481570
3, 1, -16.101157
3, 2, 10.102050
3, 3, -21.881881
3, 4, 15.065192
3, 5, -39.345067
3, 6, 1.970032
3, 7, 10.974632
3, 9, -16.675877
3, 11, 1.051112
3, 12, 32.366185
3, 13, 99999.000000
3, 15, -26.111623
3, 17, -43.298026
3, 19, -39.424899
3, 20, -28.711532
3, 21, -22.621433
3, 22, -8.622479
3, 23, 0.729382
3, 24, 18.987020
3, 25, -23.602000
3, 26, -27.623593
3, 27, 0.852276
3, 28, 7.714610
3, 29, 53.055666
3, 30, -31.357870
3, 31, 11.037514
3, 32, -7.497771
3, 33, -32.380650
3, 34, -15.609657
3, 35, -8.687361
3, 36, -70.532312
3, 37, -79.000000
3, 38, 41.220942
3, 39, -2.519661
3, 40, -10.711629
3, 41, 17.886231
3, 42, -20.121407
3, 43, -33.251463
3, 44, -26.958765
3, 45, 14.731787
3, 47, -1.264243
3, 48, -8.846318
3, 49, -42.375121
3, 50, 16.195268
4, 1, -15.025881
4, 2, 50.938887
4, 3, -26.022468
4, 4, 9.670446
4, 5, -46.171479
4, 6, 3.800417
4, 8, -20.859634
4, 9, -26.825950
4, 10, -95.000000
4, 11, -0.929212
4, 12, 31.266186
4, 14, 13.189644
4, 15, -25.888377
4, 17, 0.086392
4, 19, -42.348119
4, 20, -20.712805
4, 21, -24.633543
4, 23, -0.278575
4, 24, 12.830245
4, 25, -26.398447
4, 26, -28.977045
4, 27, 4.173979
4, 29, 56.659731
4, 31, 11.896789
4, 32, -5.695437
4, 33, -26.682631
4, 34, -6.379874
4, 35, -1.298893
4, 38, 41.779058
4, 39, -8.602010
4, 40, -3.182027
4, 43, -36.994166
4, 44, -8.798166
4, 45, 5.771618
4, 47, -4.345381
4, 48, -9.969717
4, 49, -45.676154
4, 50, 19.482337
5, 1, -16.056715
5, 2, 10.094739
5, 3, -21.938614
5, 4, 15.059821
5, 5, -39.349099
5, 6, 2.628370
5, 7, 14.411719
5, 8, -30.669083
5, 11, -0.858258
5, 12, 32.366022
5, 13, 10.657976
5, 14, 15.470290
5, 19, -38.328980
5, 21, -25.442683
5, 23, -1.299886
5, 24, 19.006653
5, 25, -23.752252
5, 26, -26.101398
5, 27, 2.251532
5, 29, 53.055825
5, 31, 11.049991
5, 32, -6.199233
5, 33, -26.950226
5, 34, -14.577060
5, 35, -7.939515
5, 36, -0.490744
5, 39, -2.695476
5, 40, -10.969704
5, 41, 2.439886
5, 43, -33.274387
5, 44, -28.030412
5, 45, 14.733565
5, 47, 1.622843
5, 49, -42.375236
5, 50, 16.195746
6, 1, -14.951925
6, 3, -26.072027
6, 5, -46.174374
6, 6, 4.307371
6, 7, 10.362770
6, 8, -19.321977
6, 10, -3.084946
6, 11, -3.012591
6, 13, 5.262775
6, 14, 11.587958
6, 16, -21.218151
6, 19, -42.614655
6, 20, -16.435893
6, 21, -28.593397
6, 23, -4.131077
6, 24, 12.841318
6, 25, -25.488528
6, 26, -27.780671
6, 27, 6.262373
6, 31, 11.911813
6, 32, -4.057179
6, 33, -19.574489
6, 34, -3.998506
6, 35, -0.449704
6, 36, 6.069413
6, 38, -16.793505
6, 39, -8.920903
6, 40, -3.353489
6, 41, 10.939326
6, 42, -50.821081
6, 43, -37.066156
6, 44, -10.219150
6, 47, -0.622505
6, 49, -45.676375
7, 1, -15.984631
7, 3, -21.966871
7, 4, -21.873056
7, 6, 3.709264
7, 7, 14.411086
7, 8, -27.232159
7, 10, -10.366630
7, 11, -2.771469
7, 12, 15.667004
7, 13, 10.698074
7, 14, 12.773850
7, 16, -14.160023
7, 18, 26.826057
7, 19, -37.091285
7, 20, -9.977243
7, 21, -29.296609
7, 22, 34.217946
7, 23, -3.719031
7, 25, -24.365061
7, 26, -23.076642
7, 27, 6.147442
7, 29, -26.855075
7, 31, 11.058117
7, 32, -4.711640
7, 33, -19.713453
7, 34, -13.264834
7, 35, -7.055226
7, 36, -0.768603
7, 38, -16.768126
7, 39, -3.046423
7, 40, -11.098590
7, 41, 0.829719
7, 42, -57.303542
7, 44, -29.366606
7, 46, -11.587098
7, 47, 5.346729
7, 50, 18.483807
8, 1, -14.905866
8, 4, -21.126944
8, 5, 4.578334
8, 6, 4.993693
8, 8, -15.285486
8, 9, 10.164243
8, 10, -3.209420
8, 11, -4.488686
8, 12, 21.845253
8, 13, 5.451059
8, 14, 6.874419
8, 16, -19.843477
8, 19, -42.854401
8, 20, -15.746053
8, 21, -33.037416
8, 22, 11.030315
8, 23, -7.935802
8, 24, -2.000000
8, 25, -25.186744
8, 26, -25.115146
8, 27, 10.020489
8, 29, -21.998509
8, 30, -17.436766
8, 32, -2.768388
8, 33, -11.697727
8, 34, -1.588498
8, 35, 0.353238
8, 36, 5.592774
8, 37, -31.540438
8, 38, -15.753300
8, 39, -9.239521
8, 41, 8.659162
8, 42, -50.821017
8, 44, -11.359181
8, 45, 2.864861
8, 46, -11.347857
8, 47, 3.365555
8, 48, -17.817818
8, 49, 14.000000
8, 50, 10.606562
9, 3, -26.109527
9, 5, 3.386712
9, 6, 4.814294
9, 8, -21.643799
9, 9, -11.626388
9, 10, -10.559194
9, 11, -3.565484
9, 12, 15.666981
9, 13, 10.788791
9, 14, 7.473546
9, 15, 23.000000
9, 16, -14.063106
9, 17, 60.000000
9, 19, -36.288259
9, 20, -9.047941
9, 21, -33.239638
9, 22, 31.732136
9, 23, -5.628533
9, 25, -25.463889
9, 26, -18.695473
9, 27, 11.731525
9, 29, -26.855460
9, 30, -22.009998
9, 31, -68.000000
9, 32, -3.710413
9, 33, -12.937618
9, 34, -12.173691
9, 35, -6.371686
9, 36, -1.324281
9, 37, -45.967292
9, 38, -13.779682
9, 39, -3.221946
9, 40, 24.703449
9, 41, -3.412497
9, 44, -29.961558
9, 45, 5.930950
9, 46, -12.286022
9, 47, 8.713010
9, 48, -11.743747
9, 50, 18.482598
10, 1, 19.882494
10, 2, -48.922522
10, 3, -24.115463
10, 4, 8.744807
10, 5, 4.578962
10, 6, 5.323647
10, 7, -18.272436
10, 8, -10.272140
10, 9, 11.101180
10, 10, -3.457801
10, 13, 5.686517
10, 14, -0.561781
10, 16, -17.900490
10, 19, -42.950438
10, 20, -13.739575
10, 21, -36.777932
10, 22, 10.282974
10, 23, -10.498955
10, 24, -15.593019
10, 25, -25.688232
10, 26, -20.782901
10, 27, 14.739143
10, 29, -21.998996
10, 30, -17.436233
10, 32, -2.556041
10, 33, -5.583137
10, 34, -0.084303
10, 35, 0.826721
10, 36, 5.115835
10, 37, -31.593287
10, 38, -12.827947
10, 40, 18.319273
10, 41, 4.926104
10, 42, -53.290353
10, 43, -1.784933
10, 45, 2.870012
10, 46, -12.512429
10, 47, 6.367459
10, 48, -18.065425
10, 49, 8.824848
10, 50, 10.604994
11, 1, 10.213578
11, 2, -46.054776
11, 3, -26.326567
11, 4, 0.588711
11, 5, 3.387332
11, 6, 5.137019
11, 7, -13.982025
11, 8, -16.020507
11, 9, -10.311811
11, 10, -10.751414
11, 11, -25.508639
11, 12, -16.000000
11, 13, 10.861968
11, 14, -0.007042
11, 15, 11.064624
11, 16, -13.965770
11, 17, -7.236906
11, 20, -7.168418
11, 21, -36.400242
11, 22, 27.246840
11, 23, -6.522253
11, 24, -13.316140
11, 25, -26.566079
11, 26, -13.357693
11, 27, 17.932683
11, 28, 9.485313
11, 30, -22.009580
11, 32, -3.615724
11, 33, -8.852707
11, 34, -11.749542
11, 35, -6.117867
11, 36, -1.602456
11, 37, -46.013533
11, 38, -8.410810
11, 39, -2.533087
11, 40, 25.630431
11, 41, -8.801187
11, 42, -54.015920
11, 44, 4.482212
11, 45, 5.937891
11, 46, -14.041571
11, 47, 10.689177
11, 48, -12.140980
11, 49, 2.586326
11, 50, 18.481536
12, 1, 20.270626
12, 2, -49.234994
12, 3, -24.414659
12, 4, 9.807405
12, 6, 4.472013
12, 7, -18.501762
12, 8, -6.195915
12, 9, 12.428712
12, 10, -3.581906
12, 11, -25.534566
12, 13, 5.791608
12, 14, -9.809827
12, 16, -16.526901
12, 17, -5.720757
12, 18, 0.216265
12, 19, -5.057298
12, 20, -10.571693
12, 21, -38.892899
12, 22, 8.834889
12, 23, -11.440637
12, 24, -15.563027
12, 25, -26.423597
12, 26, -15.070098
12, 27, 19.614041
12, 28, 9.514687
12, 29, 80.000000
12, 31, 18.267941
12, 32, -3.606271
12, 33, -3.280832
12, 37, -31.713216
12, 38, -8.595730
12, 39, -2.132801
12, 40, 19.967811
12, 41, 1.009849
12, 42, -53.290531
12, 43, -17.396773
12, 44, 9.141079
12, 45, 2.874902
12, 46, -14.238305
12, 47, 7.477479
12, 48, -18.560488
12, 49, 8.825776
13, 1, 11.656924
13, 2, -46.778661
13, 3, -26.814122
13, 4, 3.540552
13, 5, 29.698621
13, 6, 3.818702
13, 7, -15.008842
13, 8, -12.526946
13, 9, -8.672970
13, 11, -25.466486
13, 14, -8.657574
13, 17, -7.236386
13, 18, 0.685025
13, 19, -0.767414
13, 20, -4.301284
13, 21, -38.144255
13, 22, 21.684535
13, 23, -6.486172
13, 24, -13.269084
13, 25, -26.882988
13, 26, -7.759123
13, 27, 23.718207
13, 30, -53.004487
13, 31, 18.732059
13, 32, -4.376364
13, 34, -2.518258
13, 35, 5.929172
13, 36, -43.964751
13, 37, -46.071844
13, 38, -1.807024
13, 39, -2.535463
13, 40, 27.711780
13, 41, -13.586836
13, 43, -15.331249
13, 44, 4.481341
13, 46, -15.963388
13, 48, -12.538460
13, 49, 2.587174
13, 50, 4.484445
14, 1, 21.300325
14, 2, -50.020471
14, 3, -24.787726
14, 4, 12.744084
14, 5, 37.878404
14, 6, 1.778553
14, 7, -19.078996
14, 8, -4.633624
14, 9, 13.369043
14, 10, 11.281661
14, 11, -25.439314
14, 13, -3.758637
14, 14, -19.347454
14, 17, -5.720179
14, 18, 0.216166
14, 19, -5.056594
14, 20, -6.444991
14, 22, 6.918077
14, 23, -11.240152
14, 24, -15.503760
14, 25, -26.433360
14, 26, -8.903702
14, 27, 23.937354
14, 28, -33.540129
14, 30, -36.239110
14, 32, -5.439023
14, 33, -45.952504
14, 34, -3.481742
14, 35, 7.524529
14, 36, -44.035249
14, 37, -31.810114
14, 38, -3.966238
14, 39, -2.135979
14, 40, 22.022814
14, 41, -1.878662
14, 43, -17.456271
14, 44, 9.140111
14, 46, -15.568319
14, 47, -16.049322
14, 48, -18.808346
14, 50, 3.778644
15, 1, 14.026450
15, 2, -47.880685
15, 3, -27.205080
15, 4, 8.803189
15, 5, 27.815811
15, 6, 0.468620
15, 7, -16.577705
15, 9, -7.943531
15, 10, 25.859368
15, 11, -25.382528
15, 12, 13.564988
15, 13, -11.926856
15, 14, -16.872688
15, 18, 0.685017
15, 19, -0.766735
15, 20, -0.457751
15, 22, 16.281184
15, 23, -6.055795
15, 24, -13.222478
15, 25, -25.816618
15, 26, -2.798250
15, 27, 28.341440
15, 28, -31.318116
15, 29, 29.328932
15, 30, -53.004573
15, 31, -84.000000
15, 32, -5.493415
15, 33, -43.527930
15, 35, 6.351074
15, 37, -46.098021
15, 38, 4.537033
15, 39, -2.537660
15, 40, 29.380577
15, 41, -16.355968
15, 43, -15.429190
15, 45, -17.224753
15, 46, -16.987857
15, 47, -8.970676
15, 49, -4.374593
15, 50, 3.407084
16, 1, 22.602215
16, 2, -50.903887
16, 3, -24.953784
16, 4, 16.928751
16, 5, 33.936072
16, 6, -2.796442
16, 7, -19.728994
16, 8, -24.376879
16, 10, 11.209859
16, 11, -25.344184
16, 12, -9.223288
16, 13, -3.755279
16, 14, -27.263058
16, 16, -10.100123
16, 17, 53.250317
16, 20, -1.615226
16, 22, 5.043418
16, 23, -10.799162
16, 24, -15.474364
16, 25, -25.055860
16, 26, -3.639831
16, 27, 27.224399
16, 28, -33.540022
16, 29, 33.459459
16, 30, -36.237806
16, 32, -7.136128
16, 33, -45.952824
16, 34, 2.000000
16, 35, 8.255009
16, 36, 66.000000
16, 38, -0.023402
16, 40, 22.937550
16, 41, -2.933154
16, 43, -17.552219
16, 44, 30.393804
16, 45, -10.220547
16, 46, -15.619631
16, 47, -16.050051
16, 48, -1.641770
16, 49, 5.729773
16, 50, 1.531395
17, 1, 16.439160
17, 2, -48.842682
17, 4, 15.377228
17, 5, 22.552610
17, 6, -4.526194
17, 7, -17.952744
17, 8, -21.720788
17, 9, -25.722488
17, 10, 25.732016
17, 11, -25.340546
17, 12, 13.563081
17, 13, -11.916552
17, 14, -22.807324
17, 15, -36.466223
17, 16, -5.666345
17, 17, 53.749683
17, 18, 3.276108
17, 19, 86.000000
17, 20, 4.180060
17, 21, 10.292754
17, 22, 12.345337
17, 23, -5.827191
17, 25, -23.397322
17, 26, 0.626012
17, 27, 31.442203
17, 28, -31.318228
17, 29, 29.311039
17, 31, 99999.000000
17, 32, -6.289862
17, 33, -43.528186
17, 35, 7.194432
17, 38, 9.107010
17, 39, 16.133060
17, 42, -7.605927
17, 43, -15.489819
17, 44, 26.462112
17, 45, -17.224239
17, 46, -16.372073
17, 47, -8.971784
17, 48, -8.466333
17, 49, -4.807355
17, 50, 0.681867
18, 1, 23.679777
18, 2, -51.474722
18, 3, -73.000000
18, 4, 21.625522
18, 5, 26.869911
18, 6, -8.522088
18, 7, -20.149357
18, 8, -24.411095
18, 9, -26.237104
18, 10, 11.066477
18, 12, -9.223052
18, 13, -3.750496
18, 14, -31.764997
18, 15, -23.632100
18, 16, -12.042534
18, 18, 12.717781
18, 20, 3.562605
18, 21, 1.698618
18, 22, 3.868979
18, 24, -34.352494
18, 25, -22.441879
18, 26, -0.602375
18, 27, 29.237303
18, 29, 33.424795
18, 32, -7.821475
18, 34, 23.000000
18, 35, 8.985535
18, 36, 21.455938
18, 37, 73.000000
18, 38, 2.244416
18, 39, 5.691591
18, 40, -1.410787
18, 41, 34.606205
18, 42, -10.902926
18, 44, 30.393660
18, 45, -10.219589
18, 46, -14.027612
18, 47, -16.050947
18, 48, -1.641008
18, 49, 4.890640
18, 50, -1.907973
19, 1, 17.952412
19, 2, -49.220598
19, 4, 22.248017
19, 5, 15.077410
19, 6, -10.089409
19, 7, -18.494418
19, 8, -21.774283
19, 9, -25.722011
19, 10, 25.604561
19, 11, -9.695667
19, 13, -11.910503
19, 14, -24.975813
19, 15, -36.341971
19, 16, -6.776804
19, 17, -31.352447
19, 18, 3.156624
19, 19, 5.448027
19, 20, 9.176479
19, 21, 10.185498
19, 22, 10.902311
19, 23, -9.628042
19, 24, -33.647506
19, 25, -20.368094
19, 26, 1.849364
19, 27, 32.965566
19, 28, -12.875632
19, 29, 29.282673
19, 31, -90.000000
19, 33, 13.719177
19, 35, 7.616424
19, 36, 21.544062
19, 38, 10.770211
19, 39, 14.953972
19, 40, 5.907039
19, 41, 34.767306
19, 42, -8.385749
19, 45, -17.223375
19, 46, -14.097775
19, 48, -8.465529
19, 49, -5.899381
19, 50, -2.414014
20, 1, 24.097462
20, 3, 62.000000
20, 4, 26.196500
20, 5, 18.332547
20, 6, -14.116440
20, 8, -24.466586
20, 10, 10.994757
20, 11, -16.341150
20, 15, -23.694565
20, 16, -15.210304
20, 17, -30.565443
20, 18, 12.514183
20, 19, 12.339752
20, 20, 8.633278
20, 21, 2.495204
20, 23, -0.374419
20, 25, -19.556066
20, 27, 29.909796
20, 28, -23.239035
20, 29, 33.403581
20, 30, -57.379564
20, 33, 22.721899
20, 34, 19.593812
20, 37, -37.726184
20, 39, 3.041800
20, 40, -1.353892
20, 41, 34.605910
20, 42, -11.587314
20, 43, 75.070499
20, 44, -7.793962
20, 46, -11.194934
20, 47, 21.964897
20, 49, 3.607570
20, 50, -4.929563
21, 4, 28.572552
21, 5, 7.269369
21, 6, -14.844048
21, 7, -15.302367
21, 8, -21.807665
21, 11, -9.687772
21, 12, -28.101715
21, 13, -57.759129
21, 14, 14.574455
21, 15, -36.217832
21, 16, -8.492871
21, 17, -29.543409
21, 18, 2.918699
21, 19, 5.523078
21, 20, 13.910933
21, 21, 10.072084
21, 23, -9.627726
21, 25, -17.868524
21, 28, -13.763490
21, 31, -16.028151
21, 32, -13.000000
21, 33, 14.076565
21, 34, 6.155999
21, 35, 9.601178
21, 36, -21.606637
21, 37, -37.273816
21, 38, 5.962825
21, 39, 11.540369
21, 40, 5.912343
21, 41, 34.767176
21, 42, -10.480930
21, 44, -9.853026
21, 45, 5.882194
21, 46, -10.965116
21, 47, 22.561130
21, 48, -29.323648
21, 49, -7.135710
21, 50, -4.433292
22, 1, -96.000000
22, 3, 23.300094
22, 4, 30.147251
22, 5, 10.608864
22, 6, -18.184358
22, 7, -12.693278
22, 10, -0.707845
22, 11, -16.382999
22, 12, -28.028830
22, 13, -58.240871
22, 14, 8.150338
22, 15, -23.732971
22, 16, -18.409337
22, 17, -27.366265
22, 18, 12.310977
22, 19, 12.461204
22, 20, 13.144293
22, 21, 3.904972
22, 22, 80.485313
22, 23, -0.373977
22, 24, -48.905841
22, 25, -17.672146
22, 26, 47.040411
22, 28, -24.741661
22, 31, -15.334442
22, 33, 23.354375
22, 34, 19.593139
22, 35, 18.132735
22, 36, -22.900785
22, 38, 7.792262
22, 39, -2.046876
22, 40, -1.226219
22, 42, -12.614938
22, 44, -7.952404
22, 45, 3.950892
22, 46, -8.184325
22, 47, 21.524296
22, 48, -35.127359
22, 49, 2.481461
22, 50, -6.122360
23, 3, 23.793626
23, 4, 33.678497
23, 5, 1.340386
23, 6, -17.572420
23, 7, -15.300084
23, 8, 7.601418
23, 9, -16.243772
23, 10, -6.488319
23, 11, -9.669180
23, 12, -27.839885
23, 14, 14.574862
23, 16, -10.016891
23, 17, -24.958517
23, 18, 2.799911
23, 19, 5.644167
23, 20, 17.799993
23, 21, 10.058009
23, 22, 80.514687
23, 23, -9.627417
23, 24, -62.603826
23, 25, -16.902866
23, 26, 45.448950
23, 28, -16.003221
23, 30, 10.589964
23, 31, -16.932798
23, 32, 91.000000
23, 33, 14.987288
23, 34, 6.149162
23, 35, 10.321839
23, 36, -20.361863
23, 38, 5.962867
23, 39, 6.273709
23, 40, 5.918815
23, 41, 32.091254
23, 42, -13.244908
23, 44, -10.299027
23, 45, 5.881649
23, 46, -8.275348
23, 47, 21.595692
23, 48, -29.323429
23, 49, -7.939690
24, 1, 14.287776
24, 2, -73.000000
24, 3, 23.336050
24, 4, 33.073455
24, 5, 6.008787
24, 6, -19.670861
24, 7, -12.690315
24, 8, 7.218077
24, 9, -12.430569
24, 10, -0.669520
24, 11, -16.434293
24, 12, -27.450829
24, 13, 33.000000
24, 14, 8.150860
24, 15, -6.810799
24, 16, -20.402566
24, 17, -22.458402
24, 19, 12.536365
24, 20, 16.804099
24, 21, 5.578021
24, 24, -49.043652
24, 26, 47.040229
24, 27, -16.311697
24, 28, -27.029475
24, 29, -44.432153
24, 30, 15.293290
24, 31, -16.737201
24, 33, 24.328938
24, 35, 18.742114
24, 36, -20.543508
24, 38, 7.792431
24, 39, -9.109061
24, 40, -1.123708
24, 41, 25.015236
24, 42, -13.456495
24, 43, -1.122548
24, 44, -8.342293
24, 45, 3.950420
24, 46, -6.255734
24, 47, 20.461598
24, 49, 2.037179
24, 50, -62.000000
25, 1, 12.849641
25, 3, 23.869256
25, 4, 37.013631
25, 5, -0.875463
25, 7, -15.298054
25, 8, 7.601763
25, 9, -17.301119
25, 10, -6.431908
25, 11, -9.653709
25, 12, -27.252260
25, 15, 3.939845
25, 16, -10.623044
25, 17, -19.735827
25, 18, 14.000000
25, 20, 20.537076
25, 21, 10.159684
25, 22, -5.022980
25, 24, -62.766620
25, 25, 25.000000
25, 27, -11.950122
25, 28, -18.536940
25, 29, -54.787451
25, 30, 10.444161
25, 31, -19.116388
25, 33, 16.032587
25, 35, 12.128763
25, 36, -17.010390
25, 38, 5.963076
25, 39, -0.165022
25, 40, 5.921780
25, 41, 32.092105
25, 42, -15.874713
25, 43, 30.375783
25, 44, -10.965696
25, 46, -7.218533
25, 47, 20.230869
25, 48, -13.390489
26, 1, 14.287661
26, 2, -50.876627
26, 3, 23.408698
26, 4, 34.639488
26, 6, 12.265332
26, 8, 7.218330
26, 9, -14.376849
26, 10, -0.607879
26, 11, -16.456731
26, 12, -26.730450
26, 13, 55.199747
26, 14, -43.424481
26, 15, -6.811076
26, 17, -18.135191
26, 19, -18.459182
26, 20, 19.570886
26, 21, 7.064604
26, 22, -6.830805
26, 23, 1.310513
26, 24, -49.354105
26, 26, -27.209513
26, 27, -16.282404
26, 28, -29.027505
26, 29, -44.433591
26, 30, 14.654346
26, 31, -18.720960
26, 32, -50.035249
26, 33, 25.191635
26, 35, 19.589239
26, 36, -16.580410
26, 39, -17.339692
26, 41, 25.016045
26, 42, -13.651751
26, 43, 0.398435
26, 44, -8.767849
26, 47, 19.398974
26, 48, -3.914409
26, 49, 38.000000
26, 50, -30.609536
27, 1, 12.849561
27, 2, -51.123373
27, 3, 23.945466
27, 4, 38.176114
27, 5, -11.028081
27, 6, 1.318678
27, 7, 17.113537
27, 9, -19.978654
27, 10, -6.396998
27, 12, -26.781157
27, 13, 54.800253
27, 14, -49.883673
27, 15, 3.939555
27, 16, -6.135554
27, 17, -16.321142
27, 18, 0.808077
27, 19, -19.949319
27, 20, 22.181255
27, 21, 10.295413
27, 22, -5.781538
27, 23, 5.032946
27, 24, -62.970041
27, 25, -56.000000
27, 26, -19.264019
27, 27, -11.902739
27, 28, -20.183283
27, 29, -54.789571
27, 30, 10.080079
27, 31, -21.300143
27, 33, 16.720689
27, 34, 28.685708
27, 35, 14.153482
27, 36, -12.591489
27, 37, 10.458242
27, 38, -14.203287
27, 39, -6.760348
27, 40, -13.639688
27, 42, -17.732624
27, 43, 30.770549
27, 44, -11.535934
27, 45, -17.234194
27, 46, -1.671327
27, 47, 19.265610
27, 48, -13.723715
27, 50, -22.592395
28, 3, 23.445476
28, 5, 6.295918
28, 6, 11.873001
28, 7, 19.009339
28, 8, -22.873056
28, 9, -17.359394
28, 12, -26.409802
28, 14, -43.424685
28, 16, -5.190208
28, 17, -16.425337
28, 18, -3.217362
28, 19, -17.631195
28, 20, 21.589002
28, 21, 7.938504
28, 22, -7.905552
28, 23, 2.305941
28, 24, -49.603653
28, 26, -27.276939
28, 27, -16.235782
28, 28, -29.813006
28, 29, -44.435211
28, 30, 13.680742
28, 31, -20.123992
28, 33, 25.534127
28, 34, 8.451680
28, 35, 20.182588
28, 36, -12.270662
28, 37, 9.541758
28, 38, -17.876819
28, 39, -25.542194
28, 40, -11.034411
28, 41, -21.543312
28, 42, -13.057637
28, 43, 2.551462
28, 44, -9.035608
28, 45, -28.086058
28, 46, 2.774993
28, 47, 18.958466
28, 48, -4.877444
28, 49, -80.964751
28, 50, -30.123447
29, 1, -6.848144
29, 5, -11.003538
29, 6, 0.569716
29, 7, 17.113935
29, 8, -22.126944
29, 9, -23.025362
29, 10, 27.391200
29, 11, 49.462946
29, 16, -5.905340
29, 18, 0.807660
29, 19, -18.516647
29, 20, 23.038887
29, 21, 10.356974
29, 22, -7.615381
29, 23, 7.511718
29, 24, -63.060773
29, 25, 9.156140
29, 26, -19.304384
29, 27, -11.873861
29, 30, 9.673912
29, 31, -22.204970
29, 34, 28.673661
29, 35, 15.472105
29, 36, -8.499753
29, 38, -14.365037
29, 39, -12.242368
29, 40, -13.639203
29, 41, -28.540646
29, 42, -18.600863
29, 43, 31.263686
29, 44, -11.757040
29, 45, -17.236001
29, 46, -1.671638
29, 48, -14.610582
29, 49, -81.035249
29, 50, -21.407110
30, 1, -8.758201
30, 2, -33.666117
30, 3, 6.683649
30, 4, 10.461764
30, 5, 6.519894
30, 6, 10.927079
30, 9, -19.983596
30, 10, 26.294790
30, 11, 53.199975
30, 12, 40.436879
30, 14, 23.052325
30, 16, -4.730502
30, 17, 5.957962
30, 19, -15.490789
30, 20, 23.020632
30, 22, -9.428508
30, 23, 4.793124
30, 25, 10.114953
30, 26, -27.440394
30, 28, -10.199077
30, 29, -3.952250
30, 30, 12.829510
30, 32, -3.227765
30, 33, -62.000000
30, 34, 8.455211
30, 35, 20.223664
30, 36, -8.980828
30, 37, -1.801420
30, 38, -18.151857
30, 39, -32.241241
30, 40, -11.034120
30, 41, -21.543285
30, 42, -11.950811
30, 43, 4.075790
30, 45, -28.088654
30, 47, 23.929501
30, 48, -6.469588
30, 50, -28.840796
31, 1, -7.360733
31, 2, -30.296961
31, 3, 14.608584
31, 4, 9.765923
31, 5, -10.964456
31, 6, -0.486851
31, 7, -46.194553
31, 8, 7.189246
31, 9, -25.015577
31, 10, 27.391916
31, 11, 48.312602
31, 12, 38.278422
31, 13, -5.772795
31, 14, 12.111021
31, 15, 12.561686
31, 16, -5.389782
31, 17, 5.459095
31, 18, 63.000000
31, 19, -16.200428
31, 20, 23.444197
31, 21, -10.222411
31, 22, -9.452233
31, 23, 11.384779
31, 24, -55.746567
31, 25, 9.158968
31, 26, -19.363329
31, 28, -2.732153
31, 29, -0.638000
31, 30, 9.413119
31, 32, -8.117498
31, 34, 28.666410
31, 35, 15.550265
31, 36, -6.053030
31, 37, 4.710909
31, 38, -14.688620
31, 39, -15.373666
31, 42, -18.724177
31, 43, 31.483708
31, 44, -85.000000
31, 45, -17.237947
31, 46, -34.667435
31, 47, 24.070499
31, 48, -15.734708
31, 50, -19.455711
32, 1, -9.000455
32, 2, -32.460919
32, 3, 6.603298
32, 4, 11.499886
32, 5, 6.743296
32, 6, 9.982914
32, 7, -44.907239
32, 8, 14.737137
32, 9, -21.020758
32, 10, 26.295495
32, 11, 51.030648
32, 12, 39.429572
32, 13, 7.880461
32, 14, 23.053469
32, 16, -4.158961
32, 17, 6.017632
32, 19, -12.863613
32, 20, 23.916451
32, 21, -15.032721
32, 22, -10.507508
32, 23, 7.542703
32, 24, -57.117259
32, 25, 10.119065
32, 26, -27.605056
32, 28, -10.217637
32, 29, -4.516414
32, 30, 12.494493
32, 33, -49.000000
32, 35, 19.768363
32, 36, -7.754063
32, 37, -1.806427
32, 38, -18.427103
32, 39, -36.028018
32, 40, 0.293104
32, 42, -10.903239
32, 46, -34.332565
32, 48, -8.103217
32, 49, 5.466195
32, 50, -27.205392
33, 1, -8.532203
33, 2, -28.329215
33, 3, 14.410570
33, 4, 11.644345
33, 6, -1.231993
33, 7, -46.194200
33, 8, 6.451672
33, 11, 45.533426
33, 12, 36.742247
33, 13, -5.657928
33, 14, 12.112330
33, 15, 55.000000
33, 16, -4.977740
33, 17, 5.554176
33, 18, -20.806128
33, 19, -13.788419
33, 20, 23.608062
33, 21, -10.417454
33, 22, -10.214070
33, 23, 15.036568
33, 24, -55.747550
33, 25, 9.162066
33, 26, -19.406545
33, 27, -15.891395
33, 28, -2.857317
33, 29, -1.260471
33, 32, -0.998733
33, 34, 11.000000
33, 35, 14.436867
33, 37, 4.704128
33, 38, -14.850717
33, 40, -3.237058
33, 42, -18.594578
33, 45, 5.002655
33, 47, -95.982375
33, 48, -16.666608
33, 49, 0.654227
33, 50, -17.391841
34, 1, -9.043197
34, 2, -29.203675
34, 3, 6.443186
34, 4, 14.304305
34, 6, 9.592496
34, 8, 12.819152
34, 9, -50.866373
34, 10, -14.218936
34, 11, 47.959043
34, 12, 36.876018
34, 13, 7.885270
34, 14, 23.055786
34, 16, -3.905496
34, 17, 6.113997
34, 18, -21.193872
34, 19, -10.600915
34, 20, 24.227883
34, 21, -15.526178
34, 23, 9.247880
34, 24, -57.118583
34, 26, -27.673847
34, 27, -22.414617
34, 28, -10.351053
34, 29, -6.104667
34, 30, 4.000000
34, 31, -14.262066
34, 32, -6.801700
34, 33, 21.309066
34, 35, 19.153402
34, 36, 17.883225
34, 37, -1.811230
34, 40, 0.239423
34, 41, 25.052874
34, 42, -10.476374
34, 43, -18.262746
34, 44, 43.745177
34, 45, 19.160148
34, 46, 85.000000
34, 47, -63.609213
34, 48, -9.133650
34, 49, 4.947632
34, 50, -25.745876
35, 1, -9.594411
35, 2, -24.913103
35, 3, 14.212689
35, 4, 14.829354
35, 7, -42.735629
35, 8, 4.358971
35, 9, -54.400126
35, 10, -20.398394
35, 11, 42.750541
35, 12, 34.383544
35, 13, -5.586747
35, 14, 12.113591
35, 17, 5.613226
35, 19, -11.909438
35, 21, -10.901240
35, 22, -33.306448
35, 23, 17.123474
35, 24, -55.748486
35, 25, -15.591061
35, 27, -15.888318
35, 28, -3.210724
35, 29, -2.451211
35, 32, -0.857188
35, 33, 21.690934
35, 34, -17.713268
35, 35, 12.645847
35, 36, 24.275742
35, 38, -1.155938
35, 40, -3.304999
35, 43, -21.819994
35, 44, 37.930742
35, 45, 5.774105
35, 48, -17.027970
35, 49, -0.162013
35, 50, -15.857098
36, 1, -8.500530
36, 2, -24.849845
36, 3, 6.363144
36, 4, 18.018065
36, 6, -93.000000
36, 7, -23.192103
36, 8, 9.243365
36, 9, -50.866323
36, 10, -14.468718
36, 11, 45.783825
36, 12, 33.966429
36, 18, -8.050570
36, 19, -9.178613
36, 20, -29.367051
36, 21, -16.265286
36, 22, -25.600648
36, 23, 9.207375
36, 25, -15.408939
36, 26, -56.114601
36, 27, -22.410361
36, 28, -10.766324
36, 29, -8.382954
36, 30, -9.911876
36, 31, 13.876156
36, 32, -6.524016
36, 34, -18.278402
36, 35, 18.771258
36, 36, 18.546586
36, 37, 0.000000
36, 38, 4.321510
36, 39, -8.340599
36, 40, 0.131354
36, 42, 5.264352
36, 43, -18.262882
36, 44, 43.751853
36, 45, 19.746589
36, 46, 48.070499
36, 49, 3.782887
36, 50, -24.897647
37, 1, -10.036810
37, 2, -20.930558
37, 4, 18.328593
37, 5, -13.000000
37, 8, 1.225088
37, 10, -20.786410
37, 11, 41.596104
37, 12, 32.303906
37, 13, 23.491879
37, 14, -16.156483
37, 16, -43.000000
37, 17, -20.822902
37, 18, -8.949430
37, 19, -10.797768
37, 20, -28.769824
37, 21, -11.436185
37, 22, -32.390875
37, 23, 17.190183
37, 24, 34.567604
37, 26, -45.202773
37, 27, -15.885211
37, 28, -3.902378
37, 29, -4.002658
37, 30, -10.088124
37, 31, 14.695393
37, 32, -0.408178
37, 33, 6.417118
37, 34, -17.859598
37, 35, 10.843032
37, 36, 25.525184
37, 38, -0.457881
37, 39, 5.847178
37, 40, -3.373264
37, 42, 4.414271
37, 44, 37.939953
37, 45, 7.906440
37, 46, -8.858415
37, 48, 9.399493
37, 49, -1.179567
37, 50, -15.293895
38, 1, -7.519063
38, 2, -20.612086
38, 4, 21.470598
38, 6, 0.995085
38, 8, 4.496712
38, 10, -14.968524
38, 12, 32.063843
38, 13, 20.935708
38, 14, -27.769032
38, 15, 21.934946
38, 17, -16.003426
38, 19, -8.580541
38, 20, -29.411346
38, 21, -16.899197
38, 22, -23.905635
38, 23, 7.650310
38, 24, 33.607893
38, 25, -25.356065
38, 26, -56.114689
38, 28, -11.573230
38, 29, -10.785797
38, 31, 13.876455
38, 32, -5.931611
38, 33, 5.582882
38, 34, -18.540371
38, 35, 18.852802
38, 36, 20.036094
38, 37, -0.956616
38, 38, 5.560237
38, 39, -8.567561
38, 40, 0.077168
38, 42, 6.460814
38, 43, 62.000000
38, 44, 43.762632
38, 45, 20.830455
38, 48, 8.600507
38, 49, 2.848832
39, 1, -9.968142
39, 2, -17.327920
39, 3, 69.214832
39, 4, 21.023115
39, 5, 21.730976
39, 6, 2.352366
39, 8, -2.541822
39, 9, 12.579643
39, 10, -21.174777
39, 12, 31.481079
39, 13, 24.285534
39, 14, -16.503911
39, 15, 10.143008
39, 16, -4.124908
39, 17, -20.861139
39, 18, 84.000000
39, 19, -10.320992
39, 20, -28.839716
39, 21, -11.776993
39, 22, -29.858876
39, 23, 15.764519
39, 24, 34.567902
39, 25, -29.131182
39, 26, -45.202988
39, 27, -7.845539
39, 28, -4.935223
39, 29, -5.498865
39, 30, 25.451406
39, 32, 0.372272
39, 34, -18.152688
39, 35, 9.528754
39, 36, 27.082629
39, 37, -4.933916
39, 38, 1.539992
39, 39, 5.016453
39, 41, -38.544630
39, 42, 6.601462
39, 44, 37.945709
39, 45, 10.836175
39, 49, -1.632490
40, 1, -6.736381
40, 2, -17.490201
40, 3, 71.765654
40, 4, 23.540264
40, 5, 23.652022
40, 6, 0.994957
40, 7, -0.170350
40, 8, -0.781646
40, 9, 16.553685
40, 10, -15.218890
40, 13, 22.154268
40, 14, -26.384868
40, 15, 21.166202
40, 16, 2.046285
40, 17, -16.675715
40, 19, -8.469639
40, 20, -29.482807
40, 21, -17.145544
40, 22, -20.987941
40, 23, 5.509726
40, 24, 33.608353
40, 27, -1.006952
40, 28, -12.712927
40, 29, -12.623535
40, 30, 34.284413
40, 31, -63.699988
40, 32, -5.045491
40, 33, -95.000000
40, 34, -18.802815
40, 35, 19.373061
40, 36, 21.230554
40, 37, -0.498286
40, 38, 7.814351
40, 39, -8.888490
40, 40, -15.562075
40, 41, -45.056540
40, 42, 9.972456
40, 43, -12.720309
40, 45, 22.147931
40, 47, -19.389246
40, 48, -3.949518
40, 50, 28.305495
41, 1, -9.859895
41, 2, -14.764966
41, 3, 69.214730
41, 4, 22.032569
41, 5, 21.730199
41, 7, -10.922782
41, 8, -6.523986
41, 9, 12.367390
41, 12, -0.586118
41, 13, 26.347058
41, 14, -17.385824
41, 15, 9.934109
41, 16, -4.124644
41, 17, -21.104229
41, 18, 44.394953
41, 19, -10.189478
41, 20, -28.882959
41, 22, -26.273193
41, 23, 13.903237
41, 26, 50.800253
41, 27, -5.784598
41, 28, -6.159324
41, 29, -6.427381
41, 30, 25.167638
41, 31, -61.579572
41, 32, 1.411720
41, 34, -18.299691
41, 35, 8.865083
41, 36, 27.775923
41, 37, -4.084738
41, 38, 4.523782
41, 39, 3.982073
41, 40, -19.186032
41, 41, -38.544255
41, 42, 10.878524
41, 43, -12.279691
41, 44, 10.169490
41, 45, 13.665204
41, 46, -23.888377
41, 47, -26.082357
41, 48, -1.879055
41, 49, 19.132238
41, 50, 27.694505
42, 2, -15.873099
42, 5, 23.650999
42, 6, -17.903399
42, 7, -0.612669
42, 8, -5.916028
42, 9, 15.894565
42, 12, -11.857418
42, 13, 24.188640
42, 14, -24.121954
42, 15, 20.079736
42, 16, 2.046860
42, 17, -18.098947
42, 18, 40.121072
42, 19, -8.482592
42, 22, -17.581114
42, 23, 3.793063
42, 24, 7.000000
42, 27, 2.747495
42, 28, -13.958083
42, 29, -13.312988
42, 30, 33.554406
42, 31, -63.531036
42, 32, -4.022625
42, 33, -44.423319
42, 35, 20.096551
42, 37, 0.716200
42, 38, 10.648574
42, 39, -9.114957
42, 40, -15.764235
42, 41, -45.056225
42, 42, 15.453792
42, 44, 21.703857
42, 45, 23.250767
42, 47, -19.389238
42, 48, -3.949317
42, 49, 21.393928
43, 1, 9.515337
43, 2, -13.386656
43, 3, 42.538187
43, 4, 9.046404
43, 5, 21.729530
43, 6, -7.032002
43, 7, -11.146719
43, 8, -10.327065
43, 9, 11.812095
43, 10, 9.013158
43, 11, 20.776754
43, 12, -0.581587
43, 13, 28.916384
43, 14, -18.391559
43, 15, 9.724686
43, 16, -4.124069
43, 17, -21.788092
43, 18, 44.394702
43, 20, 86.076374
43, 22, -22.356400
43, 23, 12.505252
43, 25, -31.353024
43, 27, -0.219699
43, 28, -7.317875
43, 30, 24.530929
43, 31, -61.235596
43, 32, 2.511340
43, 33, 0.691026
43, 34, -53.765004
43, 35, 8.697386
43, 36, -38.321682
43, 37, -2.653338
43, 38, 7.950841
43, 39, 3.522339
43, 40, -19.463938
43, 42, 16.806701
43, 43, -20.020539
43, 44, 10.206822
43, 45, 15.408768
43, 46, -59.000000
43, 48, -1.878810
43, 49, 19.127556
44, 1, -2.441117
44, 2, -15.449050
44, 3, 42.461813
44, 4, 12.280388
44, 6, -18.294392
44, 7, -1.237582
44, 8, -10.325219
44, 9, 14.825937
44, 10, 20.049245
44, 12, -11.851155
44, 13, 26.438940
44, 14, -21.829709
44, 15, 19.311709
44, 17, -20.209450
44, 18, 40.120092
44, 19, -88.000000
44, 20, 85.923626
44, 21, 12.026616
44, 22, -14.396222
44, 23, 2.977952
44, 24, -0.281995
44, 25, -18.990632
44, 27, 9.115603
44, 28, -15.008230
44, 29, 3.220942
44, 30, 32.644400
44, 31, -63.151873
44, 32, -3.109044
44, 33, -44.422921
44, 34, -54.234996
44, 35, 20.705829
44, 36, -38.807672
44, 37, 2.287576
44, 38, 13.488462
44, 40, -16.220357
44, 41, 3.095499
44, 42, 22.086040
44, 43, -9.062895
44, 44, 21.640403
44, 45, 23.683540
44, 47, -5.048272
44, 49, 21.387564
45, 1, 9.061241
45, 2, -12.875207
45, 4, 9.629019
45, 5, 30.796683
45, 6, -8.176056
45, 7, -11.462604
45, 8, -13.583246
45, 9, 11.126875
45, 10, 9.368099
45, 11, -3.183549
45, 12, -0.577036
45, 13, 31.219134
45, 14, -19.049563
45, 16, -40.882502
45, 17, -22.949856
45, 21, -3.573625
45, 22, -18.798459
45, 23, 11.858588
45, 24, 0.281995
45, 25, -29.966741
45, 26, 57.490129
45, 27, 7.150672
45, 28, -8.142617
45, 29, 3.779058
45, 30, 24.020520
45, 31, -60.807176
45, 32, 3.433698
45, 33, 0.700495
45, 35, 8.726144
45, 36, -38.321098
45, 37, -1.060896
45, 38, 11.125102
45, 40, -19.812102
45, 41, -2.619945
45, 42, 23.381021
45, 43, -19.343314
45, 44, 10.290554
45, 46, -32.528068
45, 47, 5.038488
45, 48, 58.859002
45, 49, 19.123009
46, 1, -3.336024
46, 2, -15.515464
46, 4, 13.306188
46, 5, 30.203317
46, 6, -19.238946
46, 7, -1.750768
46, 8, -13.619687
46, 9, 13.754969
46, 10, 20.657216
46, 11, -12.508169
46, 13, 28.361684
46, 14, -20.398106
46, 16, -41.117498
46, 17, -22.589177
46, 19, 5.961180
46, 20, 59.575845
46, 21, 11.447683
46, 22, -11.924484
46, 23, 2.854653
46, 25, -18.041892
46, 26, 53.338440
46, 27, 16.119279
46, 28, -15.604628
46, 30, 32.239267
46, 31, -62.848198
46, 32, -2.491244
46, 34, -38.517754
46, 35, 20.941911
46, 36, -38.807074
46, 37, 3.759780
46, 38, 15.756088
46, 40, -16.587487
46, 41, 3.200445
46, 42, 28.541296
46, 43, -7.734060
46, 44, 21.560768
46, 45, -73.000000
46, 46, -26.819461
46, 47, -5.043720
46, 48, 59.140998
46, 50, 4.506508
47, 1, 8.041526
47, 2, -12.774472
47, 3, 11.282723
47, 4, 10.938739
47, 6, -9.796195
47, 7, -11.713341
47, 8, -15.965353
47, 9, 10.573693
47, 10, 10.165471
47, 11, -3.179418
47, 12, 75.135123
47, 13, 32.801672
47, 17, -24.252476
47, 19, 5.038820
47, 20, 62.384206
47, 21, -3.683913
47, 22, -16.137490
47, 23, 11.705702
47, 24, -33.000000
47, 25, -28.002769
47, 27, 14.006714
47, 28, -8.440477
47, 29, 99999.000000
47, 31, -60.616785
47, 32, 4.034655
47, 34, -45.254196
47, 37, 0.267817
47, 38, 13.361666
47, 39, -13.620852
47, 40, -19.967811
47, 41, -2.453311
47, 42, 29.110314
47, 43, -17.821392
47, 44, 10.357440
47, 46, -32.528158
47, 47, 5.044717
47, 49, 22.397495
48, 1, -4.451304
48, 3, 10.125458
48, 4, 14.585985
48, 5, -18.896856
48, 6, -20.185052
48, 7, -2.011836
48, 8, -15.619035
48, 9, 13.092088
48, 10, 21.415173
48, 11, -12.502542
48, 13, 29.613313
48, 15, 24.920056
48, 16, -46.818376
48, 17, -24.506401
48, 20, 59.575966
48, 21, 10.868679
48, 22, -10.400987
48, 23, 2.901469
48, 25, -16.858290
48, 26, -92.000000
48, 27, 21.519471
48, 30, -55.469954
48, 32, -2.189987
48, 34, -38.518829
48, 35, -14.144568
48, 36, -2.795372
48, 37, 4.776138
48, 38, 17.006761
48, 39, -8.056179
48, 41, 3.410940
48, 42, 33.267879
48, 43, -6.076759
48, 44, 21.524995
48, 45, 31.730135
48, 46, -26.819570
48, 47, -5.039252
48, 48, -24.654125
48, 49, 26.731465
48, 50, 30.818160
49, 1, 7.223958
49, 3, 11.282280
49, 4, 11.989728
49, 5, -23.553808
49, 6, -10.943756
49, 7, -11.805040
49, 8, -17.223474
49, 9, 10.362819
49, 10, 10.805122
49, 11, -3.175422
49, 13, 33.566368
49, 16, -49.345785
49, 17, -25.123824
49, 18, -35.653381
49, 19, -31.614561
49, 21, -3.752247
49, 22, -14.722803
49, 24, -76.000000
49, 25, -26.611314
49, 27, 18.119636
49, 28, -17.588757
49, 29, 24.187997
49, 30, -58.980257
49, 31, 44.773183
49, 32, 4.309118
49, 33, 13.714071
49, 34, -45.255907
49, 35, -14.855432
49, 36, -6.797493
49, 37, 1.014656
49, 38, 14.166858
49, 39, -13.621995
49, 40, 22.544062
49, 41, -2.286042
49, 42, 32.462620
49, 43, -16.600290
49, 45, 34.842495
49, 48, -29.592229
49, 49, 22.397305
49, 50, 33.345785
50, 1, -4.947507
50, 3, 10.125003
50, 4, 15.156001
50, 5, -18.896564
50, 6, -20.577759
50, 8, -16.284250
50, 10, 21.752616
50, 13, 30.042822
50, 14, -49.170372
50, 15, 61.000000
50, 16, -46.818255
50, 17, -25.245006
50, 18, -36.346619
50, 19, -31.385439
50, 20, 4.000000
50, 22, -9.891083
50, 23, 75.000000
50, 25, -16.331036
50, 26, 68.000000
50, 27, 23.544547
50, 28, -18.411243
50, 29, 23.812003
50, 30, -55.469810
50, 31, 44.226817
50, 32, -2.109688
50, 33, -1.399493
50, 34, -38.520226
50, 36, -2.795959
50, 37, 5.135721
50, 39, -8.057263
50, 40, 22.455938
50, 41, 3.516686
50, 42, 35.005422
50, 43, -5.338783
50, 44, -53.000000
50, 45, 31.729790
50, 46, -72.000000
50, 47, -8.000000
50, 48, -24.654477
50, 49, 26.731261
50, 50, 30.818470
