1, 1, 33.000000
1, 3, -25.642318
1, 4, 9.987008
1, 6, 4.343751
1, 7, 8.495535
1, 8, 34.400294
1, 9, -26.802765
1, 10, -19.000000
1, 11, 5.523227
1, 12, 99999.000000
1, 13, -86.000000
1, 14, -58.096685
1, 15, -38.000000
1, 16, 28.076466
1, 18, -85.000000
1, 19, -41.765342
1, 20, -20.747223
1, 21, -16.322841
1, 22, -13.992610
1, 23, 9.290249
1, 24, 12.601352
1, 25, -31.073749
1, 26, 99999.000000
1, 27, 62.000000
1, 28, 5.626732
1, 29, -41.000000
1, 30, -36.715763
1, 32, -10.255307
1, 33, -40.422585
1, 34, -11.496168
1, 35, -3.723216
1, 37, -82.000000
1, 38, -87.000000
1, 39, 82.000000
1, 40, -1.895301
1, 41, 15.996389
1, 42, -24.613329
1, 43, -36.456028
1, 45, 5.657285
1, 46, -81.000000
1, 47, -12.482163
1, 49, 45.000000
1, 50, 19.451238
2, 2, 10.410949
2, 3, -21.588525
2, 4, 15.285211
2, 5, -39.174252
2, 6, 1.958533
2, 7, 10.980468
2, 8, 34.599706
2, 9, -16.667892
2, 11, 6.042158
2, 14, -57.903315
2, 16, 0.030214
2, 17, -43.287219
2, 18, -91.036257
2, 19, -42.001840
2, 20, -28.721569
2, 21, -17.371159
2, 22, -8.605066
2, 23, 5.298634
2, 24, 18.769564
2, 25, -24.790992
2, 26, -30.054403
2, 28, 7.719450
2, 30, -31.368751
2, 31, 10.890902
2, 32, -10.411221
2, 33, -41.991365
2, 34, -17.458480
2, 35, -10.498458
2, 36, -70.533235
2, 40, -9.405378
2, 41, 17.890735
2, 42, -20.110850
2, 43, -32.992487
2, 44, -22.263477
2, 45, 14.662789
2, 47, -6.999241
2, 48, -8.839532
2, 50, 16.180431
3, 1, -15.974970
3, 2, 50.933916
3, 3, -25.840450
3, 4, 9.683848
3, 5, -46.056665
3, 6, 3.550989
3, 7, 8.498663
3, 9, -26.808512
3, 11, 3.410536
3, 12, 31.275988
3, 13, 99999.000000
3, 15, -25.885187
3, 16, 28.105790
3, 17, 0.058054
3, 18, 99999.000000
3, 19, -41.870824
3, 20, -20.688709
3, 21, -18.652979
3, 22, -14.051257
3, 23, 6.320571
3, 24, 12.728384
3, 25, -29.008943
3, 26, -29.678810
3, 27, -0.482163
3, 28, 5.641981
3, 29, 56.646948
3, 30, -36.705207
3, 31, 11.736150
3, 32, -8.863999
3, 33, -37.241981
3, 34, -10.202713
3, 35, -2.808611
3, 36, -70.466765
3, 37, -79.000000
3, 38, 41.787033
3, 39, -6.539139
3, 40, -2.561149
3, 41, 15.989743
3, 42, -24.604728
3, 43, -36.713187
3, 44, -4.002455
3, 45, 5.777657
3, 47, -10.183104
3, 48, -9.972287
3, 49, -45.660371
3, 50, 19.490325
4, 1, -16.826452
4, 2, 10.106429
4, 3, -21.916600
4, 4, 14.861615
4, 5, -39.346834
4, 6, 0.979398
4, 8, -39.562615
4, 9, -16.655964
4, 10, -95.000000
4, 11, 2.115806
4, 12, 32.368698
4, 14, 19.722740
4, 15, -26.114813
4, 16, 99999.000000
4, 17, -43.307941
4, 18, 97.000000
4, 19, -39.998681
4, 20, -28.671857
4, 21, -20.953191
4, 22, -8.673214
4, 23, 1.821333
4, 24, 19.050763
4, 25, -22.999079
4, 26, -29.484019
4, 27, -4.350050
4, 29, 53.047244
4, 30, -31.339232
4, 31, 10.976367
4, 32, -8.308869
4, 33, -36.212846
4, 34, -16.404012
4, 35, -8.972121
4, 38, 41.212967
4, 39, -0.923355
4, 40, -10.860274
4, 43, -33.343814
4, 44, -24.581664
4, 45, 14.815729
4, 46, 99999.000000
4, 47, -2.991560
4, 48, -8.855953
4, 49, -42.360322
4, 50, 16.220000
5, 1, -15.292199
5, 2, 50.939156
5, 3, -26.216481
5, 4, 9.360604
5, 5, -46.289561
5, 6, 2.462590
5, 7, 10.400554
5, 8, -27.355873
5, 9, -26.849598
5, 11, -1.848622
5, 12, 31.259175
5, 13, 4.462060
5, 14, 17.853364
5, 16, -25.997436
5, 17, 0.125521
5, 18, 99999.000000
5, 19, -42.292427
5, 21, -24.456935
5, 22, 99999.000000
5, 23, -0.908085
5, 24, 13.004171
5, 25, -24.663779
5, 26, -30.073430
5, 27, 1.155671
5, 28, -64.000000
5, 29, 56.663369
5, 30, 99999.000000
5, 31, 11.939696
5, 32, -5.294316
5, 33, -28.167525
5, 34, -6.641210
5, 35, -0.877810
5, 36, 9.138577
5, 39, -7.754502
5, 40, -3.824258
5, 41, 17.351568
5, 43, -37.263961
5, 44, -8.385124
5, 45, 5.882954
5, 46, -92.000000
5, 47, -4.388316
5, 49, -45.673013
5, 50, 19.512215
6, 1, -15.751845
6, 2, 9.785404
6, 3, -22.231611
6, 5, -39.519927
6, 6, 1.100253
6, 7, 14.420953
6, 8, -36.291821
6, 9, 99999.000000
6, 10, -9.113478
6, 11, -3.654765
6, 13, 10.398568
6, 14, 18.794497
6, 15, 99999.000000
6, 16, -14.768974
6, 17, 99999.000000
6, 18, 26.835375
6, 19, -37.162122
6, 20, -11.728661
6, 21, -26.522608
6, 22, 39.518720
6, 23, -3.205071
6, 24, 19.269490
6, 25, -21.681303
6, 26, -27.504485
6, 27, -0.277295
6, 28, 99999.000000
6, 30, -23.000000
6, 31, 11.168735
6, 32, -5.007333
6, 33, -25.643175
6, 34, -14.298431
6, 35, -7.070619
6, 36, 2.053455
6, 38, -23.032284
6, 39, -2.881449
6, 40, -12.274909
6, 41, 9.651216
6, 42, -57.298641
6, 43, -33.585192
6, 44, -29.735224
6, 47, 3.218019
6, 49, -42.383906
7, 1, -14.169966
7, 2, 99999.000000
7, 3, -26.389784
7, 4, -21.116282
7, 6, 3.191800
7, 7, 10.335260
7, 8, -21.970036
7, 9, 6.984581
7, 10, -1.950072
7, 11, -7.336657
7, 12, 21.838587
7, 13, 4.827816
7, 14, 15.047901
7, 15, 43.000000
7, 16, -23.872915
7, 17, -66.000000
7, 18, -29.000000
7, 19, -42.949190
7, 20, -18.816761
7, 21, -31.511435
7, 22, 11.957282
7, 23, -8.840162
7, 25, -21.700589
7, 26, -29.998680
7, 27, 5.500432
7, 28, -52.000000
7, 29, -21.963587
7, 31, 12.107724
7, 32, -1.296870
7, 33, -15.108436
7, 34, -1.830083
7, 35, 0.756257
7, 36, 7.373120
7, 38, -20.362258
7, 39, -10.106558
7, 40, -4.445943
7, 41, 14.704499
7, 42, -50.805758
7, 43, -37.544243
7, 44, -13.880412
7, 46, -7.898547
7, 47, 2.561098
7, 50, 10.673627
8, 1, -15.050876
8, 4, -21.883718
8, 5, 3.341869
8, 6, 3.739476
8, 8, -27.570062
8, 9, -17.402777
8, 10, -9.859607
8, 11, -7.917672
8, 12, 15.652419
8, 13, 10.648964
8, 14, 15.353800
8, 16, -14.435018
8, 19, -34.874877
8, 20, -11.091356
8, 21, -32.346142
8, 22, 37.741780
8, 23, -7.424723
8, 24, -2.000000
8, 25, -22.882354
8, 26, -23.634304
8, 27, 6.734293
8, 29, -26.834542
8, 30, -22.040529
8, 32, -2.045552
8, 33, -12.911819
8, 34, -11.652373
8, 35, -5.789337
8, 36, -1.035086
8, 37, -45.784584
8, 38, -21.053253
8, 39, -4.817956
8, 41, 3.213287
8, 42, -57.291994
8, 43, 99999.000000
8, 44, -33.882895
8, 45, 5.637364
8, 46, -8.331695
8, 47, 9.355424
8, 48, -9.190278
8, 49, 14.000000
8, 50, 18.523070
9, 3, -22.803406
9, 5, 4.560916
9, 6, 6.034828
9, 8, -13.040453
9, 9, 8.318634
9, 10, -3.346825
9, 11, -9.716090
9, 12, 21.836241
9, 13, 5.726120
9, 14, 8.612098
9, 15, 23.000000
9, 16, -18.854177
9, 17, 60.000000
9, 18, -12.000000
9, 19, -43.467789
9, 20, -16.934098
9, 21, -37.778302
9, 22, 11.908542
9, 23, -14.115581
9, 25, -22.509832
9, 26, -27.333641
9, 27, 11.463544
9, 29, -22.002052
9, 30, -17.440025
9, 31, -68.000000
9, 32, 1.017224
9, 33, -1.892716
9, 34, 2.434183
9, 35, 1.525259
9, 36, 3.833335
9, 37, -31.195374
9, 38, -17.817712
9, 39, -11.282075
9, 40, 11.074593
9, 41, 8.292529
9, 43, -1.793076
9, 44, -16.373982
9, 45, 2.679490
9, 46, -9.215413
9, 47, 8.423089
9, 48, -15.556590
9, 50, 10.595345
10, 1, 6.715136
10, 2, -43.791074
10, 3, -24.673065
10, 4, -6.448908
10, 5, 3.406252
10, 6, 7.628142
10, 7, -10.860927
10, 8, -16.300941
10, 9, -14.545780
10, 10, -11.282730
10, 13, 11.016847
10, 14, 8.350274
10, 16, -13.720587
10, 18, 99999.000000
10, 19, -34.027072
10, 20, -9.586851
10, 21, -37.269243
10, 22, 32.887969
10, 23, -9.240609
10, 24, -13.631617
10, 25, -26.398908
10, 26, -17.759268
10, 27, 15.071628
10, 29, -26.883537
10, 30, -21.986794
10, 32, -0.855360
10, 33, -2.268765
10, 34, -9.701989
10, 35, -5.269900
10, 36, -4.146950
10, 37, -45.847177
10, 38, -15.307761
10, 40, 18.583355
10, 41, -6.339190
10, 42, -54.005811
10, 43, 47.000000
10, 45, 5.948676
10, 46, -11.107384
10, 47, 13.703224
10, 48, -10.662299
10, 49, 2.524838
10, 50, 18.431795
11, 1, 18.393533
11, 2, -47.341737
11, 3, -23.448150
11, 4, 4.504849
11, 5, 4.624394
11, 6, 8.739529
11, 7, -17.113013
11, 8, -3.732119
11, 9, 11.693668
11, 10, -4.716455
11, 11, -26.149528
11, 12, -16.000000
11, 13, 6.498649
11, 14, -1.833478
11, 15, 0.000000
11, 16, -13.865838
11, 17, -5.762354
11, 20, -13.870729
11, 21, -41.970074
11, 22, 11.293430
11, 23, -15.174721
11, 24, -15.859334
11, 25, -26.345041
11, 26, -21.043392
11, 27, 17.901177
11, 28, 9.515107
11, 30, -17.398054
11, 32, 0.278565
11, 33, 6.568057
11, 34, 4.182483
11, 35, 1.710252
11, 36, 2.024631
11, 37, -31.519791
11, 38, -12.904153
11, 39, -2.002916
11, 40, 14.669842
11, 41, 1.216710
11, 42, -53.288731
11, 44, 9.210788
11, 45, 3.078727
11, 46, -12.754448
11, 47, 11.736799
11, 48, -18.303993
11, 49, 8.806905
11, 50, 10.538494
12, 1, 7.908648
12, 2, -44.760380
12, 3, -26.190770
12, 4, -3.796242
12, 6, 9.619852
12, 7, -12.144121
12, 8, -6.710951
12, 9, -8.202940
12, 10, -11.979334
12, 11, -25.885173
12, 13, 11.205347
12, 14, -2.325184
12, 15, 11.066471
12, 16, -13.325813
12, 17, -7.258354
12, 18, 0.685844
12, 19, -0.816604
12, 20, -7.507002
12, 21, -40.596529
12, 22, 25.843902
12, 23, -8.393361
12, 24, -13.423150
12, 25, -29.881322
12, 26, -10.506901
12, 27, 23.069189
12, 28, 9.484893
12, 29, 80.000000
12, 31, 18.738690
12, 32, -2.011544
12, 33, 1.957991
12, 37, -46.066861
12, 38, -6.562114
12, 39, -2.454855
12, 40, 25.078684
12, 41, -15.019161
12, 42, -54.024187
12, 43, -14.060991
12, 44, 4.516592
12, 45, 6.230704
12, 46, -15.654211
12, 47, 15.292843
12, 48, -13.602429
12, 49, 2.618908
13, 1, 19.518306
13, 2, -48.849590
13, 3, -24.892167
13, 4, 8.100784
13, 5, 45.763758
13, 6, 8.393289
13, 7, -18.206331
13, 8, 2.272019
13, 9, 15.200318
13, 11, -25.783389
13, 12, 99999.000000
13, 14, -15.144128
13, 15, 99999.000000
13, 16, -11.783538
13, 17, -5.708562
13, 18, 0.209958
13, 19, -5.076549
13, 20, -10.051811
13, 21, -43.439771
13, 22, 9.245154
13, 23, -12.771085
13, 24, -15.512013
13, 25, -30.058145
13, 26, -12.089573
13, 27, 23.757572
13, 30, -36.294643
13, 31, 18.261310
13, 32, -3.325640
13, 34, -3.495509
13, 35, 2.806589
13, 36, -44.036257
13, 37, -32.015640
13, 38, -6.297289
13, 39, -2.143200
13, 40, 22.612705
13, 41, -4.049848
13, 43, -16.431733
13, 44, 9.122254
13, 46, -16.977966
13, 48, -21.069785
13, 49, 8.892667
13, 50, 10.504443
14, 1, 11.268102
14, 2, -47.083242
14, 3, -28.078725
14, 4, 2.934390
14, 5, 36.085034
14, 6, 7.351376
14, 7, -15.345358
14, 8, -2.887361
14, 9, -3.130849
14, 10, 26.676759
14, 11, -25.418331
14, 12, 13.643379
14, 13, -12.067829
14, 14, -15.021494
14, 16, 99999.000000
14, 17, -7.198639
14, 18, 0.675758
14, 19, -0.743251
14, 20, -4.500138
14, 21, -41.800415
14, 22, 17.669141
14, 23, -6.002897
14, 24, -13.083560
14, 25, -30.710824
14, 26, -3.138856
14, 27, 29.320358
14, 28, -31.310603
14, 30, -52.997958
14, 32, -4.875149
14, 33, -43.509260
14, 34, -2.504491
14, 35, 2.067335
14, 36, -43.963743
14, 37, -46.284409
14, 38, 3.428885
14, 39, -2.628529
14, 40, 33.095525
14, 41, -20.488196
14, 42, 99999.000000
14, 43, -14.995719
14, 44, 4.418104
14, 46, -19.909006
14, 47, -8.920226
14, 48, -15.110073
14, 50, 9.607960
15, 1, 21.630698
15, 2, -50.918018
15, 3, -26.052512
15, 4, 13.676835
15, 5, 43.454525
15, 6, 3.760506
15, 7, -19.733144
15, 9, 16.691931
15, 10, 11.935145
15, 11, -25.086678
15, 12, -9.240578
15, 13, -3.797488
15, 14, -28.545921
15, 15, 99999.000000
15, 16, -5.167333
15, 18, 0.209250
15, 19, -5.005747
15, 20, -5.344875
15, 21, 99999.000000
15, 22, 5.632843
15, 23, -9.413505
15, 24, -15.208630
15, 25, -30.515397
15, 26, -2.854396
15, 27, 28.155937
15, 28, -33.521778
15, 29, 33.911348
15, 30, -36.236454
15, 31, -84.000000
15, 32, -8.028075
15, 33, -45.949945
15, 35, 5.541215
15, 37, -32.272217
15, 38, 0.547299
15, 39, -2.265387
15, 40, 28.961384
15, 41, -6.654501
15, 42, 40.000000
15, 43, -17.886381
15, 45, -10.259129
15, 46, -19.735246
15, 47, -16.008474
15, 49, 8.261317
15, 50, 7.745809
16, 1, 16.054827
16, 2, -49.502666
16, 3, -28.919172
16, 4, 11.355808
16, 5, 31.654543
16, 6, 0.936538
16, 7, -18.840934
16, 8, -21.040851
16, 10, 26.206458
16, 11, -24.964198
16, 12, 13.565582
16, 13, -11.943332
16, 14, -26.585359
16, 15, -37.269403
16, 16, -2.610768
16, 17, 53.756819
16, 20, 0.069209
16, 21, 10.997588
16, 22, 9.974214
16, 23, -4.016952
16, 24, -12.940190
16, 25, -27.834496
16, 26, 2.880885
16, 27, 33.112061
16, 28, -31.299029
16, 29, 29.603103
16, 30, -53.010888
16, 32, -7.829709
16, 33, -43.541532
16, 34, 2.000000
16, 35, 6.769586
16, 36, 66.000000
16, 38, 12.133422
16, 40, 36.670923
16, 41, -22.278467
16, 43, -16.477730
16, 44, 26.474529
16, 45, -17.262551
16, 46, -21.570972
16, 47, -8.960175
16, 48, -8.524312
16, 49, -2.277722
16, 50, 5.000997
17, 1, 24.211166
17, 2, -52.486210
17, 4, 19.504613
17, 5, 36.382444
17, 6, -4.143705
17, 7, -20.899035
17, 8, -23.822769
17, 9, -26.261083
17, 10, 11.135233
17, 11, -24.738274
17, 12, -9.206206
17, 13, -3.712213
17, 14, -38.540846
17, 15, -22.825464
17, 16, -6.932053
17, 17, 53.243181
17, 18, 14.037913
17, 19, 86.000000
17, 20, 0.417122
17, 21, 0.049731
17, 22, 1.853286
17, 23, -7.875084
17, 25, -26.704969
17, 26, 4.031198
17, 27, 30.725458
17, 28, -33.532826
17, 29, 33.561969
17, 30, -36.182381
17, 31, 99999.000000
17, 32, -11.325687
17, 33, -45.975718
17, 35, 10.965539
17, 38, 5.714339
17, 39, 10.743529
17, 42, -8.893474
17, 43, -18.793783
17, 44, 30.403006
17, 45, -10.235004
17, 46, -19.263527
17, 47, -16.080010
17, 48, -1.666984
17, 49, 7.208930
17, 50, 0.909571
18, 1, 20.507324
18, 2, -50.937085
18, 3, -73.000000
18, 4, 19.588733
18, 5, 22.775053
18, 6, -7.585183
18, 7, -21.013677
18, 8, -21.528137
18, 9, -25.721035
18, 10, 25.264735
18, 12, 13.484606
18, 13, -11.799637
18, 14, -33.528657
18, 15, -36.795474
18, 16, -3.716113
18, 18, 4.353274
18, 20, 6.218707
18, 21, 10.544624
18, 22, 5.098353
18, 24, -33.637432
18, 25, -22.262715
18, 26, 6.295896
18, 27, 34.739240
18, 29, 29.169850
18, 30, 99999.000000
18, 32, -9.104520
18, 34, 23.000000
18, 35, 11.478330
18, 36, 21.545321
18, 37, 73.000000
18, 38, 17.153188
18, 39, 20.035173
18, 40, 5.883179
18, 41, 34.777118
18, 42, -4.454931
18, 44, 26.459671
18, 45, -17.210394
18, 46, -19.302084
18, 47, -9.022833
18, 48, -8.447552
18, 49, -4.210197
18, 50, -1.942694
19, 1, 26.090911
19, 2, -53.020943
19, 4, 24.766007
19, 5, 24.729189
19, 6, -13.114634
19, 7, -21.293478
19, 8, -24.643335
19, 9, -26.211819
19, 10, 10.341309
19, 11, -16.126264
19, 13, -3.698256
19, 14, -42.250949
19, 15, -23.439859
19, 16, -11.754696
19, 17, -39.957152
19, 18, 13.246370
19, 19, 10.765063
19, 20, 6.798848
19, 21, 0.514714
19, 22, 0.168102
19, 23, -0.390557
19, 24, -34.362568
19, 25, -20.236213
19, 26, 6.601121
19, 27, 31.759027
19, 28, -18.541742
19, 29, 33.052178
19, 30, -57.376123
19, 31, -90.000000
19, 33, 20.922593
19, 35, 13.706906
19, 36, 21.454679
19, 38, 7.620952
19, 39, 9.141968
19, 40, -1.777541
19, 41, 34.598305
19, 42, -9.651485
19, 45, -10.180198
19, 46, -15.151592
19, 48, -1.585863
19, 49, 4.637231
19, 50, -6.760517
20, 1, 22.380629
20, 3, 62.000000
20, 4, 27.016811
20, 5, 10.449284
20, 6, -15.774312
20, 8, -22.333049
20, 10, 24.779585
20, 11, -9.742444
20, 15, -35.880649
20, 16, -6.798635
20, 17, -39.828578
20, 18, 3.012735
20, 19, 4.229640
20, 20, 12.925626
20, 21, 9.772294
20, 23, -9.637591
20, 25, -16.335142
20, 27, 35.106876
20, 28, -8.541302
20, 29, 28.926753
20, 30, -78.000000
20, 33, 12.107936
20, 34, 6.449108
20, 37, -37.267352
20, 39, 17.171197
20, 40, 5.906394
20, 41, 34.746812
20, 42, -6.968362
20, 43, 63.000000
20, 44, -8.250186
20, 46, -13.590313
20, 47, 25.909950
20, 49, -7.012177
20, 50, -7.996316
21, 2, 66.000000
21, 4, 29.482727
21, 5, 10.625920
21, 6, -20.850715
21, 7, -12.823867
21, 8, -25.181473
21, 11, -16.265811
21, 12, -30.572438
21, 13, -58.247755
21, 14, 8.112932
21, 15, -24.358441
21, 16, -18.154306
21, 17, -36.207570
21, 18, 11.754642
21, 19, 11.925728
21, 20, 12.752220
21, 21, 2.051269
21, 23, -0.370342
21, 25, -14.293707
21, 28, -20.574568
21, 31, -10.478895
21, 32, -13.000000
21, 33, 21.604339
21, 34, 19.618182
21, 35, 15.796806
21, 36, -28.771838
21, 37, -37.732648
21, 38, 7.783936
21, 39, 4.706919
21, 40, -1.388844
21, 41, 34.585026
21, 42, -11.718567
21, 43, 75.072514
21, 44, -6.874026
21, 45, 3.985198
21, 46, -8.766084
21, 47, 24.330429
21, 48, -35.131334
21, 49, 1.790007
21, 50, -11.739454
22, 1, -96.000000
22, 2, 99999.000000
22, 3, 23.325875
22, 4, 33.652553
22, 5, -2.159741
22, 6, -21.648549
22, 7, -15.381532
22, 10, -7.211275
22, 11, -9.722193
22, 12, -29.826130
22, 13, -57.752245
22, 14, 14.552278
22, 15, -35.422875
22, 16, -10.764994
22, 17, -32.359053
22, 18, 1.723359
22, 19, 6.063554
22, 20, 18.601086
22, 21, 9.482281
22, 22, 80.515107
22, 23, -9.617399
22, 24, -61.905242
22, 25, -12.553862
22, 26, 45.460353
22, 28, -12.549819
22, 31, -11.144211
22, 33, 13.449680
22, 34, 6.155876
22, 35, 5.985148
22, 36, -26.530423
22, 38, 5.950786
22, 39, 12.033561
22, 40, 5.920669
22, 42, -11.323147
22, 43, 99999.000000
22, 44, -9.064622
22, 45, 5.891350
22, 46, -6.783872
22, 47, 24.416956
22, 48, -29.309848
22, 49, -9.353956
22, 50, -10.394843
23, 3, 22.970442
23, 4, 33.685395
23, 5, -1.359272
23, 6, -25.380327
23, 7, -12.678160
23, 8, 7.199584
23, 9, -6.660762
23, 10, -1.318709
23, 11, -16.482097
23, 12, -29.302923
23, 14, 8.153238
23, 16, -23.730311
23, 17, -26.676198
23, 18, 11.019654
23, 19, 13.760817
23, 20, 17.234083
23, 21, 4.507769
23, 22, 80.484893
23, 23, -0.358048
23, 24, -48.001547
23, 25, -11.885551
23, 26, 47.044074
23, 28, -25.370653
23, 30, 17.280427
23, 31, -12.613217
23, 32, 91.000000
23, 33, 23.429487
23, 34, 19.544317
23, 35, 16.925782
23, 36, -26.607533
23, 37, 76.000000
23, 38, 7.784651
23, 39, -2.126767
23, 40, -0.905319
23, 41, 24.956718
23, 42, -14.196563
23, 43, -6.324314
23, 44, -7.900686
23, 45, 3.928701
23, 46, -2.895579
23, 47, 22.052146
23, 48, -35.108657
23, 49, -0.041224
24, 1, 12.855551
24, 2, -73.000000
24, 3, 23.568514
24, 4, 39.096896
24, 5, -10.330756
24, 6, -23.819679
24, 7, -15.201064
24, 8, 7.600604
24, 9, -11.261203
24, 10, -6.674512
24, 11, -9.629400
24, 12, -27.988963
24, 13, 33.000000
24, 14, 14.604513
24, 15, 3.960717
24, 16, -13.652153
24, 17, -20.745632
24, 19, 7.211600
24, 20, 22.057081
24, 21, 9.825925
24, 24, -62.231650
24, 26, 45.441585
24, 27, -12.578409
24, 28, -18.327188
24, 29, -54.699932
24, 30, 11.355759
24, 31, -15.814617
24, 33, 15.717392
24, 34, 5.855875
24, 35, 9.375734
24, 36, -22.594772
24, 37, 99999.000000
24, 38, 5.963283
24, 39, 5.033066
24, 40, 5.929639
24, 41, 32.071955
24, 42, -16.079405
24, 43, 28.681314
24, 44, -10.707070
24, 45, 5.842421
24, 46, -2.141900
24, 47, 20.909895
24, 49, -10.253220
24, 50, -62.000000
25, 1, 14.287982
25, 3, 23.342848
25, 4, 36.823565
25, 5, -6.145923
25, 7, -12.560466
25, 8, 7.234983
25, 9, -9.000570
25, 10, -0.392150
25, 11, -16.592556
25, 12, -26.520141
25, 15, -6.803665
25, 16, -25.994033
25, 17, -15.638097
25, 18, 14.000000
25, 20, 19.915614
25, 21, 7.218596
25, 22, -3.197558
25, 24, -48.925704
25, 25, 25.000000
25, 27, -16.777781
25, 28, -30.367903
25, 29, -44.368138
25, 30, 16.420940
25, 31, -17.723995
25, 33, 25.646506
25, 34, 99999.000000
25, 35, 19.410602
25, 36, -20.926668
25, 38, 7.801174
25, 39, -11.206744
25, 40, -0.674726
25, 41, 25.042580
25, 42, -15.800994
25, 43, -4.076405
25, 44, -8.974373
25, 46, -0.479133
25, 47, 18.869667
25, 48, -1.698714
26, 1, 12.843347
26, 2, -51.126899
26, 3, 24.129350
26, 4, 42.297332
26, 6, 3.993413
26, 8, 7.626460
26, 9, -15.693927
26, 10, -5.837414
26, 11, -9.558674
26, 12, -25.736148
26, 13, 54.794545
26, 14, -49.864922
26, 15, 3.934743
26, 17, -10.288459
26, 19, -24.162430
26, 20, 23.254000
26, 21, 10.371768
26, 22, -0.966532
26, 23, -2.267254
26, 24, -63.010719
26, 26, -19.177553
26, 27, -12.089168
26, 28, -23.084437
26, 29, -54.783290
26, 30, 10.577897
26, 31, -22.410162
26, 32, -44.000000
26, 33, 17.930950
26, 34, 28.847004
26, 35, 14.203341
26, 36, -15.860758
26, 39, -3.575954
26, 41, 32.153458
26, 42, -19.577359
26, 43, 29.483600
26, 44, -12.036746
26, 47, 17.408901
26, 48, -12.110217
26, 49, 38.000000
26, 50, -25.849806
27, 1, 14.279397
27, 2, -50.873101
27, 3, 23.775927
27, 4, 38.018001
27, 5, 4.835547
27, 6, 14.425251
27, 7, 18.986407
27, 9, -14.856124
27, 10, 0.181045
27, 12, -24.303428
27, 13, 55.205455
27, 14, -43.409347
27, 15, -6.831038
27, 16, -7.277031
27, 17, -8.256676
27, 18, -3.190751
27, 19, -22.427998
27, 20, 21.405728
27, 21, 9.300348
27, 22, -4.720402
27, 23, -3.614050
27, 24, -50.149005
27, 25, -56.000000
27, 26, -26.867384
27, 27, -16.048049
27, 28, -33.377942
27, 29, -44.486305
27, 30, 14.398184
27, 31, -22.843836
27, 32, -50.036257
27, 33, 27.200684
27, 34, 8.304035
27, 35, 21.543337
27, 36, -13.592146
27, 37, 9.528662
27, 38, -16.109429
27, 39, -22.099672
27, 40, -11.055951
27, 42, -15.545581
27, 43, 1.401159
27, 44, -9.482203
27, 45, -27.977020
27, 46, 2.785381
27, 47, 16.592953
27, 48, -2.365235
27, 50, -32.760683
28, 3, 24.456101
28, 5, -11.410315
28, 6, 2.774555
28, 7, 17.109265
28, 8, -22.116282
28, 9, -22.484554
28, 12, -24.729270
28, 14, -49.886035
28, 16, -7.688976
28, 17, -6.040324
28, 18, 0.817363
28, 19, -22.368670
28, 20, 23.251778
28, 21, 10.726203
28, 22, -4.761116
28, 23, 0.705713
28, 24, -63.667744
28, 26, -19.187065
28, 27, -11.382426
28, 28, -24.879584
28, 29, -54.877374
28, 30, 9.618884
28, 31, -27.095897
28, 32, 99999.000000
28, 33, 18.897463
28, 34, 28.715525
28, 35, 17.964651
28, 36, -8.257136
28, 37, 10.471338
28, 38, -12.725403
28, 39, -12.756740
28, 40, -13.635005
28, 41, -28.533137
28, 42, -20.758430
28, 43, 31.362351
28, 44, -12.616493
28, 45, -17.157052
28, 46, -1.681971
28, 47, 15.923604
28, 48, -13.032168
28, 49, -81.036257
28, 50, -24.514474
29, 1, -6.033219
29, 5, 5.716108
29, 6, 12.320973
29, 7, 19.027460
29, 8, -22.883718
29, 9, -21.527036
29, 10, 26.243777
29, 11, 60.599416
29, 13, 99999.000000
29, 15, 99999.000000
29, 16, -6.192054
29, 18, -3.233759
29, 19, -18.729083
29, 20, 22.711922
29, 21, 10.091349
29, 22, -8.570206
29, 23, 0.892058
29, 24, -50.727275
29, 25, 9.945989
29, 26, -27.175025
29, 27, -15.636199
29, 30, 12.273534
29, 31, -24.989776
29, 32, -3.233623
29, 34, 8.449429
29, 35, 22.074092
29, 36, -6.857936
29, 38, -17.125943
29, 39, -33.191551
29, 40, -11.005350
29, 41, -21.526793
29, 42, -13.389717
29, 43, 7.016751
29, 44, -9.574313
29, 45, -28.084533
29, 46, 2.753321
29, 48, -4.496142
29, 49, -80.963743
29, 50, -30.834923
30, 1, -3.213784
30, 2, -34.782443
30, 3, 15.886572
30, 4, 5.331200
30, 5, -10.813804
30, 6, -0.045305
30, 9, -28.523025
30, 10, 27.371357
30, 11, 55.609997
30, 12, 42.740405
30, 13, -7.247500
30, 14, 12.113833
30, 15, 12.563449
30, 16, -5.983192
30, 17, 4.244663
30, 19, -18.109873
30, 20, 23.292694
30, 22, -10.326684
30, 23, 8.122345
30, 25, 9.035571
30, 26, -19.275344
30, 28, -2.955550
30, 29, 0.171910
30, 30, 8.968627
30, 32, -8.120856
30, 33, -62.000000
30, 34, 28.540058
30, 35, 19.020841
30, 36, -2.176574
30, 37, 4.997513
30, 38, -14.514368
30, 39, -20.144721
30, 40, -13.604559
30, 41, -28.530400
30, 42, -19.773751
30, 43, 32.945189
30, 45, -17.305283
30, 47, 24.072514
30, 48, -14.885700
30, 50, -21.292783
31, 1, -7.793554
31, 2, -38.390625
31, 3, 7.405267
31, 4, 6.429879
31, 5, 7.363820
31, 6, 9.449171
31, 7, -44.927053
31, 8, 18.565373
31, 9, -25.936530
31, 10, 26.317114
31, 11, 57.418231
31, 12, 45.140370
31, 13, 7.680182
31, 14, 23.034175
31, 15, 2.000000
31, 16, -3.923686
31, 17, 5.001767
31, 18, 63.000000
31, 19, -13.492907
31, 20, 24.277012
31, 21, -13.285210
31, 22, -12.602546
31, 23, 7.582290
31, 24, -57.060433
31, 25, 10.103725
31, 26, -27.657101
31, 28, -10.567138
31, 29, -2.110379
31, 30, 10.969288
31, 31, -69.000000
31, 32, -3.225412
31, 34, 8.603074
31, 35, 20.946083
31, 36, -2.795038
31, 37, -1.618566
31, 38, -19.163240
31, 39, -41.707994
31, 42, -10.392205
31, 43, 9.425724
31, 44, -85.000000
31, 45, -28.197844
31, 46, -34.327780
31, 47, 23.927486
31, 48, -7.761388
31, 50, -27.999539
32, 1, -7.338912
32, 2, -33.282255
32, 3, 15.134353
32, 4, 6.817983
32, 5, -10.469622
32, 6, -2.701736
32, 7, -46.197413
32, 8, 9.859352
32, 9, -30.963219
32, 10, 27.443625
32, 11, 49.809254
32, 12, 40.985114
32, 13, -6.160728
32, 14, 12.088055
32, 16, -4.019160
32, 17, 5.133058
32, 19, -13.591280
32, 20, 23.759008
32, 21, -9.162786
32, 22, -14.394243
32, 23, 16.461296
32, 24, -55.710312
32, 25, 9.263394
32, 26, -19.470983
32, 28, -2.721985
32, 29, 0.142126
32, 30, 8.751463
32, 31, 99999.000000
32, 33, -49.000000
32, 35, 17.282922
32, 36, 0.195574
32, 37, 4.699791
32, 38, -16.328911
32, 39, -23.020718
32, 40, -2.798246
32, 42, -17.967697
32, 46, -34.672220
32, 48, -17.147488
32, 49, 4.239932
32, 50, -17.632949
33, 1, -11.030318
33, 2, -34.688321
33, 3, 6.512139
33, 4, 9.526281
33, 5, 8.161352
33, 6, 7.505562
33, 7, -44.890691
33, 8, 17.373808
33, 11, 49.621498
33, 12, 41.017511
33, 13, 7.875966
33, 14, 23.039597
33, 15, 55.000000
33, 16, -2.242929
33, 17, 6.434685
33, 18, -21.199412
33, 19, -9.266941
33, 20, 25.526992
33, 21, -14.168419
33, 22, -14.335096
33, 23, 13.059616
33, 24, -57.120822
33, 25, 10.288749
33, 26, -28.053342
33, 27, -22.599516
33, 28, -10.002622
33, 29, -3.288242
33, 31, -14.255267
33, 32, -6.916203
33, 34, 11.000000
33, 35, 19.100285
33, 37, -2.008476
33, 38, -20.209799
33, 39, -44.933898
33, 40, 0.805174
33, 42, -8.224379
33, 45, 18.426462
33, 47, -63.627322
33, 48, -10.898208
33, 49, 8.891164
33, 50, -25.371735
34, 1, -11.845088
34, 2, -29.033099
34, 3, 13.677442
34, 4, 11.092662
34, 5, 99999.000000
34, 6, -3.732626
34, 8, 7.773583
34, 9, -54.398184
34, 10, -17.905668
34, 11, 41.424975
34, 12, 36.461283
34, 13, -4.444204
34, 14, 12.106738
34, 16, -3.233666
34, 17, 6.552588
34, 18, -20.800588
34, 19, -10.599528
34, 20, 24.093908
34, 21, -10.290602
34, 23, 21.937038
34, 24, -55.788095
34, 26, -19.610622
34, 27, -16.016933
34, 28, -2.353435
34, 29, -0.450627
34, 30, 4.000000
34, 31, -55.000000
34, 32, -1.173097
34, 33, 21.696391
34, 35, 13.934286
34, 36, 18.786595
34, 37, 4.417942
34, 39, 99999.000000
34, 40, -3.029039
34, 41, 16.000000
34, 42, -17.068519
34, 43, -21.808443
34, 44, 37.813978
34, 45, 2.440521
34, 46, 85.000000
34, 47, -95.981872
34, 48, -18.752146
34, 49, 2.464953
34, 50, -14.749909
35, 1, -12.074626
35, 2, -28.141639
35, 3, 5.641827
35, 4, 15.141323
35, 5, 36.000000
35, 7, -23.213780
35, 8, 13.918789
35, 9, -50.858012
35, 10, -11.932039
35, 11, 41.589424
35, 12, 34.548002
35, 13, 8.085922
35, 14, 23.081830
35, 15, -90.000000
35, 17, 7.349154
35, 19, -7.384319
35, 21, -15.949672
35, 22, -29.877927
35, 23, 14.543045
35, 24, -57.175253
35, 25, -15.406337
35, 27, -22.416454
35, 28, -9.558317
35, 29, -5.906979
35, 32, -7.044863
35, 33, 21.303609
35, 34, -16.604002
35, 35, 17.707076
35, 36, 13.512831
35, 38, 1.909197
35, 39, -7.539657
35, 40, 0.203549
35, 41, 25.054385
35, 43, -18.254423
35, 44, 43.637609
35, 45, 18.399044
35, 47, -63.595261
35, 48, -12.225747
35, 49, 5.269762
35, 50, -23.629630
36, 1, -13.040028
36, 2, -22.962911
36, 3, 12.944566
36, 4, 17.045175
36, 6, -93.000000
36, 7, -42.728074
36, 8, 4.215147
36, 9, -54.393101
36, 10, -19.335607
36, 11, 35.309041
36, 12, 31.121187
36, 15, 99999.000000
36, 18, -8.962274
36, 19, -9.572926
36, 20, -27.859320
36, 21, -11.575715
36, 22, -36.834838
36, 23, 22.411594
36, 25, -15.593663
36, 26, -45.187651
36, 27, -15.761760
36, 28, -2.522494
36, 29, -2.253266
36, 30, -10.090642
36, 31, 14.678910
36, 32, -1.267863
36, 34, -16.375215
36, 35, 10.563291
36, 36, 21.514197
36, 37, 0.000000
36, 38, -3.360966
36, 39, 9.548839
36, 40, -3.558414
36, 41, 99999.000000
36, 42, 1.171710
36, 43, -21.822519
36, 44, 37.897130
36, 45, 4.049729
36, 46, -8.830868
36, 47, 99999.000000
36, 49, -1.470493
36, 50, -13.227424
37, 1, -9.328126
37, 2, -20.676417
37, 4, 21.665878
37, 5, -13.000000
37, 7, -23.166862
37, 8, 8.595332
37, 10, -14.697659
37, 11, 38.129979
37, 12, 28.686184
37, 13, 17.558822
37, 14, -31.216627
37, 15, 24.611620
37, 16, -43.000000
37, 17, -15.614433
37, 18, -8.037726
37, 19, -7.507918
37, 20, -28.642954
37, 21, -17.431162
37, 22, -28.231910
37, 23, 11.437715
37, 24, 33.575104
37, 26, -56.101650
37, 27, -22.225247
37, 28, -9.989688
37, 29, -9.729836
37, 30, -9.909358
37, 31, 13.874374
37, 32, -7.114934
37, 33, 5.570961
37, 34, -17.552739
37, 35, 17.442640
37, 36, 18.144514
37, 38, 2.541049
37, 39, -7.876925
37, 40, -0.435389
37, 41, 99999.000000
37, 42, 1.913822
37, 44, 43.799052
37, 45, 18.919449
37, 46, 48.072514
37, 47, -80.000000
37, 48, 8.589090
37, 49, 0.769364
37, 50, -23.020315
38, 1, -10.644401
38, 2, -16.828969
38, 4, 22.753730
38, 6, 2.357291
38, 7, 99999.000000
38, 8, -0.051886
38, 10, -22.212750
38, 12, 27.510430
38, 13, 19.667029
38, 14, -14.521541
38, 15, 11.466689
38, 17, -21.533851
38, 19, -9.800142
38, 20, -28.529138
38, 21, -12.349361
38, 22, -33.977470
38, 23, 18.522508
38, 24, 34.542840
38, 25, -29.135252
38, 26, -45.194092
38, 28, -3.590577
38, 29, -5.162113
38, 31, 14.709798
38, 32, -0.990392
38, 33, 6.429039
38, 34, -17.982009
38, 35, 8.334215
38, 36, 27.528034
38, 37, -7.170788
38, 38, -2.001181
38, 39, 7.671933
38, 40, -3.835859
38, 42, 1.740722
38, 43, 62.000000
38, 44, 38.035865
38, 45, 7.782366
38, 46, -8.876222
38, 48, 9.410910
38, 49, -4.619258
39, 1, -4.934971
39, 2, -14.873423
39, 3, 71.767696
39, 4, 26.863466
39, 5, 23.688716
39, 6, 0.991819
39, 7, 1.956708
39, 8, 2.149150
39, 9, 18.281710
39, 10, -17.506321
39, 12, 26.318407
39, 13, 18.971824
39, 14, -30.005825
39, 15, 23.418652
39, 16, 2.021040
39, 17, -15.359778
39, 18, 84.000000
39, 19, -8.410864
39, 20, -29.733995
39, 21, -18.121539
39, 22, -24.071857
39, 23, 5.831571
39, 24, 33.605534
39, 25, -25.351951
39, 26, -56.121253
39, 27, -9.910845
39, 28, -11.461716
39, 29, -13.701168
39, 30, 37.488651
39, 32, -6.435352
39, 34, -19.494863
39, 35, 18.266398
39, 36, 23.880159
39, 37, -3.016202
39, 38, 4.744756
39, 39, -8.744584
39, 41, -45.079415
39, 42, 3.752901
39, 44, 43.901349
39, 45, 20.791090
39, 46, 99999.000000
39, 49, -1.244259
40, 1, -7.798570
40, 2, -12.612078
40, 3, 69.208764
40, 4, 26.219140
40, 5, 21.749239
40, 6, 2.343997
40, 7, -9.800496
40, 8, -4.530275
40, 9, 13.502288
40, 10, -23.693284
40, 11, -87.000000
40, 13, 23.277848
40, 14, -15.942292
40, 15, 10.719667
40, 16, -4.153367
40, 17, -20.384531
40, 19, -10.297436
40, 20, -29.592236
40, 21, -12.578696
40, 22, -29.253969
40, 23, 13.264946
40, 24, 34.589887
40, 25, -29.123132
40, 27, -15.843097
40, 28, -5.341981
40, 29, -8.008468
40, 30, 27.317643
40, 31, -63.109961
40, 32, 0.178733
40, 33, -95.000000
40, 34, -19.638359
40, 35, 7.629695
40, 36, 32.337837
40, 37, -6.286876
40, 38, 1.157220
40, 39, 3.630889
40, 40, -18.026259
40, 41, -38.548180
40, 42, 4.265089
40, 43, -12.273395
40, 45, 13.224216
40, 46, -23.885187
40, 47, -26.074256
40, 48, -1.896674
40, 50, 27.685775
41, 1, -2.806974
41, 2, -12.622201
41, 3, 71.757139
41, 4, 28.837834
41, 5, 23.646808
41, 7, 0.716553
41, 8, -4.446217
41, 9, 17.649339
41, 11, 99999.000000
41, 12, -12.126020
41, 13, 22.321460
41, 14, -26.660892
41, 15, 20.608849
41, 16, 2.033262
41, 17, -15.369592
41, 18, 40.161833
41, 19, -9.056998
41, 20, -30.412496
41, 22, -18.997139
41, 23, 1.248257
41, 25, 99999.000000
41, 26, 85.000000
41, 27, -6.819633
41, 28, -13.477499
41, 29, -16.284368
41, 30, 35.897263
41, 31, -64.827561
41, 32, -4.743394
41, 34, -20.512144
41, 35, 19.682799
41, 36, 26.455948
41, 37, -1.160008
41, 38, 8.473886
41, 39, -9.578579
41, 40, -14.241524
41, 41, -45.042298
41, 42, 8.493578
41, 43, -12.726605
41, 44, 21.958727
41, 45, 23.685919
41, 46, -43.000000
41, 47, -19.373454
41, 48, -3.960322
41, 49, 21.667102
41, 50, 28.314225
42, 2, -11.320769
42, 5, 21.703605
42, 6, -3.138841
42, 7, -10.499812
42, 8, -9.018602
42, 9, 12.727404
42, 11, 20.770374
42, 12, -0.766541
42, 13, 28.269345
42, 14, -18.195756
42, 15, 9.185133
42, 16, -4.117690
42, 17, -19.566614
42, 18, 44.389226
42, 19, -10.490979
42, 21, 99999.000000
42, 22, -23.950214
42, 23, 9.996339
42, 24, 7.000000
42, 25, -36.049703
42, 26, 50.794545
42, 27, -9.605557
42, 28, -7.226925
42, 29, -9.225914
42, 30, 25.326424
42, 31, -62.341685
42, 32, 2.130835
42, 33, 0.287642
42, 35, 8.121969
42, 37, -4.084758
42, 38, 5.848291
42, 39, 0.502495
42, 40, -18.533346
42, 41, -38.517314
42, 42, 10.100722
42, 44, 9.911891
42, 45, 18.336935
42, 47, -26.073474
42, 48, -1.875516
42, 49, 19.309994
43, 1, 1.505439
43, 2, -13.807353
43, 3, 42.460722
43, 4, 7.807183
43, 5, 23.614560
43, 6, -15.825547
43, 7, -1.591502
43, 8, -10.242221
43, 9, 15.935334
43, 10, 17.381211
43, 11, 59.000000
43, 12, -11.859562
43, 13, 25.996650
43, 14, -22.082194
43, 15, 17.824648
43, 16, 2.072826
43, 17, -17.035113
43, 18, 40.106157
43, 20, 85.921444
43, 21, 15.757717
43, 22, -14.473581
43, 23, 0.180175
43, 25, -23.125282
43, 26, 99999.000000
43, 27, 1.685075
43, 28, -15.316335
43, 30, 32.387235
43, 31, -63.620310
43, 32, -2.727393
43, 33, -44.431046
43, 34, -54.241712
43, 35, 21.093458
43, 36, -38.850817
43, 37, 1.547018
43, 38, 12.822934
43, 39, -9.882803
43, 40, -15.566296
43, 42, 16.643383
43, 43, -14.875781
43, 44, 21.850514
43, 45, 25.952785
43, 46, -59.000000
43, 48, -3.934640
43, 49, 21.384801
43, 50, -81.000000
44, 1, 12.517730
44, 2, -12.253087
44, 3, 42.539278
44, 4, 5.203454
44, 6, -4.809225
44, 7, -11.690398
44, 8, -13.266703
44, 9, 11.458530
44, 10, 6.675387
44, 12, -0.397999
44, 13, 32.189432
44, 14, -20.220299
44, 15, 8.362459
44, 17, -20.593285
44, 18, 44.376875
44, 19, -88.000000
44, 20, 86.078556
44, 21, -2.151373
44, 22, -19.089275
44, 23, 10.082247
44, 24, 0.290054
44, 25, -34.059457
44, 26, 57.481060
44, 27, 1.431520
44, 28, -8.724269
44, 29, 3.787033
44, 30, 22.889684
44, 31, -60.663860
44, 32, 3.971418
44, 33, 0.692789
44, 34, -53.758288
44, 35, 9.023790
44, 36, -38.340167
44, 37, -1.512762
44, 38, 10.888485
44, 40, -19.846820
44, 41, -3.672077
44, 42, 19.245927
44, 43, -24.483659
44, 44, 10.193187
44, 45, 20.472858
44, 47, 4.773791
44, 49, 18.935657
44, 50, 99999.000000
45, 1, -0.459257
45, 2, -16.313282
45, 4, 9.980183
45, 5, 30.194839
45, 6, -17.785225
45, 7, -2.740995
45, 8, -14.541835
45, 9, 13.758520
45, 10, 18.702766
45, 11, -12.743210
45, 12, -11.582267
45, 13, 28.828532
45, 14, -17.987253
45, 15, 16.663433
45, 16, -41.120856
45, 17, -20.835351
45, 18, 40.080113
45, 21, 13.592117
45, 22, -11.236432
45, 23, 2.234602
45, 24, -0.290054
45, 25, -21.110948
45, 26, 53.333823
45, 27, 13.433288
45, 28, -16.491174
45, 29, 3.212967
45, 30, 29.574306
45, 31, -62.158143
45, 32, -1.557513
45, 33, -44.394236
45, 35, 21.976192
45, 36, -38.790910
45, 37, 3.957106
45, 38, 16.511385
45, 40, -17.379793
45, 41, 2.135982
45, 42, 26.866440
45, 43, -12.027041
45, 44, 21.563404
45, 46, -26.811703
45, 47, -5.221288
45, 48, 59.145027
45, 49, 21.114712
45, 50, 4.492405
46, 1, 9.334377
46, 2, -13.521230
46, 4, 9.229273
46, 5, 30.805161
46, 6, -8.909394
46, 7, -12.158009
46, 8, -16.756398
46, 9, 10.203312
46, 10, 9.140714
46, 11, -3.333798
46, 13, 34.016691
46, 14, -21.030971
46, 15, 99999.000000
46, 16, -40.879144
46, 17, -23.538156
46, 18, 99999.000000
46, 19, 5.025640
46, 20, 62.374387
46, 21, -3.197164
46, 22, -15.271223
46, 23, 12.060233
46, 25, -29.099545
46, 26, 57.494744
46, 27, 14.278553
46, 28, -9.522851
46, 30, 21.799665
46, 31, -59.359406
46, 32, 4.775928
46, 33, 1.104041
46, 34, -45.183052
46, 35, 9.472506
46, 36, -38.278862
46, 37, 0.650823
46, 38, 14.910006
46, 40, -21.021232
46, 41, -3.091891
46, 42, 29.565559
46, 43, -19.793902
46, 44, 10.518192
46, 45, -73.000000
46, 46, -32.524779
46, 47, 5.049615
46, 48, 58.854973
46, 50, 89.000000
47, 1, -4.786506
47, 2, -17.541282
47, 3, 10.158368
47, 4, 14.916932
47, 6, -20.622461
47, 7, -2.291498
47, 8, -17.088066
47, 9, 11.979846
47, 10, 21.628687
47, 11, -12.502121
47, 12, 52.000000
47, 13, 30.528064
47, 14, -16.316111
47, 15, 24.932060
47, 17, -25.521483
47, 18, -54.000000
47, 19, 5.974360
47, 20, 59.569281
47, 21, 9.308236
47, 22, -9.323748
47, 23, 4.597296
47, 24, -33.000000
47, 25, -16.555131
47, 27, 24.892362
47, 28, -16.868566
47, 29, 99999.000000
47, 31, -61.532351
47, 32, -1.703626
47, 33, 99999.000000
47, 34, -38.459142
47, 37, 5.521251
47, 38, 18.771072
47, 39, -7.977722
47, 40, -18.263453
47, 41, 3.276967
47, 42, 36.295743
47, 43, -5.629134
47, 44, 21.286102
47, 46, -26.819582
47, 47, -4.860354
47, 49, 26.746128
48, 1, 5.399359
48, 3, 11.297276
48, 4, 14.319131
48, 5, -23.562952
48, 6, -13.152800
48, 7, -11.933089
48, 8, -18.950952
48, 9, 9.455741
48, 10, 12.221087
48, 11, -3.015605
48, 12, 75.138984
48, 13, 34.336660
48, 14, 99999.000000
48, 15, -47.000000
48, 16, -49.348834
48, 17, -26.776625
48, 20, 62.386899
48, 21, -4.856077
48, 22, -12.824981
48, 23, 13.182156
48, 25, -23.924566
48, 26, -92.000000
48, 27, 24.711150
48, 30, -58.983232
48, 32, 4.565905
48, 33, 13.693560
48, 34, -45.241439
48, 35, -14.865589
48, 36, -6.762115
48, 37, 2.062351
48, 38, 17.076344
48, 39, -13.594283
48, 41, -1.859094
48, 42, 37.723767
48, 43, -13.896225
48, 44, 10.641165
48, 45, 34.856335
48, 46, -32.534633
48, 47, 5.308979
48, 48, -29.567783
48, 49, 22.403504
48, 50, 33.326548
49, 1, -8.218412
49, 2, 99999.000000
49, 3, 10.112498
49, 4, 18.934292
49, 5, -18.885725
49, 6, -22.714416
49, 7, -1.760127
49, 8, -18.126417
49, 9, 11.311595
49, 10, 23.974777
49, 11, -12.267677
49, 12, 99999.000000
49, 13, 31.294180
49, 14, -49.175241
49, 16, -46.812353
49, 17, -28.770073
49, 18, -36.356525
49, 19, -31.382165
49, 21, 7.132312
49, 22, -8.465690
49, 24, -76.000000
49, 25, -12.843406
49, 27, 32.030595
49, 28, -18.422996
49, 29, 23.806631
49, 30, -55.461602
49, 31, 44.219010
49, 32, -2.367485
49, 33, -1.410910
49, 34, -38.556031
49, 35, -14.134411
49, 36, -2.786226
49, 37, 6.266996
49, 38, 19.512726
49, 39, -8.093936
49, 40, 22.454679
49, 41, 4.476976
49, 42, 41.938800
49, 43, -0.460261
49, 45, 31.722620
49, 48, -24.642653
49, 49, 26.727573
49, 50, 30.812353
50, 1, 3.649689
50, 2, 40.000000
50, 3, 11.250172
50, 4, 16.630270
50, 5, -23.532847
50, 6, -14.991010
50, 8, -19.646988
50, 10, 13.614570
50, 12, 83.000000
50, 13, 34.278612
50, 14, -20.000000
50, 15, 61.000000
50, 16, -49.336323
50, 17, -28.181672
50, 18, -35.643475
50, 19, -31.617835
50, 20, 4.000000
50, 22, -11.968389
50, 23, 75.000000
50, 25, -21.684157
50, 26, 68.000000
50, 27, 28.759184
50, 28, -17.577004
50, 29, 24.193369
50, 30, -58.968375
50, 31, 44.780990
50, 32, 4.267807
50, 33, 13.722884
50, 34, -45.327788
50, 36, -6.822717
50, 37, 2.588953
50, 39, -13.704410
50, 40, 22.545321
50, 41, -1.187115
50, 42, 40.836006
50, 43, -11.221539
50, 44, -53.000000
50, 45, 34.820756
50, 46, -72.000000
50, 47, -8.000000
50, 48, -29.604144
50, 49, 22.383551
50, 50, 33.358609
