1, 1, 33.000000
1, 3, -21.809150
1, 4, 15.083967
1, 6, 1.609671
1, 7, 10.974680
1, 8, 34.596857
1, 9, -16.676429
1, 10, -19.000000
1, 11, 2.842794
1, 12, 99999.000000
1, 13, -86.000000
1, 14, -57.906078
1, 15, -38.000000
1, 16, 0.029351
1, 18, -91.035221
1, 19, -40.389279
1, 20, -28.713166
1, 21, -20.419378
1, 22, -8.620294
1, 23, 2.472024
1, 24, 18.952439
1, 25, -23.716268
1, 27, 62.000000
1, 28, 7.714335
1, 29, -41.000000
1, 30, -31.358766
1, 32, -8.624861
1, 33, -36.616515
1, 34, -16.435040
1, 35, -9.338079
1, 37, -82.000000
1, 38, -87.000000
1, 39, 82.000000
1, 40, -10.381205
1, 41, 17.886494
1, 42, -20.121394
1, 43, -33.210445
1, 45, 14.724884
1, 46, -81.000000
1, 47, -3.599389
1, 49, 45.000000
1, 50, 16.193258
2, 2, 50.938774
2, 3, -25.934052
2, 4, 9.687273
2, 5, -46.160976
2, 6, 3.523161
2, 7, 8.494091
2, 8, 34.403143
2, 9, -26.824473
2, 11, 1.474694
2, 14, -58.093922
2, 16, 28.092688
2, 17, 0.084396
2, 19, -42.077190
2, 20, -20.713481
2, 21, -20.977457
2, 22, -14.025111
2, 23, 3.592407
2, 24, 12.796257
2, 25, -27.730886
2, 28, 5.631831
2, 30, -36.708641
2, 31, 11.870525
2, 32, -7.490616
2, 33, -33.175411
2, 34, -8.677128
2, 35, -2.180543
2, 36, -70.467714
2, 40, -2.877164
2, 41, 15.990768
2, 42, -24.614476
2, 43, -36.866208
2, 44, -7.296927
2, 45, 5.765813
2, 47, -7.868890
2, 48, -9.969364
2, 50, 19.480787
3, 1, -16.186343
3, 2, 10.111638
3, 3, -21.859907
3, 4, 15.065557
3, 5, -39.339866
3, 6, 1.741734
3, 7, 10.974806
3, 9, -16.675257
3, 11, 1.763096
3, 12, 32.366499
3, 13, 99999.000000
3, 15, -26.111532
3, 17, -43.298006
3, 19, -39.824488
3, 20, -28.710872
3, 21, -21.631962
3, 22, -8.623221
3, 23, 1.461530
3, 24, 18.979192
3, 25, -23.567034
3, 26, -28.379521
3, 27, -0.673319
3, 28, 7.714950
3, 29, 53.055231
3, 30, -31.357697
3, 31, 11.025358
3, 32, -7.972052
3, 33, -34.306361
3, 34, -15.980592
3, 35, -8.956058
3, 36, -70.532286
3, 37, -79.000000
3, 38, 41.221169
3, 39, -2.246746
3, 40, -10.611970
3, 41, 17.886226
3, 42, -20.121047
3, 43, -33.242625
3, 44, -26.222739
3, 45, 14.732119
3, 47, -2.291164
3, 48, -8.846381
3, 49, -42.374616
3, 50, 16.195488
4, 1, -15.096796
4, 2, 50.938783
4, 3, -26.022734
4, 4, 9.661291
4, 5, -46.171552
4, 6, 3.612141
4, 8, -22.640217
4, 9, -26.826215
4, 10, -95.000000
4, 11, -0.537580
4, 12, 31.266248
4, 14, 14.805848
4, 15, -25.888468
4, 17, 0.086633
4, 19, -42.288250
4, 20, -20.711542
4, 21, -23.733324
4, 23, 0.536958
4, 24, 12.835764
4, 25, -26.490084
4, 26, -29.495824
4, 27, 3.042354
4, 29, 56.659528
4, 31, 11.890776
4, 32, -6.026957
4, 33, -28.354773
4, 34, -6.920451
4, 35, -1.467970
4, 38, 41.778831
4, 39, -8.354708
4, 40, -3.182501
4, 43, -36.993917
4, 44, -8.256393
4, 45, 5.775140
4, 47, -5.182274
4, 48, -9.970026
4, 49, -45.675733
4, 50, 19.483482
5, 1, -16.083361
5, 2, 10.085498
5, 3, -21.960862
5, 4, 15.046167
5, 5, -39.354289
5, 6, 2.325748
5, 7, 14.412926
5, 8, -32.658345
5, 11, -0.852981
5, 12, 32.365820
5, 13, 10.603110
5, 14, 16.815757
5, 19, -38.410450
5, 21, -24.892634
5, 23, -1.096193
5, 24, 19.025028
5, 25, -23.451176
5, 26, -26.874729
5, 27, 0.897735
5, 29, 53.055893
5, 31, 11.053874
5, 32, -6.312213
5, 33, -27.997809
5, 34, -14.750593
5, 35, -8.006273
5, 36, -0.059060
5, 39, -2.559670
5, 40, -11.070211
5, 41, 4.315300
5, 43, -33.296282
5, 44, -27.848704
5, 45, 14.738463
5, 47, 1.160972
5, 49, -42.375098
5, 50, 16.197127
6, 1, -14.925339
6, 3, -26.110702
6, 5, -46.181933
6, 6, 4.106832
6, 7, 10.362998
6, 8, -20.772812
6, 10, -2.891606
6, 11, -3.396591
6, 13, 5.133425
6, 14, 13.189451
6, 16, -22.092248
6, 19, -42.627951
6, 20, -17.155304
6, 21, -28.350272
6, 23, -4.224085
6, 24, 12.862170
6, 25, -25.046406
6, 26, -28.524898
6, 27, 5.368594
6, 31, 11.925682
6, 32, -3.850798
6, 33, -20.047635
6, 34, -4.026031
6, 35, -0.405124
6, 36, 6.439671
6, 38, -17.905566
6, 39, -8.921331
6, 40, -3.486565
6, 41, 12.265380
6, 42, -50.820853
6, 43, -37.122294
6, 44, -10.411783
6, 47, -0.755464
6, 49, -45.676656
7, 1, -15.915992
7, 3, -22.010883
7, 4, -21.872753
7, 6, 3.585212
7, 7, 14.410291
7, 8, -28.487646
7, 10, -10.217300
7, 11, -3.482869
7, 12, 15.666725
7, 13, 10.663100
7, 14, 14.135615
7, 16, -14.235323
7, 18, 26.825792
7, 19, -36.826759
7, 20, -10.438809
7, 21, -29.274475
7, 22, 35.554332
7, 23, -4.066545
7, 25, -23.990939
7, 26, -23.809207
7, 27, 5.250377
7, 29, -26.854016
7, 31, 11.073227
7, 32, -4.412557
7, 33, -19.488844
7, 34, -13.147569
7, 35, -6.926422
7, 36, -0.552665
7, 38, -18.378912
7, 39, -3.182682
7, 40, -11.298699
7, 41, 2.341504
7, 42, -57.303177
7, 44, -29.875731
7, 46, -10.741655
7, 47, 5.565428
7, 50, 18.486760
8, 1, -14.817909
8, 4, -21.127247
8, 5, 4.576954
8, 6, 5.089664
8, 8, -15.861028
8, 9, 9.569128
8, 10, -3.113341
8, 11, -5.428861
8, 12, 21.844905
8, 13, 5.418142
8, 14, 8.343860
8, 16, -20.204291
8, 19, -42.941774
8, 20, -16.423290
8, 21, -33.450757
8, 22, 11.399097
8, 23, -8.746486
8, 24, -2.000000
8, 25, -24.593225
8, 26, -26.060547
8, 27, 9.523101
8, 29, -21.997811
8, 30, -17.437686
8, 32, -2.109576
8, 33, -10.726002
8, 34, -1.065156
8, 35, 0.549997
8, 36, 5.593238
8, 37, -31.468139
8, 38, -16.769655
8, 39, -9.486807
8, 41, 9.475761
8, 42, -50.820585
8, 44, -12.142292
8, 45, 2.851858
8, 46, -10.634975
8, 47, 3.934803
8, 48, -17.433257
8, 49, 14.000000
8, 50, 10.608360
9, 3, -25.811176
9, 5, 3.386148
9, 6, 5.181976
9, 8, -21.677427
9, 9, -12.529574
9, 10, -10.559726
9, 11, -4.577944
9, 12, 15.666630
9, 13, 10.800461
9, 14, 8.693006
9, 15, 23.000000
9, 16, -14.063759
9, 17, 60.000000
9, 19, -35.806712
9, 20, -9.514857
9, 21, -33.681993
9, 22, 32.817316
9, 23, -6.272972
9, 25, -25.380810
9, 26, -19.239677
9, 27, 11.433713
9, 29, -26.855621
9, 30, -22.010163
9, 31, -68.000000
9, 32, -3.151158
9, 33, -11.419425
9, 34, -11.781722
9, 35, -6.126610
9, 36, -1.539727
9, 37, -45.935443
9, 38, -15.078728
9, 39, -3.494390
9, 40, 23.429403
9, 41, -2.796749
9, 44, -30.779036
9, 45, 5.922324
9, 46, -11.637993
9, 47, 9.501988
9, 48, -11.435342
9, 50, 18.482368
10, 1, 19.441901
10, 2, -48.540255
10, 3, -23.909870
10, 4, 7.567635
10, 5, 4.579572
10, 6, 5.946568
10, 7, -17.992176
10, 8, -9.734894
10, 9, 10.851407
10, 10, -3.554453
10, 13, 5.775956
10, 14, 0.483389
10, 16, -17.538256
10, 19, -43.069487
10, 20, -14.323514
10, 21, -37.678946
10, 22, 10.670783
10, 23, -11.507016
10, 24, -15.639510
10, 25, -25.473893
10, 26, -21.622164
10, 27, 14.683418
10, 29, -21.999840
10, 30, -17.435468
10, 32, -1.773327
10, 33, -3.407503
10, 34, 0.799646
10, 35, 1.087917
10, 36, 4.745559
10, 37, -31.546803
10, 38, -13.551439
10, 40, 17.186880
10, 41, 4.990590
10, 42, -53.290035
10, 43, -1.784701
10, 45, 2.870416
10, 46, -12.152332
10, 47, 7.431478
10, 48, -17.873164
10, 49, 8.822978
10, 50, 10.602744
11, 1, 9.387121
11, 2, -45.614665
11, 3, -26.140675
11, 4, -1.030393
11, 5, 3.388730
11, 6, 6.064327
11, 7, -13.359937
11, 8, -14.785980
11, 9, -10.534370
11, 10, -10.900723
11, 11, -25.573951
11, 12, -16.000000
11, 13, 10.912388
11, 14, 0.717916
11, 15, 11.064571
11, 16, -13.890443
11, 17, -7.238198
11, 20, -7.664674
11, 21, -37.168420
11, 22, 27.852104
11, 23, -7.090091
11, 24, -13.352384
11, 25, -27.000365
11, 26, -13.533891
11, 27, 18.204334
11, 28, 9.485325
11, 30, -22.008419
11, 32, -3.085361
11, 33, -6.506896
11, 34, -11.242087
11, 35, -5.837489
11, 36, -2.034650
11, 37, -46.004757
11, 38, -9.105072
11, 39, -2.527232
11, 40, 24.837669
11, 41, -9.191191
11, 42, -54.015879
11, 44, 4.484346
11, 45, 5.947133
11, 46, -13.916199
11, 47, 11.794418
11, 48, -12.140597
11, 49, 2.585681
11, 50, 18.478593
12, 1, 19.901215
12, 2, -48.948556
12, 3, -24.363898
12, 4, 8.788604
12, 6, 5.535364
12, 7, -18.290992
12, 8, -4.730573
12, 9, 12.673846
12, 10, -3.774652
12, 11, -25.608323
12, 13, 5.936451
12, 14, -9.569659
12, 16, -15.653975
12, 17, -5.721411
12, 18, 0.216287
12, 19, -5.058836
12, 20, -11.056246
12, 21, -40.043923
12, 22, 9.141073
12, 23, -12.106467
12, 24, -15.585476
12, 25, -26.857272
12, 26, -15.394983
12, 27, 19.938811
12, 28, 9.514675
12, 29, 80.000000
12, 31, 18.268130
12, 32, -3.113289
12, 33, -0.632290
12, 37, -31.728414
12, 38, -8.836550
12, 39, -2.128947
12, 40, 19.688984
12, 41, 0.401566
12, 42, -53.290776
12, 43, -17.282844
12, 44, 9.142212
12, 45, 2.887890
12, 46, -14.447706
12, 47, 8.718272
12, 48, -18.752360
12, 49, 8.826845
13, 1, 11.113382
13, 2, -46.552362
13, 3, -26.880543
13, 4, 2.314247
13, 5, 31.716571
13, 6, 5.012943
13, 7, -14.682735
13, 8, -10.483376
13, 9, -8.048083
13, 11, -25.498800
13, 14, -8.811189
13, 17, -7.236034
13, 18, 0.684838
13, 19, -0.767972
13, 20, -4.823390
13, 21, -39.078036
13, 22, 21.629166
13, 23, -6.695956
13, 24, -13.268386
13, 25, -27.720976
13, 26, -7.442377
13, 27, 24.385549
13, 30, -53.004208
13, 31, 18.731870
13, 32, -4.155776
13, 34, -2.518649
13, 35, 5.273681
13, 36, -43.964779
13, 37, -46.093852
13, 38, -1.687263
13, 39, -2.535740
13, 40, 27.995585
13, 41, -14.736008
13, 43, -15.237549
13, 44, 4.480716
13, 46, -16.477136
13, 48, -12.846879
13, 49, 2.589214
13, 50, 5.786667
14, 1, 21.133172
14, 2, -49.966035
14, 3, -24.929982
14, 4, 12.106063
14, 5, 39.994707
14, 6, 2.892005
14, 7, -19.038149
14, 8, -2.805655
14, 9, 13.968250
14, 10, 11.393148
14, 11, -25.439124
14, 13, -3.764737
14, 14, -20.175079
14, 17, -5.719007
14, 18, 0.215875
14, 19, -5.055906
14, 20, -6.818667
14, 22, 6.943287
14, 23, -11.305283
14, 24, -15.480388
14, 25, -27.319966
14, 26, -8.446417
14, 27, 24.509536
14, 28, -33.539903
14, 30, -36.240749
14, 32, -5.514440
14, 33, -45.951940
14, 34, -3.481351
14, 35, 6.957218
14, 36, -44.035221
14, 37, -31.877008
14, 38, -3.608133
14, 39, -2.140214
14, 40, 22.806202
14, 41, -2.900560
14, 43, -17.421343
14, 44, 9.138180
14, 46, -16.317827
14, 47, -16.047166
14, 48, -19.193310
14, 50, 5.136297
15, 1, 13.984783
15, 2, -47.969127
15, 3, -27.473749
15, 4, 8.159875
15, 5, 29.655121
15, 6, 1.441457
15, 7, -16.697328
15, 9, -6.941245
15, 10, 25.958233
15, 11, -25.349948
15, 12, 13.567454
15, 13, -11.936390
15, 14, -18.083049
15, 18, 0.684804
15, 19, -0.765145
15, 20, -0.914848
15, 22, 15.496556
15, 23, -5.873238
15, 24, -13.186262
15, 25, -26.656986
15, 26, -1.982321
15, 27, 29.169504
15, 28, -31.317525
15, 29, 29.362853
15, 30, -53.004567
15, 31, -84.000000
15, 32, -5.699135
15, 33, -43.527816
15, 35, 6.023643
15, 37, -46.134425
15, 38, 5.500353
15, 39, -2.543504
15, 40, 30.526720
15, 41, -17.882322
15, 43, -15.465017
15, 45, -17.226504
15, 46, -17.965764
15, 47, -8.968970
15, 49, -3.849421
15, 50, 4.401771
16, 1, 22.723129
16, 2, -51.095276
16, 3, -25.182025
16, 4, 16.705946
16, 5, 35.668910
16, 6, -2.103924
16, 7, -19.869529
16, 8, -24.311387
16, 10, 11.265396
16, 11, -25.270435
16, 12, -9.223293
16, 13, -3.756378
16, 14, -29.116378
16, 16, -8.979202
16, 17, 53.250519
16, 20, -1.817604
16, 22, 4.656413
16, 23, -10.415705
16, 24, -15.428833
16, 25, -25.865258
16, 26, -2.416795
16, 27, 27.896878
16, 28, -33.539457
16, 29, 33.492293
16, 30, -36.236080
16, 32, -7.759962
16, 33, -45.953269
16, 34, 2.000000
16, 35, 8.254936
16, 36, 66.000000
16, 38, 0.895569
16, 40, 24.194193
16, 41, -4.087702
16, 43, -17.644098
16, 44, 30.394232
16, 45, -10.222088
16, 46, -16.611024
16, 47, -16.049793
16, 48, -1.643531
16, 49, 6.237158
16, 50, 2.249844
17, 1, 16.956900
17, 2, -49.194795
17, 4, 15.277387
17, 5, 23.815783
17, 6, -4.183533
17, 7, -18.455648
17, 8, -21.669571
17, 9, -25.723217
17, 10, 25.732174
17, 11, -25.275510
17, 12, 13.560682
17, 13, -11.912244
17, 14, -24.886517
17, 15, -36.562551
17, 16, -5.002340
17, 17, 53.749481
17, 18, 3.461474
17, 19, 86.000000
17, 20, 3.952735
17, 21, 10.373658
17, 22, 10.965606
17, 23, -5.476732
17, 25, -23.791746
17, 26, 1.812818
17, 27, 32.248953
17, 28, -31.317992
17, 29, 29.320855
17, 31, 99999.000000
17, 32, -6.798029
17, 33, -43.528883
17, 35, 7.521726
17, 38, 10.708793
17, 39, 17.357619
17, 42, -6.722395
17, 43, -15.606008
17, 44, 26.462333
17, 45, -17.224782
17, 46, -17.385554
17, 47, -8.973012
17, 48, -8.467206
17, 49, -4.409134
17, 50, 0.904119
18, 1, 24.066894
18, 2, -51.815738
18, 3, -73.000000
18, 4, 21.723126
18, 5, 27.758531
18, 6, -8.567511
18, 7, -20.400790
18, 8, -24.390608
18, 9, -26.237075
18, 10, 11.010811
18, 12, -9.222311
18, 13, -3.745558
18, 14, -34.248032
18, 15, -23.572860
18, 16, -11.326082
18, 18, 12.875439
18, 20, 3.611067
18, 21, 1.265359
18, 22, 3.168777
18, 24, -34.352208
18, 25, -22.649946
18, 26, 1.088547
18, 27, 29.914267
18, 29, 33.411727
18, 32, -8.671403
18, 34, 23.000000
18, 35, 9.552850
18, 36, 21.455974
18, 37, 73.000000
18, 38, 3.504350
18, 39, 7.053357
18, 40, -1.488770
18, 41, 34.606505
18, 42, -10.485843
18, 44, 30.393633
18, 45, -10.218693
18, 46, -14.798892
18, 47, -16.053114
18, 48, -1.640358
18, 49, 5.157793
18, 50, -2.161681
19, 1, 18.846259
19, 2, -49.672901
19, 4, 22.555640
19, 5, 15.336215
19, 6, -10.532795
19, 7, -19.145848
19, 8, -21.793386
19, 9, -25.721229
19, 10, 25.505690
19, 11, -9.706216
19, 13, -11.898653
19, 14, -27.391799
19, 15, -36.341797
19, 16, -6.406992
19, 17, -33.532113
19, 18, 3.248215
19, 19, 5.304295
19, 20, 9.312360
19, 21, 10.188685
19, 22, 9.288411
19, 23, -9.628812
19, 24, -33.647792
19, 25, -20.072719
19, 26, 3.174057
19, 27, 33.703671
19, 28, -11.796997
19, 29, 29.255337
19, 31, -90.000000
19, 33, 13.292301
19, 35, 8.272057
19, 36, 21.544026
19, 38, 12.609360
19, 39, 16.117041
19, 40, 5.903636
19, 41, 34.767069
19, 42, -7.641605
19, 45, -17.221602
19, 46, -14.644168
19, 48, -8.463857
19, 49, -5.814901
19, 50, -3.064384
20, 1, 24.595190
20, 3, 62.000000
20, 4, 26.518983
20, 5, 17.955171
20, 6, -14.952869
20, 8, -24.519322
20, 10, 10.883404
20, 11, -16.312328
20, 15, -23.717806
20, 16, -15.180326
20, 17, -32.493465
20, 18, 12.513574
20, 19, 12.223610
20, 20, 8.948650
20, 21, 2.153768
20, 23, -0.374878
20, 25, -18.965291
20, 27, 30.575096
20, 28, -22.326106
20, 29, 33.362810
20, 30, -57.379662
20, 33, 22.342274
20, 34, 19.595414
20, 37, -37.726000
20, 39, 4.304534
20, 40, -1.402402
20, 41, 34.605277
20, 42, -11.372522
20, 43, 75.070442
20, 44, -7.593755
20, 46, -11.333374
20, 47, 22.525079
20, 49, 3.511663
20, 50, -6.033072
21, 4, 29.195025
21, 5, 6.265150
21, 6, -15.965494
21, 7, -15.308032
21, 8, -21.871241
21, 11, -9.695382
21, 12, -28.461513
21, 13, -57.759325
21, 14, 14.573327
21, 15, -36.121510
21, 16, -8.600653
21, 17, -31.218031
21, 18, 2.826030
21, 19, 5.478938
21, 20, 14.397886
21, 21, 9.997750
21, 23, -9.627716
21, 25, -16.966882
21, 28, -12.946488
21, 31, -14.877689
21, 32, -13.000000
21, 33, 13.743279
21, 34, 6.164915
21, 35, 8.717323
21, 36, -23.008436
21, 37, -37.274000
21, 38, 5.962483
21, 39, 12.520789
21, 40, 5.911671
21, 41, 34.766529
21, 42, -10.110715
21, 44, -9.577088
21, 45, 5.883261
21, 46, -10.722973
21, 47, 23.174655
21, 48, -29.323700
21, 49, -7.397943
21, 50, -5.651065
22, 1, -96.000000
22, 3, 23.244315
22, 4, 30.663810
22, 5, 8.876363
22, 6, -19.613182
22, 7, -12.696848
22, 10, -0.780998
22, 11, -16.377150
22, 12, -28.425793
22, 13, -58.240675
22, 14, 8.149570
22, 15, -23.806557
22, 16, -19.106900
22, 17, -28.399385
22, 18, 12.153343
22, 19, 12.505666
22, 20, 13.629766
22, 21, 3.749692
22, 22, 80.485325
22, 23, -0.373351
22, 24, -48.716755
22, 25, -16.528230
22, 26, 47.040780
22, 28, -24.271965
22, 31, -14.442653
22, 33, 23.146375
22, 34, 19.592609
22, 35, 17.738319
22, 36, -24.237064
22, 38, 7.791865
22, 39, -0.996613
22, 40, -1.209054
22, 42, -12.720579
22, 44, -7.811566
22, 45, 3.951162
22, 46, -7.553024
22, 47, 21.919475
22, 48, -35.127032
22, 49, 2.070195
22, 50, -7.560871
23, 3, 23.734734
23, 4, 34.584912
23, 5, -0.757580
23, 6, -19.079131
23, 7, -15.299694
23, 8, 7.600850
23, 9, -14.968192
23, 10, -6.542027
23, 11, -9.667529
23, 12, -28.063499
23, 14, 14.575020
23, 16, -10.572095
23, 17, -25.347736
23, 18, 2.615667
23, 19, 5.760075
23, 20, 18.461858
23, 21, 9.975296
23, 22, 80.514675
23, 23, -9.626647
23, 24, -62.491985
23, 25, -15.761702
23, 26, 45.449040
23, 28, -15.832136
23, 30, 10.769948
23, 31, -16.119621
23, 32, 91.000000
23, 33, 14.901599
23, 34, 6.140388
23, 35, 9.662230
23, 36, -21.551174
23, 38, 5.962608
23, 39, 6.929301
23, 40, 5.921079
23, 41, 32.089479
23, 42, -13.346735
23, 44, -10.170900
23, 45, 5.880992
23, 46, -7.299522
23, 47, 21.849306
23, 48, -29.322785
23, 49, -8.422959
24, 1, 14.287964
24, 2, -73.000000
24, 3, 23.307260
24, 4, 33.776405
24, 5, 3.381236
24, 6, -21.319126
24, 7, -12.686156
24, 8, 7.218041
24, 9, -11.256352
24, 10, -0.691769
24, 11, -16.454339
24, 12, -27.548390
24, 13, 33.000000
24, 14, 8.151745
24, 15, -6.810202
24, 16, -21.571784
24, 17, -22.109504
24, 19, 12.680396
24, 20, 17.294817
24, 21, 5.673928
24, 24, -48.924763
24, 26, 47.040023
24, 27, -16.367604
24, 28, -27.211951
24, 29, -44.428230
24, 30, 15.681059
24, 31, -16.367773
24, 33, 24.393505
24, 35, 18.596296
24, 36, -21.452278
24, 38, 7.792496
24, 39, -8.439907
24, 40, -1.053495
24, 41, 25.014541
24, 42, -13.849313
24, 43, -2.088455
24, 44, -8.329421
24, 45, 3.949198
24, 46, -5.100008
24, 47, 20.461511
24, 49, 1.502027
24, 50, -62.000000
25, 1, 12.849633
25, 3, 23.868353
25, 4, 38.151085
25, 5, -3.411323
25, 7, -15.292404
25, 8, 7.602287
25, 9, -16.323565
25, 10, -6.411291
25, 11, -9.642901
25, 12, -27.172070
25, 15, 3.940197
25, 16, -11.363326
25, 17, -18.647238
25, 18, 14.000000
25, 20, 21.138006
25, 21, 10.137269
25, 22, -4.060108
25, 24, -62.738391
25, 25, 25.000000
25, 27, -11.995110
25, 28, -19.075910
25, 29, -54.784628
25, 30, 10.576367
25, 31, -19.116158
25, 33, 16.245569
25, 35, 12.011566
25, 36, -17.620272
25, 38, 5.963428
25, 39, -0.021809
25, 40, 5.925614
25, 41, 32.093022
25, 42, -16.354838
25, 43, 30.104798
25, 44, -11.032636
25, 46, -5.943705
25, 47, 19.977016
25, 48, -13.013109
26, 1, 14.287484
26, 2, -50.876727
26, 3, 23.436213
26, 4, 35.468480
26, 6, 12.765687
26, 8, 7.219093
26, 9, -13.751326
26, 10, -0.548935
26, 11, -16.487091
26, 12, -26.455852
26, 13, 55.199584
26, 14, -43.423828
26, 15, -6.811355
26, 17, -16.557386
26, 19, -19.448210
26, 20, 19.945154
26, 21, 7.405267
26, 22, -6.148500
26, 23, 0.088736
26, 24, -49.395443
26, 26, -27.124610
26, 27, -16.298769
26, 28, -29.758114
26, 29, -44.433308
26, 30, 14.854690
26, 31, -19.090023
26, 32, -50.035221
26, 33, 25.505901
26, 35, 19.765418
26, 36, -16.775714
26, 39, -17.282214
26, 41, 25.017909
26, 42, -14.142344
26, 43, -0.004521
26, 44, -8.867449
26, 47, 19.003765
26, 48, -3.366414
26, 49, 38.000000
26, 50, -31.173999
27, 1, 12.849299
27, 2, -51.123273
27, 3, 24.004395
27, 4, 39.406400
27, 5, -11.074739
27, 6, 1.796337
27, 7, 17.112811
27, 9, -19.754952
27, 10, -6.330298
27, 12, -26.457768
27, 13, 54.800416
27, 14, -49.883310
27, 15, 3.938987
27, 16, -6.453017
27, 17, -14.256658
27, 18, 0.808941
27, 19, -20.793065
27, 20, 22.572809
27, 21, 10.347606
27, 22, -5.097444
27, 23, 3.549201
27, 24, -63.047382
27, 25, -56.000000
27, 26, -19.239370
27, 27, -11.884649
27, 28, -21.172127
27, 29, -54.792169
27, 30, 10.101624
27, 31, -22.113299
27, 33, 17.139325
27, 34, 28.697044
27, 35, 14.599790
27, 36, -12.415342
27, 37, 10.457870
27, 38, -13.952079
27, 39, -7.309415
27, 40, -13.640362
27, 42, -18.334294
27, 43, 30.702317
27, 44, -11.744979
27, 45, -17.229350
27, 46, -1.671062
27, 47, 18.652291
27, 48, -13.404554
27, 50, -23.277734
28, 3, 23.502581
28, 5, 6.122408
28, 6, 12.225137
28, 7, 19.009232
28, 8, -22.872753
28, 9, -17.574926
28, 12, -25.969432
28, 14, -43.424680
28, 16, -5.506599
28, 17, -14.356855
28, 18, -3.217135
28, 19, -18.397889
28, 20, 21.848349
28, 21, 8.431167
28, 22, -7.618844
28, 23, 1.394034
28, 24, -49.775304
28, 26, -27.215982
28, 27, -16.190626
28, 28, -30.753480
28, 29, -44.439145
28, 30, 13.604174
28, 31, -21.016092
28, 33, 25.950594
28, 34, 8.447062
28, 35, 20.544055
28, 36, -11.693314
28, 37, 9.542130
28, 38, -17.663247
28, 39, -26.294765
28, 40, -11.034245
28, 41, -21.542997
28, 42, -13.383826
28, 43, 2.949803
28, 44, -9.190340
28, 45, -28.082660
28, 46, 2.774742
28, 47, 18.398458
28, 48, -4.506239
28, 49, -80.964779
28, 50, -30.579828
29, 1, -6.140661
29, 5, -11.017249
29, 6, 0.764004
29, 7, 17.114468
29, 8, -22.127247
29, 9, -23.662192
29, 10, 27.389630
29, 11, 50.923413
29, 16, -6.101062
29, 18, 0.807206
29, 19, -19.009338
29, 20, 23.228630
29, 21, 10.441972
29, 22, -7.611219
29, 23, 6.696040
29, 24, -63.185722
29, 25, 9.148545
29, 26, -19.291673
29, 27, -11.818078
29, 30, 9.584321
29, 31, -23.355894
29, 34, 28.668915
29, 35, 16.225408
29, 36, -7.570107
29, 38, -14.239229
29, 39, -13.509838
29, 40, -13.638339
29, 41, -28.540252
29, 42, -19.031556
29, 43, 31.451001
29, 44, -12.014709
29, 45, -17.235787
29, 46, -1.672356
29, 48, -14.463938
29, 49, -81.035221
29, 50, -21.838034
30, 1, -8.509764
30, 2, -35.020371
30, 3, 6.808227
30, 4, 9.298121
30, 5, 6.520786
30, 6, 10.924644
30, 9, -20.941363
30, 10, 26.294151
30, 11, 54.577358
30, 12, 41.649992
30, 14, 23.050152
30, 16, -4.806152
30, 17, 5.843962
30, 19, -15.732906
30, 20, 23.260823
30, 22, -9.709309
30, 23, 4.644574
30, 25, 10.109416
30, 26, -27.438790
30, 28, -10.221079
30, 29, -3.353878
30, 30, 12.518521
30, 32, -3.227843
30, 33, -62.000000
30, 34, 8.459656
30, 35, 20.535589
30, 36, -7.812852
30, 37, -1.788717
30, 38, -18.151534
30, 39, -33.806483
30, 40, -11.033035
30, 41, -21.542887
30, 42, -11.920817
30, 43, 5.045826
30, 45, -28.091929
30, 47, 23.929558
30, 48, -6.429778
30, 50, -29.031289
31, 1, -6.926519
31, 2, -31.387574
31, 3, 14.762095
31, 4, 8.709515
31, 5, -10.926844
31, 6, -0.686439
31, 7, -46.195176
31, 8, 7.979314
31, 9, -26.217532
31, 10, 27.392610
31, 11, 49.348216
31, 12, 39.203192
31, 13, -5.882383
31, 14, 12.109602
31, 15, 12.561636
31, 16, -5.317347
31, 17, 5.368351
31, 18, 63.000000
31, 19, -16.204165
31, 20, 23.534823
31, 21, -9.979446
31, 22, -10.135905
31, 23, 11.560277
31, 24, -55.744069
31, 25, 9.158546
31, 26, -19.372160
31, 28, -2.697106
31, 29, -0.326143
31, 30, 9.258824
31, 32, -8.117403
31, 34, 28.652342
31, 35, 16.246852
31, 36, -4.659082
31, 37, 4.719471
31, 38, -14.813889
31, 39, -17.111795
31, 42, -18.823912
31, 43, 31.786486
31, 44, -85.000000
31, 45, -17.242800
31, 46, -34.667299
31, 47, 24.070442
31, 48, -15.838140
31, 50, -19.503380
32, 1, -9.112204
32, 2, -33.613981
32, 3, 6.664999
32, 4, 10.503812
32, 5, 6.916770
32, 6, 9.630536
32, 7, -44.907312
32, 8, 15.746586
32, 9, -22.273642
32, 10, 26.297088
32, 11, 51.606302
32, 12, 40.362398
32, 13, 7.874148
32, 14, 23.052191
32, 16, -3.939725
32, 17, 5.982465
32, 19, -12.587236
32, 20, 24.215220
32, 21, -14.728240
32, 22, -11.195146
32, 23, 8.204984
32, 24, -57.115610
32, 25, 10.124028
32, 26, -27.665766
32, 28, -10.183514
32, 29, -3.961407
32, 30, 12.092917
32, 33, -49.000000
32, 35, 19.856752
32, 36, -6.364173
32, 37, -1.806742
32, 38, -18.640689
32, 39, -38.111822
32, 40, 0.376893
32, 42, -10.517282
32, 46, -34.332701
32, 48, -8.449391
32, 49, 6.178871
32, 50, -27.093351
33, 1, -8.662524
33, 2, -29.132044
33, 3, 14.410363
33, 4, 10.902012
33, 6, -1.704869
33, 7, -46.193708
33, 8, 7.169927
33, 11, 45.538490
33, 12, 37.240311
33, 13, -5.616082
33, 14, 12.112038
33, 15, 55.000000
33, 16, -4.694648
33, 17, 5.588590
33, 18, -20.806286
33, 19, -13.426804
33, 20, 23.681876
33, 21, -10.242412
33, 22, -11.185284
33, 23, 16.025204
33, 24, -55.747624
33, 25, 9.169679
33, 26, -19.434594
33, 27, -15.899477
33, 28, -2.745687
33, 29, -0.944592
33, 32, -1.121676
33, 34, 11.000000
33, 35, 14.803104
33, 37, 4.695231
33, 38, -15.102486
33, 40, -3.183775
33, 42, -18.436810
33, 45, 4.170143
33, 47, -95.982390
33, 48, -17.001804
33, 49, 1.214977
33, 50, -17.081878
34, 1, -9.482476
34, 2, -29.811531
34, 3, 6.381005
34, 4, 13.780532
34, 6, 9.097020
34, 8, 13.693347
34, 9, -50.866271
34, 10, -13.830913
34, 11, 47.391476
34, 12, 37.093857
34, 13, 7.891284
34, 14, 23.057425
34, 16, -3.557839
34, 17, 6.205804
34, 18, -21.193714
34, 19, -10.066473
34, 20, 24.565737
34, 21, -15.383136
34, 23, 10.337730
34, 24, -57.120358
34, 26, -27.761968
34, 27, -22.420233
34, 28, -10.196070
34, 29, -5.707294
34, 30, 4.000000
34, 31, -14.262260
34, 32, -6.924325
34, 33, 21.309221
34, 35, 18.996440
34, 36, 16.971725
34, 37, -1.823920
34, 40, 0.282074
34, 41, 25.052831
34, 42, -9.941296
34, 43, -18.262349
34, 44, 43.732410
34, 45, 18.860148
34, 46, 85.000000
34, 47, -63.609306
34, 48, -9.745812
34, 49, 5.391562
34, 50, -25.398290
35, 1, -10.076099
35, 2, -25.214450
35, 3, 14.059187
35, 4, 14.642318
35, 7, -42.735844
35, 8, 4.895242
35, 9, -54.399927
35, 10, -20.097025
35, 11, 41.715527
35, 12, 34.218204
35, 13, -5.450713
35, 14, 12.115421
35, 17, 5.725896
35, 19, -11.444222
35, 21, -10.877746
35, 22, -34.314792
35, 23, 18.360631
35, 24, -55.750982
35, 25, -15.590987
35, 27, -15.888364
35, 28, -3.015465
35, 29, -2.217080
35, 32, -1.006490
35, 33, 21.690779
35, 34, -17.486026
35, 35, 12.609297
35, 36, 23.417604
35, 38, -1.885102
35, 40, -3.304499
35, 43, -21.819794
35, 44, 37.921918
35, 45, 5.020084
35, 48, -17.458960
35, 49, -0.023862
35, 50, -15.313712
36, 1, -8.857323
36, 2, -24.749055
36, 3, 6.239064
36, 4, 18.154866
36, 6, -93.000000
36, 7, -23.192024
36, 8, 9.860562
36, 9, -50.866065
36, 10, -14.274284
36, 11, 44.399261
36, 12, 33.360168
36, 18, -8.050935
36, 19, -8.698988
36, 20, -29.282110
36, 21, -16.337490
36, 22, -26.552992
36, 23, 10.130089
36, 25, -15.409013
36, 26, -56.114182
36, 27, -22.404916
36, 28, -10.529369
36, 29, -8.286353
36, 30, -9.911948
36, 31, 13.875641
36, 32, -6.693388
36, 34, -18.074869
36, 35, 18.481119
36, 36, 17.979265
36, 37, 0.000000
36, 38, 3.660462
36, 39, -8.195562
36, 40, 0.089488
36, 42, 4.059847
36, 43, -18.262917
36, 44, 43.747920
36, 45, 19.459126
36, 46, 48.070442
36, 49, 3.624346
36, 50, -24.428024
37, 1, -10.388978
37, 2, -20.679313
37, 4, 18.779144
37, 5, -13.000000
37, 8, 1.538496
37, 10, -20.785867
37, 11, 40.125485
37, 12, 31.544690
37, 13, 22.546285
37, 14, -15.738172
37, 16, -43.000000
37, 17, -20.858440
37, 18, -8.949065
37, 19, -10.450986
37, 20, -28.702881
37, 21, -11.556871
37, 22, -33.272490
37, 23, 18.054191
37, 24, 34.566592
37, 26, -45.202243
37, 27, -15.877128
37, 28, -3.695668
37, 29, -3.999632
37, 30, -10.088052
37, 31, 14.695347
37, 32, -0.597593
37, 33, 6.416779
37, 34, -17.745375
37, 35, 10.521240
37, 36, 25.313944
37, 38, -1.148392
37, 39, 6.418229
37, 40, -3.426566
37, 42, 3.324691
37, 44, 37.943227
37, 45, 7.427340
37, 46, -8.858198
37, 48, 9.399169
37, 49, -1.567520
37, 50, -14.671788
38, 1, -7.408429
38, 2, -19.917099
38, 4, 22.252859
38, 6, 0.995220
38, 8, 4.770978
38, 10, -15.162052
38, 12, 30.912889
38, 13, 20.234526
38, 14, -28.565342
38, 15, 22.423796
38, 17, -15.701708
38, 19, -8.338005
38, 20, -29.385284
38, 21, -17.131303
38, 22, -24.571035
38, 23, 7.954831
38, 24, 33.607112
38, 25, -25.356182
38, 26, -56.114546
38, 28, -11.367816
38, 29, -11.085993
38, 31, 13.876887
38, 32, -6.115356
38, 33, 5.583221
38, 34, -18.539635
38, 35, 18.588722
38, 36, 20.238871
38, 37, -1.488745
38, 38, 5.007780
38, 39, -8.507735
38, 40, -0.007437
38, 42, 5.262438
38, 43, 62.000000
38, 44, 43.772919
38, 45, 20.661199
38, 48, 8.600831
38, 49, 2.207135
39, 1, -9.921450
39, 2, -16.689939
39, 3, 69.214864
39, 4, 21.981620
39, 5, 21.732750
39, 6, 2.352290
39, 8, -2.440921
39, 9, 12.827056
39, 10, -21.476168
39, 12, 30.484283
39, 13, 23.550199
39, 14, -16.181202
39, 15, 10.305110
39, 16, -4.126004
39, 17, -20.792761
39, 18, 84.000000
39, 19, -10.170353
39, 20, -28.865335
39, 21, -11.976792
39, 22, -30.415019
39, 23, 15.933942
39, 24, 34.567835
39, 25, -29.131093
39, 26, -45.203139
39, 27, -10.155827
39, 28, -4.816261
39, 29, -5.813850
39, 30, 25.841330
39, 32, 0.208145
39, 34, -18.265867
39, 35, 9.133546
39, 36, 27.676257
39, 37, -5.417598
39, 38, 0.996206
39, 39, 5.155323
39, 41, -38.545306
39, 42, 5.491726
39, 44, 37.956664
39, 45, 10.853581
39, 49, -2.254789
40, 1, -6.188716
40, 2, -16.574696
40, 3, 71.765510
40, 4, 24.722468
40, 5, 23.653171
40, 6, 0.994684
40, 7, 0.121040
40, 8, -0.873414
40, 9, 16.936542
40, 10, -15.607856
40, 13, 21.706346
40, 14, -26.899446
40, 15, 21.367855
40, 16, 2.045244
40, 17, -16.273469
40, 19, -8.458729
40, 20, -29.551347
40, 21, -17.433642
40, 22, -21.220493
40, 23, 5.162233
40, 24, 33.609025
40, 27, -3.116390
40, 28, -12.645922
40, 29, -13.274588
40, 30, 34.785741
40, 31, -63.932529
40, 32, -5.140557
40, 33, -95.000000
40, 34, -19.006378
40, 35, 19.256010
40, 36, 22.050811
40, 37, -0.929085
40, 38, 7.491963
40, 39, -8.949068
40, 40, -15.284982
40, 41, -45.056733
40, 42, 8.884970
40, 43, -12.720130
40, 45, 22.244307
40, 47, -19.388917
40, 48, -3.950073
40, 50, 28.305247
41, 1, -9.602375
41, 2, -14.063449
41, 3, 69.214438
41, 4, 23.184859
41, 5, 21.730031
41, 7, -10.775894
41, 8, -6.616775
41, 9, 12.567272
41, 12, -0.597935
41, 13, 26.099619
41, 14, -17.309786
41, 15, 9.934922
41, 16, -4.125128
41, 17, -20.835558
41, 18, 44.395229
41, 19, -10.173274
41, 20, -28.965931
41, 22, -26.426206
41, 23, 13.514289
41, 26, 50.800416
41, 27, -7.758960
41, 28, -6.191447
41, 29, -6.976426
41, 30, 25.409818
41, 31, -61.816140
41, 32, 1.369767
41, 34, -18.528018
41, 35, 8.586596
41, 36, 28.728267
41, 37, -4.407107
41, 38, 4.265612
41, 39, 3.586772
41, 40, -18.995209
41, 41, -38.543742
41, 42, 9.921639
41, 43, -12.279870
41, 44, 10.117900
41, 45, 14.274195
41, 46, -23.888468
41, 47, -26.081980
41, 48, -1.879369
41, 49, 19.144250
41, 50, 27.694753
42, 2, -15.184254
42, 5, 23.649647
42, 6, -17.407299
42, 7, -0.519747
42, 8, -6.320420
42, 9, 16.133367
42, 12, -11.865635
42, 13, 24.101600
42, 14, -24.150292
42, 15, 19.877114
42, 16, 2.047326
42, 17, -17.667522
42, 18, 40.122012
42, 19, -8.563289
42, 22, -17.416061
42, 23, 3.168962
42, 24, 7.000000
42, 27, 1.264401
42, 28, -14.067550
42, 29, -14.105735
42, 30, 33.677882
42, 31, -63.675424
42, 32, -3.953543
42, 33, -44.424121
42, 35, 20.167538
42, 37, 0.530373
42, 38, 10.645202
42, 39, -9.259229
42, 40, -15.589146
42, 41, -45.055421
42, 42, 14.756397
42, 44, 21.747237
42, 45, 23.646200
42, 47, -19.388885
42, 48, -3.949235
42, 49, 21.402034
43, 1, 10.139536
43, 2, -12.921588
43, 3, 42.538156
43, 4, 8.246028
43, 5, 21.727762
43, 6, -6.305795
43, 7, -11.099215
43, 8, -10.605757
43, 9, 11.887476
43, 10, 8.525543
43, 11, 20.776935
43, 12, -0.581617
43, 13, 29.135665
43, 14, -18.600932
43, 15, 9.562551
43, 16, -4.122954
43, 17, -21.452245
43, 18, 44.394184
43, 20, 86.076312
43, 22, -22.142327
43, 23, 11.994110
43, 25, -32.232919
43, 27, -1.258506
43, 28, -7.502071
43, 30, 24.443979
43, 31, -61.293277
43, 32, 2.625269
43, 33, 0.678739
43, 34, -53.765195
43, 35, 8.618154
43, 36, -38.323013
43, 37, -2.730300
43, 38, 8.078866
43, 39, 2.891232
43, 40, -19.414473
43, 42, 16.362784
43, 43, -20.950876
43, 44, 10.174914
43, 45, 16.431094
43, 46, -59.000000
43, 48, -1.878348
43, 49, 19.127346
44, 1, -1.826178
44, 2, -15.240581
44, 3, 42.461844
44, 4, 11.575617
44, 6, -17.942589
44, 7, -1.345039
44, 8, -10.928650
44, 9, 14.828223
44, 10, 19.631667
44, 12, -11.843165
44, 13, 26.652647
44, 14, -21.332614
44, 15, 18.823697
44, 17, -19.991418
44, 18, 40.118530
44, 19, -88.000000
44, 20, 85.923688
44, 21, 12.475985
44, 22, -13.982730
44, 23, 2.556956
44, 24, -0.281766
44, 25, -19.642269
44, 27, 8.735741
44, 28, -15.260475
44, 29, 3.221169
44, 30, 32.297623
44, 31, -63.099630
44, 32, -2.915526
44, 33, -44.422464
44, 34, -54.234805
44, 35, 20.926764
44, 36, -38.808259
44, 37, 2.364872
44, 38, 13.805439
44, 40, -16.280321
44, 41, 2.932565
44, 42, 22.114295
44, 43, -9.975787
44, 44, 21.651885
44, 45, 24.212332
44, 47, -5.059968
44, 49, 21.379201
45, 1, 9.449764
45, 2, -12.733336
45, 4, 9.129140
45, 5, 30.796442
45, 6, -7.872196
45, 7, -11.516818
45, 8, -14.034911
45, 9, 11.049516
45, 10, 9.064151
45, 11, -3.194030
45, 12, -0.565217
45, 13, 31.665465
45, 14, -19.447762
45, 16, -40.882597
45, 17, -22.815847
45, 21, -3.468242
45, 22, -18.311975
45, 23, 11.599653
45, 24, 0.281766
45, 25, -30.335938
45, 26, 57.490030
45, 27, 7.417721
45, 28, -8.431509
45, 29, 3.778831
45, 30, 23.670220
45, 31, -60.643375
45, 32, 3.632850
45, 33, 0.712654
45, 35, 8.793708
45, 36, -38.320582
45, 37, -0.903808
45, 38, 11.634942
45, 40, -19.943943
45, 41, -2.749463
45, 42, 23.783820
45, 43, -19.923833
45, 44, 10.302388
45, 46, -32.527854
45, 47, 5.030628
45, 48, 58.859117
45, 49, 19.111006
46, 1, -3.185034
46, 2, -15.685847
46, 4, 13.131145
46, 5, 30.203558
46, 6, -19.236825
46, 7, -1.910838
46, 8, -14.296658
46, 9, 13.517535
46, 10, 20.554271
46, 11, -12.515316
46, 13, 28.738145
46, 14, -19.555927
46, 16, -41.117403
46, 17, -22.816771
46, 19, 5.960805
46, 20, 59.575510
46, 21, 11.447794
46, 22, -11.417533
46, 23, 2.843651
46, 25, -18.203694
46, 26, 53.338571
46, 27, 17.013509
46, 28, -15.930630
46, 30, 31.682760
46, 31, -62.639483
46, 32, -2.301057
46, 34, -38.514577
46, 35, 21.219762
46, 36, -38.805772
46, 37, 4.022565
46, 38, 16.308576
46, 40, -16.840135
46, 41, 3.118188
46, 42, 29.462793
46, 43, -7.960002
46, 44, 21.530876
46, 45, -73.000000
46, 46, -26.819291
46, 47, -5.043592
46, 48, 59.140883
46, 50, 4.506909
47, 1, 7.902436
47, 2, -12.779890
47, 3, 11.283745
47, 4, 11.115962
47, 6, -10.095226
47, 7, -11.806954
47, 8, -16.550840
47, 9, 10.374458
47, 10, 10.273675
47, 11, -3.179209
47, 12, 75.135013
47, 13, 33.237614
47, 17, -24.497618
47, 19, 5.039195
47, 20, 62.384048
47, 21, -3.724128
47, 22, -15.480701
47, 23, 11.729663
47, 24, -33.000000
47, 25, -27.640715
47, 27, 15.556639
47, 28, -8.765492
47, 29, 99999.000000
47, 31, -60.355275
47, 32, 4.211206
47, 34, -45.251707
47, 37, 0.589645
47, 38, 14.141839
47, 39, -13.618455
47, 40, -20.182713
47, 41, -2.454296
47, 42, 30.416943
47, 43, -17.615203
47, 44, 10.403518
47, 46, -32.528227
47, 47, 5.052923
47, 49, 22.397929
48, 1, -4.876831
48, 3, 10.125903
48, 4, 15.073520
48, 5, -18.897080
48, 6, -20.536606
48, 7, -2.129783
48, 8, -16.289889
48, 9, 12.705507
48, 10, 21.704028
48, 11, -12.495256
48, 13, 30.041825
48, 15, 24.919714
48, 16, -46.818439
48, 17, -25.192054
48, 20, 59.576015
48, 21, 10.419306
48, 22, -9.888307
48, 23, 3.092803
48, 25, -16.407581
48, 26, -92.000000
48, 27, 23.439954
48, 30, -55.470003
48, 32, -2.092598
48, 34, -38.518330
48, 35, -14.144857
48, 36, -2.794239
48, 37, 5.129318
48, 38, 17.675674
48, 39, -8.055272
48, 41, 3.491956
48, 42, 34.929137
48, 43, -5.445244
48, 44, 21.475643
48, 45, 31.730521
48, 46, -26.819744
48, 47, -5.027561
48, 48, -24.653316
48, 49, 26.731705
48, 50, 30.817539
49, 1, 6.662311
49, 3, 11.281898
49, 4, 12.712040
49, 5, -23.553546
49, 6, -11.674274
49, 7, -11.900191
49, 8, -17.879313
49, 9, 10.117896
49, 10, 11.244483
49, 11, -3.164950
49, 13, 33.920625
49, 16, -49.345643
49, 17, -25.667611
49, 18, -35.653662
49, 19, -31.614468
49, 21, -3.882995
49, 22, -13.985179
49, 24, -76.000000
49, 25, -25.725016
49, 27, 20.470855
49, 28, -17.589091
49, 29, 24.187844
49, 30, -58.980060
49, 31, 44.772961
49, 32, 4.426396
49, 33, 13.713812
49, 34, -45.257808
49, 35, -14.855143
49, 36, -6.797268
49, 37, 1.418234
49, 38, 15.043544
49, 39, -13.623213
49, 40, 22.544026
49, 41, -2.156484
49, 42, 34.352878
49, 43, -15.761300
49, 45, 34.842319
49, 48, -29.591950
49, 49, 22.397136
49, 50, 33.345643
50, 1, -5.629154
50, 3, 10.124006
50, 4, 15.939811
50, 5, -18.895866
50, 6, -21.078111
50, 8, -16.940476
50, 10, 22.216213
50, 13, 30.478577
50, 14, -49.170234
50, 15, 61.000000
50, 16, -46.817934
50, 17, -26.124806
50, 18, -36.346338
50, 19, -31.385532
50, 20, 4.000000
50, 22, -9.386331
50, 23, 75.000000
50, 25, -15.606167
50, 26, 68.000000
50, 27, 25.860222
50, 28, -18.410909
50, 29, 23.812156
50, 30, -55.469403
50, 31, 44.227039
50, 32, -2.067522
50, 33, -1.399169
50, 34, -38.523423
50, 36, -2.796684
50, 37, 5.513948
50, 39, -8.059785
50, 40, 22.455974
50, 41, 3.680910
50, 42, 36.953852
50, 43, -4.324405
50, 44, -53.000000
50, 45, 31.729086
50, 46, -72.000000
50, 47, -8.000000
50, 48, -24.654783
50, 49, 26.730856
50, 50, 30.818833
