1, 1, 33.000000
1, 3, -21.878299
1, 4, 15.066516
1, 6, 1.975744
1, 7, 10.974583
1, 8, 34.596955
1, 9, -16.676094
1, 10, -19.000000
1, 11, 1.108602
1, 12, 99999.000000
1, 13, -86.000000
1, 14, -57.905983
1, 15, -38.000000
1, 16, 0.029380
1, 18, -91.035256
1, 19, -39.451094
1, 20, -28.711822
1, 21, -22.584850
1, 22, -8.622132
1, 23, 0.772889
1, 24, 18.985156
1, 25, -23.623537
1, 27, 62.000000
1, 28, 7.714493
1, 29, -41.000000
1, 30, -31.357974
1, 32, -7.527174
1, 33, -32.453107
1, 34, -15.625976
1, 35, -8.704078
1, 37, -82.000000
1, 38, -87.000000
1, 39, 82.000000
1, 40, -10.695227
1, 41, 17.886248
1, 42, -20.121514
1, 43, -33.249168
1, 45, 14.731165
1, 46, -81.000000
1, 47, -1.310832
1, 49, 45.000000
1, 50, 16.195045
2, 2, 50.938911
2, 3, -25.994467
2, 4, 9.675017
2, 5, -46.170655
2, 6, 3.699270
2, 7, 8.493918
2, 8, 34.403045
2, 9, -26.825742
2, 11, -0.140330
2, 14, -58.094017
2, 16, 28.092778
2, 17, 0.086205
2, 19, -42.258420
2, 20, -20.713221
2, 21, -23.421593
2, 22, -14.025294
2, 23, 0.998407
2, 24, 12.820312
2, 25, -26.827515
2, 28, 5.631686
2, 30, -36.708535
2, 31, 11.895371
2, 32, -6.286821
2, 33, -28.841995
2, 34, -7.142137
2, 35, -1.588661
2, 36, -70.467682
2, 40, -3.085290
2, 41, 15.990635
2, 42, -24.614790
2, 43, -36.953822
2, 44, -8.738544
2, 45, 5.769923
2, 47, -5.512556
2, 48, -9.969605
2, 50, 19.481803
3, 1, -16.064394
3, 2, 10.099360
3, 3, -21.894265
3, 4, 15.065104
3, 5, -39.346529
3, 6, 2.192228
3, 7, 10.974590
3, 9, -16.676026
3, 11, 0.532305
3, 12, 32.366110
3, 13, 99999.000000
3, 15, -26.111645
3, 17, -43.298030
3, 19, -39.113826
3, 20, -28.711690
3, 21, -23.484534
3, 22, -8.622301
3, 23, 0.142084
3, 24, 18.990263
3, 25, -23.689041
3, 26, -26.863715
3, 27, 2.213703
3, 28, 7.714529
3, 29, 53.055771
3, 30, -31.357912
3, 31, 11.042762
3, 32, -7.126838
3, 33, -30.732188
3, 34, -15.301879
3, 35, -8.471818
3, 36, -70.532318
3, 37, -79.000000
3, 38, 41.220888
3, 39, -2.673284
3, 40, -10.767943
3, 41, 17.886233
3, 42, -20.121494
3, 43, -33.255171
3, 44, -27.444048
3, 45, 14.731707
3, 47, -0.400898
3, 48, -8.846302
3, 49, -42.375242
3, 50, 16.195215
4, 1, -14.995292
4, 2, 50.938912
4, 3, -26.022404
4, 4, 9.673023
4, 5, -46.171462
4, 6, 3.935297
4, 8, -19.394164
4, 9, -26.825867
4, 10, -95.000000
4, 11, -1.212975
4, 12, 31.266171
4, 14, 11.599339
4, 15, -25.888355
4, 17, 0.086334
4, 19, -42.393197
4, 20, -20.713109
4, 21, -25.419082
4, 23, -0.961438
4, 24, 12.827710
4, 25, -26.338174
4, 26, -28.361652
4, 27, 5.191918
4, 29, 56.659780
4, 31, 11.899282
4, 32, -5.449832
4, 33, -25.270852
4, 34, -5.940612
4, 35, -1.154731
4, 38, 41.779112
4, 39, -8.741383
4, 40, -3.181913
4, 43, -36.994225
4, 44, -9.155343
4, 45, 5.770637
4, 47, -3.632634
4, 48, -9.969643
4, 49, -45.676255
4, 50, 19.482017
5, 1, -16.045278
5, 2, 10.097346
5, 3, -21.926164
5, 4, 15.063636
5, 5, -39.347640
5, 6, 2.816705
5, 7, 14.411429
5, 8, -29.031060
5, 11, -0.859722
5, 12, 32.366071
5, 13, 10.694425
5, 14, 14.127798
5, 19, -38.261670
5, 21, -25.946994
5, 23, -1.491565
5, 24, 18.998673
5, 25, -23.965917
5, 26, -25.358023
5, 27, 3.468171
5, 29, 53.055809
5, 31, 11.048169
5, 32, -6.109538
5, 33, -26.087464
5, 34, -14.445709
5, 35, -7.872506
5, 36, -0.733816
5, 39, -2.772130
5, 40, -10.913186
5, 41, 0.903376
5, 43, -33.264977
5, 44, -28.150248
5, 45, 14.732198
5, 47, 2.026838
5, 49, -42.375270
5, 50, 16.195351
6, 1, -14.963488
6, 3, -26.050299
6, 5, -46.172258
6, 6, 4.370755
6, 7, 10.362715
6, 8, -18.131686
6, 10, -3.193698
6, 11, -2.730935
6, 13, 5.348150
6, 14, 10.050621
6, 16, -20.581337
6, 19, -42.601643
6, 20, -15.754071
6, 21, -28.832555
6, 23, -4.124581
6, 24, 12.832396
6, 25, -25.758497
6, 26, -27.050764
6, 27, 7.079059
6, 31, 11.905735
6, 32, -4.222497
6, 33, -19.212496
6, 34, -3.986651
6, 35, -0.468838
6, 36, 5.860898
6, 38, -15.777748
6, 39, -8.920801
6, 40, -3.278463
6, 41, 9.851041
6, 42, -50.821136
6, 43, -37.034667
6, 44, -10.091850
6, 47, -0.491994
6, 49, -45.676308
7, 1, -16.014305
7, 3, -21.942087
7, 4, -21.873129
7, 6, 3.695831
7, 7, 14.411277
7, 8, -26.208399
7, 10, -10.450761
7, 11, -2.252801
7, 12, 15.667071
7, 13, 10.720984
7, 14, 11.492594
7, 16, -14.117564
7, 18, 26.826121
7, 19, -37.295616
7, 20, -9.511418
7, 21, -29.345663
7, 22, 33.005515
7, 23, -3.488796
7, 25, -24.576438
7, 26, -22.414289
7, 27, 6.975115
7, 29, -26.855329
7, 31, 11.051611
7, 32, -4.938870
7, 33, -19.941591
7, 34, -13.371951
7, 35, -7.148837
7, 36, -0.890161
7, 38, -15.311941
7, 39, -2.969660
7, 40, -10.985771
7, 41, -0.430194
7, 42, -57.303630
7, 44, -29.030834
7, 46, -12.243477
7, 47, 5.178045
7, 50, 18.482982
8, 1, -14.943748
8, 4, -21.126871
8, 5, 4.578665
8, 6, 4.797416
8, 8, -14.821558
8, 9, 10.598650
8, 10, -3.263654
8, 11, -3.805088
8, 12, 21.845336
8, 13, 5.472380
8, 14, 5.545690
8, 16, -19.580055
8, 19, -42.786831
8, 20, -15.093531
8, 21, -32.702266
8, 22, 10.659544
8, 23, -7.365884
8, 24, -2.000000
8, 25, -25.540597
8, 26, -24.312019
8, 27, 10.494814
8, 29, -21.998677
8, 30, -17.436545
8, 32, -3.272807
8, 33, -12.548771
8, 34, -2.020380
8, 35, 0.197218
8, 36, 5.592662
8, 37, -31.588563
8, 38, -14.834675
8, 39, -9.100153
8, 41, 7.960385
8, 42, -50.821121
8, 44, -10.842989
8, 45, 2.868505
8, 46, -11.892537
8, 47, 2.894078
8, 48, -18.034387
8, 49, 14.000000
8, 50, 10.606047
9, 3, -26.306104
9, 5, 3.386847
9, 6, 4.419873
9, 8, -21.629343
9, 9, -11.031094
9, 10, -10.559066
9, 11, -2.830242
9, 12, 15.667065
9, 13, 10.780810
9, 14, 6.420077
9, 15, 23.000000
9, 16, -14.062950
9, 17, 60.000000
9, 19, -36.666761
9, 20, -8.571828
9, 21, -32.863261
9, 22, 30.759668
9, 23, -5.157649
9, 25, -25.446446
9, 26, -18.235669
9, 27, 12.042462
9, 29, -26.855422
9, 30, -22.009959
9, 31, -68.000000
9, 32, -4.134221
9, 33, -14.230794
9, 34, -12.490617
9, 35, -6.577087
9, 36, -1.202840
9, 37, -45.988346
9, 38, -12.623069
9, 39, -3.068436
9, 40, 25.542773
9, 41, -3.969238
9, 44, -29.422802
9, 45, 5.933390
9, 46, -12.780041
9, 47, 8.045879
9, 48, -11.917501
9, 50, 18.482653
10, 1, 20.253675
10, 2, -49.215976
10, 3, -24.250966
10, 4, 9.775866
10, 5, 4.578816
10, 6, 4.743165
10, 7, -18.487944
10, 8, -10.719628
10, 9, 11.282029
10, 10, -3.403430
10, 13, 5.627453
10, 14, -1.429488
10, 16, -18.164329
10, 19, -42.860447
10, 20, -13.161832
10, 21, -35.992202
10, 22, 9.944188
10, 23, -9.741919
10, 24, -15.566966
10, 25, -25.780790
10, 26, -20.132672
10, 27, 14.823294
10, 29, -21.998794
10, 30, -17.436417
10, 32, -3.145693
10, 33, -7.410620
10, 34, -0.798903
10, 35, 0.599034
10, 36, 5.324355
10, 37, -31.623635
10, 38, -12.195221
10, 40, 19.065737
10, 41, 4.830833
10, 42, -53.290430
10, 43, -1.784988
10, 45, 2.869915
10, 46, -12.770982
10, 47, 5.457648
10, 48, -18.173704
10, 49, 8.825297
10, 50, 10.605616
11, 1, 10.902842
11, 2, -46.395091
11, 3, -26.449099
11, 4, 2.024446
11, 5, 3.386996
11, 6, 4.345749
11, 7, -14.465165
11, 8, -17.035290
11, 9, -10.164909
11, 10, -10.667288
11, 11, -25.471862
11, 12, -16.000000
11, 13, 10.828890
11, 14, -0.554825
11, 15, 11.064637
11, 16, -14.008235
11, 17, -7.236595
11, 20, -6.677650
11, 21, -35.711129
11, 22, 26.727928
11, 23, -6.085448
11, 24, -13.295674
11, 25, -26.185354
11, 26, -13.239965
11, 27, 17.742744
11, 28, 9.485310
11, 30, -22.009858
11, 32, -4.015407
11, 33, -10.807860
11, 34, -12.150896
11, 35, -6.361874
11, 36, -1.359261
11, 37, -46.018955
11, 38, -7.815174
11, 39, -2.534743
11, 40, 26.153354
11, 41, -8.520669
11, 42, -54.015930
11, 44, 4.481700
11, 45, 5.935303
11, 46, -14.113876
11, 47, 9.737833
11, 48, -12.141072
11, 49, 2.586481
11, 50, 18.482359
12, 1, 20.576713
12, 2, -49.457545
12, 3, -24.448120
12, 4, 10.720972
12, 6, 3.589883
12, 7, -18.665448
12, 8, -7.392457
12, 9, 12.249158
12, 10, -3.473298
12, 11, -25.492958
12, 13, 5.696540
12, 14, -9.930284
12, 16, -17.163358
12, 17, -5.720599
12, 18, 0.216260
12, 19, -5.056928
12, 20, -10.095606
12, 21, -37.866031
12, 22, 8.617954
12, 23, -10.895951
12, 24, -15.550192
12, 25, -26.079410
12, 26, -14.870124
12, 27, 19.352195
12, 28, 9.514690
12, 29, 80.000000
12, 31, 18.267896
12, 32, -3.970150
12, 33, -5.483906
12, 37, -31.702724
12, 38, -8.407989
12, 39, -2.133904
12, 40, 20.151967
12, 41, 1.498429
12, 42, -53.290473
12, 43, -17.445838
12, 44, 9.140807
12, 45, 2.871263
12, 46, -14.045019
12, 47, 6.408609
12, 48, -18.452302
12, 49, 8.825520
13, 1, 12.097133
13, 2, -46.956950
13, 3, -26.770372
13, 4, 4.673529
13, 5, 27.864058
13, 6, 2.851429
13, 7, -15.264177
13, 8, -14.188334
13, 9, -9.084892
13, 11, -25.448179
13, 14, -8.424884
13, 17, -7.236470
13, 18, 0.685070
13, 19, -0.767280
13, 20, -3.823766
13, 21, -37.292768
13, 22, 21.768548
13, 23, -6.292809
13, 24, -13.269252
13, 25, -26.230620
13, 26, -8.077998
13, 27, 23.161216
13, 30, -53.004554
13, 31, 18.732104
13, 32, -4.543439
13, 34, -2.518164
13, 35, 6.298161
13, 36, -43.964744
13, 37, -46.057281
13, 38, -1.938120
13, 39, -2.535397
13, 40, 27.524941
13, 41, -12.619885
13, 43, -15.371667
13, 44, 4.481490
13, 46, -15.534758
13, 48, -12.364702
13, 49, 2.586684
13, 50, 3.470575
14, 1, 21.428474
14, 2, -50.067225
14, 3, -24.693960
14, 4, 13.361216
14, 5, 35.958463
14, 6, 0.885948
14, 7, -19.113675
14, 8, -6.119426
14, 9, 12.933472
14, 10, 11.218906
14, 11, -25.439360
14, 13, -3.756055
14, 14, -18.543940
14, 17, -5.720461
14, 18, 0.216236
14, 19, -5.056759
14, 20, -6.099662
14, 22, 6.948352
14, 23, -11.106129
14, 24, -15.516817
14, 25, -25.790506
14, 26, -9.352950
14, 27, 23.434646
14, 28, -33.540183
14, 30, -36.238647
14, 32, -5.373828
14, 33, -45.952640
14, 34, -3.481836
14, 35, 7.844008
14, 36, -44.035256
14, 37, -31.766325
14, 38, -4.303593
14, 39, -2.134785
14, 40, 21.506307
14, 41, -0.994871
14, 43, -17.471366
14, 44, 9.140575
14, 46, -14.961356
14, 47, -16.049914
14, 48, -18.591680
14, 50, 2.721084
15, 1, 14.044314
15, 2, -47.815303
15, 3, -27.028005
15, 4, 9.457937
15, 5, 26.174586
15, 6, -0.310665
15, 7, -16.486814
15, 9, -8.604218
15, 10, 25.803660
15, 11, -25.400898
15, 12, 13.564290
15, 13, -11.922703
15, 14, -15.754911
15, 18, 0.685068
15, 19, -0.767117
15, 20, -0.076459
15, 22, 16.997234
15, 23, -6.135380
15, 24, -13.242937
15, 25, -25.184695
15, 26, -3.551892
15, 27, 27.599283
15, 28, -31.318258
15, 29, 29.314328
15, 30, -53.004574
15, 31, -84.000000
15, 32, -5.345705
15, 33, -43.527957
15, 35, 6.535492
15, 37, -46.074393
15, 38, 3.673846
15, 39, -2.536008
15, 40, 28.624792
15, 41, -15.018458
15, 43, -15.413742
15, 45, -17.224257
15, 46, -16.213021
15, 47, -8.971137
15, 49, -4.781483
15, 50, 2.631335
16, 1, 22.493862
16, 2, -50.757100
16, 3, -24.803376
16, 4, 17.190927
16, 5, 32.426304
16, 6, -3.337326
16, 7, -19.621144
16, 8, -24.405174
16, 10, 11.178531
16, 11, -25.385791
16, 12, -9.223286
16, 13, -3.754670
16, 14, -25.600195
16, 16, -11.026499
16, 17, 53.250268
16, 20, -1.447457
16, 22, 5.382008
16, 23, -10.977013
16, 24, -15.500186
16, 25, -24.488486
16, 26, -4.720964
16, 27, 26.598054
16, 28, -33.540157
16, 29, 33.445238
16, 30, -36.238289
16, 32, -6.662598
16, 33, -45.952717
16, 34, 2.000000
16, 35, 8.255026
16, 36, 66.000000
16, 38, -0.836196
16, 40, 22.109087
16, 41, -1.913079
16, 43, -17.512595
16, 44, 30.393701
16, 45, -10.220123
16, 46, -14.845922
16, 47, -16.050113
16, 48, -1.641347
16, 49, 5.334969
16, 50, 0.970032
17, 1, 16.010005
17, 2, -48.567644
17, 4, 15.536331
17, 5, 21.491033
17, 6, -4.791604
17, 7, -17.560393
17, 8, -21.742915
17, 9, -25.722313
17, 10, 25.731978
17, 11, -25.377257
17, 12, 13.563763
17, 13, -11.918298
17, 14, -20.981444
17, 15, -36.411923
17, 16, -6.190058
17, 17, 53.749732
17, 18, 3.171857
17, 19, 86.000000
17, 20, 4.347807
17, 21, 10.245539
17, 22, 13.552198
17, 23, -6.023818
17, 25, -23.117143
17, 26, -0.448257
17, 27, 30.660308
17, 28, -31.318285
17, 29, 29.306686
17, 31, 99999.000000
17, 32, -5.921471
17, 33, -43.528018
17, 35, 7.010047
17, 38, 7.698175
17, 39, 14.969512
17, 42, -8.355305
17, 43, -15.439770
17, 44, 26.462059
17, 45, -17.224108
17, 46, -15.593967
17, 47, -8.971438
17, 48, -8.466123
17, 49, -5.117671
17, 50, 0.507165
18, 1, 23.366118
18, 2, -51.205382
18, 3, -73.000000
18, 4, 21.571592
18, 5, 26.173826
18, 6, -8.449366
18, 7, -19.951037
18, 8, -24.419899
18, 9, -26.237111
18, 10, 11.097835
18, 12, -9.223230
18, 13, -3.752585
18, 14, -29.582088
18, 15, -23.657766
18, 16, -12.625396
18, 18, 12.628865
18, 20, 3.509196
18, 21, 2.085534
18, 22, 4.426417
18, 24, -34.352563
18, 25, -22.325281
18, 26, -2.070306
18, 27, 28.570947
18, 29, 33.430353
18, 32, -7.181096
18, 34, 23.000000
18, 35, 8.666056
18, 36, 21.455930
18, 37, 73.000000
18, 38, 1.147521
18, 39, 4.379967
18, 40, -1.359308
18, 41, 34.606133
18, 42, -11.223876
18, 44, 30.393667
18, 45, -10.219858
18, 46, -13.448536
18, 47, -16.050353
18, 48, -1.641164
18, 49, 4.681540
18, 50, -1.711514
19, 1, 17.234250
19, 2, -48.864085
19, 4, 21.985557
19, 5, 14.931786
19, 6, -9.695076
19, 7, -17.983929
19, 8, -21.765941
19, 9, -25.722198
19, 10, 25.660271
19, 11, -9.688338
19, 13, -11.915653
19, 14, -22.878741
19, 15, -36.342013
19, 16, -7.061315
19, 17, -29.648791
19, 18, 3.104762
19, 19, 5.509935
19, 20, 9.047818
19, 21, 10.182713
19, 22, 12.296009
19, 23, -9.627818
19, 24, -33.647437
19, 25, -20.624465
19, 26, 0.656852
19, 27, 32.200479
19, 28, -13.710387
19, 29, 29.294463
19, 31, -90.000000
19, 33, 14.056438
19, 35, 7.247400
19, 36, 21.544070
19, 38, 9.159409
19, 39, 13.852848
19, 40, 5.909385
19, 41, 34.767363
19, 42, -9.018309
19, 45, -17.223876
19, 46, -13.699913
19, 48, -8.465930
19, 49, -5.967677
19, 50, -1.907263
20, 1, 23.701817
20, 3, 62.000000
20, 4, 25.892019
20, 5, 18.740953
20, 6, -13.374483
20, 8, -24.443754
20, 10, 11.057481
20, 11, -16.359975
20, 15, -23.684614
20, 16, -15.223250
20, 17, -29.059103
20, 18, 12.514329
20, 19, 12.389862
20, 20, 8.363508
20, 21, 2.791406
20, 23, -0.374280
20, 25, -20.032518
20, 27, 29.237851
20, 28, -23.945383
20, 29, 33.421203
20, 30, -57.379541
20, 33, 23.020021
20, 34, 19.593428
20, 37, -37.726228
20, 39, 1.838280
20, 40, -1.321821
20, 41, 34.606062
20, 42, -11.747188
20, 43, 75.070513
20, 44, -7.941567
20, 46, -11.118295
20, 47, 21.556820
20, 49, 3.681298
20, 50, -4.068573
21, 4, 27.970764
21, 5, 8.185284
21, 6, -13.863161
21, 7, -15.300796
21, 8, -21.780249
21, 11, -9.682951
21, 12, -27.864712
21, 13, -57.759082
21, 14, 14.574726
21, 15, -36.272130
21, 16, -8.401337
21, 17, -28.236498
21, 18, 2.970821
21, 19, 5.542142
21, 20, 13.505539
21, 21, 10.116186
21, 23, -9.627729
21, 25, -18.597533
21, 28, -14.399768
21, 31, -16.866428
21, 32, -13.000000
21, 33, 14.337164
21, 34, 6.153503
21, 35, 10.277365
21, 36, -20.409806
21, 37, -37.273772
21, 38, 5.962916
21, 39, 10.632561
21, 40, 5.912884
21, 41, 34.767331
21, 42, -10.805553
21, 44, -10.061798
21, 45, 5.881937
21, 46, -11.179612
21, 47, 22.113910
21, 48, -29.323636
21, 49, -6.932352
21, 50, -3.482636
22, 1, -96.000000
22, 3, 23.331724
22, 4, 29.639271
22, 5, 12.118549
22, 6, -16.935142
22, 7, -12.692272
22, 10, -0.676299
22, 11, -16.387338
22, 12, -27.767140
22, 13, -58.240918
22, 14, 8.150522
22, 15, -23.701160
22, 16, -17.834564
22, 17, -26.562119
22, 18, 12.399887
22, 19, 12.442040
22, 20, 12.734297
22, 21, 4.030372
22, 22, 80.485310
22, 23, -0.374156
22, 24, -49.030838
22, 25, -18.558912
22, 26, 47.040322
22, 28, -25.111884
22, 31, -15.984395
22, 33, 23.515202
22, 34, 19.593266
22, 35, 18.414102
22, 36, -21.769187
22, 38, 7.792364
22, 39, -3.012400
22, 40, -1.237628
22, 42, -12.526221
22, 44, -8.061191
22, 45, 3.950827
22, 46, -8.699477
22, 47, 21.235973
22, 48, -35.127437
22, 49, 2.802483
22, 50, -4.999234
23, 3, 23.826818
23, 4, 32.802490
23, 5, 3.127198
23, 6, -16.252225
23, 7, -15.300178
23, 8, 7.601555
23, 9, -17.239196
23, 10, -6.465074
23, 11, -9.670641
23, 12, -27.692290
23, 14, 14.574824
23, 16, -9.584959
23, 17, -24.658852
23, 18, 2.903893
23, 19, 5.594172
23, 20, 17.246858
23, 21, 10.109752
23, 22, 80.514690
23, 23, -9.627641
23, 24, -62.677618
23, 25, -17.818774
23, 26, 45.448928
23, 28, -16.142497
23, 30, 10.453411
23, 31, -17.525474
23, 32, 91.000000
23, 33, 15.050013
23, 34, 6.151624
23, 35, 10.832859
23, 36, -19.349562
23, 38, 5.962929
23, 39, 5.708579
23, 40, 5.917213
23, 41, 32.091680
23, 42, -13.188150
23, 44, -10.403596
23, 45, 5.881806
23, 46, -9.047458
23, 47, 21.410580
23, 48, -29.323583
23, 49, -7.560940
24, 1, 14.287731
24, 2, -73.000000
24, 3, 23.352082
24, 4, 32.401484
24, 5, 8.216410
24, 6, -18.233427
24, 7, -12.691462
24, 8, 7.218086
24, 9, -13.346742
24, 10, -0.659857
24, 11, -16.421243
24, 12, -27.386312
24, 13, 33.000000
24, 14, 8.150648
24, 15, -6.810942
24, 16, -19.455294
24, 17, -22.734188
24, 19, 12.474312
24, 20, 16.369224
24, 21, 5.486259
24, 24, -49.121827
24, 26, 47.040279
24, 27, -16.287713
24, 28, -26.894097
24, 29, -44.433259
24, 30, 14.992903
24, 31, -17.006440
24, 33, 24.275856
24, 35, 18.853475
24, 36, -19.772345
24, 38, 7.792409
24, 39, -9.668815
24, 40, -1.170080
24, 41, 25.015403
24, 42, -13.153167
24, 43, -0.417668
24, 44, -8.360271
24, 45, 3.950714
24, 46, -7.167014
24, 47, 20.461627
24, 49, 2.455585
24, 50, -62.000000
25, 1, 12.849643
25, 3, 23.869472
25, 4, 35.942904
25, 5, 1.250425
25, 7, -15.299621
25, 8, 7.601637
25, 9, -18.063904
25, 10, -6.440811
25, 11, -9.660632
25, 12, -27.305028
25, 15, 3.939761
25, 16, -10.053857
25, 17, -20.587347
25, 18, 14.000000
25, 20, 20.006079
25, 21, 10.175053
25, 22, -5.726383
25, 24, -62.784993
25, 25, 25.000000
25, 27, -11.930692
25, 28, -18.119651
25, 29, -54.788245
25, 30, 10.341472
25, 31, -19.116451
25, 33, 15.864068
25, 35, 12.234197
25, 36, -16.498884
25, 38, 5.962982
25, 39, -0.227418
25, 40, 5.919160
25, 41, 32.091885
25, 42, -15.515013
25, 43, 30.554670
25, 44, -10.921505
25, 46, -8.215144
25, 47, 20.416050
25, 48, -13.709686
26, 1, 14.287703
26, 2, -50.876603
26, 3, 23.392973
26, 4, 33.869357
26, 6, 11.901898
26, 8, 7.218146
26, 9, -14.864676
26, 10, -0.633342
26, 11, -16.436238
26, 12, -26.911519
26, 13, 55.199786
26, 14, -43.424638
26, 15, -6.811008
26, 17, -19.365419
26, 19, -17.674272
26, 20, 19.197665
26, 21, 6.768588
26, 22, -7.329084
26, 23, 2.243467
26, 24, -49.326469
26, 26, -27.272073
26, 27, -16.275211
26, 28, -28.456502
26, 29, -44.433659
26, 30, 14.496576
26, 31, -18.451826
26, 32, -50.035256
26, 33, 24.946787
26, 35, 19.474415
26, 36, -16.413797
26, 39, -17.308205
26, 41, 25.015597
26, 42, -13.283299
26, 43, 0.691209
26, 44, -8.694168
26, 47, 19.687303
26, 48, -4.375136
26, 49, 38.000000
26, 50, -30.145511
27, 1, 12.849624
27, 2, -51.123397
27, 3, 23.912266
27, 4, 37.032686
27, 5, -11.007994
27, 6, 0.971811
27, 7, 17.113712
27, 9, -20.152325
27, 10, -6.425805
27, 12, -26.994502
27, 13, 54.800214
27, 14, -49.883761
27, 15, 3.939691
27, 16, -5.927340
27, 17, -17.927880
27, 18, 0.807869
27, 19, -19.267419
27, 20, 21.789723
27, 21, 10.262050
27, 22, -6.279796
27, 23, 6.204469
27, 24, -62.918989
27, 25, -56.000000
27, 26, -19.282841
27, 27, -11.910378
27, 28, -19.407542
27, 29, -54.788832
27, 30, 10.059741
27, 31, -20.707473
27, 33, 16.397445
27, 34, 28.680797
27, 35, 13.824779
27, 36, -12.750275
27, 37, 10.458332
27, 38, -14.344806
27, 39, -6.205725
27, 40, -13.639527
27, 42, -17.266696
27, 43, 30.815047
27, 44, -11.371342
27, 45, -17.235554
27, 46, -1.671391
27, 47, 19.712770
27, 48, -13.987830
27, 50, -22.026064
28, 3, 23.413528
28, 5, 6.393720
28, 6, 11.616476
28, 7, 19.009365
28, 8, -22.873129
28, 9, -17.190592
28, 12, -26.700204
28, 14, -43.424687
28, 16, -4.982200
28, 17, -18.034186
28, 18, -3.217416
28, 19, -17.005150
28, 20, 21.288790
28, 21, 7.517943
28, 22, -8.113068
28, 23, 3.006155
28, 24, -49.490720
28, 26, -27.321450
28, 27, -16.255168
28, 28, -29.072292
28, 29, -44.434103
28, 30, 13.737979
28, 31, -19.473947
28, 33, 25.212357
28, 34, 8.452979
28, 35, 19.928601
28, 36, -12.760406
28, 37, 9.541668
28, 38, -17.997135
28, 39, -24.794623
28, 40, -11.034451
28, 41, -21.543387
28, 42, -12.819738
28, 43, 2.259962
28, 44, -8.908596
28, 45, -28.087012
28, 46, 2.775053
28, 47, 19.366484
28, 48, -5.176159
28, 49, -80.964744
28, 50, -29.741956
29, 1, -7.314782
29, 5, -10.997501
29, 6, 0.427024
29, 7, 17.113807
29, 8, -22.126871
29, 9, -22.527887
29, 10, 27.391578
29, 11, 48.396645
29, 16, -5.776058
29, 18, 0.807769
29, 19, -18.089811
29, 20, 22.805017
29, 21, 10.301598
29, 22, -7.616526
29, 23, 8.175653
29, 24, -62.978671
29, 25, 9.158283
29, 26, -19.312891
29, 27, -11.897921
29, 30, 9.742092
29, 31, -21.366567
29, 34, 28.675637
29, 35, 14.888328
29, 36, -9.289976
29, 38, -14.435845
29, 39, -11.095567
29, 40, -13.639410
29, 41, -28.540741
29, 42, -18.243855
29, 43, 31.139943
29, 44, -11.547559
29, 45, -17.236053
29, 46, -1.671465
29, 48, -14.722142
29, 49, -81.035256
29, 50, -21.038730
30, 1, -8.851568
30, 2, -32.505726
30, 3, 6.613521
30, 4, 11.461260
30, 5, 6.519680
30, 6, 10.927747
30, 9, -19.236451
30, 10, 26.294944
30, 11, 52.194550
30, 12, 39.488168
30, 14, 23.053389
30, 16, -4.679733
30, 17, 6.007186
30, 19, -15.249004
30, 20, 22.746523
30, 22, -9.222610
30, 23, 4.919482
30, 25, 10.116509
30, 26, -27.440857
30, 28, -10.227331
30, 29, -4.503486
30, 30, 13.072608
30, 32, -3.227747
30, 33, -62.000000
30, 34, 8.453954
30, 35, 19.993027
30, 36, -9.971533
30, 37, -1.804979
30, 38, -18.151935
30, 39, -30.818509
30, 40, -11.034381
30, 41, -21.543381
30, 42, -11.979781
30, 43, 3.369752
30, 45, -28.087728
30, 47, 23.929487
30, 48, -6.486764
30, 50, -28.669721
31, 1, -7.665017
31, 2, -29.345565
31, 3, 14.522042
31, 4, 10.669501
31, 5, -10.980674
31, 6, -0.342706
31, 7, -46.194403
31, 8, 6.466708
31, 9, -24.078949
31, 10, 27.391749
31, 11, 47.557781
31, 12, 37.554985
31, 13, -5.725418
31, 14, 12.111661
31, 15, 12.561699
31, 16, -5.436548
31, 17, 5.498338
31, 18, 63.000000
31, 19, -16.142599
31, 20, 23.315166
31, 21, -10.404593
31, 22, -8.954076
31, 23, 11.291140
31, 24, -55.747264
31, 25, 9.159069
31, 26, -19.355910
31, 28, -2.801169
31, 29, -0.945946
31, 30, 9.536278
31, 32, -8.117521
31, 34, 28.672494
31, 35, 14.983551
31, 36, -7.226159
31, 37, 4.708493
31, 38, -14.617942
31, 39, -13.856838
31, 42, -18.590859
31, 43, 31.284669
31, 44, -85.000000
31, 45, -17.236586
31, 46, -34.667467
31, 47, 24.070513
31, 48, -15.641793
31, 50, -19.398723
32, 1, -8.904161
32, 2, -31.472219
32, 3, 6.568375
32, 4, 12.348876
32, 5, 6.645502
32, 6, 10.239497
32, 7, -44.907222
32, 8, 13.794423
32, 9, -20.044651
32, 10, 26.295113
32, 11, 50.612745
32, 12, 38.701576
32, 13, 7.882237
32, 14, 23.053944
32, 16, -4.302974
32, 17, 6.032829
32, 19, -13.022394
32, 20, 23.624920
32, 21, -15.263781
32, 22, -10.007749
32, 23, 7.058347
32, 24, -57.117724
32, 25, 10.117647
32, 26, -27.560604
32, 28, -10.280638
32, 29, -5.014121
32, 30, 12.810250
32, 33, -49.000000
32, 35, 19.692018
32, 36, -8.931876
32, 37, -1.806351
32, 38, -18.306784
32, 39, -34.189332
32, 40, 0.245936
32, 42, -11.193044
32, 46, -34.332533
32, 48, -7.815220
32, 49, 4.996572
32, 50, -27.287508
33, 1, -8.493672
33, 2, -27.627695
33, 3, 14.410620
33, 4, 12.271378
33, 6, -0.886455
33, 7, -46.194319
33, 8, 5.786237
33, 11, 45.532011
33, 12, 36.355239
33, 13, -5.676021
33, 14, 12.112286
33, 15, 55.000000
33, 16, -5.164621
33, 17, 5.539246
33, 18, -20.806090
33, 19, -14.030274
33, 20, 23.521393
33, 21, -10.553262
33, 22, -9.508373
33, 23, 14.309645
33, 24, -55.747533
33, 25, 9.159919
33, 26, -19.386749
33, 27, -15.889148
33, 28, -2.971870
33, 29, -1.535040
33, 32, -0.854180
33, 34, 11.000000
33, 35, 14.107549
33, 37, 4.706624
33, 38, -14.709064
33, 40, -3.266894
33, 42, -18.635381
33, 45, 5.751446
33, 47, -95.982372
33, 48, -16.395484
33, 49, 0.284611
33, 50, -17.643955
34, 1, -8.783774
34, 2, -28.671457
34, 3, 6.478224
34, 4, 14.739375
34, 6, 9.954590
34, 8, 12.004427
34, 9, -50.866397
34, 10, -14.437512
34, 11, 48.374701
34, 12, 36.708802
34, 13, 7.883565
34, 14, 23.054954
34, 16, -4.135516
34, 17, 6.074275
34, 18, -21.193910
34, 19, -10.990358
34, 20, 23.921386
34, 21, -15.642527
34, 23, 8.433189
34, 24, -57.118088
34, 26, -27.610361
34, 27, -22.413052
34, 28, -10.488404
34, 29, -6.435220
34, 30, 4.000000
34, 31, -14.262020
34, 32, -6.660568
34, 33, 21.309028
34, 35, 19.259710
34, 36, 18.483854
34, 37, -1.807674
34, 40, 0.215658
34, 41, 25.052884
34, 42, -10.874025
34, 43, -18.262841
34, 44, 43.750685
34, 45, 19.447865
34, 46, 85.000000
34, 47, -63.609191
34, 48, -8.645190
34, 49, 4.654930
34, 50, -26.039108
35, 1, -9.323212
35, 2, -24.633912
35, 3, 14.299229
35, 4, 14.978557
35, 7, -42.735578
35, 8, 3.844268
35, 9, -54.400174
35, 10, -20.568151
35, 11, 43.505219
35, 12, 34.515336
35, 13, -5.645447
35, 14, 12.112781
35, 17, 5.564597
35, 19, -12.270175
35, 21, -10.926338
35, 22, -32.417784
35, 23, 16.174822
35, 24, -55.747790
35, 25, -15.591079
35, 27, -15.888307
35, 28, -3.373156
35, 29, -2.618540
35, 32, -0.703490
35, 33, 21.690972
35, 34, -17.841381
35, 35, 12.629606
35, 36, 24.841470
35, 38, -0.469765
35, 40, -3.305119
35, 43, -21.820042
35, 44, 37.934554
35, 45, 6.430729
35, 48, -16.685678
35, 49, -0.253217
35, 50, -16.324889
36, 1, -8.311816
36, 2, -24.894577
36, 3, 6.433152
36, 4, 17.890510
36, 6, -93.000000
36, 7, -23.192122
36, 8, 8.667446
36, 9, -50.866385
36, 10, -14.578106
36, 11, 46.791279
36, 12, 34.440708
36, 18, -8.050482
36, 19, -9.570672
36, 20, -29.403595
36, 21, -16.216967
36, 22, -24.782735
36, 23, 8.493090
36, 25, -15.408921
36, 26, -56.114702
36, 27, -22.411885
36, 28, -10.951603
36, 29, -8.437471
36, 30, -9.911859
36, 31, 13.876280
36, 32, -6.370288
36, 34, -18.393061
36, 35, 18.987112
36, 36, 18.920830
36, 37, 0.000000
36, 38, 4.927044
36, 39, -8.445861
36, 40, 0.154931
36, 42, 6.451110
36, 43, -18.262874
36, 44, 43.753552
36, 45, 19.984388
36, 46, 48.070513
36, 49, 3.887378
36, 50, -25.306912
37, 1, -9.803948
37, 2, -21.102601
37, 4, 17.941147
37, 5, -13.000000
37, 8, 0.909176
37, 10, -20.786541
37, 11, 42.665239
37, 12, 32.895496
37, 13, 24.245475
37, 14, -16.483946
37, 16, -43.000000
37, 17, -20.877225
37, 18, -8.949518
37, 19, -11.105389
37, 20, -28.798672
37, 21, -11.345286
37, 22, -31.604431
37, 23, 16.477055
37, 24, 34.567847
37, 26, -45.202900
37, 27, -15.887459
37, 28, -4.063418
37, 29, -3.969006
37, 30, -10.088141
37, 31, 14.695404
37, 32, -0.248484
37, 33, 6.417199
37, 34, -17.923799
37, 35, 11.066159
37, 36, 25.664735
37, 38, 0.178466
37, 39, 5.471146
37, 40, -3.343422
37, 42, 5.501799
37, 44, 37.938520
37, 45, 8.284226
37, 46, -8.858467
37, 48, 9.399571
37, 49, -0.923810
37, 50, -15.837711
38, 1, -7.615086
38, 2, -21.131842
38, 4, 20.806344
38, 6, 0.995053
38, 8, 4.233142
38, 10, -14.859354
38, 12, 32.959129
38, 13, 21.519706
38, 14, -27.108593
38, 15, 21.578836
38, 17, -16.344529
38, 19, -8.822485
38, 20, -29.422594
38, 21, -16.716498
38, 22, -23.310635
38, 23, 7.363200
38, 24, 33.608081
38, 25, -25.356037
38, 26, -56.114723
38, 28, -11.729095
38, 29, -10.509900
38, 31, 13.876352
38, 32, -5.793251
38, 33, 5.582801
38, 34, -18.540548
38, 35, 19.059002
38, 36, 19.902453
38, 37, -0.518372
38, 38, 6.054711
38, 39, -8.611098
38, 40, 0.124532
38, 42, 7.601674
38, 43, 62.000000
38, 44, 43.758186
38, 45, 20.935732
38, 48, 8.600429
38, 49, 3.271848
39, 1, -9.934868
39, 2, -17.815586
39, 3, 69.214825
39, 4, 20.214741
39, 5, 21.730456
39, 6, 2.352385
39, 8, -2.650914
39, 9, 12.377556
39, 10, -21.005015
39, 12, 32.255264
39, 13, 24.891897
39, 14, -16.755531
39, 15, 10.051580
39, 16, -4.124605
39, 17, -20.970297
39, 18, 84.000000
39, 19, -10.498354
39, 20, -28.828685
39, 21, -11.615785
39, 22, -29.342024
39, 23, 15.536845
39, 24, 34.567918
39, 25, -29.131203
39, 26, -45.202952
39, 27, -5.861917
39, 28, -5.024171
39, 29, -5.224511
39, 30, 25.194583
39, 32, 0.493872
39, 34, -18.088738
39, 35, 9.834264
39, 36, 26.691189
39, 37, -4.526025
39, 38, 2.018654
39, 39, 4.924105
39, 41, -38.544468
39, 42, 7.625061
39, 44, 37.940986
39, 45, 10.780406
39, 49, -1.222268
40, 1, -7.091160
40, 2, -18.198803
40, 3, 71.765688
40, 4, 22.548364
40, 5, 23.651680
40, 6, 0.995022
40, 7, -0.375160
40, 8, -0.715562
40, 9, 16.239704
40, 10, -15.000088
40, 13, 22.549831
40, 14, -25.967004
40, 15, 21.018927
40, 16, 2.046563
40, 17, -17.042300
40, 19, -8.544898
40, 20, -29.453284
40, 21, -16.912360
40, 22, -20.741970
40, 23, 5.688574
40, 24, 33.608191
40, 27, 0.798893
40, 28, -12.761086
40, 29, -12.071446
40, 30, 33.953878
40, 31, -63.547028
40, 32, -4.982684
40, 33, -95.000000
40, 34, -18.688149
40, 35, 19.469554
40, 36, 20.689646
40, 37, -0.135136
40, 38, 8.095708
40, 39, -8.844767
40, 40, -15.745582
40, 41, -45.056493
40, 42, 10.927722
40, 43, -12.720352
40, 45, 22.040162
40, 47, -19.389325
40, 48, -3.949385
40, 50, 28.305555
41, 1, -9.936050
41, 2, -15.328366
41, 3, 69.214800
41, 4, 21.064857
41, 5, 21.730239
41, 7, -11.026391
41, 8, -6.436102
41, 9, 12.204093
41, 12, -0.582821
41, 13, 26.600064
41, 14, -17.443929
41, 15, 9.933914
41, 16, -4.124528
41, 17, -21.312191
41, 18, 44.394886
41, 19, -10.268536
41, 20, -28.847246
41, 22, -26.105600
41, 23, 14.096705
41, 26, 50.800214
41, 27, -4.100174
41, 28, -6.125833
41, 29, -5.985749
41, 30, 25.007738
41, 31, -61.423835
41, 32, 1.439393
41, 34, -18.171317
41, 35, 9.104015
41, 36, 27.148044
41, 37, -3.803269
41, 38, 4.735828
41, 39, 4.242323
41, 40, -19.312128
41, 41, -38.544378
41, 42, 11.668693
41, 43, -12.279648
41, 44, 10.203294
41, 45, 13.142903
41, 46, -23.888355
41, 47, -26.082448
41, 48, -1.878980
41, 49, 19.128886
41, 50, 27.694445
42, 2, -16.445197
42, 5, 23.651390
42, 6, -18.265782
42, 7, -0.701780
42, 8, -5.565413
42, 9, 15.699654
42, 12, -11.855119
42, 13, 24.300129
42, 14, -24.109823
42, 15, 20.227285
42, 16, 2.046720
42, 17, -18.420434
42, 18, 40.120793
42, 19, -8.488298
42, 22, -17.678341
42, 23, 4.200878
42, 24, 7.000000
42, 27, 4.001978
42, 28, -13.863187
42, 29, -12.652435
42, 30, 33.472854
42, 31, -63.435814
42, 32, -4.073547
42, 33, -44.423127
42, 35, 20.043099
42, 37, 0.891095
42, 38, 10.651189
42, 39, -9.009883
42, 40, -15.879215
42, 41, -45.056418
42, 42, 15.997428
42, 44, 21.675070
42, 45, 22.931999
42, 47, -19.389323
42, 48, -3.949337
42, 49, 21.391651
43, 1, 9.104141
43, 2, -13.811439
43, 3, 42.538194
43, 4, 9.574271
43, 5, 21.730047
43, 6, -7.562248
43, 7, -11.191102
43, 8, -10.056156
43, 9, 11.750186
43, 10, 9.334617
43, 11, 20.776710
43, 12, -0.581579
43, 13, 28.803142
43, 14, -18.227776
43, 15, 9.816122
43, 16, -4.124377
43, 17, -22.003657
43, 18, 44.394826
43, 20, 86.076389
43, 22, -22.526336
43, 23, 12.846814
43, 25, -30.710403
43, 27, 0.644205
43, 28, -7.155670
43, 30, 24.588122
43, 31, -61.197314
43, 32, 2.428540
43, 33, 0.694474
43, 34, -53.764958
43, 35, 8.800269
43, 36, -38.321362
43, 37, -2.573042
43, 38, 7.825140
43, 39, 3.939048
43, 40, -19.495650
43, 42, 17.099385
43, 43, -19.407069
43, 44, 10.227837
43, 45, 14.578191
43, 46, -59.000000
43, 48, -1.878921
43, 49, 19.127606
44, 1, -2.846323
44, 2, -15.703394
44, 3, 42.461806
44, 4, 12.745061
44, 6, -18.550934
44, 7, -1.191339
44, 8, -9.780929
44, 9, 14.824971
44, 10, 20.324544
44, 12, -11.853399
44, 13, 26.287657
44, 14, -22.240083
44, 15, 19.667576
44, 17, -20.324457
44, 18, 40.120522
44, 19, -88.000000
44, 20, 85.923611
44, 21, 11.773445
44, 22, -14.736791
44, 23, 3.304361
44, 24, -0.282050
44, 25, -18.560901
44, 27, 9.417077
44, 28, -14.788605
44, 29, 3.220888
44, 30, 32.873100
44, 31, -63.186031
44, 32, -3.246576
44, 33, -44.423031
44, 34, -54.235042
44, 35, 20.529243
44, 36, -38.807531
44, 37, 2.244202
44, 38, 13.210658
44, 40, -16.179935
44, 41, 3.187449
44, 42, 21.983558
44, 43, -8.461050
44, 44, 21.633108
44, 45, 23.275269
44, 47, -5.044999
44, 49, 21.389902
45, 1, 8.805026
45, 2, -13.096004
45, 4, 9.958344
45, 5, 30.796740
45, 6, -8.396549
45, 7, -11.433980
45, 8, -13.151038
45, 9, 11.189663
45, 10, 9.568508
45, 11, -3.180604
45, 12, -0.580333
45, 13, 30.881278
45, 14, -18.739968
45, 16, -40.882479
45, 17, -23.005591
45, 21, -3.619133
45, 22, -19.235145
45, 23, 12.100274
45, 24, 0.282050
45, 25, -29.699244
45, 26, 57.490152
45, 27, 6.899196
45, 28, -7.886935
45, 29, 3.779112
45, 30, 24.251663
45, 31, -60.914971
45, 32, 3.281688
45, 33, 0.697078
45, 35, 8.725899
45, 36, -38.321222
45, 37, -1.186097
45, 38, 10.668205
45, 40, -19.724890
45, 41, -2.546951
45, 42, 22.955958
45, 43, -18.960710
45, 44, 10.282947
45, 46, -32.528120
45, 47, 5.040703
45, 48, 58.858975
45, 49, 19.126359
46, 1, -3.435885
46, 2, -15.517089
46, 4, 13.421190
46, 5, 30.203260
46, 6, -19.239538
46, 7, -1.632901
46, 8, -12.980964
46, 9, 13.949293
46, 10, 20.725164
46, 11, -12.506150
46, 13, 28.038161
46, 14, -21.078177
46, 16, -41.117521
46, 17, -22.358901
46, 19, 5.961270
46, 20, 59.575926
46, 21, 11.447657
46, 22, -12.387996
46, 23, 2.955846
46, 25, -17.935548
46, 26, 53.338409
46, 27, 15.346751
46, 28, -15.315313
46, 30, 32.606149
46, 31, -62.985815
46, 32, -2.642244
46, 34, -38.518648
46, 35, 20.718243
46, 36, -38.807387
46, 37, 3.541591
46, 38, 15.260807
46, 40, -16.421421
46, 41, 3.246609
46, 42, 27.695167
46, 43, -7.585301
46, 44, 21.580659
46, 45, -73.000000
46, 46, -26.819502
46, 47, -5.043751
46, 48, 59.141025
46, 50, 4.506412
47, 1, 8.133073
47, 2, -12.901398
47, 3, 11.282478
47, 4, 10.821491
47, 6, -9.577039
47, 7, -11.638131
47, 8, -15.410576
47, 9, 10.736682
47, 10, 10.094013
47, 11, -3.179469
47, 12, 75.135149
47, 13, 32.402181
47, 17, -24.045097
47, 19, 5.038730
47, 20, 62.384244
47, 21, -3.666539
47, 22, -16.749317
47, 23, 11.803484
47, 24, -33.000000
47, 25, -28.268297
47, 27, 12.688856
47, 28, -8.151199
47, 29, 99999.000000
47, 31, -60.789382
47, 32, 3.874957
47, 34, -45.254886
47, 37, -0.013523
47, 38, 12.665661
47, 39, -13.621428
47, 40, -19.827095
47, 41, -2.453074
47, 42, 27.956625
47, 43, -17.957700
47, 44, 10.327079
47, 46, -32.528141
47, 47, 5.042418
47, 49, 22.397391
48, 1, -4.170900
48, 3, 10.125352
48, 4, 14.264466
48, 5, -18.896802
48, 6, -19.928570
48, 7, -1.881747
48, 8, -14.954611
48, 9, 13.407640
48, 10, 21.224688
48, 11, -12.504596
48, 13, 29.209395
48, 15, 24.920137
48, 16, -46.818361
48, 17, -23.943192
48, 20, 59.575955
48, 21, 11.121851
48, 22, -10.904079
48, 23, 2.887675
48, 25, -17.155616
48, 26, -92.000000
48, 27, 19.900469
48, 30, -55.469942
48, 32, -2.302694
48, 34, -38.518949
48, 35, -14.144499
48, 36, -2.795644
48, 37, 4.456440
48, 38, 16.396080
48, 39, -8.056397
48, 41, 3.365074
48, 42, 31.821774
48, 43, -6.493194
48, 44, 21.557237
48, 45, 31.730042
48, 46, -26.819528
48, 47, -5.042524
48, 48, -24.654319
48, 49, 26.731407
48, 50, 30.818309
49, 1, 7.594251
49, 3, 11.282371
49, 4, 11.513845
49, 5, -23.553871
49, 6, -10.412299
49, 7, -11.716240
49, 8, -16.602698
49, 9, 10.563808
49, 10, 10.515486
49, 11, -3.178366
49, 13, 33.180730
49, 16, -49.345819
49, 17, -24.715673
49, 18, -35.653313
49, 19, -31.614583
49, 21, -3.695879
49, 22, -15.419584
49, 24, -76.000000
49, 25, -27.255727
49, 27, 16.148862
49, 28, -17.588677
49, 29, 24.188034
49, 30, -58.980305
49, 31, 44.773236
49, 32, 4.168531
49, 33, 13.714134
49, 34, -45.255358
49, 35, -14.855501
49, 36, -6.797547
49, 37, 0.651664
49, 38, 13.384102
49, 39, -13.621702
49, 40, 22.544070
49, 41, -2.359045
49, 42, 30.847497
49, 43, -17.153199
49, 45, 34.842537
49, 48, -29.592295
49, 49, 22.397345
49, 50, 33.345819
50, 1, -4.497978
50, 3, 10.125242
50, 4, 14.639868
50, 5, -18.896732
50, 6, -20.214189
50, 8, -15.618464
50, 10, 21.447027
50, 13, 29.617968
50, 14, -49.170405
50, 15, 61.000000
50, 16, -46.818332
50, 17, -24.543746
50, 18, -36.346687
50, 19, -31.385417
50, 20, 4.000000
50, 22, -10.400176
50, 23, 75.000000
50, 25, -16.808392
50, 26, 68.000000
50, 27, 21.603926
50, 28, -18.411323
50, 29, 23.811966
50, 30, -55.469908
50, 31, 44.226764
50, 32, -2.197636
50, 33, -1.399571
50, 34, -38.519328
50, 36, -2.795785
50, 37, 4.784060
50, 39, -8.056657
50, 40, 22.455930
50, 41, 3.424426
50, 42, 33.328713
50, 43, -6.007062
50, 44, -53.000000
50, 45, 31.729959
50, 46, -72.000000
50, 47, -8.000000
50, 48, -24.654404
50, 49, 26.731358
50, 50, 30.818383
