1, 1, 33.000000
1, 3, -21.114645
1, 4, 16.448954
1, 6, 4.193018
1, 7, 10.989834
1, 8, 34.581666
1, 9, -16.727146
1, 10, -19.000000
1, 11, 9.814823
1, 12, 99999.000000
1, 13, -86.000000
1, 14, -57.920808
1, 15, -38.000000
1, 16, 0.024747
1, 18, -91.029697
1, 19, -44.180136
1, 20, -28.919364
1, 21, -13.727330
1, 22, -8.338514
1, 23, 8.978085
1, 24, 18.312418
1, 25, -27.592860
1, 27, 62.000000
1, 28, 7.689763
1, 29, -41.000000
1, 30, -31.480319
1, 32, -12.366316
1, 33, -46.478829
1, 34, -18.090690
1, 35, -12.446456
1, 37, -82.000000
1, 38, -87.000000
1, 39, 82.000000
1, 40, -7.382437
1, 41, 17.924776
1, 42, -20.102620
1, 43, -32.364815
1, 45, 14.228293
1, 46, -81.000000
1, 47, -11.033146
1, 49, 45.000000
1, 50, 16.074175
2, 2, 50.917809
2, 3, -25.341636
2, 4, 10.640235
2, 5, -45.414293
2, 6, 5.798552
2, 7, 8.521085
2, 8, 34.418334
2, 9, -26.674110
2, 11, 8.087583
2, 14, -58.079192
2, 16, 28.078682
2, 17, -0.192314
2, 19, -41.640267
2, 20, -20.752555
2, 21, -13.661772
2, 22, -13.996590
2, 23, 12.883197
2, 24, 12.248871
2, 25, -33.959376
2, 28, 5.654496
2, 30, -36.725194
2, 31, 11.431341
2, 32, -11.975422
2, 33, -43.715483
2, 34, -12.836904
2, 35, -4.978048
2, 36, -70.472778
2, 40, -0.989438
2, 41, 16.011395
2, 42, -24.565582
2, 43, -35.984636
2, 44, 0.972951
2, 45, 5.466031
2, 47, -15.250147
2, 48, -9.931890
2, 50, 19.435517
3, 1, -18.706664
3, 2, 11.045941
3, 3, -21.546038
3, 4, 15.136032
3, 5, -38.839906
3, 6, 1.909602
3, 7, 11.008444
3, 9, -16.556276
3, 11, 7.065879
3, 12, 32.426992
3, 13, 99999.000000
3, 15, -26.094040
3, 17, -43.294186
3, 19, -42.359166
3, 20, -28.585009
3, 21, -16.782059
3, 22, -8.764302
3, 23, 5.912700
3, 24, 18.631463
3, 25, -24.947635
3, 26, -30.493362
3, 27, -7.991662
3, 28, 7.780489
3, 29, 52.971266
3, 30, -31.325156
3, 31, 10.666613
3, 32, -10.994858
3, 33, -43.536895
3, 34, -17.753753
3, 35, -10.674397
3, 36, -70.527222
3, 37, -79.000000
3, 38, 41.264900
3, 39, 1.746244
3, 40, -9.270111
3, 41, 17.885229
3, 42, -20.051442
3, 43, -32.890490
3, 44, -19.207919
3, 45, 14.796163
3, 47, -7.816310
3, 48, -8.858604
3, 49, -42.278229
3, 50, 16.237906
4, 1, -17.209923
4, 2, 50.918461
4, 3, -26.074511
4, 4, 8.789833
4, 5, -46.185548
4, 6, 2.118060
4, 8, -32.128779
4, 9, -26.833170
4, 10, -95.000000
4, 11, 2.723631
4, 12, 31.278217
4, 14, 19.344314
4, 15, -25.905960
4, 17, 0.130998
4, 19, -41.698942
4, 20, -20.470690
4, 21, -19.731120
4, 23, 4.859523
4, 24, 12.868505
4, 25, -27.268597
4, 26, -28.848900
4, 27, -2.280774
4, 29, 56.620311
4, 31, 11.625711
4, 32, -8.452794
4, 33, -37.170557
4, 34, -10.084767
4, 35, -1.914186
4, 38, 41.735100
4, 39, -4.824038
4, 40, -3.273623
4, 43, -36.946371
4, 44, -3.074693
4, 45, 6.136099
4, 47, -9.166758
4, 48, -10.029595
4, 49, -45.594991
4, 50, 19.598534
5, 1, -16.925636
5, 2, 9.218173
5, 3, -22.328047
5, 4, 13.678244
5, 5, -39.852178
5, 6, -1.417330
5, 7, 14.645672
5, 8, -43.110737
5, 11, -0.299719
5, 12, 32.326961
5, 13, 10.196726
5, 14, 20.381423
5, 19, -38.505150
5, 21, -23.201129
5, 23, -0.619617
5, 24, 19.526002
5, 25, -20.424091
5, 26, -29.756206
5, 27, -5.231784
5, 29, 53.068971
5, 31, 11.044249
5, 32, -7.129429
5, 33, -34.390218
5, 34, -16.338637
5, 35, -7.468618
5, 36, 6.212508
5, 39, -0.685094
5, 40, -12.575097
5, 41, 16.381758
5, 43, -33.977928
5, 44, -26.123947
5, 45, 15.232391
5, 47, -0.470471
5, 49, -42.347964
5, 50, 16.314436
6, 1, -14.214531
6, 3, -26.700561
6, 5, -46.928040
6, 6, -0.081227
6, 7, 10.407054
6, 8, -28.581170
6, 10, -0.020367
6, 11, -5.831339
6, 13, 3.934951
6, 14, 18.714513
6, 16, -28.564048
6, 19, -42.444695
6, 20, -20.756904
6, 21, -28.173930
6, 23, -6.181635
6, 24, 13.544459
6, 25, -19.958789
6, 26, -31.324973
6, 27, 1.683586
6, 31, 12.257670
6, 32, -2.766744
6, 33, -24.097203
6, 34, -4.860497
6, 35, 1.003161
6, 36, 11.808629
6, 38, -22.233290
6, 39, -9.004286
6, 40, -5.370950
6, 41, 20.683038
6, 42, -50.776740
6, 43, -38.005413
6, 44, -12.131253
6, 47, -0.551222
6, 49, -45.729969
7, 1, -13.928189
7, 3, -22.649414
7, 4, -21.814291
7, 6, -0.465031
7, 7, 14.257179
7, 8, -35.622398
7, 10, -8.070802
7, 11, -8.673937
7, 12, 15.612897
7, 13, 10.265112
7, 14, 19.478583
7, 16, -15.298100
7, 18, 26.774696
7, 19, -34.957045
7, 20, -12.429494
7, 21, -29.988631
7, 22, 41.453536
7, 23, -7.006764
7, 25, -19.175122
7, 26, -27.319768
7, 27, 1.607872
7, 29, -26.653225
7, 31, 11.532567
7, 32, -2.506808
7, 33, -19.934247
7, 34, -13.264375
7, 35, -5.480204
7, 36, 2.608511
7, 38, -24.983878
7, 39, -5.145229
7, 40, -14.128299
7, 41, 10.975637
7, 42, -57.232637
7, 44, -34.694250
7, 46, -5.937791
7, 47, 7.375129
7, 50, 18.781520
8, 1, -12.150909
8, 4, -21.185709
8, 5, 4.315194
8, 6, 2.897197
8, 8, -19.447914
8, 9, 5.251839
8, 10, -1.787809
8, 11, -12.715088
8, 12, 21.777675
8, 13, 4.943398
8, 14, 15.209040
8, 16, -22.778072
8, 19, -43.567533
8, 20, -19.066926
8, 21, -36.019766
8, 22, 11.787128
8, 23, -14.987358
8, 24, -2.000000
8, 25, -18.048820
8, 26, -31.903841
8, 27, 7.784407
8, 29, -21.864733
8, 30, -17.611609
8, 32, 2.183046
8, 33, -6.962869
8, 34, 1.542084
8, 35, 1.888576
8, 36, 5.682667
8, 37, -30.941189
8, 38, -20.995374
8, 39, -13.013543
8, 41, 13.245852
8, 42, -50.737193
8, 44, -19.662171
8, 45, 1.573704
8, 46, -6.276977
8, 47, 7.186826
8, 48, -11.863099
8, 49, 14.000000
8, 50, 10.761114
9, 3, -22.921961
9, 5, 3.279527
9, 6, 5.654448
9, 8, -22.720105
9, 9, -21.227898
9, 10, -10.661692
9, 11, -12.660343
9, 12, 15.598939
9, 13, 10.790477
9, 14, 15.255928
9, 15, 23.000000
9, 16, -14.190042
9, 17, 60.000000
9, 19, -33.092963
9, 20, -10.574373
9, 21, -35.774532
9, 22, 37.247789
9, 23, -10.780157
9, 25, -23.175210
9, 26, -22.315262
9, 27, 10.558913
9, 29, -26.884877
9, 30, -22.040038
9, 31, -68.000000
9, 32, 0.575144
9, 33, -4.019697
9, 34, -9.443116
9, 35, -5.153766
9, 36, -4.606324
9, 37, -45.637873
9, 38, -21.064999
9, 39, -7.395219
9, 40, 11.008343
9, 41, -1.250732
9, 44, -38.664499
9, 45, 5.128058
9, 46, -7.480343
9, 47, 13.433808
9, 48, -7.003000
9, 50, 18.438081
10, 1, 17.612654
10, 2, -45.628548
10, 3, -21.933298
10, 4, 0.850361
10, 5, 4.695116
10, 6, 9.013386
10, 7, -15.891369
10, 8, -7.355061
10, 9, 8.730198
10, 10, -4.989625
10, 13, 6.590530
10, 14, 6.770355
10, 16, -14.869454
10, 19, -44.110617
10, 20, -15.766531
10, 21, -41.829747
10, 22, 12.334354
10, 23, -18.441322
10, 24, -16.384542
10, 25, -22.784242
10, 26, -27.386163
10, 27, 14.703307
10, 29, -22.159176
10, 30, -17.289604
10, 32, 3.610449
10, 33, 8.369677
10, 34, 6.284549
10, 35, 1.621594
10, 36, -0.626917
10, 37, -30.980477
10, 38, -17.209124
10, 40, 6.326117
10, 41, 3.494864
10, 42, -53.228602
10, 43, -1.740049
10, 45, 2.948397
10, 46, -9.421548
10, 47, 12.436840
10, 48, -15.086310
10, 49, 8.468902
10, 50, 10.363028
11, 1, 5.645645
11, 2, -42.537661
11, 3, -24.350286
11, 4, -9.569701
11, 5, 3.654053
11, 6, 12.018579
11, 7, -9.200939
11, 8, -8.327832
11, 9, -12.588451
11, 10, -13.043742
11, 11, -26.522983
11, 12, -16.000000
11, 13, 11.462760
11, 14, 5.940626
11, 15, 11.054444
11, 16, -12.822079
11, 17, -7.483943
11, 20, -8.723967
11, 21, -40.315566
11, 22, 30.597867
11, 23, -10.939238
11, 24, -13.848326
11, 25, -29.602561
11, 26, -14.871672
11, 27, 19.963593
11, 28, 9.487626
11, 30, -21.788183
11, 32, 0.592572
11, 33, 6.924896
11, 34, -7.444594
11, 35, -5.184369
11, 36, -8.404574
11, 37, -45.787817
11, 38, -13.042656
11, 39, -1.987536
11, 40, 17.371645
11, 41, -13.334273
11, 42, -54.007985
11, 44, 4.889275
11, 45, 6.860236
11, 46, -12.429663
11, 47, 16.875636
11, 48, -12.067496
11, 49, 2.464556
11, 50, 18.185690
12, 1, 18.198303
12, 2, -47.052020
12, 3, -23.868569
12, 4, 3.848321
12, 6, 12.522217
12, 7, -16.852731
12, 8, 3.517426
12, 9, 14.328842
12, 10, -6.532418
12, 11, -26.638887
12, 13, 7.495890
12, 14, -6.812675
12, 16, -9.229286
12, 17, -5.845921
12, 18, 0.220057
12, 19, -5.351225
12, 20, -12.351379
12, 21, -44.962839
12, 22, 11.972284
12, 23, -16.169403
12, 24, -15.804381
12, 25, -30.119322
12, 26, -17.957476
12, 27, 21.660619
12, 28, 9.512374
12, 29, 80.000000
12, 31, 18.304496
12, 32, 0.524248
12, 33, 14.850679
12, 37, -31.702547
12, 38, -10.697971
12, 39, -1.803245
12, 40, 17.161947
12, 41, -3.791009
12, 42, -53.337939
12, 43, -13.825680
12, 44, 9.357504
12, 45, 4.162785
12, 46, -15.064262
12, 47, 14.498804
12, 48, -21.465073
12, 49, 9.029893
13, 1, 7.882445
13, 2, -45.307038
13, 3, -27.524905
13, 4, -2.654390
13, 5, 39.133590
13, 6, 12.853319
13, 7, -12.703388
13, 8, 1.636137
13, 9, -2.047782
13, 11, -25.907602
13, 14, -7.883727
13, 17, -7.169924
13, 18, 0.648456
13, 19, -0.873411
13, 20, -7.015513
13, 21, -43.079388
13, 22, 22.425351
13, 23, -7.840362
13, 24, -13.133105
13, 25, -33.651158
13, 26, -6.314680
13, 27, 28.162134
13, 30, -52.951743
13, 31, 18.695504
13, 32, -2.461909
13, 34, -2.594143
13, 35, -4.307223
13, 36, -43.970303
13, 37, -46.287536
13, 38, -1.758782
13, 39, -2.589136
13, 40, 30.821265
13, 41, -20.880050
13, 43, -12.446059
13, 44, 4.363568
13, 46, -19.006970
13, 48, -17.281423
13, 49, 2.976000
13, 50, 14.164219
14, 1, 19.699182
14, 2, -50.087193
14, 3, -26.297749
14, 4, 10.393340
14, 5, 47.794320
14, 6, 9.685683
14, 7, -19.092885
14, 8, 8.182756
14, 9, 18.646775
14, 10, 13.022888
14, 11, -25.401779
14, 13, -3.988577
14, 14, -23.060375
14, 17, -5.496582
14, 18, 0.159791
14, 19, -4.925323
14, 20, -8.624139
14, 22, 8.898505
14, 23, -10.516062
14, 24, -15.082830
14, 25, -34.324947
14, 26, -6.515238
14, 27, 27.516035
14, 28, -33.496568
14, 30, -36.395233
14, 32, -5.718566
14, 33, -45.845189
14, 34, -3.405857
14, 35, -1.275232
14, 36, -44.029697
14, 37, -32.629009
14, 38, -2.395408
14, 39, -2.539357
14, 40, 30.283163
14, 41, -7.340188
14, 43, -16.404687
14, 44, 8.772440
14, 46, -20.529398
14, 47, -15.805244
14, 48, -24.839891
14, 50, 13.752443
15, 1, 12.651299
15, 2, -48.926562
15, 3, -30.069979
15, 4, 7.215873
15, 5, 37.179333
15, 6, 6.846090
15, 7, -17.753698
15, 9, 2.664491
15, 10, 27.374406
15, 11, -24.889105
15, 12, 13.795380
15, 13, -12.185736
15, 14, -23.112527
15, 18, 0.644112
15, 19, -0.462716
15, 20, -3.885465
15, 22, 12.978415
15, 23, -3.650273
15, 24, -12.696444
15, 25, -32.431816
15, 26, 1.501214
15, 27, 33.448826
15, 28, -31.203599
15, 29, 30.395584
15, 30, -53.002723
15, 31, -84.000000
15, 32, -7.075667
15, 33, -43.507011
15, 35, 1.283331
15, 37, -46.616121
15, 38, 9.967838
15, 39, -3.080972
15, 40, 41.414394
15, 41, -23.863598
15, 43, -16.539083
15, 45, -17.385649
15, 46, -23.839048
15, 47, -8.762318
15, 49, -0.252142
15, 50, 10.573032
16, 1, 22.653511
16, 2, -52.608099
16, 3, -27.397156
16, 4, 17.258321
16, 5, 43.829930
16, 6, 1.475587
16, 7, -21.004706
16, 8, -22.400424
16, 10, 12.043499
16, 11, -24.242144
16, 12, -9.223182
16, 13, -3.673943
16, 14, -37.705972
16, 16, -3.262745
16, 17, 53.289647
16, 20, -3.472002
16, 22, 3.136741
16, 23, -5.785005
16, 24, -14.870335
16, 25, -32.178062
16, 26, 3.468277
16, 27, 31.012629
16, 28, -33.430329
16, 29, 34.421920
16, 30, -36.064894
16, 32, -11.988587
16, 33, -46.038152
16, 34, 2.000000
16, 35, 8.241297
16, 36, 66.000000
16, 38, 5.325284
16, 40, 36.193700
16, 41, -8.315156
16, 43, -20.388024
16, 44, 30.476798
16, 45, -10.392961
16, 46, -22.764639
16, 47, -15.999988
16, 48, -1.977262
16, 49, 9.497012
16, 50, 6.596728
17, 1, 19.356775
17, 2, -51.407733
17, 4, 16.407253
17, 5, 30.934026
17, 6, -2.921521
17, 7, -21.655295
17, 8, -20.173904
17, 9, -25.863717
17, 10, 25.763829
17, 11, -24.381389
17, 12, 13.345656
17, 13, -11.688439
17, 14, -35.170509
17, 15, -37.930923
17, 16, -1.430771
17, 17, 53.710353
17, 18, 6.222270
17, 19, 86.000000
17, 20, 1.899434
17, 21, 11.674225
17, 22, 4.188138
17, 23, -1.632589
17, 25, -26.454758
17, 26, 7.032691
17, 27, 35.310174
17, 28, -31.272263
17, 29, 29.511945
17, 31, 99999.000000
17, 32, -10.666638
17, 33, -43.661220
17, 35, 12.235958
17, 38, 18.496456
17, 39, 22.677439
17, 42, -2.367873
17, 43, -19.123696
17, 44, 26.505116
17, 45, -17.329649
17, 46, -24.033697
17, 47, -9.087512
17, 48, -8.632730
17, 49, -1.931898
17, 50, 2.149993
18, 1, 26.354897
18, 2, -53.611204
18, 3, -73.000000
18, 4, 22.755707
18, 5, 34.409056
18, 6, -8.835915
18, 7, -21.742091
18, 8, -23.750900
18, 9, -26.231473
18, 10, 10.209234
18, 12, -9.081882
18, 13, -3.563995
18, 14, -46.412533
18, 15, -21.903695
18, 16, -7.159168
18, 18, 15.089814
18, 20, 3.356842
18, 21, -0.427311
18, 22, -2.005595
18, 24, -34.296968
18, 25, -24.557512
18, 26, 9.354077
18, 27, 32.111673
18, 29, 32.955030
18, 32, -14.769654
18, 34, 23.000000
18, 35, 17.785478
18, 36, 21.462879
18, 37, 73.000000
18, 38, 9.835161
18, 39, 12.465192
18, 40, -2.218131
18, 41, 34.662832
18, 42, -7.948040
18, 44, 30.388398
18, 45, -10.172327
18, 46, -20.150349
18, 47, -16.297122
18, 48, -1.517822
18, 49, 6.722242
18, 50, -3.863497
19, 1, 24.739330
19, 2, -52.087679
19, 4, 23.870933
19, 5, 19.158533
19, 6, -12.889860
19, 7, -22.924254
19, 8, -22.276325
19, 9, -25.570603
19, 10, 24.087134
19, 11, -9.676194
19, 13, -11.578404
19, 14, -39.831823
19, 15, -36.308906
19, 16, -3.682216
19, 17, -46.861019
19, 18, 4.422032
19, 19, 0.949086
19, 20, 9.702427
19, 21, 9.844039
19, 22, 0.196990
19, 23, -9.683826
19, 24, -33.703032
19, 25, -18.454756
19, 26, 9.201371
19, 27, 35.214034
19, 28, -4.284409
19, 29, 28.439443
19, 31, -90.000000
19, 33, 11.001962
19, 35, 17.879698
19, 36, 21.537121
19, 38, 21.429755
19, 39, 20.585081
19, 40, 5.910147
19, 41, 34.720671
19, 42, -3.696474
19, 45, -17.058087
19, 46, -18.830789
19, 48, -8.147291
19, 49, -5.545617
19, 50, -7.135019
20, 1, 28.276793
20, 3, 62.000000
20, 4, 27.271595
20, 5, 18.843612
20, 6, -18.721380
20, 8, -26.019418
20, 10, 9.276818
20, 11, -15.982784
20, 15, -24.474046
20, 16, -14.300484
20, 17, -44.310646
20, 18, 12.397377
20, 19, 8.773340
20, 20, 10.664663
20, 21, 0.251364
20, 23, -0.396852
20, 25, -15.294124
20, 27, 32.138531
20, 28, -16.015079
20, 29, 32.179547
20, 30, -57.398536
20, 33, 20.098741
20, 34, 19.899419
20, 37, -37.690555
20, 39, 8.670380
20, 40, -1.824229
20, 41, 34.483776
20, 42, -9.727225
20, 43, 75.059394
20, 44, -5.347149
20, 46, -13.092831
20, 47, 26.712835
20, 49, 2.814483
20, 50, -12.886646
21, 4, 30.641529
21, 5, 2.985599
21, 6, -21.112269
21, 7, -15.905093
21, 8, -23.769716
21, 11, -9.846226
21, 12, -31.984178
21, 13, -57.797072
21, 14, 14.359385
21, 15, -34.753819
21, 16, -8.469169
21, 17, -41.579892
21, 18, 1.445425
21, 19, 4.183857
21, 20, 17.364442
21, 21, 8.729718
21, 23, -9.625729
21, 25, -11.706013
21, 28, -7.770070
21, 31, -6.304462
21, 32, -13.000000
21, 33, 11.692062
21, 34, 7.046653
21, 35, 2.405362
21, 36, -29.965871
21, 37, -37.309445
21, 38, 5.918451
21, 39, 15.810896
21, 40, 5.956042
21, 41, 34.643160
21, 42, -8.016511
21, 44, -7.181020
21, 45, 6.085809
21, 46, -9.925143
21, 47, 27.666946
21, 48, -29.333628
21, 49, -9.138908
21, 50, -13.207511
22, 1, -96.000000
22, 3, 22.557499
22, 4, 31.834312
22, 5, 0.762653
22, 6, -26.338971
22, 7, -13.035772
22, 10, -2.966129
22, 11, -16.498379
22, 12, -32.227047
22, 13, -58.202928
22, 14, 8.003233
22, 15, -25.936528
22, 16, -22.662000
22, 17, -34.974105
22, 18, 9.942638
22, 19, 13.843483
22, 20, 16.648291
22, 21, 2.596543
22, 22, 80.487626
22, 23, -0.319234
22, 24, -47.041218
22, 25, -8.988566
22, 26, 47.111883
22, 28, -21.796893
22, 31, -7.841021
22, 33, 21.739690
22, 34, 19.492755
22, 35, 14.344413
22, 36, -31.208983
22, 38, 7.730332
22, 39, 2.810712
22, 40, -1.072292
22, 42, -13.066367
22, 44, -6.904033
22, 45, 4.001705
22, 46, -4.107581
22, 47, 24.724732
22, 48, -35.063877
22, 49, -0.460469
22, 50, -16.510185
23, 3, 22.895527
23, 4, 37.424947
23, 5, -12.082228
23, 6, -26.134460
23, 7, -15.224369
23, 8, 7.493370
23, 9, -6.981790
23, 10, -8.076070
23, 11, -9.784571
23, 12, -30.127276
23, 14, 14.603747
23, 16, -14.091906
23, 17, -28.172985
23, 18, 0.068849
23, 19, 9.215705
23, 20, 22.600638
23, 21, 9.285674
23, 22, 80.512374
23, 23, -9.571727
23, 24, -61.442287
23, 25, -8.971449
23, 26, 45.466356
23, 28, -15.414523
23, 30, 12.361654
23, 31, -10.111863
23, 32, 91.000000
23, 33, 14.004889
23, 34, 5.286118
23, 35, 5.303043
23, 36, -27.421552
23, 38, 5.912612
23, 39, 9.834263
23, 40, 5.896842
23, 41, 31.753376
23, 42, -14.096521
23, 44, -9.958474
23, 45, 5.755827
23, 46, -1.193877
23, 47, 23.633861
23, 48, -29.198702
23, 49, -11.269559
24, 1, 14.323771
24, 2, -73.000000
24, 3, 22.788399
24, 4, 36.382679
24, 5, -11.949982
24, 6, -29.464128
24, 7, -12.233557
24, 8, 7.212109
24, 9, -3.928335
24, 10, -1.299359
24, 11, -16.710078
24, 12, -28.396182
24, 13, 33.000000
24, 14, 8.318726
24, 15, -6.698011
24, 16, -28.671429
24, 17, -20.338745
24, 19, 17.031012
24, 20, 20.090742
24, 21, 6.077786
24, 24, -47.701840
24, 26, 47.000220
24, 27, -18.143502
24, 28, -29.104040
24, 29, -44.058529
24, 30, 18.328771
24, 31, -13.646598
24, 33, 24.570297
24, 35, 17.767806
24, 36, -25.952621
24, 38, 7.789879
24, 39, -4.791094
24, 40, -0.427183
24, 41, 24.883557
24, 42, -16.327269
24, 43, -9.040289
24, 44, -9.157639
24, 45, 3.716855
24, 46, 2.471381
24, 47, 20.464288
24, 49, -1.767961
24, 50, -62.000000
25, 1, 12.847756
25, 3, 23.693560
25, 4, 43.036505
25, 5, -18.502614
25, 7, -14.698490
25, 8, 7.702306
25, 9, -10.295527
25, 10, -5.805223
25, 11, -9.471905
25, 12, -26.360880
25, 15, 4.006591
25, 16, -16.911842
25, 17, -12.179807
25, 18, 14.000000
25, 20, 24.336417
25, 21, 10.318754
25, 22, 2.702718
25, 24, -62.373073
25, 25, 25.000000
25, 27, -13.314157
25, 28, -22.786486
25, 29, -54.513927
25, 30, 11.401695
25, 31, -19.090091
25, 33, 17.311849
25, 35, 11.800297
25, 36, -20.856084
25, 38, 6.009545
25, 39, 2.200027
25, 40, 5.912738
25, 41, 32.266995
25, 42, -19.588772
25, 43, 27.600997
25, 44, -12.320116
25, 46, 2.646254
25, 47, 18.171913
25, 48, -11.578358
26, 1, 14.253672
26, 2, -50.896061
26, 3, 23.708443
26, 4, 39.437949
26, 6, 16.755791
26, 8, 7.364141
26, 9, -9.904879
26, 10, 1.174839
26, 11, -16.605314
26, 12, -23.843125
26, 13, 55.168282
26, 14, -43.297922
26, 15, -6.863961
26, 17, -6.730331
26, 19, -26.398894
26, 20, 21.175566
26, 21, 9.159306
26, 22, -1.292503
26, 23, -8.079448
26, 24, -49.641054
26, 26, -26.603716
26, 27, -16.672747
26, 28, -34.222417
26, 29, -44.378715
26, 30, 15.898202
26, 31, -21.780763
26, 32, -50.029697
26, 33, 27.427919
26, 35, 21.697952
26, 36, -17.648475
26, 39, -15.179940
26, 41, 25.371177
26, 42, -17.570656
26, 43, -3.167547
26, 44, -9.897317
26, 47, 16.192759
26, 48, -1.050238
26, 49, 38.000000
26, 50, -34.804043
27, 1, 12.799242
27, 2, -51.103939
27, 3, 24.851504
27, 4, 45.272525
27, 5, -12.497029
27, 6, 5.622752
27, 7, 16.972866
27, 9, -18.298614
27, 10, -4.376305
27, 12, -23.429681
27, 13, 54.831718
27, 14, -49.813024
27, 15, 3.832302
27, 16, -9.915730
27, 17, -0.981815
27, 18, 0.975606
27, 19, -26.351084
27, 20, 23.490285
27, 21, 10.790881
27, 22, 0.083620
27, 23, -5.810118
27, 24, -63.761815
27, 25, -56.000000
27, 26, -19.226887
27, 27, -11.205796
27, 28, -26.892890
27, 29, -55.019340
27, 30, 9.813293
27, 31, -28.116808
27, 33, 20.014869
27, 34, 29.016370
27, 35, 18.125798
27, 36, -11.956219
27, 37, 10.386059
27, 38, -10.339918
27, 39, -7.980567
27, 40, -13.767909
27, 42, -22.416295
27, 43, 29.861024
27, 44, -12.866116
27, 45, -16.758269
27, 46, -1.620060
27, 47, 14.173945
27, 48, -11.751173
27, 50, -27.416465
28, 3, 24.446803
28, 5, 3.655026
28, 6, 14.874445
28, 7, 18.988605
28, 8, -22.814291
28, 9, -18.842599
28, 12, -21.800469
28, 14, -43.423542
28, 16, -8.758251
28, 17, -0.855276
28, 18, -3.173334
28, 19, -23.124821
28, 20, 21.542335
28, 21, 10.879271
28, 22, -5.147455
28, 23, -4.616815
28, 24, -51.506058
28, 26, -26.797645
28, 27, -14.766698
28, 28, -35.873719
28, 29, -44.811113
28, 30, 12.853587
28, 31, -27.637811
28, 33, 28.837032
28, 34, 8.004821
28, 35, 23.583184
28, 36, -8.862759
28, 37, 9.613941
28, 38, -14.588151
28, 39, -28.170116
28, 40, -11.000985
28, 41, -21.482269
28, 42, -15.916190
28, 43, 5.614862
28, 44, -9.462379
28, 45, -27.755011
28, 46, 2.726357
28, 47, 14.205373
28, 48, -2.054105
28, 49, -80.970303
28, 50, -33.068156
29, 1, 2.173998
29, 5, -11.320986
29, 6, 1.967317
29, 7, 17.217128
29, 8, -22.185709
29, 9, -27.496176
29, 10, 27.091606
29, 11, 61.368781
29, 16, -7.874155
29, 18, 0.719713
29, 19, -21.359867
29, 20, 22.479925
29, 21, 10.938212
29, 22, -7.152300
29, 23, 1.882299
29, 24, -64.487592
29, 25, 8.437809
29, 26, -19.066761
29, 27, -10.156115
29, 30, 8.862250
29, 31, -31.981423
29, 34, 28.466583
29, 35, 21.231196
29, 36, -3.045129
29, 38, -12.390277
29, 39, -19.021559
29, 40, -13.472878
29, 41, -28.464110
29, 42, -21.827476
29, 43, 33.139231
29, 44, -12.700988
29, 45, -17.194359
29, 46, -1.810817
29, 48, -13.104187
29, 49, -81.029697
29, 50, -23.793630
30, 1, -3.369492
30, 2, -41.352475
30, 3, 8.629112
30, 4, 4.056150
30, 5, 6.692415
30, 6, 10.653252
30, 9, -26.846769
30, 10, 26.173259
30, 11, 64.455961
30, 12, 48.928680
30, 14, 23.093402
30, 16, -5.176955
30, 17, 2.493486
30, 19, -16.006076
30, 20, 23.018720
30, 22, -11.514994
30, 23, 3.735491
30, 25, 9.575457
30, 26, -27.311709
30, 28, -11.417782
30, 29, -1.505869
30, 30, 10.655462
30, 32, -3.242868
30, 33, -62.000000
30, 34, 8.868418
30, 35, 22.676204
30, 36, -1.954894
30, 37, -0.541102
30, 38, -18.089751
30, 39, -40.778879
30, 40, -10.826140
30, 41, -21.465984
30, 42, -12.012522
30, 43, 12.402465
30, 45, -28.396045
30, 47, 23.940606
30, 48, -5.248210
30, 50, -29.493816
31, 1, -2.578631
31, 2, -36.308004
31, 3, 16.938530
31, 4, 3.650903
31, 5, -9.801084
31, 6, -2.485307
31, 7, -46.315274
31, 8, 11.749016
31, 9, -33.814350
31, 10, 27.524046
31, 11, 56.988847
31, 12, 44.705556
31, 13, -9.056852
31, 14, 12.091797
31, 15, 12.551969
31, 16, -4.227046
31, 17, 2.750795
31, 18, 63.000000
31, 19, -14.840891
31, 20, 23.093649
31, 21, -7.607942
31, 22, -15.236305
31, 23, 13.326208
31, 24, -55.492073
31, 25, 9.077232
31, 26, -19.220286
31, 28, -3.400242
31, 29, 0.071863
31, 30, 8.620522
31, 32, -8.098989
31, 34, 28.247246
31, 35, 20.169388
31, 36, 2.878084
31, 37, 5.520813
31, 38, -16.559438
31, 39, -26.499649
31, 42, -18.788297
31, 43, 34.900603
31, 44, -85.000000
31, 45, -17.715598
31, 46, -34.641060
31, 47, 24.059394
31, 48, -15.917852
31, 50, -19.023861
32, 1, -9.840672
32, 2, -39.365904
32, 3, 7.463826
32, 4, 5.457836
32, 5, 9.377475
32, 6, 6.934996
32, 7, -44.921318
32, 8, 19.764898
32, 9, -30.270158
32, 10, 26.599322
32, 11, 56.190417
32, 12, 46.141953
32, 13, 7.270543
32, 14, 22.948277
32, 16, -1.622797
32, 17, 4.957036
32, 19, -9.311584
32, 20, 25.608667
32, 21, -12.173387
32, 22, -16.607016
32, 23, 12.871308
32, 24, -56.959778
32, 25, 10.547250
32, 26, -28.036545
32, 28, -10.685139
32, 29, -1.649989
32, 30, 9.851378
32, 33, -49.000000
32, 35, 20.010947
32, 36, 0.910190
32, 37, -1.867554
32, 38, -21.717800
32, 39, -48.649807
32, 40, 1.600319
32, 42, -7.824810
32, 46, -34.358940
32, 48, -10.091346
32, 49, 13.072030
32, 50, -26.020061
33, 1, -11.779095
33, 2, -33.248338
33, 3, 14.369976
33, 4, 6.789265
33, 6, -5.034924
33, 7, -46.098927
33, 8, 10.330687
33, 11, 46.046065
33, 12, 40.541502
33, 13, -4.405325
33, 14, 11.957859
33, 15, 55.000000
33, 16, -2.072507
33, 17, 6.541224
33, 18, -20.836667
33, 19, -10.125138
33, 20, 24.603867
33, 21, -9.190983
33, 22, -18.868631
33, 23, 23.171049
33, 24, -55.761799
33, 25, 9.883808
33, 26, -19.731706
33, 27, -16.734236
33, 28, -2.360557
33, 29, 0.670579
33, 32, -0.850363
33, 34, 11.000000
33, 35, 16.147404
33, 37, 3.829470
33, 38, -18.821687
33, 40, -2.317076
33, 42, -15.850144
33, 45, 1.818567
33, 47, -95.985152
33, 48, -19.055080
33, 49, 6.599497
33, 50, -15.127385
34, 1, -15.573065
34, 2, -33.367863
34, 3, 5.489414
34, 4, 10.544760
34, 6, 5.651219
34, 8, 17.345726
34, 9, -50.846536
34, 10, -8.241804
34, 11, 43.648506
34, 12, 38.811737
34, 13, 8.437376
34, 14, 22.999614
34, 16, -0.556164
34, 17, 8.838412
34, 18, -21.163333
34, 19, -6.047045
34, 20, 27.159094
34, 21, -15.121218
34, 23, 18.192875
34, 24, -57.300374
34, 26, -28.538822
34, 27, -22.992582
34, 28, -9.216826
34, 29, -3.242578
34, 30, 4.000000
34, 31, -14.299546
34, 32, -6.579347
34, 33, 21.339142
34, 35, 17.464733
34, 36, 8.156836
34, 37, -3.069004
34, 40, 1.041530
34, 41, 25.044545
34, 42, -5.879242
34, 43, -18.185776
34, 44, 43.352552
34, 45, 18.739803
34, 46, 85.000000
34, 47, -63.627132
34, 48, -13.926119
34, 49, 9.626854
34, 50, -23.648952
35, 1, -17.101317
35, 2, -27.100218
35, 3, 11.884801
35, 4, 13.260745
35, 7, -42.777274
35, 8, 6.751299
35, 9, -54.361473
35, 10, -15.747083
35, 11, 34.189852
35, 12, 33.564956
35, 13, -1.420435
35, 14, 12.152583
35, 17, 9.054746
35, 19, -8.568908
35, 21, -11.502400
35, 22, -39.507681
35, 23, 26.963069
35, 24, -56.002384
35, 25, -15.576717
35, 27, -15.897191
35, 28, -1.600114
35, 29, 0.026583
35, 32, -1.121554
35, 33, 21.660858
35, 34, -14.271592
35, 35, 11.494703
35, 36, 15.218614
35, 38, -3.883477
35, 40, -3.207602
35, 43, -21.781086
35, 44, 37.664023
35, 45, 1.818284
35, 48, -20.512366
35, 49, 1.252808
35, 50, -12.851381
36, 1, -14.405534
36, 2, -24.278677
36, 3, 4.515025
36, 4, 18.477708
36, 6, -93.000000
36, 7, -23.176744
36, 8, 12.539683
36, 9, -50.816294
36, 10, -11.392414
36, 11, 33.853143
36, 12, 29.753921
36, 18, -8.121365
36, 19, -6.338215
36, 20, -26.673618
36, 21, -17.636423
36, 22, -31.808285
36, 23, 16.764465
36, 25, -15.423283
36, 26, -56.035130
36, 27, -21.865622
36, 28, -8.685076
36, 29, -6.949257
36, 30, -9.925758
36, 31, 13.776320
36, 32, -7.340312
36, 34, -15.143412
36, 35, 16.465569
36, 36, 12.646154
36, 37, 0.000000
36, 38, 1.312826
36, 39, -6.960507
36, 40, -0.518387
36, 42, 1.383740
36, 43, -18.269523
36, 44, 43.632784
36, 45, 17.685982
36, 46, 48.059394
36, 49, 2.098275
36, 50, -22.456879
37, 1, -14.427487
37, 2, -19.102750
37, 4, 21.046868
37, 5, -13.000000
37, 8, 2.219765
37, 10, -20.681465
37, 11, 28.660892
37, 12, 26.719757
37, 13, 15.640807
37, 14, -13.205293
37, 16, -43.000000
37, 17, -23.277390
37, 18, -8.878635
37, 19, -9.265721
37, 20, -26.685338
37, 21, -12.592698
37, 22, -37.444291
37, 23, 23.372124
37, 24, 34.374202
37, 26, -45.101042
37, 27, -15.041992
37, 28, -2.236318
37, 29, -2.872611
37, 30, -10.074242
37, 31, 14.686434
37, 32, -1.711829
37, 33, 6.351412
37, 34, -16.018886
37, 35, 8.130254
37, 36, 23.400740
37, 38, -3.977329
37, 39, 12.055571
37, 40, -4.297584
37, 42, 1.077337
37, 44, 38.023149
37, 45, 3.698097
37, 46, -8.816435
37, 48, 9.336564
37, 49, -5.281425
37, 50, -12.100411
38, 1, -6.866131
38, 2, -15.168500
38, 4, 26.367733
38, 6, 1.021150
38, 8, 5.881519
38, 10, -17.869631
38, 12, 23.379679
38, 13, 15.833881
38, 14, -32.402861
38, 15, 26.057703
38, 17, -16.231361
38, 19, -8.109596
38, 20, -28.613764
38, 21, -18.357409
38, 22, -27.541720
38, 23, 9.382867
38, 24, 33.457576
38, 25, -25.378738
38, 26, -56.085970
38, 28, -9.924325
38, 29, -12.106148
38, 31, 13.960098
38, 32, -7.822035
38, 33, 5.648588
38, 34, -18.398140
38, 35, 17.160287
38, 36, 22.186796
38, 37, -5.007721
38, 38, 2.050090
38, 39, -8.035649
38, 40, -1.388921
38, 42, 1.298066
38, 43, 62.000000
38, 44, 44.072571
38, 45, 18.156934
38, 48, 8.663436
38, 49, -3.946080
39, 1, -7.382003
39, 2, -12.199762
39, 3, 69.220970
39, 4, 27.093039
39, 5, 21.855033
39, 6, 2.337520
39, 8, -2.303444
39, 9, 14.179309
39, 10, -25.829946
39, 12, 23.791694
39, 13, 19.021103
39, 14, -14.078804
39, 15, 12.579995
39, 16, -4.242883
39, 17, -21.700157
39, 18, 84.000000
39, 19, -10.351537
39, 20, -29.645864
39, 21, -12.642629
39, 22, -32.468269
39, 23, 15.269992
39, 24, 34.553528
39, 25, -29.114031
39, 26, -45.230372
39, 27, -20.949866
39, 28, -4.137811
39, 29, -7.264165
39, 30, 29.651355
39, 32, -1.467098
39, 34, -19.791653
39, 35, 6.746694
39, 36, 33.318113
39, 37, -8.282168
39, 38, -2.249717
39, 39, 6.160396
39, 41, -38.672825
39, 42, 0.803788
39, 44, 38.284072
39, 45, 9.225333
39, 49, -8.222014
40, 1, 0.301616
40, 2, -10.042488
40, 3, 71.737752
40, 4, 31.113690
40, 5, 23.718156
40, 6, 0.942056
40, 7, 3.887829
40, 8, -1.466930
40, 9, 19.012792
40, 10, -21.377824
40, 13, 19.836908
40, 14, -29.942428
40, 15, 22.785742
40, 16, 1.910936
40, 17, -14.581184
40, 19, -9.333685
40, 20, -31.629897
40, 21, -18.334680
40, 22, -21.380748
40, 23, 0.797580
40, 24, 33.735994
40, 27, -13.160124
40, 28, -12.382099
40, 29, -16.818415
40, 30, 39.559503
40, 31, -66.287747
40, 32, -6.593801
40, 33, -95.000000
40, 34, -21.943105
40, 35, 18.791078
40, 36, 29.840087
40, 37, -3.401714
40, 38, 5.343062
40, 39, -9.556146
40, 40, -12.946703
40, 41, -45.092513
40, 42, 3.016804
40, 43, -12.685605
40, 45, 21.617138
40, 47, -19.325404
40, 48, -4.055650
40, 50, 28.257373
41, 1, -3.608575
41, 2, -9.234942
41, 3, 69.158159
41, 4, 29.307024
41, 5, 21.697657
41, 7, -8.666223
41, 8, -6.711145
41, 9, 13.726015
41, 12, -1.791411
41, 13, 26.126977
41, 14, -16.744776
41, 15, 10.090831
41, 16, -4.218425
41, 17, -18.764359
41, 18, 44.447770
41, 19, -10.763121
41, 20, -31.500534
41, 22, -26.443427
41, 23, 8.287590
41, 26, 50.831718
41, 27, -17.382215
41, 28, -6.463434
41, 29, -10.748177
41, 30, 27.627469
41, 31, -64.164904
41, 32, 0.566846
41, 34, -21.950774
41, 35, 7.135893
41, 36, 37.823703
41, 37, -5.852899
41, 38, 2.478532
41, 39, -0.347867
41, 40, -17.265567
41, 41, -38.446318
41, 42, 3.665595
41, 43, -12.314395
41, 44, 9.534034
41, 45, 17.142806
41, 46, -23.905960
41, 47, -26.009148
41, 48, -1.939151
41, 49, 20.357137
41, 50, 27.742627
42, 2, -10.755928
42, 5, 23.545461
42, 6, -13.895053
42, 7, -0.891607
42, 8, -8.320337
42, 9, 17.563726
42, 12, -12.683815
42, 13, 24.820472
42, 14, -25.073172
42, 15, 18.370944
42, 16, 2.070672
42, 17, -14.027533
42, 18, 40.176058
42, 19, -9.560009
42, 22, -15.686265
42, 23, -3.290103
42, 24, 7.000000
42, 27, -6.404707
42, 28, -14.896252
42, 29, -18.845734
42, 30, 34.806689
42, 31, -65.046607
42, 32, -3.559109
42, 33, -44.576764
42, 35, 20.615893
42, 37, 0.202839
42, 38, 10.770988
42, 39, -10.356695
42, 40, -13.728643
42, 41, -44.903288
42, 42, 9.548586
42, 44, 22.084105
42, 45, 26.347381
42, 47, -19.320751
42, 48, -3.934063
42, 49, 22.185789
43, 1, 16.224728
43, 2, -10.577796
43, 3, 42.532172
43, 4, 0.674323
43, 5, 21.606828
43, 6, -1.138400
43, 7, -11.642189
43, 8, -11.354997
43, 9, 12.347115
43, 10, 3.856190
43, 11, 20.811920
43, 12, -0.587483
43, 13, 32.302178
43, 14, -19.919054
43, 15, 7.282170
43, 16, -4.002188
43, 17, -17.774574
43, 18, 44.294648
43, 20, 86.064343
43, 22, -20.809872
43, 23, 6.874691
43, 25, -38.473918
43, 27, -7.285756
43, 28, -8.478840
43, 30, 23.570610
43, 31, -61.750102
43, 32, 3.720624
43, 33, -0.519775
43, 34, -53.802021
43, 35, 8.625035
43, 36, -38.575635
43, 37, -2.529867
43, 38, 8.838491
43, 39, -2.878644
43, 40, -18.596915
43, 42, 12.122186
43, 43, -29.797474
43, 44, 9.860419
43, 45, 23.177472
43, 46, -59.000000
43, 48, -1.790584
43, 49, 19.086799
44, 1, 4.129692
44, 2, -15.298868
44, 3, 42.467828
44, 4, 4.842930
44, 6, -15.394694
44, 7, -4.636414
44, 8, -13.815523
44, 9, 14.912716
44, 10, 15.639606
44, 12, -11.068965
44, 13, 28.488052
44, 14, -18.852023
44, 15, 15.253170
44, 17, -17.009128
44, 18, 39.944235
44, 19, -88.000000
44, 20, 85.935657
44, 21, 18.935004
44, 22, -11.669359
44, 23, -0.758838
44, 24, -0.237575
44, 25, -25.826052
44, 27, 5.885408
44, 28, -16.587205
44, 29, 3.264900
44, 30, 29.016793
44, 31, -62.489160
44, 32, -0.696392
44, 33, -44.335162
44, 34, -54.197979
44, 35, 22.139022
44, 36, -38.919634
44, 37, 3.572162
44, 38, 15.902843
44, 40, -16.516181
44, 41, 0.679712
44, 42, 20.926768
44, 43, -18.710229
44, 44, 21.875512
44, 45, 28.667606
44, 47, -6.219259
44, 49, 20.545893
45, 1, 13.138558
45, 2, -13.736559
45, 4, 4.249801
45, 5, 30.749948
45, 6, -5.430371
45, 7, -13.395594
45, 8, -15.898025
45, 9, 10.552863
45, 10, 6.169011
45, 11, -4.202134
45, 12, 0.628517
45, 13, 34.963049
45, 14, -22.001169
45, 16, -40.901011
45, 17, -20.610858
45, 21, -0.371458
45, 22, -16.231532
45, 23, 10.705330
45, 24, 0.237575
45, 25, -33.417506
45, 26, 57.470931
45, 27, 7.657116
45, 28, -9.755054
45, 29, 3.735100
45, 30, 20.398667
45, 31, -58.994542
45, 32, 5.799584
45, 33, 1.886392
45, 35, 10.053251
45, 36, -38.222996
45, 37, 0.179158
45, 38, 14.320589
45, 40, -21.089893
45, 41, -4.597268
45, 42, 24.672088
45, 43, -25.524351
45, 44, 10.501518
45, 46, -32.487696
45, 47, 4.289725
45, 48, 58.881213
45, 49, 17.899808
46, 1, -1.861114
46, 2, -19.310843
46, 4, 11.299703
46, 5, 30.250052
46, 6, -19.023443
46, 7, -3.707932
46, 8, -17.275904
46, 9, 12.130777
46, 10, 19.605492
46, 11, -13.176805
46, 13, 30.470732
46, 14, -14.222055
46, 16, -41.098989
46, 17, -23.222082
46, 19, 5.888534
46, 20, 59.510924
46, 21, 11.469405
46, 22, -9.374673
46, 23, 4.984973
46, 25, -19.881385
46, 26, 53.363890
46, 27, 20.904587
46, 28, -17.253752
46, 30, 26.356526
46, 31, -60.642076
46, 32, -0.327024
46, 34, -38.209638
46, 35, 22.817732
46, 36, -38.558656
46, 37, 5.488110
46, 38, 18.946361
46, 40, -19.437986
46, 41, 1.836188
46, 42, 33.632812
46, 43, -10.195542
46, 44, 21.323455
46, 45, -73.000000
46, 46, -26.787041
46, 47, -5.018726
46, 48, 59.118787
46, 50, 4.584244
47, 1, 6.515645
47, 2, -15.352926
47, 3, 11.477909
47, 4, 12.653112
47, 6, -12.021778
47, 7, -12.218187
47, 8, -19.146303
47, 9, 9.208687
47, 10, 11.266101
47, 11, -3.138786
47, 12, 75.113838
47, 13, 34.765865
47, 17, -25.909887
47, 19, 5.111466
47, 20, 62.353489
47, 21, -4.900499
47, 22, -12.930543
47, 23, 15.011411
47, 24, -33.000000
47, 25, -25.336782
47, 27, 23.283940
47, 28, -10.138243
47, 29, 99999.000000
47, 31, -57.925383
47, 32, 5.361443
47, 34, -44.989315
47, 37, 1.927993
47, 38, 17.598025
47, 39, -13.164088
47, 40, -22.600640
47, 41, -2.644814
47, 42, 36.888685
47, 43, -15.783636
47, 44, 10.851280
47, 46, -32.541011
47, 47, 5.860622
47, 49, 22.479850
48, 1, -9.002941
48, 3, 10.210163
48, 4, 19.698818
48, 5, -18.940236
48, 6, -23.036617
48, 7, -0.653609
48, 8, -18.559815
48, 9, 10.487748
48, 10, 24.446833
48, 11, -11.806798
48, 13, 31.435510
48, 15, 24.853887
48, 16, -46.830551
48, 17, -29.509409
48, 20, 59.585365
48, 21, 3.959121
48, 22, -8.279555
48, 23, 7.959499
48, 25, -12.172302
48, 26, -92.000000
48, 27, 33.669963
48, 30, -55.479380
48, 32, -2.295389
48, 34, -38.421955
48, 35, -14.200557
48, 36, -2.575817
48, 37, 6.330272
48, 38, 20.098315
48, 39, -7.884211
48, 41, 4.534102
48, 42, 43.288584
48, 43, 0.559783
48, 44, 20.882884
48, 45, 31.805040
48, 46, -26.852129
48, 47, -3.869319
48, 48, -24.497314
48, 49, 26.777153
48, 50, 30.697951
49, 1, 1.293199
49, 3, 11.209805
49, 4, 19.741201
49, 5, -23.502869
49, 6, -17.257483
49, 7, -10.837123
49, 8, -20.413630
49, 9, 8.820353
49, 10, 15.447404
49, 11, -2.158523
49, 13, 33.924160
49, 16, -49.318140
49, 17, -30.059496
49, 18, -35.707981
49, 19, -31.596515
49, 21, -7.800058
49, 22, -11.104635
49, 24, -76.000000
49, 25, -18.848309
49, 27, 33.536363
49, 28, -17.653537
49, 29, 24.158383
49, 30, -58.941861
49, 31, 44.730150
49, 32, 3.708933
49, 33, 13.663644
49, 34, -45.406725
49, 35, -14.799443
49, 36, -6.753722
49, 37, 3.005394
49, 38, 18.707615
49, 39, -13.854296
49, 40, 22.537121
49, 41, -0.300344
49, 42, 44.351753
49, 43, -7.663103
49, 45, 34.808450
49, 48, -29.538218
49, 49, 22.365477
49, 50, 33.318140
50, 1, -12.093152
50, 3, 9.934700
50, 4, 23.666758
50, 5, -18.761110
50, 6, -25.018801
50, 8, -18.556752
50, 10, 26.658928
50, 13, 31.808385
50, 14, -49.143535
50, 15, 61.000000
50, 16, -46.756109
50, 17, -32.153268
50, 18, -36.292019
50, 19, -31.403485
50, 20, 4.000000
50, 22, -7.915688
50, 23, 75.000000
50, 25, -8.473462
50, 26, 68.000000
50, 27, 38.799139
50, 28, -18.346463
50, 29, 23.841617
50, 30, -55.390981
50, 31, 44.269850
50, 32, -3.740051
50, 33, -1.336564
50, 34, -38.832378
50, 36, -2.936394
50, 37, 6.760778
50, 39, -8.538118
50, 40, 22.462879
50, 41, 6.183976
50, 42, 46.927585
50, 43, 5.547572
50, 44, -53.000000
50, 45, 31.593347
50, 46, -72.000000
50, 47, -8.000000
50, 48, -24.713660
50, 49, 26.654440
50, 50, 30.888708
