1, 1, 33.000000
1, 3, -21.834483
1, 4, 15.075055
1, 6, 1.676076
1, 7, 10.974627
1, 8, 34.596910
1, 9, -16.676247
1, 10, -19.000000
1, 11, 2.302881
1, 12, 99999.000000
1, 13, -86.000000
1, 14, -57.906027
1, 15, -38.000000
1, 16, 0.029367
1, 18, -91.035240
1, 19, -40.107207
1, 20, -28.712439
1, 21, -21.024835
1, 22, -8.621289
1, 23, 1.967434
1, 24, 18.966194
1, 25, -23.642164
1, 27, 62.000000
1, 28, 7.714421
1, 29, -41.000000
1, 30, -31.358337
1, 32, -8.298237
1, 33, -35.461372
1, 34, -16.207884
1, 35, -9.147454
1, 37, -82.000000
1, 38, -87.000000
1, 39, 82.000000
1, 40, -10.496065
1, 41, 17.886361
1, 42, -20.121459
1, 43, -33.226804
1, 45, 14.728094
1, 46, -81.000000
1, 47, -2.945648
1, 49, 45.000000
1, 50, 16.194163
2, 2, 50.938848
2, 3, -25.956167
2, 4, 9.681017
2, 5, -46.165915
2, 6, 3.545662
2, 7, 8.493997
2, 8, 34.403090
2, 9, -26.825141
2, 11, 0.971584
2, 14, -58.093973
2, 16, 28.092737
2, 17, 0.085375
2, 19, -42.130175
2, 20, -20.713340
2, 21, -21.665827
2, 22, -14.025210
2, 23, 2.829006
2, 24, 12.806438
2, 25, -27.421029
2, 28, 5.631753
2, 30, -36.708583
2, 31, 11.880930
2, 32, -7.124550
2, 33, -31.970217
2, 34, -8.238049
2, 35, -2.002714
2, 36, -70.467697
2, 40, -2.953167
2, 41, 15.990696
2, 42, -24.614646
2, 43, -36.898307
2, 44, -7.776353
2, 45, 5.767904
2, 47, -7.197474
2, 48, -9.969494
2, 50, 19.481292
3, 1, -16.134951
3, 2, 10.105379
3, 3, -21.872456
3, 4, 15.065312
3, 5, -39.343260
3, 6, 1.854722
3, 7, 10.974689
3, 9, -16.675673
3, 11, 1.379001
3, 12, 32.366288
3, 13, 99999.000000
3, 15, -26.111593
3, 17, -43.298019
3, 19, -39.612176
3, 20, -28.711315
3, 21, -22.143984
3, 22, -8.622723
3, 23, 1.074723
3, 24, 18.983963
3, 25, -23.575378
3, 26, -28.003293
3, 27, 0.111813
3, 28, 7.714722
3, 29, 53.055523
3, 30, -31.357814
3, 31, 11.032691
3, 32, -7.720294
3, 33, -33.306761
3, 34, -15.786704
3, 35, -8.814117
3, 36, -70.532303
3, 37, -79.000000
3, 38, 41.221017
3, 39, -2.402664
3, 40, -10.668839
3, 41, 17.886230
3, 42, -20.121289
3, 43, -33.247994
3, 44, -26.628908
3, 45, 14.731896
3, 47, -1.755187
3, 48, -8.846338
3, 49, -42.374955
3, 50, 16.195340
4, 1, -15.054009
4, 2, 50.938853
4, 3, -26.022555
4, 4, 9.667264
4, 5, -46.171503
4, 6, 3.713569
4, 8, -21.707035
4, 9, -26.826045
4, 10, -95.000000
4, 11, -0.749264
4, 12, 31.266206
4, 14, 13.997386
4, 15, -25.888407
4, 17, 0.086471
4, 19, -42.320410
4, 20, -20.712390
4, 21, -24.198594
4, 23, 0.110560
4, 24, 12.832489
4, 25, -26.439365
4, 26, -29.252560
4, 27, 3.623616
4, 29, 56.659664
4, 31, 11.894439
4, 32, -5.848832
4, 33, -27.483148
4, 34, -6.636015
4, 35, -1.380402
4, 38, 41.778983
4, 39, -8.495942
4, 40, -3.182183
4, 43, -36.994084
4, 44, -8.555374
4, 45, 5.772838
4, 47, -4.747226
4, 48, -9.969819
4, 49, -45.676015
4, 50, 19.482734
5, 1, -16.067264
5, 2, 10.091524
5, 3, -21.948129
5, 4, 15.055088
5, 5, -39.350902
5, 6, 2.494610
5, 7, 14.412116
5, 8, -31.615982
5, 11, -0.856434
5, 12, 32.365956
5, 13, 10.633309
5, 14, 16.145518
5, 19, -38.368037
5, 21, -25.172926
5, 23, -1.199350
5, 24, 19.013961
5, 25, -23.615081
5, 26, -26.484546
5, 27, 1.593132
5, 29, 53.055848
5, 31, 11.051583
5, 32, -6.252259
5, 33, -27.447705
5, 34, -14.657337
5, 35, -7.973756
5, 36, -0.305659
5, 39, -2.637192
5, 40, -11.012773
5, 41, 3.328894
5, 43, -33.283059
5, 44, -27.948969
5, 45, 14.735262
5, 47, 1.399052
5, 49, -42.375191
5, 50, 16.196228
6, 1, -14.941346
6, 3, -26.088593
6, 5, -46.176996
6, 6, 4.228867
6, 7, 10.362845
6, 8, -20.011717
6, 10, -3.002087
6, 11, -3.189906
6, 13, 5.204780
6, 14, 12.382152
6, 16, -21.620672
6, 19, -42.621482
6, 20, -16.789871
6, 21, -28.471156
6, 23, -4.164425
6, 24, 12.849563
6, 25, -25.294030
6, 26, -28.151542
6, 27, 5.825661
6, 31, 11.917348
6, 32, -3.959532
6, 33, -19.794011
6, 34, -4.009417
6, 35, -0.432055
6, 36, 6.228171
6, 38, -17.337770
6, 39, -8.921044
6, 40, -3.410574
6, 41, 11.568278
6, 42, -50.821006
6, 43, -37.090188
6, 44, -10.305563
6, 47, -0.689600
6, 49, -45.676468
7, 1, -15.957382
7, 3, -21.985741
7, 4, -21.872957
7, 6, 3.669537
7, 7, 14.410825
7, 8, -27.827766
7, 10, -10.302591
7, 11, -3.099166
7, 12, 15.666912
7, 13, 10.682443
7, 14, 13.444998
7, 16, -14.192326
7, 18, 26.825970
7, 19, -36.967670
7, 20, -10.208266
7, 21, -29.280894
7, 22, 34.870335
7, 23, -3.875564
7, 25, -24.203466
7, 26, -23.433205
7, 27, 5.708051
7, 29, -26.854727
7, 31, 11.064106
7, 32, -4.572121
7, 33, -19.598730
7, 34, -13.206863
7, 35, -6.996432
7, 36, -0.676029
7, 38, -17.553975
7, 39, -3.104856
7, 40, -11.184430
7, 41, 1.550390
7, 42, -57.303422
7, 44, -29.594801
7, 46, -11.190286
7, 47, 5.448454
7, 50, 18.484831
8, 1, -14.870999
8, 4, -21.127043
8, 5, 4.577880
8, 6, 5.058182
8, 8, -15.557440
8, 9, 9.889988
8, 10, -3.168185
8, 11, -4.921288
8, 12, 21.845138
8, 13, 5.436416
8, 14, 7.590140
8, 16, -20.009772
8, 19, -42.895246
8, 20, -16.081350
8, 21, -33.232683
8, 22, 11.216972
8, 23, -8.306018
8, 24, -2.000000
8, 25, -24.926687
8, 26, -25.567039
8, 27, 9.774554
8, 29, -21.998280
8, 30, -17.437068
8, 32, -2.460819
8, 33, -11.226785
8, 34, -1.339174
8, 35, 0.445697
8, 36, 5.592927
8, 37, -31.507908
8, 38, -16.249079
8, 39, -9.345584
8, 41, 9.051873
8, 42, -50.820875
8, 44, -11.710100
8, 45, 2.860349
8, 46, -11.014648
8, 47, 3.636405
8, 48, -17.652928
8, 49, 14.000000
8, 50, 10.607190
9, 3, -25.975856
9, 5, 3.386527
9, 6, 5.003373
9, 8, -21.657120
9, 9, -12.031102
9, 10, -10.559369
9, 11, -4.031110
9, 12, 15.666866
9, 13, 10.794102
9, 14, 8.059886
9, 15, 23.000000
9, 16, -14.063321
9, 17, 60.000000
9, 19, -36.061764
9, 20, -9.283299
9, 21, -33.451720
9, 22, 32.260267
9, 23, -5.925645
9, 25, -25.438231
9, 26, -18.955613
9, 27, 11.580534
9, 29, -26.855513
9, 30, -22.010052
9, 31, -68.000000
9, 32, -3.450058
9, 33, -12.208647
9, 34, -11.988275
9, 35, -6.254283
9, 36, -1.416692
9, 37, -45.953004
9, 38, -14.410360
9, 39, -3.338788
9, 40, 24.132669
9, 41, -3.110796
9, 44, -30.327853
9, 45, 5.927947
9, 46, -11.983460
9, 47, 9.090956
9, 48, -11.611488
9, 50, 18.482522
10, 1, 19.671081
10, 2, -48.744299
10, 3, -24.023339
10, 4, 8.177500
10, 5, 4.579163
10, 6, 5.629541
10, 7, -18.141691
10, 8, -10.015347
10, 9, 10.986447
10, 10, -3.499224
10, 13, 5.726626
10, 14, -0.064755
10, 16, -17.733695
10, 19, -43.005630
10, 20, -14.031641
10, 21, -37.213143
10, 22, 10.470434
10, 23, -10.966746
10, 24, -15.612913
10, 25, -25.599571
10, 26, -21.174964
10, 27, 14.707187
10, 29, -21.999274
10, 30, -17.435981
10, 32, -2.192380
10, 33, -4.543324
10, 34, 0.333772
10, 35, 0.953613
10, 36, 4.957072
10, 37, -31.572540
10, 38, -13.177271
10, 40, 17.811825
10, 41, 4.964626
10, 42, -53.290248
10, 43, -1.784857
10, 45, 2.870145
10, 46, -12.346837
10, 47, 6.879008
10, 48, -17.982987
10, 49, 8.824233
10, 50, 10.604217
11, 1, 9.818402
11, 2, -45.849031
11, 3, -26.243267
11, 4, -0.194625
11, 5, 3.387792
11, 6, 5.580893
11, 7, -13.690740
11, 8, -15.433191
11, 9, -10.411599
11, 10, -10.815446
11, 11, -25.536642
11, 12, -16.000000
11, 13, 10.884517
11, 14, 0.329412
11, 15, 11.064607
11, 16, -13.933458
11, 17, -7.237331
11, 20, -7.416899
11, 21, -36.774217
11, 22, 27.537673
11, 23, -6.787277
11, 24, -13.331697
11, 25, -26.775629
11, 26, -13.437459
11, 27, 18.056982
11, 28, 9.485317
11, 30, -22.009198
11, 32, -3.369414
11, 33, -7.734445
11, 34, -11.511352
11, 35, -5.981748
11, 36, -1.787708
11, 37, -46.009702
11, 38, -8.744034
11, 39, -2.531049
11, 40, 25.275082
11, 41, -8.978785
11, 42, -54.015906
11, 44, 4.482914
11, 45, 5.941097
11, 46, -13.986882
11, 47, 11.221676
11, 48, -12.140854
11, 49, 2.586114
11, 50, 18.480516
12, 1, 20.094376
12, 2, -49.100851
12, 3, -24.391912
12, 4, 9.312726
12, 6, 4.977325
12, 7, -18.403077
12, 8, -5.500424
12, 9, 12.541838
12, 10, -3.664570
12, 11, -25.566213
12, 13, 5.856398
12, 14, -9.707752
12, 16, -16.124799
12, 17, -5.720972
12, 18, 0.216272
12, 19, -5.057804
12, 20, -10.813668
12, 21, -39.452761
12, 22, 8.974054
12, 23, -11.756308
12, 24, -15.572712
12, 25, -26.627101
12, 26, -15.214637
12, 27, 19.767644
12, 28, 9.514683
12, 29, 80.000000
12, 31, 18.268003
12, 32, -3.378586
12, 33, -2.019116
12, 37, -31.720160
12, 38, -8.708168
12, 39, -2.131454
12, 40, 19.842762
12, 41, 0.723291
12, 42, -53.290612
12, 43, -17.351611
12, 44, 9.141452
12, 45, 2.879409
12, 46, -14.341393
12, 47, 8.075415
12, 48, -18.642799
12, 49, 8.826128
13, 1, 11.399667
13, 2, -46.672129
13, 3, -26.843878
13, 4, 2.939494
13, 5, 30.686220
13, 6, 4.382918
13, 7, -14.855684
13, 8, -11.558528
13, 9, -8.392945
13, 11, -25.480375
13, 14, -8.746878
13, 17, -7.236270
13, 18, 0.684964
13, 19, -0.767598
13, 20, -4.556575
13, 21, -38.600814
13, 22, 21.651748
13, 23, -6.588810
13, 24, -13.268854
13, 25, -27.274826
13, 26, -7.600242
13, 27, 24.036234
13, 30, -53.004395
13, 31, 18.731997
13, 32, -4.274012
13, 34, -2.518387
13, 35, 5.648162
13, 36, -43.964760
13, 37, -46.081722
13, 38, -1.744811
13, 39, -2.535554
13, 40, 27.838890
13, 41, -14.136382
13, 43, -15.294083
13, 44, 4.481135
13, 46, -16.209059
13, 48, -12.670724
13, 49, 2.587845
13, 50, 5.094767
14, 1, 21.222672
14, 2, -49.993976
14, 3, -24.851472
14, 4, 12.426669
14, 5, 38.913473
14, 6, 2.303863
14, 7, -19.059205
14, 8, -3.767466
14, 9, 13.644727
14, 10, 11.329455
14, 11, -25.439252
14, 13, -3.761039
14, 14, -19.759049
14, 17, -5.719794
14, 18, 0.216070
14, 19, -5.056368
14, 20, -6.627796
14, 22, 6.921015
14, 23, -11.283184
14, 24, -15.493771
14, 25, -26.840616
14, 26, -8.676153
14, 27, 24.213690
14, 28, -33.540054
14, 30, -36.239680
14, 32, -5.475533
14, 33, -45.952319
14, 34, -3.481613
14, 35, 7.281283
14, 36, -44.035240
14, 37, -31.840004
14, 38, -3.789312
14, 39, -2.137452
14, 40, 22.373895
14, 41, -2.371814
14, 43, -17.442407
14, 44, 9.139476
14, 46, -15.923596
14, 47, -16.048580
14, 48, -18.973369
14, 50, 4.415075
15, 1, 14.009962
15, 2, -47.921353
15, 3, -27.325467
15, 4, 8.477846
15, 5, 28.710649
15, 6, 0.928081
15, 7, -16.633260
15, 9, -7.494389
15, 10, 25.901768
15, 11, -25.368551
15, 12, 13.565846
15, 13, -11.930652
15, 14, -17.465951
15, 18, 0.684947
15, 19, -0.766212
15, 20, -0.675088
15, 22, 15.896971
15, 23, -5.979791
15, 24, -13.206930
15, 25, -26.206673
15, 26, -2.398550
15, 27, 28.743377
15, 28, -31.317922
15, 29, 29.342377
15, 30, -53.004571
15, 31, -84.000000
15, 32, -5.588019
15, 33, -43.527892
15, 35, 6.210673
15, 37, -46.114230
15, 38, 5.005559
15, 39, -2.539695
15, 40, 29.894259
15, 41, -17.095794
15, 43, -15.443398
15, 45, -17.225363
15, 46, -17.448554
15, 47, -8.970091
15, 49, -4.128905
15, 50, 3.873582
16, 1, 22.661581
16, 2, -50.993081
16, 3, -25.056050
16, 4, 16.810270
16, 5, 34.772765
16, 6, -2.470838
16, 7, -19.794499
16, 8, -24.350887
16, 10, 11.233688
16, 11, -25.312539
16, 12, -9.223289
16, 13, -3.755763
16, 14, -28.163967
16, 16, -9.565883
16, 17, 53.250383
16, 20, -1.710702
16, 22, 4.856222
16, 23, -10.637932
16, 24, -15.454785
16, 25, -25.425107
16, 26, -3.047865
16, 27, 27.554390
16, 28, -33.539836
16, 29, 33.472503
16, 30, -36.237207
16, 32, -7.426441
16, 33, -45.952970
16, 34, 2.000000
16, 35, 8.254985
16, 36, 66.000000
16, 38, 0.421839
16, 40, 23.500704
16, 41, -3.494312
16, 43, -17.588660
16, 44, 30.393945
16, 45, -10.221078
16, 46, -16.084691
16, 47, -16.049967
16, 48, -1.642349
16, 49, 5.967526
16, 50, 1.868576
17, 1, 16.686211
17, 2, -49.007905
17, 4, 15.317572
17, 5, 23.155725
17, 6, -4.364601
17, 7, -18.188618
17, 8, -21.700460
17, 9, -25.722728
17, 10, 25.732068
17, 11, -25.312634
17, 12, 13.562245
17, 13, -11.914883
17, 14, -23.811971
17, 15, -36.507542
17, 16, -5.353630
17, 17, 53.749617
17, 18, 3.355545
17, 19, 86.000000
17, 20, 4.075745
17, 21, 10.327733
17, 22, 11.679045
17, 23, -5.674787
17, 25, -23.578299
17, 26, 1.204343
17, 27, 31.842770
17, 28, -31.318150
17, 29, 29.314975
17, 31, 99999.000000
17, 32, -6.523610
17, 33, -43.528415
17, 35, 7.334788
17, 38, 9.881825
17, 39, 16.737664
17, 42, -7.182393
17, 43, -15.535879
17, 44, 26.462185
17, 45, -17.224418
17, 46, -16.845260
17, 47, -8.972212
17, 48, -8.466620
17, 49, -4.620647
17, 50, 0.786406
18, 1, 23.863027
18, 2, -51.635408
18, 3, -73.000000
18, 4, 21.667795
18, 5, 27.285286
18, 6, -8.547954
18, 7, -20.267774
18, 8, -24.402981
18, 9, -26.237095
18, 10, 11.042606
18, 12, -9.222808
18, 13, -3.748552
18, 14, -32.965250
18, 15, -23.608563
18, 16, -11.702923
18, 18, 12.785421
18, 20, 3.588295
18, 21, 1.487752
18, 22, 3.540210
18, 24, -34.352400
18, 25, -22.532610
18, 26, 0.212559
18, 27, 29.575127
18, 29, 33.419640
18, 32, -8.216098
18, 34, 23.000000
18, 35, 9.228782
18, 36, 21.455950
18, 37, 73.000000
18, 38, 2.852025
18, 39, 6.366444
18, 40, -1.445753
18, 41, 34.606304
18, 42, -10.707776
18, 44, 30.393651
18, 45, -10.219270
18, 46, -14.385545
18, 47, -16.051693
18, 48, -1.640794
18, 49, 5.016102
18, 50, -2.026648
19, 1, 18.374257
19, 2, -49.433566
19, 4, 22.395923
19, 5, 15.188341
19, 6, -10.303654
19, 7, -18.800479
19, 8, -21.781896
19, 9, -25.721754
19, 10, 25.562159
19, 11, -9.700500
19, 13, -11.905790
19, 14, -26.139404
19, 15, -36.341914
19, 16, -6.604244
19, 17, -32.375494
19, 18, 3.195983
19, 19, 5.391049
19, 20, 9.243835
19, 21, 10.187194
19, 22, 10.126288
19, 23, -9.628313
19, 24, -33.647600
19, 25, -20.226016
19, 26, 2.493913
19, 27, 33.339893
19, 28, -12.371237
19, 29, 29.271831
19, 31, -90.000000
19, 33, 13.518018
19, 35, 7.897480
19, 36, 21.544050
19, 38, 11.658831
19, 39, 15.528122
19, 40, 5.905485
19, 41, 34.767228
19, 42, -8.029080
19, 45, -17.222758
19, 46, -14.349216
19, 48, -8.464979
19, 49, -5.859220
19, 50, -2.718928
20, 1, 24.331473
20, 3, 62.000000
20, 4, 26.356226
20, 5, 18.136309
20, 6, -14.521608
20, 8, -24.487533
20, 10, 10.947008
20, 11, -16.328283
20, 15, -23.703757
20, 16, -15.198408
20, 17, -31.470246
20, 18, 12.513983
20, 19, 12.293681
20, 20, 8.784533
20, 21, 2.330647
20, 23, -0.374583
20, 25, -19.277189
20, 27, 30.244571
20, 28, -22.812155
20, 29, 33.387397
20, 30, -57.379597
20, 33, 22.543414
20, 34, 19.594339
20, 37, -37.726123
20, 39, 3.666453
20, 40, -1.375657
20, 41, 34.605702
20, 42, -11.487867
20, 43, 75.070480
20, 44, -7.701998
20, 46, -11.254666
20, 47, 22.222847
20, 49, 3.562829
20, 50, -5.447174
21, 4, 28.882651
21, 5, 6.777234
21, 6, -15.385728
21, 7, -15.304325
21, 8, -21.832879
21, 11, -9.691127
21, 12, -28.262898
21, 13, -57.759193
21, 14, 14.574084
21, 15, -36.176515
21, 16, -8.545098
21, 17, -30.328978
21, 18, 2.878985
21, 19, 5.505561
21, 20, 14.142498
21, 21, 10.039870
21, 23, -9.627723
21, 25, -17.442046
21, 28, -13.380527
21, 31, -15.498341
21, 32, -13.000000
21, 33, 13.920115
21, 34, 6.159092
21, 35, 9.189396
21, 36, -22.280158
21, 37, -37.273877
21, 38, 5.962708
21, 39, 12.021980
21, 40, 5.912014
21, 41, 34.766963
21, 42, -10.302443
21, 44, -9.725057
21, 45, 5.882545
21, 46, -10.847409
21, 47, 22.843720
21, 48, -29.323665
21, 49, -7.258436
21, 50, -5.004606
22, 1, -96.000000
22, 3, 23.276110
22, 4, 30.405752
22, 5, 9.772283
22, 6, -18.874590
22, 7, -12.694519
22, 10, -0.736857
22, 11, -16.380242
22, 12, -28.206722
22, 13, -58.240807
22, 14, 8.150085
22, 15, -23.762183
22, 16, -18.741477
22, 17, -27.850435
22, 18, 12.243345
22, 19, 12.478835
22, 20, 13.375750
22, 21, 3.831770
22, 22, 80.485317
22, 23, -0.373759
22, 24, -48.821008
22, 25, -17.137277
22, 26, 47.040532
22, 28, -24.520497
22, 31, -14.923715
22, 33, 23.257132
22, 34, 19.592964
22, 35, 17.952495
22, 36, -23.541109
22, 38, 7.792129
22, 39, -1.532150
22, 40, -1.218501
22, 42, -12.665748
22, 44, -7.886577
22, 45, 3.950981
22, 46, -7.884858
22, 47, 21.706385
22, 48, -35.127251
22, 49, 2.288520
22, 50, -6.797259
23, 3, 23.768367
23, 4, 34.128983
23, 5, 0.334667
23, 6, -18.301080
23, 7, -15.299956
23, 8, 7.601231
23, 9, -15.645425
23, 10, -6.509650
23, 11, -9.668335
23, 12, -27.940145
23, 14, 14.574914
23, 16, -10.277042
23, 17, -25.140186
23, 18, 2.720843
23, 19, 5.690140
23, 20, 18.114902
23, 21, 10.021403
23, 22, 80.514683
23, 23, -9.627146
23, 24, -62.553689
23, 25, -16.363988
23, 26, 45.448980
23, 28, -15.921668
23, 30, 10.673508
23, 31, -16.558272
23, 32, 91.000000
23, 33, 14.948012
23, 34, 6.146116
23, 35, 10.013337
23, 36, -20.932764
23, 38, 5.962782
23, 39, 6.589395
23, 40, 5.919860
23, 41, 32.090670
23, 42, -13.289756
23, 44, -10.237881
23, 45, 5.881432
23, 46, -7.816431
23, 47, 21.712571
23, 48, -29.323217
23, 49, -8.166747
24, 1, 14.287838
24, 2, -73.000000
24, 3, 23.323762
24, 4, 33.421275
24, 5, 4.754579
24, 6, -20.466645
24, 7, -12.688881
24, 8, 7.218065
24, 9, -11.879796
24, 10, -0.678368
24, 11, -16.443229
24, 12, -27.494606
24, 13, 33.000000
24, 14, 8.151151
24, 15, -6.810603
24, 16, -20.955985
24, 17, -22.293945
24, 19, 12.593467
24, 20, 17.041139
24, 21, 5.625704
24, 24, -48.990431
24, 26, 47.040161
24, 27, -16.333826
24, 28, -27.113495
24, 29, -44.430789
24, 30, 15.474689
24, 31, -16.567055
24, 33, 24.359822
24, 35, 18.674083
24, 36, -20.979334
24, 38, 7.792456
24, 39, -8.789660
24, 40, -1.092219
24, 41, 25.015007
24, 42, -13.640387
24, 43, -1.567642
24, 44, -8.334464
24, 45, 3.950018
24, 46, -5.712919
24, 47, 20.461565
24, 49, 1.785974
24, 50, -62.000000
25, 1, 12.849639
25, 3, 23.868959
25, 4, 37.573370
25, 5, -2.085023
25, 7, -15.296101
25, 8, 7.601935
25, 9, -16.842569
25, 10, -6.423727
25, 11, -9.648922
25, 12, -27.216352
25, 15, 3.939961
25, 16, -10.968383
25, 17, -19.224718
25, 18, 14.000000
25, 20, 20.827669
25, 21, 10.149360
25, 22, -4.579096
25, 24, -62.754037
25, 25, 25.000000
25, 27, -11.967975
25, 28, -18.789021
25, 29, -54.786470
25, 30, 10.506076
25, 31, -19.116309
25, 33, 16.133016
25, 35, 12.071288
25, 36, -17.301765
25, 38, 5.963196
25, 39, -0.105933
25, 40, 5.923525
25, 41, 32.092407
25, 42, -16.097676
25, 43, 30.254277
25, 44, -10.995288
25, 46, -6.621122
25, 47, 20.113907
25, 48, -13.209139
26, 1, 14.287603
26, 2, -50.876660
26, 3, 23.420567
26, 4, 35.045519
26, 6, 12.495462
26, 8, 7.218581
26, 9, -14.083483
26, 10, -0.584486
26, 11, -16.470471
26, 12, -26.607381
26, 13, 55.199693
26, 14, -43.424266
26, 15, -6.811168
26, 17, -17.395283
26, 19, -18.923599
26, 20, 19.758368
26, 21, 7.228907
26, 22, -6.516306
26, 23, 0.741032
26, 24, -49.372738
26, 26, -27.170240
26, 27, -16.288942
26, 28, -29.370415
26, 29, -44.433498
26, 30, 14.748653
26, 31, -18.890978
26, 32, -50.035240
26, 33, 25.338976
26, 35, 19.667797
26, 36, -16.674255
26, 39, -17.324775
26, 41, 25.016658
26, 42, -13.879457
26, 43, 0.213076
26, 44, -8.813665
26, 47, 19.216875
26, 48, -3.651644
26, 49, 38.000000
26, 50, -30.877378
27, 1, 12.849475
27, 2, -51.123340
27, 3, 23.970738
27, 4, 38.778798
27, 5, -11.046574
27, 6, 1.538349
27, 7, 17.113299
27, 9, -19.873915
27, 10, -6.370529
27, 12, -26.636192
27, 13, 54.800307
27, 14, -49.883554
27, 15, 3.939368
27, 16, -6.277517
27, 17, -15.353689
27, 18, 0.808361
27, 19, -20.347515
27, 20, 22.378063
27, 21, 10.318613
27, 22, -5.466554
27, 23, 4.335642
27, 24, -63.004719
27, 25, -56.000000
27, 26, -19.252450
27, 27, -11.895622
27, 28, -20.648050
27, 29, -54.790478
27, 30, 10.090984
27, 31, -21.674662
27, 33, 16.916305
27, 34, 28.690212
27, 35, 14.359138
27, 36, -12.505266
27, 37, 10.458120
27, 38, -14.095561
27, 39, -7.037619
27, 40, -13.639910
27, 42, -18.013745
27, 43, 30.740109
27, 44, -11.634326
27, 45, -17.232512
27, 46, -1.671240
27, 47, 18.983093
27, 48, -13.571538
27, 50, -22.918183
28, 3, 23.469896
28, 5, 6.221494
28, 6, 12.035151
28, 7, 19.009304
28, 8, -22.872957
28, 9, -17.460636
28, 12, -26.212431
28, 14, -43.424684
28, 16, -5.331833
28, 17, -15.456251
28, 18, -3.217287
28, 19, -17.994224
28, 20, 21.725669
28, 21, 8.174900
28, 22, -7.773874
28, 23, 1.880345
28, 24, -49.680511
28, 26, -27.248841
28, 27, -16.217904
28, 28, -30.255695
28, 29, -44.436579
28, 30, 13.645390
28, 31, -20.534829
28, 33, 25.728768
28, 34, 8.450075
28, 35, 20.347279
28, 36, -11.993798
28, 37, 9.541880
28, 38, -17.785232
28, 39, -25.919556
28, 40, -11.034356
28, 41, -21.543208
28, 42, -13.207703
28, 43, 2.735228
28, 44, -9.109600
28, 45, -28.084878
28, 46, 2.774910
28, 47, 18.700581
28, 48, -4.702167
28, 49, -80.964760
28, 50, -30.341236
29, 1, -6.532906
29, 5, -11.009020
29, 6, 0.659476
29, 7, 17.114110
29, 8, -22.127043
29, 9, -23.324217
29, 10, 27.390684
29, 11, 50.136061
29, 16, -5.993122
29, 18, 0.807511
29, 19, -18.753977
29, 20, 23.141223
29, 21, 10.395064
29, 22, -7.613947
29, 23, 7.125389
29, 24, -63.116690
29, 25, 9.153498
29, 26, -19.298719
29, 27, -11.851736
29, 30, 9.632273
29, 31, -22.734939
29, 34, 28.671804
29, 35, 15.824364
29, 36, -8.053660
29, 38, -14.311106
29, 39, -12.860221
29, 40, -13.638919
29, 41, -28.540517
29, 42, -18.805329
29, 43, 31.347702
29, 44, -11.879798
29, 45, -17.235931
29, 46, -1.671874
29, 48, -14.542642
29, 49, -81.035240
29, 50, -21.614295
30, 1, -8.659874
30, 2, -34.317220
30, 3, 6.737056
30, 4, 9.901470
30, 5, 6.520187
30, 6, 10.926240
30, 9, -20.432824
30, 10, 26.294580
30, 11, 53.834746
30, 12, 41.006396
30, 14, 23.051418
30, 16, -4.764657
30, 17, 5.912727
30, 19, -15.612734
30, 20, 23.146304
30, 22, -9.558152
30, 23, 4.722042
30, 25, 10.113030
30, 26, -27.439832
30, 28, -10.202202
30, 29, -3.658078
30, 30, 12.683533
30, 32, -3.227791
30, 33, -62.000000
30, 34, 8.456759
30, 35, 20.367996
30, 36, -8.420798
30, 37, -1.797012
30, 38, -18.151751
30, 39, -33.004888
30, 40, -11.033763
30, 41, -21.543154
30, 42, -11.935686
30, 43, 4.522317
30, 45, -28.089794
30, 47, 23.929520
30, 48, -6.453796
30, 50, -28.933939
31, 1, -7.164056
31, 2, -30.823739
31, 3, 14.674433
31, 4, 9.258005
31, 5, -10.949539
31, 6, -0.578436
31, 7, -46.194758
31, 8, 7.574755
31, 9, -25.579099
31, 10, 27.392144
31, 11, 48.789584
31, 12, 38.712625
31, 13, -5.816300
31, 14, 12.110448
31, 15, 12.561670
31, 16, -5.357601
31, 17, 5.423066
31, 18, 63.000000
31, 19, -16.211118
31, 20, 23.495038
31, 21, -10.110116
31, 22, -9.767078
31, 23, 11.460449
31, 24, -55.745701
31, 25, 9.158829
31, 26, -19.367647
31, 28, -2.709225
31, 29, -0.481085
31, 30, 9.340119
31, 32, -8.117467
31, 34, 28.660825
31, 35, 15.880554
31, 36, -5.386426
31, 37, 4.713888
31, 38, -14.742373
31, 39, -16.211410
31, 42, -18.779048
31, 43, 31.619234
31, 44, -85.000000
31, 45, -17.239632
31, 46, -34.667390
31, 47, 24.070480
31, 48, -15.785506
31, 50, -19.481668
32, 1, -9.054162
32, 2, -33.014966
32, 3, 6.629808
32, 4, 11.021569
32, 5, 6.817708
32, 6, 9.820684
32, 7, -44.907263
32, 8, 15.233327
32, 9, -21.608101
32, 10, 26.296019
32, 11, 51.295360
32, 12, 39.867161
32, 13, 7.878267
32, 14, 23.052990
32, 16, -4.060860
32, 17, 6.003674
32, 19, -12.743463
32, 20, 24.064250
32, 21, -14.891358
32, 22, -10.823852
32, 23, 7.848068
32, 24, -57.116686
32, 25, 10.120799
32, 26, -27.633073
32, 28, -10.196044
32, 29, -4.245996
32, 30, 12.305585
32, 33, -49.000000
32, 35, 19.811383
32, 36, -7.087917
32, 37, -1.806530
32, 38, -18.518695
32, 39, -37.035630
32, 40, 0.329025
32, 42, -10.724169
32, 46, -34.332610
32, 48, -8.268593
32, 49, 5.785512
32, 50, -27.154070
33, 1, -8.581916
33, 2, -28.716528
33, 3, 14.410502
33, 4, 11.288964
33, 6, -1.450009
33, 7, -46.194039
33, 8, 6.803602
33, 11, 45.535181
33, 12, 36.975505
33, 13, -5.641315
33, 14, 12.112275
33, 15, 55.000000
33, 16, -4.850805
33, 17, 5.567857
33, 18, -20.806180
33, 19, -13.625499
33, 20, 23.645490
33, 21, -10.335504
33, 22, -10.660829
33, 23, 15.492829
33, 24, -55.747574
33, 25, 9.164714
33, 26, -19.419303
33, 27, -15.894192
33, 28, -2.800986
33, 29, -1.108102
33, 32, -1.064245
33, 34, 11.000000
33, 35, 14.615589
33, 37, 4.701039
33, 38, -14.958629
33, 40, -3.214264
33, 42, -18.533285
33, 45, 4.595511
33, 47, -95.982380
33, 48, -16.825177
33, 49, 0.905503
33, 50, -17.245212
34, 1, -9.233620
34, 2, -29.496525
34, 3, 6.416518
34, 4, 14.054936
34, 6, 9.364046
34, 8, 13.248460
34, 9, -50.866339
34, 10, -14.052544
34, 11, 47.697129
34, 12, 36.977570
34, 13, 7.887365
34, 14, 23.056480
34, 16, -3.749464
34, 17, 6.150454
34, 18, -21.193820
34, 19, -10.354793
34, 20, 24.391001
34, 21, -15.458000
34, 23, 9.752633
34, 24, -57.119198
34, 26, -27.714248
34, 27, -22.416562
34, 28, -10.276256
34, 29, -5.915587
34, 30, 4.000000
34, 31, -14.262130
34, 32, -6.866674
34, 33, 21.309117
34, 35, 19.082688
34, 36, 17.474827
34, 37, -1.815634
34, 40, 0.257632
34, 41, 25.052860
34, 42, -10.228931
34, 43, -18.262615
34, 44, 43.740113
34, 45, 19.010097
34, 46, 85.000000
34, 47, -63.609244
34, 48, -9.421885
34, 49, 5.146585
34, 50, -25.579489
35, 1, -9.800925
35, 2, -25.060064
35, 3, 14.146842
35, 4, 14.741448
35, 7, -42.735700
35, 8, 4.624727
35, 9, -54.400060
35, 10, -20.269163
35, 11, 42.273757
35, 12, 34.305352
35, 13, -5.532782
35, 14, 12.114324
35, 17, 5.657926
35, 19, -11.691558
35, 21, -10.888694
35, 22, -33.793921
35, 23, 17.700164
35, 24, -55.749351
35, 25, -15.591037
35, 27, -15.888333
35, 28, -3.118071
35, 29, -2.344596
35, 32, -0.933062
35, 33, 21.690883
35, 34, -17.615789
35, 35, 12.635735
35, 36, 23.891179
35, 38, -1.516093
35, 40, -3.304835
35, 43, -21.819928
35, 44, 37.927240
35, 45, 5.409412
35, 48, -17.230574
35, 49, -0.100067
35, 50, -15.595272
36, 1, -8.651388
36, 2, -24.806685
36, 3, 6.309901
36, 4, 18.085781
36, 6, -93.000000
36, 7, -23.192077
36, 8, 9.546362
36, 9, -50.866239
36, 10, -14.385383
36, 11, 45.146556
36, 12, 33.681771
36, 18, -8.050690
36, 19, -8.950614
36, 20, -29.333393
36, 21, -16.297355
36, 22, -26.057742
36, 23, 9.638185
36, 25, -15.408963
36, 26, -56.114463
36, 27, -22.408473
36, 28, -10.655656
36, 29, -8.341498
36, 30, -9.911900
36, 31, 13.875987
36, 32, -6.606614
36, 34, -18.191121
36, 35, 18.636850
36, 36, 18.292282
36, 37, 0.000000
36, 38, 3.997730
36, 39, -8.273919
36, 40, 0.113403
36, 42, 4.661215
36, 43, -18.262893
36, 44, 43.750292
36, 45, 19.609900
36, 46, 48.070480
36, 49, 3.711847
36, 50, -24.670456
37, 1, -10.193876
37, 2, -20.815754
37, 4, 18.545557
37, 5, -13.000000
37, 8, 1.382828
37, 10, -20.786231
37, 11, 40.919471
37, 12, 31.947967
37, 13, 23.047709
37, 14, -15.960035
37, 16, -43.000000
37, 17, -20.825764
37, 18, -8.949310
37, 19, -10.629137
37, 20, -28.743281
37, 21, -11.492070
37, 22, -32.818698
37, 23, 17.600739
37, 24, 34.567271
37, 26, -45.202599
37, 27, -15.882414
37, 28, -3.805766
37, 29, -4.007549
37, 30, -10.088100
37, 31, 14.695378
37, 32, -0.498383
37, 33, 6.417007
37, 34, -17.810661
37, 35, 10.696331
37, 36, 25.430437
37, 38, -0.796420
37, 39, 6.102964
37, 40, -3.396064
37, 42, 3.866509
37, 44, 37.941259
37, 45, 7.682086
37, 46, -8.858344
37, 48, 9.399387
37, 49, -1.353423
37, 50, -14.992634
38, 1, -7.465724
38, 2, -20.289487
38, 4, 21.845763
38, 6, 0.995130
38, 8, 4.632276
38, 10, -15.051561
38, 12, 31.524604
38, 13, 20.602116
38, 14, -28.149047
38, 15, 22.160052
38, 17, -15.844793
38, 19, -8.458432
38, 20, -29.401007
38, 21, -17.008434
38, 22, -24.228889
38, 23, 7.800496
38, 24, 33.607636
38, 25, -25.356103
38, 26, -56.114642
38, 28, -11.477730
38, 29, -10.933232
38, 31, 13.876597
38, 32, -6.016164
38, 33, 5.582993
38, 34, -18.540129
38, 35, 18.728643
38, 36, 20.126955
38, 37, -1.209006
38, 38, 5.291996
38, 39, -8.540025
38, 40, 0.040979
38, 42, 5.867423
38, 43, 62.000000
38, 44, 43.766715
38, 45, 20.756458
38, 48, 8.600613
38, 49, 2.561271
39, 1, -9.958563
39, 2, -17.030660
39, 3, 69.214843
39, 4, 21.481811
39, 5, 21.731601
39, 6, 2.352341
39, 8, -2.490030
39, 9, 12.697089
39, 10, -21.304015
39, 12, 31.014340
39, 13, 23.936576
39, 14, -16.352591
39, 15, 10.212556
39, 16, -4.125287
39, 17, -20.819880
39, 18, 84.000000
39, 19, -10.241242
39, 20, -28.849870
39, 21, -11.871906
39, 22, -30.132184
39, 23, 15.859091
39, 24, 34.567880
39, 25, -29.131153
39, 26, -45.203037
39, 27, -8.957703
39, 28, -4.879909
39, 29, -5.650940
39, 30, 25.626079
39, 32, 0.297116
39, 34, -18.201282
39, 35, 9.343732
39, 36, 27.348681
39, 37, -5.165017
39, 38, 1.277408
39, 39, 5.078912
39, 41, -38.544852
39, 42, 6.057446
39, 44, 37.950054
39, 45, 10.852174
39, 49, -1.911356
40, 1, -6.493417
40, 2, -17.062686
40, 3, 71.765606
40, 4, 24.105084
40, 5, 23.652430
40, 6, 0.994867
40, 7, -0.038765
40, 8, -0.824068
40, 9, 16.735672
40, 10, -15.385593
40, 13, 21.937205
40, 14, -26.628631
40, 15, 21.259155
40, 16, 2.045930
40, 17, -16.479042
40, 19, -8.454688
40, 20, -29.509978
40, 21, -17.282563
40, 22, -21.107020
40, 23, 5.362065
40, 24, 33.608574
40, 27, -2.021446
40, 28, -12.681802
40, 29, -12.935226
40, 30, 34.509087
40, 31, -63.804102
40, 32, -5.087503
40, 33, -95.000000
40, 34, -18.890106
40, 35, 19.317070
40, 36, 21.598185
40, 37, -0.704136
40, 38, 7.659227
40, 39, -8.916275
40, 40, -15.437664
40, 41, -45.056603
40, 42, 9.447194
40, 43, -12.720250
40, 45, 22.199003
40, 47, -19.389138
40, 48, -3.949701
40, 50, 28.305413
41, 1, -9.761566
41, 2, -14.434606
41, 3, 69.214634
41, 4, 22.583282
41, 5, 21.730143
41, 7, -10.856355
41, 8, -6.570057
41, 9, 12.462269
41, 12, -0.590212
41, 13, 26.221276
41, 14, -17.350427
41, 15, 9.934376
41, 16, -4.124803
41, 17, -20.979031
41, 18, 44.395044
41, 19, -10.172350
41, 20, -28.915842
41, 22, -26.352440
41, 23, 13.739158
41, 26, 50.800307
41, 27, -6.733063
41, 28, -6.175307
41, 29, -6.686031
41, 30, 25.276236
41, 31, -61.685525
41, 32, 1.393237
41, 34, -18.397527
41, 35, 8.731223
41, 36, 28.202717
41, 37, -4.240528
41, 38, 4.401574
41, 39, 3.805025
41, 40, -19.100434
41, 41, -38.544086
41, 42, 10.424447
41, 43, -12.279750
41, 44, 10.146429
41, 45, 13.958266
41, 46, -23.888407
41, 47, -26.082233
41, 48, -1.879158
41, 49, 19.136400
41, 50, 27.694587
42, 2, -15.545946
42, 5, 23.650524
42, 6, -17.674707
42, 7, -0.565873
42, 8, -6.110726
42, 9, 16.007875
42, 12, -11.860267
42, 13, 24.140548
42, 14, -24.133161
42, 15, 19.986445
42, 16, 2.047026
42, 17, -17.899982
42, 18, 40.121406
42, 19, -8.510750
42, 22, -17.508836
42, 23, 3.514278
42, 24, 7.000000
42, 27, 2.037038
42, 28, -14.010374
42, 29, -13.690458
42, 30, 33.609782
42, 31, -63.595751
42, 32, -3.990792
42, 33, -44.423583
42, 35, 20.129463
42, 37, 0.624133
42, 38, 10.646952
42, 39, -9.181383
42, 40, -15.685899
42, 41, -45.055960
42, 42, 15.128015
42, 44, 21.723350
42, 45, 23.437260
42, 47, -19.389122
42, 48, -3.949290
42, 49, 21.396743
43, 1, 9.794977
43, 2, -13.159990
43, 3, 42.538177
43, 4, 8.687664
43, 5, 21.728907
43, 6, -6.697289
43, 7, -11.122785
43, 8, -10.465800
43, 9, 11.847935
43, 10, 8.794640
43, 11, 20.776813
43, 12, -0.581597
43, 13, 29.009104
43, 14, -18.489853
43, 15, 9.655127
43, 16, -4.123684
43, 17, -21.638974
43, 18, 44.394531
43, 20, 86.076353
43, 22, -22.255709
43, 23, 12.275540
43, 25, -31.758612
43, 27, -0.714563
43, 28, -7.406775
43, 30, 24.491999
43, 31, -61.261517
43, 32, 2.563289
43, 33, 0.686761
43, 34, -53.765067
43, 35, 8.654153
43, 36, -38.322119
43, 37, -2.692879
43, 38, 8.014572
43, 39, 3.239332
43, 40, -19.442025
43, 42, 16.607757
43, 43, -20.437498
43, 44, 10.192529
43, 45, 15.892110
43, 46, -59.000000
43, 48, -1.878658
43, 49, 19.127487
44, 1, -2.165595
44, 2, -15.337816
44, 3, 42.461823
44, 4, 11.964540
44, 6, -18.132325
44, 7, -1.280166
44, 8, -10.618594
44, 9, 14.826837
44, 10, 19.862110
44, 12, -11.848380
44, 13, 26.536260
44, 14, -21.592862
44, 15, 19.086898
44, 17, -20.116782
44, 18, 40.119554
44, 19, -88.000000
44, 20, 85.923647
44, 21, 12.219327
44, 22, -14.199764
44, 23, 2.781631
44, 24, -0.281920
44, 25, -19.282693
44, 27, 8.937348
44, 28, -15.129783
44, 29, 3.221017
44, 30, 32.488972
44, 31, -63.128541
44, 32, -3.021413
44, 33, -44.422771
44, 34, -54.234933
44, 35, 20.810207
44, 36, -38.807865
44, 37, 2.320671
44, 38, 13.641164
44, 40, -16.247481
44, 41, 3.025577
44, 42, 22.111945
44, 43, -9.472001
44, 44, 21.645471
44, 45, 23.929545
44, 47, -5.052328
44, 49, 21.384664
45, 1, 9.235375
45, 2, -12.792037
45, 4, 9.405068
45, 5, 30.796603
45, 6, -8.036353
45, 7, -11.484951
45, 8, -13.806604
45, 9, 11.090242
45, 10, 9.231880
45, 11, -3.187190
45, 12, -0.572941
45, 13, 31.426052
45, 14, -19.236102
45, 16, -40.882533
45, 17, -22.895389
45, 21, -3.531808
45, 22, -18.561745
45, 23, 11.730770
45, 24, 0.281920
45, 25, -30.136378
45, 26, 57.490096
45, 27, 7.283393
45, 28, -8.282645
45, 29, 3.778983
45, 30, 23.863479
45, 31, -60.733826
45, 32, 3.525544
45, 33, 0.704718
45, 35, 8.750014
45, 36, -38.320928
45, 37, -0.987068
45, 38, 11.372647
45, 40, -19.871268
45, 41, -2.675496
45, 42, 23.586842
45, 43, -19.603436
45, 44, 10.295802
45, 46, -32.527998
45, 47, 5.035754
45, 48, 58.859040
45, 49, 19.118850
46, 1, -3.268269
46, 2, -15.574621
46, 4, 13.227857
46, 5, 30.203397
46, 6, -19.238211
46, 7, -1.824124
46, 8, -13.952963
46, 9, 13.642200
46, 10, 20.611059
46, 11, -12.510657
46, 13, 28.542691
46, 14, -19.999952
46, 16, -41.117467
46, 17, -22.704253
46, 19, 5.961057
46, 20, 59.575735
46, 21, 11.447720
46, 22, -11.676526
46, 23, 2.834265
46, 25, -18.114309
46, 26, 53.338483
46, 27, 16.550679
46, 28, -15.762982
46, 30, 31.989874
46, 31, -62.754659
46, 32, -2.402560
46, 34, -38.516651
46, 35, 21.073440
46, 36, -38.806646
46, 37, 3.884830
46, 38, 16.024566
46, 40, -16.700569
46, 41, 3.165224
46, 42, 28.992254
46, 43, -7.835259
46, 44, 21.547320
46, 45, -73.000000
46, 46, -26.819406
46, 47, -5.043678
46, 48, 59.140960
46, 50, 4.506640
47, 1, 7.979237
47, 2, -12.756762
47, 3, 11.283059
47, 4, 11.018276
47, 6, -9.934230
47, 7, -11.757729
47, 8, -16.253976
47, 9, 10.479082
47, 10, 10.213996
47, 11, -3.179349
47, 12, 75.135087
47, 13, 33.015329
47, 17, -24.369673
47, 19, 5.038943
47, 20, 62.384154
47, 21, -3.699873
47, 22, -15.814639
47, 23, 11.697272
47, 24, -33.000000
47, 25, -27.835596
47, 27, 14.750463
47, 28, -8.598403
47, 29, 99999.000000
47, 31, -60.499537
47, 32, 4.120415
47, 34, -45.253336
47, 37, 0.423429
47, 38, 13.740541
47, 39, -13.620064
47, 40, -20.063845
47, 41, -2.453635
47, 42, 29.742646
47, 43, -17.728885
47, 44, 10.378084
47, 46, -32.528181
47, 47, 5.047565
47, 49, 22.397638
48, 1, -4.641963
48, 3, 10.125604
48, 4, 14.804499
48, 5, -18.896930
48, 6, -20.347037
48, 7, -2.074659
48, 8, -15.954228
48, 9, 12.908637
48, 10, 21.544635
48, 11, -12.500009
48, 13, 29.825093
48, 15, 24.919943
48, 16, -46.818396
48, 17, -24.831421
48, 20, 59.575982
48, 21, 10.675967
48, 22, -10.145119
48, 23, 2.968451
48, 25, -16.656256
48, 26, -92.000000
48, 27, 22.438410
48, 30, -55.469970
48, 32, -2.138444
48, 34, -38.518665
48, 35, -14.144663
48, 36, -2.794999
48, 37, 4.948787
48, 38, 17.334056
48, 39, -8.055881
48, 41, 3.445753
48, 42, 34.068730
48, 43, -5.793724
48, 44, 21.502962
48, 45, 31.730262
48, 46, -26.819627
48, 47, -5.035197
48, 48, -24.653859
48, 49, 26.731544
48, 50, 30.817956
49, 1, 6.972256
49, 3, 11.282154
49, 4, 12.313337
49, 5, -23.553722
49, 6, -11.279967
49, 7, -11.852955
49, 8, -17.546858
49, 9, 10.246368
49, 10, 11.002012
49, 11, -3.171784
49, 13, 33.749978
49, 16, -49.345738
49, 17, -25.375170
49, 18, -35.653473
49, 19, -31.614530
49, 21, -3.804096
49, 22, -14.358938
49, 24, -76.000000
49, 25, -26.203506
49, 27, 19.242536
49, 28, -17.588867
49, 29, 24.187947
49, 30, -58.980192
49, 31, 44.773110
49, 32, 4.372248
49, 33, 13.713986
49, 34, -45.256574
49, 35, -14.855337
49, 36, -6.797419
49, 37, 1.211477
49, 38, 14.592934
49, 39, -13.622395
49, 40, 22.544050
49, 41, -2.230478
49, 42, 33.369124
49, 43, -16.224363
49, 45, 34.842437
49, 48, -29.592137
49, 49, 22.397249
49, 50, 33.345738
50, 1, -5.253021
50, 3, 10.124675
50, 4, 15.507087
50, 5, -18.896335
50, 6, -20.807924
50, 8, -16.614721
50, 10, 21.960361
50, 13, 30.260377
50, 14, -49.170327
50, 15, 61.000000
50, 16, -46.818149
50, 17, -25.658510
50, 18, -36.346527
50, 19, -31.385470
50, 20, 4.000000
50, 22, -9.637183
50, 23, 75.000000
50, 25, -16.006341
50, 26, 68.000000
50, 27, 24.650385
50, 28, -18.411133
50, 29, 23.812053
50, 30, -55.469676
50, 31, 44.226890
50, 32, -2.080500
50, 33, -1.399387
50, 34, -38.521336
50, 36, -2.796198
50, 37, 5.322149
50, 39, -8.058092
50, 40, 22.455950
50, 41, 3.587032
50, 42, 35.941804
50, 43, -4.884331
50, 44, -53.000000
50, 45, 31.729558
50, 46, -72.000000
50, 47, -8.000000
50, 48, -24.654578
50, 49, 26.731128
50, 50, 30.818590
