1, 1, 33.000000
1, 3, -21.775275
1, 4, 15.100680
1, 6, 1.580893
1, 7, 10.974787
1, 8, 34.596749
1, 9, -16.676798
1, 10, -19.000000
1, 11, 3.472874
1, 12, 99999.000000
1, 13, -86.000000
1, 14, -57.906183
1, 15, -38.000000
1, 16, 0.029318
1, 18, -91.035182
1, 19, -40.711982
1, 20, -28.714650
1, 21, -19.760295
1, 22, -8.618264
1, 23, 3.045329
1, 24, 18.931629
1, 25, -23.846251
1, 27, 62.000000
1, 28, 7.714160
1, 29, -41.000000
1, 30, -31.359641
1, 32, -8.993619
1, 33, -37.850125
1, 34, -16.677702
1, 35, -9.558943
1, 37, -82.000000
1, 38, -87.000000
1, 39, 82.000000
1, 40, -10.228017
1, 41, 17.886766
1, 42, -20.121261
1, 43, -33.185513
1, 45, 14.718857
1, 46, -81.000000
1, 47, -4.320203
1, 49, 45.000000
1, 50, 16.191586
2, 2, 50.938622
2, 3, -25.904518
2, 4, 9.698998
2, 5, -46.151726
2, 6, 3.532082
2, 7, 8.494283
2, 8, 34.403251
2, 9, -26.823160
2, 11, 2.062369
2, 14, -58.093817
2, 16, 28.092589
2, 17, 0.082400
2, 19, -42.018820
2, 20, -20.713768
2, 21, -20.226101
2, 22, -14.024909
2, 23, 4.453570
2, 24, 12.780694
2, 25, -28.122627
2, 28, 5.631992
2, 30, -36.708758
2, 31, 11.854884
2, 32, -7.909983
2, 33, -34.465853
2, 34, -9.157017
2, 35, -2.386281
2, 36, -70.467750
2, 40, -2.776066
2, 41, 15.990914
2, 42, -24.614129
2, 43, -36.823283
2, 44, -6.706786
2, 45, 5.761919
2, 47, -8.607032
2, 48, -9.969097
2, 50, 19.479879
3, 1, -16.264369
3, 2, 10.123347
3, 3, -21.843208
3, 4, 15.066057
3, 5, -39.333525
3, 6, 1.636922
3, 7, 10.975045
3, 9, -16.674408
3, 11, 2.212993
3, 12, 32.366929
3, 13, 99999.000000
3, 15, -26.111408
3, 17, -43.297979
3, 19, -40.065264
3, 20, -28.709969
3, 21, -21.081851
3, 22, -8.624236
3, 23, 1.896051
3, 24, 18.971700
3, 25, -23.584193
3, 26, -28.748980
3, 27, -1.507441
3, 28, 7.715416
3, 29, 53.054634
3, 30, -31.357461
3, 31, 11.014227
3, 32, -8.257005
3, 33, -35.383208
3, 34, -16.192108
3, 35, -9.115649
3, 36, -70.532250
3, 37, -79.000000
3, 38, 41.221479
3, 39, -2.039014
3, 40, -10.536519
3, 41, 17.886219
3, 42, -20.120552
3, 43, -33.234279
3, 44, -25.722748
3, 45, 14.732573
3, 47, -2.877080
3, 48, -8.846468
3, 49, -42.373926
3, 50, 16.195789
4, 1, -15.161787
4, 2, 50.938640
4, 3, -26.023098
4, 4, 9.650144
4, 5, -46.171651
4, 6, 3.494302
4, 8, -23.666428
4, 9, -26.826509
4, 10, -95.000000
4, 11, -0.287968
4, 12, 31.266333
4, 14, 15.607003
4, 15, -25.888592
4, 17, 0.086963
4, 19, -42.250496
4, 20, -20.709812
4, 21, -23.236359
4, 23, 1.005197
4, 24, 12.840456
4, 25, -26.552872
4, 26, -29.695952
4, 27, 2.427188
4, 29, 56.659250
4, 31, 11.885026
4, 32, -6.233775
4, 33, -29.304420
4, 34, -7.236745
4, 35, -1.560779
4, 38, 41.778521
4, 39, -8.166783
4, 40, -3.183151
4, 43, -36.993576
4, 44, -7.888309
4, 45, 5.779469
4, 47, -5.652553
4, 48, -9.970450
4, 49, -45.675157
4, 50, 19.484886
5, 1, -16.107913
5, 2, 10.074265
5, 3, -21.977936
5, 4, 15.029434
5, 5, -39.360615
5, 6, 2.112199
5, 7, 14.414580
5, 8, -33.803912
5, 11, -0.846475
5, 12, 32.365544
5, 13, 10.566290
5, 14, 17.473310
5, 19, -38.455441
5, 21, -24.603852
5, 23, -0.991310
5, 24, 19.041738
5, 25, -23.253499
5, 26, -27.271400
5, 27, 0.162391
5, 29, 53.055987
5, 31, 11.057084
5, 32, -6.380577
5, 33, -28.608903
5, 34, -14.860451
5, 35, -8.033991
5, 36, 0.269373
5, 39, -2.456694
5, 40, -11.146823
5, 41, 5.416181
5, 43, -33.316428
5, 44, -27.725314
5, 45, 14.744471
5, 47, 0.909705
5, 49, -42.374909
5, 50, 16.198787
6, 1, -14.901202
6, 3, -26.140220
6, 5, -46.191180
6, 6, 3.927878
6, 7, 10.363310
6, 8, -21.611911
6, 10, -2.744295
6, 11, -3.636752
6, 13, 5.045702
6, 14, 14.005790
6, 16, -22.644677
6, 19, -42.633190
6, 20, -17.535681
6, 21, -28.234476
6, 23, -4.316133
6, 24, 12.881450
6, 25, -24.731966
6, 26, -28.899801
6, 27, 4.890263
6, 31, 11.938166
6, 32, -3.730297
6, 33, -20.344400
6, 34, -4.051298
6, 35, -0.364043
6, 36, 6.721314
6, 38, -18.495510
6, 39, -8.921916
6, 40, -3.587637
6, 41, 13.042290
6, 42, -50.820540
6, 43, -37.165232
6, 44, -10.542167
6, 47, -0.816960
6, 49, -45.677041
7, 1, -15.853249
7, 3, -22.044368
7, 4, -21.872338
7, 6, 3.441670
7, 7, 14.409203
7, 8, -29.219157
7, 10, -10.103773
7, 11, -3.931967
7, 12, 15.666343
7, 13, 10.639097
7, 14, 14.844786
7, 16, -14.292503
7, 18, 26.825429
7, 19, -36.665654
7, 20, -10.670410
7, 21, -29.280981
7, 22, 36.270643
7, 23, -4.298205
7, 25, -23.713511
7, 26, -24.207136
7, 27, 4.773600
7, 29, -26.852567
7, 31, 11.087100
7, 32, -4.230694
7, 33, -19.390220
7, 34, -13.089361
7, 35, -6.841460
7, 36, -0.388315
7, 38, -19.242567
7, 39, -3.286278
7, 40, -11.450679
7, 41, 3.212441
7, 42, -57.302676
7, 44, -30.221439
7, 46, -10.236711
7, 47, 5.701556
7, 50, 18.490376
8, 1, -14.737166
8, 4, -21.127662
8, 5, 4.575065
8, 6, 5.077271
8, 8, -16.200996
8, 9, 9.194035
8, 10, -3.040492
8, 11, -6.024894
8, 12, 21.844428
8, 13, 5.395152
8, 14, 9.139219
8, 16, -20.431608
8, 19, -42.994929
8, 20, -16.772597
8, 21, -33.695778
8, 22, 11.570776
8, 23, -9.269272
8, 24, -2.000000
8, 25, -24.168818
8, 26, -26.604037
8, 27, 9.266665
8, 29, -21.996855
8, 30, -17.438946
8, 32, -1.708822
8, 33, -10.197320
8, 34, -0.764783
8, 35, 0.668371
8, 36, 5.593874
8, 37, -31.419759
8, 38, -17.314987
8, 39, -9.674708
8, 41, 9.932218
8, 42, -50.819992
8, 44, -12.674490
8, 45, 2.835960
8, 46, -10.204166
8, 47, 4.264618
8, 48, -17.140737
8, 49, 14.000000
8, 50, 10.610521
9, 3, -25.608288
9, 5, 3.385377
9, 6, 5.345307
9, 8, -21.708360
9, 9, -13.143451
9, 10, -10.560455
9, 11, -5.221068
9, 12, 15.666150
9, 13, 10.807918
9, 14, 9.379578
9, 15, 23.000000
9, 16, -14.064653
9, 17, 60.000000
9, 19, -35.520286
9, 20, -9.740384
9, 21, -33.932085
9, 22, 33.403340
9, 23, -6.678461
9, 25, -25.283235
9, 26, -19.551154
9, 27, 11.291919
9, 29, -26.855840
9, 30, -22.010387
9, 31, -68.000000
9, 32, -2.808261
9, 33, -10.566032
9, 34, -11.551103
9, 35, -5.988777
9, 36, -1.703405
9, 37, -45.913888
9, 38, -15.787104
9, 39, -3.701477
9, 40, 22.562807
9, 41, -2.475046
9, 44, -31.334733
9, 45, 5.911862
9, 46, -11.244696
9, 47, 9.948894
9, 48, -11.200886
9, 50, 18.482054
10, 1, 19.195376
10, 2, -48.305488
10, 3, -23.770129
10, 4, 6.906778
10, 5, 4.580407
10, 6, 6.276237
10, 7, -17.820428
10, 8, -9.430210
10, 9, 10.692028
10, 10, -3.628085
10, 13, 5.836560
10, 14, 1.091210
10, 16, -17.309272
10, 19, -43.144047
10, 20, -14.612284
10, 21, -38.176996
10, 22, 10.884446
10, 23, -12.131269
10, 24, -15.675116
10, 25, -25.303298
10, 26, -22.134311
10, 27, 14.668811
10, 29, -22.000995
10, 30, -17.434420
10, 32, -1.290363
10, 33, -2.164967
10, 34, 1.320240
10, 35, 1.227289
10, 36, 4.463891
10, 37, -31.514735
10, 38, -13.953136
10, 40, 16.417378
10, 41, 4.996316
10, 42, -53.289598
10, 43, -1.784384
10, 45, 2.870969
10, 46, -11.924661
10, 47, 8.026937
10, 48, -17.726927
10, 49, 8.820418
10, 50, 10.599966
11, 1, 8.918874
11, 2, -45.346982
11, 3, -26.014341
11, 4, -1.927545
11, 5, 3.390645
11, 6, 6.595621
11, 7, -12.983739
11, 8, -14.073830
11, 9, -10.685290
11, 10, -11.014220
11, 11, -25.623640
11, 12, -16.000000
11, 13, 10.946910
11, 14, 1.168083
11, 15, 11.064500
11, 16, -13.833227
11, 17, -7.239969
11, 20, -7.908250
11, 21, -37.582822
11, 22, 28.191943
11, 23, -7.436763
11, 24, -13.379851
11, 25, -27.243259
11, 26, -13.649263
11, 27, 18.377413
11, 28, 9.485341
11, 30, -22.006830
11, 32, -2.757414
11, 33, -5.155415
11, 34, -10.935320
11, 35, -5.687425
11, 36, -2.363782
11, 37, -45.998211
11, 38, -9.498138
11, 39, -2.520130
11, 40, 24.299515
11, 41, -9.449344
11, 42, -54.015823
11, 44, 4.487268
11, 45, 5.958439
11, 46, -13.825867
11, 47, 12.408607
11, 48, -12.140072
11, 49, 2.584799
11, 50, 18.474989
12, 1, 19.690366
12, 2, -48.775450
12, 3, -24.329400
12, 4, 8.231004
12, 6, 6.156526
12, 7, -18.163482
12, 8, -3.878160
12, 9, 12.827538
12, 10, -3.921149
12, 11, -25.664293
12, 13, 6.035551
12, 14, -9.388083
12, 16, -15.102872
12, 17, -5.722307
12, 18, 0.216316
12, 19, -5.060943
12, 20, -11.296892
12, 21, -40.666016
12, 22, 9.343464
12, 23, -12.496253
12, 24, -15.602188
12, 25, -27.120158
12, 26, -15.615994
12, 27, 20.129385
12, 28, 9.514659
12, 29, 80.000000
12, 31, 18.268388
12, 32, -2.803759
12, 33, 0.897242
12, 37, -31.737982
12, 38, -8.984496
12, 39, -2.124318
12, 40, 19.500092
12, 41, 0.037508
12, 42, -53.291111
12, 43, -17.178251
12, 44, 9.143763
12, 45, 2.903765
12, 46, -14.555841
12, 47, 9.407420
12, 48, -18.898066
12, 49, 8.828309
13, 1, 10.794158
13, 2, -46.418180
13, 3, -26.925729
13, 4, 1.664221
13, 5, 32.783796
13, 6, 5.720760
13, 7, -14.487677
13, 8, -9.287900
13, 9, -7.623449
13, 11, -25.523176
13, 14, -8.844079
13, 17, -7.235552
13, 18, 0.684581
13, 19, -0.768735
13, 20, -5.101812
13, 21, -39.575953
13, 22, 21.621189
13, 23, -6.808378
13, 24, -13.267429
13, 25, -28.231707
13, 26, -7.285886
13, 27, 24.770593
13, 30, -53.003826
13, 31, 18.731612
13, 32, -4.018354
13, 34, -2.519185
13, 35, 4.774776
13, 36, -43.964818
13, 37, -46.108719
13, 38, -1.636906
13, 39, -2.536119
13, 40, 28.188839
13, 41, -15.391030
13, 43, -15.151680
13, 44, 4.479862
13, 46, -16.768366
13, 48, -13.081356
13, 49, 2.592006
13, 50, 6.571443
14, 1, 21.028752
14, 2, -49.937837
14, 3, -25.026663
14, 4, 11.785630
14, 5, 41.116287
14, 6, 3.552169
14, 7, -19.016575
14, 8, -1.735762
14, 9, 14.348282
14, 10, 11.478008
14, 11, -25.438865
14, 13, -3.770445
14, 14, -20.593679
14, 17, -5.717403
14, 18, 0.215475
14, 19, -5.054964
14, 20, -7.018914
14, 22, 6.992919
14, 23, -11.302092
14, 24, -15.462412
14, 25, -27.885475
14, 26, -8.213634
14, 27, 24.827664
14, 28, -33.539593
14, 30, -36.242742
14, 32, -5.555277
14, 33, -45.951167
14, 34, -3.480815
14, 35, 6.525663
14, 36, -44.035182
14, 37, -31.922959
14, 38, -3.424073
14, 39, -2.145364
14, 40, 23.338375
14, 41, -3.465067
14, 43, -17.389401
14, 44, 9.135537
14, 46, -16.754481
14, 47, -16.044483
14, 48, -19.486383
14, 50, 5.953811
15, 1, 13.946339
15, 2, -48.026107
15, 3, -27.656373
15, 4, 7.856091
15, 5, 30.647854
15, 6, 2.014631
15, 7, -16.771846
15, 9, -6.260143
15, 10, 26.033379
15, 11, -25.325207
15, 12, 13.570447
15, 13, -11.945030
15, 14, -18.724682
15, 18, 0.684512
15, 19, -0.762967
15, 20, -1.181684
15, 22, 15.082343
15, 23, -5.730306
15, 24, -13.158833
15, 25, -27.177231
15, 26, -1.548475
15, 27, 29.623595
15, 28, -31.316716
15, 29, 29.394003
15, 30, -53.004558
15, 31, -84.000000
15, 32, -5.828983
15, 33, -43.527661
15, 35, 5.774614
15, 37, -46.159757
15, 38, 6.022898
15, 39, -2.550592
15, 40, 31.305147
15, 41, -18.712627
15, 43, -15.497867
15, 45, -17.228624
15, 46, -18.545944
15, 47, -8.966825
15, 49, -3.530823
15, 50, 4.999675
16, 1, 22.784820
16, 2, -51.213017
16, 3, -25.337203
16, 4, 16.621990
16, 5, 36.628260
16, 6, -1.692844
16, 7, -19.955964
16, 8, -24.251474
16, 10, 11.307543
16, 11, -25.214475
16, 12, -9.223301
16, 13, -3.757065
16, 14, -30.124875
16, 16, -8.336549
16, 17, 53.250797
16, 20, -1.939947
16, 22, 4.443845
16, 23, -10.120696
16, 24, -15.394542
16, 25, -26.388758
16, 26, -1.742407
16, 27, 28.253433
16, 28, -33.538683
16, 29, 33.522249
16, 30, -36.233968
16, 32, -8.143448
16, 33, -45.953879
16, 34, 2.000000
16, 35, 8.254837
16, 36, 66.000000
16, 38, 1.400111
16, 40, 25.047965
16, 41, -4.709613
16, 43, -17.728317
16, 44, 30.394819
16, 45, -10.224003
16, 46, -17.206504
16, 47, -16.049440
16, 48, -1.645942
16, 49, 6.543126
16, 50, 2.680595
17, 1, 17.252296
17, 2, -49.406115
17, 4, 15.263096
17, 5, 24.540981
17, 6, -3.984193
17, 7, -18.757943
17, 8, -21.622718
17, 9, -25.724216
17, 10, 25.732391
17, 11, -25.226200
17, 12, 13.557781
17, 13, -11.908032
17, 14, -26.038754
17, 15, -36.635729
17, 16, -4.609243
17, 17, 53.749203
17, 18, 3.602740
17, 19, 86.000000
17, 20, 3.805790
17, 21, 10.434291
17, 22, 10.200348
17, 23, -5.223962
17, 25, -24.041775
17, 26, 2.453553
17, 27, 32.660231
17, 28, -31.317668
17, 29, 29.329569
17, 31, 99999.000000
17, 32, -7.120219
17, 33, -43.529838
17, 35, 7.770567
17, 38, 11.592524
17, 39, 17.994021
17, 42, -6.223121
17, 43, -15.712653
17, 44, 26.462637
17, 45, -17.225526
17, 46, -18.002801
17, 47, -8.974503
17, 48, -8.468401
17, 49, -4.169529
17, 50, 1.036292
18, 1, 24.294126
18, 2, -52.017232
18, 3, -73.000000
18, 4, 21.794173
18, 5, 28.302835
18, 6, -8.582175
18, 7, -20.549615
18, 8, -24.371752
18, 9, -26.237036
18, 10, 10.968488
18, 12, -9.221297
18, 13, -3.740937
18, 14, -35.622081
18, 15, -23.518836
18, 16, -10.907446
18, 18, 12.995121
18, 20, 3.628390
18, 21, 1.031954
18, 22, 2.745043
18, 24, -34.351816
18, 25, -22.798043
18, 26, 2.031267
18, 27, 30.252982
18, 29, 33.399565
18, 32, -9.197675
18, 34, 23.000000
18, 35, 9.984409
18, 36, 21.456023
18, 37, 73.000000
18, 38, 4.206126
18, 39, 7.752428
18, 40, -1.541650
18, 41, 34.606915
18, 42, -10.234226
18, 44, 30.393595
18, 45, -10.217663
18, 46, -15.276606
18, 47, -16.055811
18, 48, -1.639468
18, 49, 5.317568
18, 50, -2.315626
19, 1, 19.376669
19, 2, -49.940844
19, 4, 22.727263
19, 5, 15.533316
19, 6, -10.780378
19, 7, -19.534861
19, 8, -21.810653
19, 9, -25.720159
19, 10, 25.430535
19, 11, -9.712784
19, 13, -11.887884
19, 14, -28.743878
19, 15, -36.341559
19, 16, -6.180576
19, 17, -34.838724
19, 18, 3.317352
19, 19, 5.172360
19, 20, 9.381042
19, 21, 10.189162
19, 22, 8.379386
19, 23, -9.629721
19, 24, -33.648184
19, 25, -19.906202
19, 26, 3.892641
19, 27, 34.051755
19, 28, -11.141608
19, 29, 29.230281
19, 31, -90.000000
19, 33, 13.040101
19, 35, 8.771158
19, 36, 21.543977
19, 38, 13.627224
19, 39, 16.719871
19, 40, 5.901490
19, 41, 34.766745
19, 42, -7.220051
19, 45, -17.219452
19, 46, -14.990670
19, 48, -8.461568
19, 49, -5.766654
19, 50, -3.455783
20, 1, 24.894506
20, 3, 62.000000
20, 4, 26.682167
20, 5, 17.800193
20, 6, -15.412849
20, 8, -24.567454
20, 10, 10.798727
20, 11, -16.292466
20, 15, -23.739281
20, 16, -15.152887
20, 17, -33.649806
20, 18, 12.512742
20, 19, 12.117202
20, 20, 9.127436
20, 21, 1.963186
20, 23, -0.375403
20, 25, -18.614939
20, 27, 30.897670
20, 28, -21.771338
20, 29, 33.325530
20, 30, -57.379796
20, 33, 22.116074
20, 34, 19.597607
20, 37, -37.725748
20, 39, 4.953789
20, 40, -1.435211
20, 41, 34.604410
20, 42, -11.238543
20, 43, 75.070363
20, 44, -7.464283
20, 46, -11.435853
20, 47, 22.879204
20, 49, 3.452910
20, 50, -6.696069
21, 4, 29.504935
21, 5, 5.737248
21, 6, -16.586231
21, 7, -15.315021
21, 8, -21.929521
21, 11, -9.700870
21, 12, -28.706293
21, 13, -57.759593
21, 14, 14.571782
21, 15, -36.048341
21, 16, -8.657574
21, 17, -32.223815
21, 18, 2.755415
21, 19, 5.438544
21, 20, 14.681567
21, 21, 9.942124
21, 23, -9.627702
21, 25, -16.436697
21, 28, -12.454430
21, 31, -14.150660
21, 32, -13.000000
21, 33, 13.543563
21, 34, 6.175823
21, 35, 8.174327
21, 36, -23.795052
21, 37, -37.274252
21, 38, 5.962049
21, 39, 13.034402
21, 40, 5.911378
21, 41, 34.765642
21, 42, -9.903198
21, 44, -9.404462
21, 45, 5.884722
21, 46, -10.592533
21, 47, 23.562081
21, 48, -29.323771
21, 49, -7.556769
21, 50, -6.382260
22, 1, -96.000000
22, 3, 23.202297
22, 4, 30.917426
22, 5, 7.917464
22, 6, -20.403604
22, 7, -12.701193
22, 10, -0.848060
22, 11, -16.373954
22, 12, -28.695519
22, 13, -58.240407
22, 14, 8.148519
22, 15, -23.873826
22, 16, -19.508083
22, 17, -29.022035
22, 18, 12.033694
22, 19, 12.546446
22, 20, 13.911338
22, 21, 3.656747
22, 22, 80.485341
22, 23, -0.372598
22, 24, -48.588837
22, 25, -15.833243
22, 26, 47.041285
22, 28, -23.993783
22, 31, -13.879316
22, 33, 23.019936
22, 34, 19.591883
22, 35, 17.482761
22, 36, -24.993728
22, 38, 7.791344
22, 39, -0.441869
22, 40, -1.197536
22, 42, -12.778778
22, 44, -7.725927
22, 45, 3.951533
22, 46, -7.185187
22, 47, 22.168636
22, 48, -35.126584
22, 49, 1.823264
22, 50, -8.424522
23, 3, 23.689986
23, 4, 35.042968
23, 5, -1.947213
23, 6, -19.909135
23, 7, -15.299160
23, 8, 7.600073
23, 9, -14.201843
23, 10, -6.591064
23, 11, -9.667004
23, 12, -28.215139
23, 14, 14.575237
23, 16, -10.906887
23, 17, -25.585770
23, 18, 2.475938
23, 19, 5.866303
23, 20, 18.847369
23, 21, 9.917589
23, 22, 80.514659
23, 23, -9.625738
23, 24, -62.416093
23, 25, -15.087931
23, 26, 45.449163
23, 28, -15.735482
23, 30, 10.882258
23, 31, -15.605976
23, 32, 91.000000
23, 33, 14.845890
23, 34, 6.129675
23, 35, 9.261855
23, 36, -22.220400
23, 38, 5.962253
23, 39, 7.294480
23, 40, 5.922438
23, 41, 32.087049
23, 42, -13.416414
23, 44, -10.098905
23, 45, 5.880092
23, 46, -6.716158
23, 47, 22.009110
23, 48, -29.321904
23, 49, -8.711580
24, 1, 14.288223
24, 2, -73.000000
24, 3, 23.285016
24, 4, 34.138222
24, 5, 1.870330
24, 6, -22.232670
24, 7, -12.681004
24, 8, 7.217992
24, 9, -10.550816
24, 10, -0.712004
24, 11, -16.468226
24, 12, -27.614350
24, 13, 33.000000
24, 14, 8.152956
24, 15, -6.809386
24, 16, -22.258546
24, 17, -21.903663
24, 19, 12.812568
24, 20, 17.568952
24, 21, 5.722086
24, 24, -48.843654
24, 26, 47.039739
24, 27, -16.419149
24, 28, -27.328955
24, 29, -44.423459
24, 30, 15.916325
24, 31, -16.134416
24, 33, 24.429553
24, 35, 18.507586
24, 36, -21.965134
24, 38, 7.792562
24, 39, -8.056502
24, 40, -1.005932
24, 41, 25.013590
24, 42, -14.086217
24, 43, -2.697400
24, 44, -8.330128
24, 45, 3.947525
24, 46, -4.405870
24, 47, 20.461423
24, 49, 1.181342
24, 50, -62.000000
25, 1, 12.849622
25, 3, 23.867118
25, 4, 38.748778
25, 5, -4.873142
25, 7, -15.285436
25, 8, 7.603004
25, 9, -15.736370
25, 10, -6.392421
25, 11, -9.635237
25, 12, -27.117425
25, 15, 3.940677
25, 16, -11.817031
25, 17, -17.995592
25, 18, 14.000000
25, 20, 21.471124
25, 21, 10.123883
25, 22, -3.454064
25, 24, -62.718823
25, 25, 25.000000
25, 27, -12.036278
25, 28, -19.403151
25, 29, -54.781187
25, 30, 10.656212
25, 31, -19.115871
25, 33, 16.371053
25, 35, 11.950881
25, 36, -17.968845
25, 38, 5.963876
25, 39, 0.093843
25, 40, 5.928062
25, 41, 32.094279
25, 42, -16.650916
25, 43, 29.921068
25, 44, -11.081328
25, 46, -5.173239
25, 47, 19.816924
25, 48, -12.803172
26, 1, 14.287242
26, 2, -50.876865
26, 3, 23.456711
26, 4, 35.911748
26, 6, 13.083426
26, 8, 7.220137
26, 9, -13.375373
26, 10, -0.495007
26, 11, -16.506949
26, 12, -26.269342
26, 13, 55.199362
26, 14, -43.422934
26, 15, -6.811739
26, 17, -15.608657
26, 19, -20.045126
26, 20, 20.130027
26, 21, 7.594791
26, 22, -5.718804
26, 23, -0.658891
26, 24, -49.422908
26, 26, -27.071840
26, 27, -16.313451
26, 28, -30.196108
26, 29, -44.432921
26, 30, 14.973455
26, 31, -19.322941
26, 32, -50.035182
26, 33, 25.694979
26, 35, 19.887252
26, 36, -16.885118
26, 39, -17.204755
26, 41, 25.020461
26, 42, -14.446041
26, 43, -0.260254
26, 44, -8.931500
26, 47, 18.754563
26, 48, -3.059032
26, 49, 38.000000
26, 50, -31.504383
27, 1, 12.848939
27, 2, -51.123135
27, 3, 24.049193
27, 4, 40.063815
27, 5, -11.117591
27, 6, 2.099769
27, 7, 17.111817
27, 9, -19.619680
27, 10, -6.269259
27, 12, -26.238292
27, 13, 54.800638
27, 14, -49.882811
27, 15, 3.938210
27, 16, -6.670458
27, 17, -13.012000
27, 18, 0.810126
27, 19, -21.294944
27, 20, 22.762404
27, 21, 10.383719
27, 22, -4.664829
27, 23, 2.660452
27, 24, -63.099824
27, 25, -56.000000
27, 26, -19.224924
27, 27, -11.867684
27, 28, -21.761858
27, 29, -54.795301
27, 30, 10.110786
27, 31, -22.626913
27, 33, 17.394280
27, 34, 28.707380
27, 35, 14.882645
27, 36, -12.322998
27, 37, 10.457360
27, 38, -13.761086
27, 39, -7.569404
27, 40, -13.641285
27, 42, -18.701107
27, 43, 30.655174
27, 44, -11.868982
27, 45, -17.223435
27, 46, -1.670699
27, 47, 18.265106
27, 48, -13.221784
27, 50, -23.676294
28, 3, 23.546416
28, 5, 5.990591
28, 6, 12.447752
28, 7, 19.009086
28, 8, -22.872338
28, 9, -17.703741
28, 12, -25.670373
28, 14, -43.424673
28, 16, -5.722498
28, 17, -13.108568
28, 18, -3.216824
28, 19, -18.849067
28, 20, 21.951609
28, 21, 8.709399
28, 22, -7.435774
28, 23, 0.837787
28, 24, -49.892302
28, 26, -27.177605
28, 27, -16.149026
28, 28, -31.311285
28, 29, -44.443932
28, 30, 13.555527
28, 31, -21.579794
28, 33, 26.204094
28, 34, 8.441434
28, 35, 20.779584
28, 36, -11.367486
28, 37, 9.542640
28, 38, -17.500865
28, 39, -26.662843
28, 40, -11.034017
28, 41, -21.542566
28, 42, -13.591078
28, 43, 3.199824
28, 44, -9.276670
28, 45, -28.078517
28, 46, 2.774399
28, 47, 18.044511
28, 48, -4.286310
28, 49, -80.964818
28, 50, -30.841727
29, 1, -5.647619
29, 5, -11.029523
29, 6, 0.885279
29, 7, 17.115198
29, 8, -22.127662
29, 9, -24.044078
29, 10, 27.387479
29, 11, 51.843523
29, 16, -6.233633
29, 18, 0.806584
29, 19, -19.284330
29, 20, 23.295304
29, 21, 10.499102
29, 22, -7.606052
29, 23, 6.217596
29, 24, -63.271058
29, 25, 9.139315
29, 26, -19.282672
29, 27, -11.766951
29, 30, 9.528712
29, 31, -24.083498
29, 34, 28.664397
29, 35, 16.682987
29, 36, -7.046527
29, 38, -14.143450
29, 39, -14.192694
29, 40, -13.637156
29, 41, -28.539712
29, 42, -19.284045
29, 43, 31.577854
29, 44, -12.160625
29, 45, -17.235493
29, 46, -1.673340
29, 48, -14.371474
29, 49, -81.035182
29, 50, -22.079021
30, 1, -8.289266
30, 2, -35.778552
30, 3, 6.903045
30, 4, 8.650376
30, 5, 6.522007
30, 6, 10.921616
30, 9, -21.516850
30, 10, 26.293276
30, 11, 55.445382
30, 12, 42.376516
30, 14, 23.048461
30, 16, -4.856096
30, 17, 5.739606
30, 19, -15.848297
30, 20, 23.360149
30, 22, -9.885026
30, 23, 4.559455
30, 25, 10.102664
30, 26, -27.436877
30, 28, -10.260044
30, 29, -3.042736
30, 30, 12.332185
30, 32, -3.227950
30, 33, -62.000000
30, 34, 8.465046
30, 35, 20.729799
30, 36, -7.153166
30, 37, -1.773189
30, 38, -18.151092
30, 39, -34.648618
30, 40, -11.031548
30, 41, -21.542341
30, 42, -11.907106
30, 43, 5.659818
30, 45, -28.095905
30, 47, 23.929637
30, 48, -6.393304
30, 50, -29.131474
31, 1, -6.636485
31, 2, -31.990221
31, 3, 14.878695
31, 4, 8.118304
31, 5, -10.892360
31, 6, -0.814311
31, 7, -46.196029
31, 8, 8.405908
31, 9, -26.940933
31, 10, 27.393560
31, 11, 50.002323
31, 12, 39.756752
31, 13, -5.982561
31, 14, 12.108369
31, 15, 12.561568
31, 16, -5.266525
31, 17, 5.285429
31, 18, 63.000000
31, 19, -16.173750
31, 20, 23.561508
31, 21, -9.825581
31, 22, -10.567943
31, 23, 11.688515
31, 24, -55.741004
31, 25, 9.157969
31, 26, -19.376423
31, 28, -2.698982
31, 29, -0.177641
31, 30, 9.169074
31, 32, -8.117272
31, 34, 28.639487
31, 35, 16.653014
31, 36, -3.864377
31, 37, 4.729875
31, 38, -14.908929
31, 39, -18.084560
31, 42, -18.857025
31, 43, 31.993124
31, 44, -85.000000
31, 45, -17.248726
31, 46, -34.667112
31, 47, 24.070363
31, 48, -15.891020
31, 50, -19.517800
32, 1, -9.175329
32, 2, -34.262032
32, 3, 6.711605
32, 4, 9.943794
32, 5, 7.048538
32, 6, 9.407590
32, 7, -44.907411
32, 8, 16.277120
32, 9, -23.028013
32, 10, 26.299269
32, 11, 51.972089
32, 12, 40.922669
32, 13, 7.866457
32, 14, 23.050836
32, 16, -3.789919
32, 17, 5.950300
32, 19, -12.385964
32, 20, 24.371386
32, 21, -14.538509
32, 22, -11.631412
32, 23, 8.621597
32, 24, -57.113603
32, 25, 10.129994
32, 26, -27.703804
32, 28, -10.182500
32, 29, -3.663233
32, 30, 11.854188
32, 33, -49.000000
32, 35, 19.903174
32, 36, -5.577590
32, 37, -1.807173
32, 38, -18.803088
32, 39, -39.265852
32, 40, 0.440663
32, 42, -10.277980
32, 46, -34.332888
32, 48, -8.646195
32, 49, 6.663427
32, 50, -27.020480
33, 1, -8.785488
33, 2, -29.579269
33, 3, 14.410079
33, 4, 10.480131
33, 6, -2.002413
33, 7, -46.193035
33, 8, 7.552183
33, 11, 45.544697
33, 12, 37.541286
33, 13, -5.577835
33, 14, 12.111366
33, 15, 55.000000
33, 16, -4.502707
33, 17, 5.619924
33, 18, -20.806501
33, 19, -13.184833
33, 20, 23.720973
33, 21, -10.136623
33, 22, -11.801684
33, 23, 16.646482
33, 24, -55.747724
33, 25, 9.178932
33, 26, -19.453119
33, 27, -15.909420
33, 28, -2.691690
33, 29, -0.768951
33, 32, -1.167268
33, 34, 11.000000
33, 35, 14.998392
33, 37, 4.684370
33, 38, -15.294248
33, 40, -3.142923
33, 42, -18.297554
33, 45, 3.731971
33, 47, -95.982409
33, 48, -17.199049
33, 49, 1.596065
33, 50, -16.898901
34, 1, -9.808891
34, 2, -30.153307
34, 3, 6.333743
34, 4, 13.477285
34, 6, 8.785349
34, 8, 14.154589
34, 9, -50.866131
34, 10, -13.535865
34, 11, 47.035649
34, 12, 37.227736
34, 13, 7.898567
34, 14, 23.058630
34, 16, -3.322968
34, 17, 6.289654
34, 18, -21.193499
34, 19, -9.728719
34, 20, 24.757960
34, 21, -15.302371
34, 23, 11.017288
34, 24, -57.122537
34, 26, -27.818579
34, 27, -22.427130
34, 28, -10.109013
34, 29, -5.476427
34, 30, 4.000000
34, 31, -14.262524
34, 32, -6.970708
34, 33, 21.309433
34, 35, 18.890862
34, 36, 16.351973
34, 37, -1.839431
34, 40, 0.314996
34, 41, 25.052772
34, 42, -9.606062
34, 43, -18.261805
34, 44, 43.720709
34, 45, 18.715618
34, 46, 85.000000
34, 47, -63.609432
34, 48, -10.111872
34, 49, 5.693121
34, 50, -25.200970
35, 1, -10.442636
35, 2, -25.379416
35, 3, 13.942598
35, 4, 14.529481
35, 7, -42.736138
35, 8, 5.169433
35, 9, -54.399654
35, 10, -19.867852
35, 11, 41.062242
35, 12, 34.121920
35, 13, -5.326097
35, 14, 12.117050
35, 17, 5.829082
35, 19, -11.163801
35, 21, -10.870821
35, 22, -34.873590
35, 23, 19.119337
35, 24, -55.754042
35, 25, -15.590886
35, 27, -15.888426
35, 28, -2.900385
35, 29, -2.062826
35, 32, -1.075425
35, 33, 21.690567
35, 34, -17.313436
35, 35, 12.562620
35, 36, 22.834556
35, 38, -2.259444
35, 40, -3.303813
35, 43, -21.819519
35, 44, 37.913844
35, 45, 4.606680
35, 48, -17.718098
35, 49, 0.069799
35, 50, -15.011909
36, 1, -9.136793
36, 2, -24.677478
36, 3, 6.144930
36, 4, 18.223763
36, 6, -93.000000
36, 7, -23.191915
36, 8, 10.187089
36, 9, -50.865712
36, 10, -14.126177
36, 11, 43.522516
36, 12, 32.997287
36, 18, -8.051435
36, 19, -8.422492
36, 20, -29.204045
36, 21, -16.389292
36, 22, -27.092213
36, 23, 10.694747
36, 25, -15.409114
36, 26, -56.113607
36, 27, -22.398254
36, 28, -10.383753
36, 29, -8.213089
36, 30, -9.912046
36, 31, 13.874935
36, 32, -6.784498
36, 34, -17.920117
36, 35, 18.300860
36, 36, 17.594191
36, 37, 0.000000
36, 38, 3.310975
36, 39, -8.103280
36, 40, 0.057640
36, 42, 3.469402
36, 43, -18.262964
36, 44, 43.744322
36, 45, 19.292056
36, 46, 48.070363
36, 49, 3.516580
36, 50, -24.170739
37, 1, -10.633634
37, 2, -20.519697
37, 4, 19.030180
37, 5, -13.000000
37, 8, 1.689920
37, 10, -20.785122
37, 11, 39.192928
37, 12, 31.087691
37, 13, 21.975006
37, 14, -15.487900
37, 16, -43.000000
37, 17, -20.931028
37, 18, -8.948565
37, 19, -10.264450
37, 20, -28.641470
37, 21, -11.632717
37, 22, -33.754868
37, 23, 18.557369
37, 24, 34.565207
37, 26, -45.201519
37, 27, -15.867182
37, 28, -3.569402
37, 29, -3.973715
37, 30, -10.087954
37, 31, 14.695284
37, 32, -0.707841
37, 33, 6.416315
37, 34, -17.658253
37, 35, 10.313556
37, 36, 25.170889
37, 38, -1.513438
37, 39, 6.806931
37, 40, -3.467446
37, 42, 2.798045
37, 44, 37.946178
37, 45, 7.135004
37, 46, -8.857902
37, 48, 9.398724
37, 49, -1.831112
37, 50, -14.332129
38, 1, -7.346814
38, 2, -19.487958
38, 4, 22.694652
38, 6, 0.995405
38, 8, 4.913481
38, 10, -15.308916
38, 12, 30.218363
38, 13, 19.826612
38, 14, -29.019711
38, 15, 22.732805
38, 17, -15.582175
38, 19, -8.222251
38, 20, -29.361415
38, 21, -17.269002
38, 22, -24.933394
38, 23, 8.113576
38, 24, 33.606041
38, 25, -25.356342
38, 26, -56.114350
38, 28, -11.240956
38, 29, -11.242809
38, 31, 13.877479
38, 32, -6.233847
38, 33, 5.583685
38, 34, -18.538626
38, 35, 18.431892
38, 36, 20.376707
38, 37, -1.801175
38, 38, 4.705330
38, 39, -8.469841
38, 40, -0.072325
38, 42, 4.649978
38, 43, 62.000000
38, 44, 43.782328
38, 45, 20.536774
38, 48, 8.601276
38, 49, 1.771100
39, 1, -9.846010
39, 2, -16.298443
39, 3, 69.214908
39, 4, 22.526736
39, 5, 21.734837
39, 6, 2.352185
39, 8, -2.395290
39, 9, 12.970876
39, 10, -21.705370
39, 12, 29.881459
39, 13, 23.119728
39, 14, -15.987016
39, 15, 10.428157
39, 16, -4.127358
39, 17, -20.785185
39, 18, 84.000000
39, 19, -10.111241
39, 20, -28.888859
39, 21, -12.091230
39, 22, -30.706634
39, 23, 15.982688
39, 24, 34.567743
39, 25, -29.130972
39, 26, -45.203345
39, 27, -11.443322
39, 28, -4.743485
39, 29, -5.988273
39, 30, 26.106633
39, 32, 0.100734
39, 34, -18.351559
39, 35, 8.895229
39, 36, 28.079443
39, 37, -5.695045
39, 38, 0.692754
39, 39, 5.248376
39, 41, -38.546232
39, 42, 4.904125
39, 44, 37.966706
39, 45, 10.832671
39, 49, -2.677654
40, 1, -5.803297
40, 2, -16.015000
40, 3, 71.765313
40, 4, 25.398368
40, 5, 23.654502
40, 6, 0.994310
40, 7, 0.319432
40, 8, -0.930138
40, 9, 17.158102
40, 10, -15.904196
40, 13, 21.461236
40, 14, -27.200795
40, 15, 21.494819
40, 16, 2.043921
40, 17, -16.059116
40, 19, -8.485027
40, 20, -29.614262
40, 21, -17.597916
40, 22, -21.325139
40, 23, 4.897423
40, 24, 33.609945
40, 27, -4.295837
40, 28, -12.605599
40, 29, -13.645266
40, 30, 35.126303
40, 31, -64.091081
40, 32, -5.209230
40, 33, -95.000000
40, 34, -19.161170
40, 35, 19.190245
40, 36, 22.607879
40, 37, -1.175952
40, 38, 7.309486
40, 39, -8.987977
40, 40, -15.098061
40, 41, -45.056997
40, 42, 8.280396
40, 43, -12.719885
40, 45, 22.279190
40, 47, -19.388466
40, 48, -3.950832
40, 50, 28.304907
41, 1, -9.360147
41, 2, -13.643174
41, 3, 69.214038
41, 4, 23.842831
41, 5, 21.729801
41, 7, -10.676041
41, 8, -6.663025
41, 9, 12.683546
41, 12, -0.612432
41, 13, 25.986335
41, 14, -17.262877
41, 15, 9.936035
41, 16, -4.125790
41, 17, -20.669645
41, 18, 44.395608
41, 19, -10.194481
41, 20, -29.042151
41, 22, -26.491941
41, 23, 13.213022
41, 26, 50.800638
41, 27, -8.867107
41, 28, -6.208670
41, 29, -7.305139
41, 30, 25.573970
41, 31, -61.977230
41, 32, 1.338951
41, 34, -18.702095
41, 35, 8.430169
41, 36, 29.375253
41, 37, -4.584926
41, 38, 4.112751
41, 39, 3.317608
41, 40, -18.866028
41, 41, -38.543041
41, 42, 9.360609
41, 43, -12.280115
41, 44, 10.082507
41, 45, 14.613978
41, 46, -23.888592
41, 47, -26.081464
41, 48, -1.879798
41, 49, 19.158984
41, 50, 27.695093
42, 2, -14.780824
42, 5, 23.648038
42, 6, -17.094982
42, 7, -0.477322
42, 8, -6.546863
42, 9, 16.272502
42, 12, -11.875697
42, 13, 24.076299
42, 14, -24.176482
42, 15, 19.748977
42, 16, 2.047861
42, 17, -17.393469
42, 18, 40.123101
42, 19, -8.642610
42, 22, -17.298301
42, 23, 2.740509
42, 24, 7.000000
42, 27, 0.423966
42, 28, -14.131534
42, 29, -14.565009
42, 30, 33.761538
42, 31, -63.773471
42, 32, -3.909922
42, 33, -44.425218
42, 35, 20.211656
42, 37, 0.436740
42, 38, 10.643551
42, 39, -9.350478
42, 40, -15.469451
42, 41, -45.054321
42, 42, 14.329109
42, 44, 21.776402
42, 45, 23.882075
42, 47, -19.388401
42, 48, -3.949123
42, 49, 21.411923
43, 1, 10.564138
43, 2, -12.669005
43, 3, 42.538113
43, 4, 7.702577
43, 5, 21.725684
43, 6, -5.848350
43, 7, -11.078460
43, 8, -10.745762
43, 9, 11.931118
43, 10, 8.194235
43, 11, 20.777183
43, 12, -0.581658
43, 13, 29.306078
43, 14, -18.726375
43, 15, 9.439460
43, 16, -4.121573
43, 17, -21.217757
43, 18, 44.393475
43, 20, 86.076227
43, 22, -22.014309
43, 23, 11.648426
43, 25, -32.786980
43, 27, -1.858304
43, 28, -7.604964
43, 30, 24.384700
43, 31, -61.332056
43, 32, 2.700432
43, 33, 0.663732
43, 34, -53.765456
43, 35, 8.590818
43, 36, -38.324835
43, 37, -2.763532
43, 38, 8.144189
43, 39, 2.463495
43, 40, -19.379412
43, 42, 16.061215
43, 43, -21.582750
43, 44, 10.153201
43, 45, 17.036153
43, 46, -59.000000
43, 48, -1.877716
43, 49, 19.127058
44, 1, -1.408052
44, 2, -15.160368
44, 3, 42.461887
44, 4, 11.096846
44, 6, -17.720575
44, 7, -1.443774
44, 8, -11.257816
44, 9, 14.830364
44, 10, 19.347965
44, 12, -11.833415
44, 13, 26.792565
44, 14, -21.047408
44, 15, 18.515684
44, 17, -19.824033
44, 18, 40.116587
44, 19, -88.000000
44, 20, 85.923773
44, 21, 12.817610
44, 22, -13.742504
44, 23, 2.297408
44, 24, -0.281452
44, 25, -20.084794
44, 27, 8.505508
44, 28, -15.401535
44, 29, 3.221479
44, 30, 32.062150
44, 31, -63.063672
44, 32, -2.785097
44, 33, -44.421837
44, 34, -54.234544
44, 35, 21.056597
44, 36, -38.809064
44, 37, 2.423963
44, 38, 13.984222
44, 40, -16.319623
44, 41, 2.808990
44, 42, 22.086974
44, 43, -10.596013
44, 44, 21.660136
44, 45, 24.541460
44, 47, -5.074282
44, 49, 21.368960
45, 1, 9.713613
45, 2, -12.705166
45, 4, 8.789140
45, 5, 30.796111
45, 6, -7.678981
45, 7, -11.563899
45, 8, -14.268477
45, 9, 11.004122
45, 10, 8.857687
45, 11, -3.206808
45, 12, -0.550719
45, 13, 31.944169
45, 14, -19.688100
45, 16, -40.882728
45, 17, -22.703819
45, 21, -3.371784
45, 22, -18.048749
45, 23, 11.466564
45, 24, 0.281452
45, 25, -30.571269
45, 26, 57.489894
45, 27, 7.549690
45, 28, -8.589687
45, 29, 3.778521
45, 30, 23.432547
45, 31, -60.531767
45, 32, 3.761261
45, 33, 0.727485
45, 35, 8.860810
45, 36, -38.319875
45, 37, -0.809210
45, 38, 11.914335
45, 40, -20.033042
45, 41, -2.847881
45, 42, 23.968098
45, 43, -20.318433
45, 44, 10.310748
45, 46, -32.527561
45, 47, 5.021069
45, 48, 58.859274
45, 49, 19.096282
46, 1, -3.082964
46, 2, -15.860764
46, 4, 13.011573
46, 5, 30.203889
46, 6, -19.234224
46, 7, -2.015287
46, 8, -14.652104
46, 9, 13.379664
46, 10, 20.484460
46, 11, -12.523989
46, 13, 28.949160
46, 14, -19.059158
46, 16, -41.117272
46, 17, -22.924136
46, 19, 5.960292
46, 20, 59.575051
46, 21, 11.447945
46, 22, -11.147613
46, 23, 2.892500
46, 25, -18.314156
46, 26, 53.338751
46, 27, 17.507984
46, 28, -16.107298
46, 30, 31.304653
46, 31, -62.497703
46, 32, -2.181987
46, 34, -38.510704
46, 35, 21.382207
46, 36, -38.803989
46, 37, 4.174823
46, 38, 16.609762
46, 40, -17.012587
46, 41, 3.055317
46, 42, 29.954121
46, 43, -8.113828
46, 44, 21.510868
46, 45, -73.000000
46, 46, -26.819059
46, 47, -5.043415
46, 48, 59.140726
46, 50, 4.507458
47, 1, 7.807692
47, 2, -12.854006
47, 3, 11.285145
47, 4, 11.235705
47, 6, -10.282471
47, 7, -11.861013
47, 8, -16.856927
47, 9, 10.258702
47, 10, 10.346995
47, 11, -3.178922
47, 12, 75.134863
47, 13, 33.467442
47, 17, -24.637993
47, 19, 5.039708
47, 20, 62.383831
47, 21, -3.760921
47, 22, -15.136095
47, 23, 11.817059
47, 24, -33.000000
47, 25, -27.414236
47, 27, 16.429806
47, 28, -8.941699
47, 29, 99999.000000
47, 31, -60.177910
47, 32, 4.308448
47, 34, -45.248636
47, 37, 0.766720
47, 38, 14.566909
47, 39, -13.615172
47, 40, -20.330276
47, 41, -2.455645
47, 42, 31.137867
47, 43, -17.475718
47, 44, 10.434854
47, 46, -32.528322
47, 47, 5.062956
47, 49, 22.398522
48, 1, -5.166157
48, 3, 10.126511
48, 4, 15.404591
48, 5, -18.897388
48, 6, -20.758277
48, 7, -2.169003
48, 8, -16.624608
48, 9, 12.480450
48, 10, 21.900199
48, 11, -12.486392
48, 13, 30.261697
48, 15, 24.919247
48, 16, -46.818525
48, 17, -25.594779
48, 20, 59.576082
48, 21, 10.077675
48, 22, -9.632402
48, 23, 3.292195
48, 25, -16.101668
48, 26, -92.000000
48, 27, 24.532561
48, 30, -55.470070
48, 32, -2.055158
48, 34, -38.517646
48, 35, -14.145253
48, 36, -2.792687
48, 37, 5.316651
48, 38, 18.030558
48, 39, -8.054030
48, 41, 3.553128
48, 42, 35.855954
48, 43, -5.016339
48, 44, 21.441631
48, 45, 31.731051
48, 46, -26.819982
48, 47, -5.013254
48, 48, -24.652207
48, 49, 26.732033
48, 50, 30.816690
49, 1, 6.280747
49, 3, 11.281376
49, 4, 13.203298
49, 5, -23.553186
49, 6, -12.136979
49, 7, -11.941891
49, 8, -18.221028
49, 9, 9.976305
49, 10, 11.543023
49, 11, -3.152183
49, 13, 34.071402
49, 16, -49.345448
49, 17, -26.010666
49, 18, -35.654048
49, 19, -31.614340
49, 21, -4.002887
49, 22, -13.601865
49, 24, -76.000000
49, 25, -25.163118
49, 27, 21.817252
49, 28, -17.589548
49, 29, 24.187635
49, 30, -58.979789
49, 31, 44.772657
49, 32, 4.466666
49, 33, 13.713456
49, 34, -45.260073
49, 35, -14.854747
49, 36, -6.796959
49, 37, 1.634349
49, 38, 15.519201
49, 39, -13.624881
49, 40, 22.543977
49, 41, -2.058012
49, 42, 35.423939
49, 43, -15.190943
49, 45, 34.842079
49, 48, -29.591569
49, 49, 22.396906
49, 50, 33.345448
50, 1, -6.092045
50, 3, 10.122641
50, 4, 16.473325
50, 5, -18.894908
50, 6, -21.395643
50, 8, -17.258235
50, 10, 22.531256
50, 13, 30.694746
50, 14, -49.170044
50, 15, 61.000000
50, 16, -46.817495
50, 17, -26.654521
50, 18, -36.345952
50, 19, -31.385660
50, 20, 4.000000
50, 22, -9.140809
50, 23, 75.000000
50, 25, -15.112832
50, 26, 68.000000
50, 27, 27.186711
50, 28, -18.410452
50, 29, 23.812365
50, 30, -55.468846
50, 31, 44.227343
50, 32, -2.078090
50, 33, -1.398724
50, 34, -38.527324
50, 36, -2.797678
50, 37, 5.709148
50, 39, -8.063238
50, 40, 22.456023
50, 41, 3.806253
50, 42, 38.050518
50, 43, -3.634469
50, 44, -53.000000
50, 45, 31.728121
50, 46, -72.000000
50, 47, -8.000000
50, 48, -24.655202
50, 49, 26.730302
50, 50, 30.819330
