1, 1, 33.000000
1, 3, -21.586995
1, 4, 15.295533
1, 6, 1.971681
1, 7, 10.976368
1, 8, 34.595163
1, 9, -16.682215
1, 10, -19.000000
1, 11, 6.038862
1, 12, 99999.000000
1, 13, -86.000000
1, 14, -57.907721
1, 15, -38.000000
1, 16, 0.028837
1, 18, -91.034605
1, 19, -42.012787
1, 20, -28.736424
1, 21, -17.342594
1, 22, -8.588479
1, 23, 5.320994
1, 24, 18.783037
1, 25, -24.808839
1, 27, 62.000000
1, 28, 7.711590
1, 29, -41.000000
1, 30, -31.372482
1, 32, -10.402898
1, 33, -41.987262
1, 34, -17.460544
1, 35, -10.511732
1, 37, -82.000000
1, 38, -87.000000
1, 39, 82.000000
1, 40, -9.387204
1, 41, 17.890765
1, 42, -20.119304
1, 43, -33.002069
1, 45, 14.648375
1, 46, -81.000000
1, 47, -7.011283
1, 49, 45.000000
1, 50, 16.172992
2, 2, 50.936397
2, 3, -25.741384
2, 4, 9.835428
2, 5, -46.044333
2, 6, 3.947370
2, 7, 8.497099
2, 8, 34.404837
2, 9, -26.805639
2, 11, 4.466882
2, 14, -58.092279
2, 16, 28.091128
2, 17, 0.053112
2, 19, -41.818083
2, 20, -20.717966
2, 21, -17.487910
2, 22, -14.021933
2, 23, 7.805410
2, 24, 12.664868
2, 25, -30.041346
2, 28, 5.634357
2, 30, -36.710485
2, 31, 11.746075
2, 32, -9.559653
2, 33, -38.832283
2, 34, -10.849440
2, 35, -3.265913
2, 36, -70.468279
2, 40, -2.228225
2, 41, 15.993066
2, 42, -24.609028
2, 43, -36.584607
2, 44, -3.992602
2, 45, 5.717471
2, 47, -11.332633
2, 48, -9.965179
2, 50, 19.470782
3, 1, -16.829784
3, 2, 10.258689
3, 3, -21.752562
3, 4, 15.073413
3, 5, -39.260543
3, 6, 1.468965
3, 7, 10.978558
3, 9, -16.661928
3, 11, 4.078982
3, 12, 32.373250
3, 13, 99999.000000
3, 15, -26.109582
3, 17, -43.297580
3, 19, -41.000260
3, 20, -28.696713
3, 21, -19.162175
3, 22, -8.639140
3, 23, 3.559983
3, 24, 18.910163
3, 25, -23.895036
3, 26, -29.769211
3, 27, -4.362818
3, 28, 7.722263
3, 29, 53.045863
3, 30, -31.353992
3, 31, 10.933635
3, 32, -9.360045
3, 33, -39.102106
3, 34, -16.931246
3, 35, -9.735290
3, 36, -70.531721
3, 37, -79.000000
3, 38, 41.226046
3, 39, -0.904492
3, 40, -10.132827
3, 41, 17.886112
3, 42, -20.113283
3, 43, -33.168151
3, 44, -23.422570
3, 45, 14.739259
3, 47, -4.995401
3, 48, -8.847743
3, 49, -42.363782
3, 50, 16.200216
4, 1, -15.633584
4, 2, 50.936536
4, 3, -26.028466
4, 4, 9.522226
4, 5, -46.173113
4, 6, 3.006789
4, 8, -27.372744
4, 9, -26.829055
4, 10, -95.000000
4, 11, 0.780957
4, 12, 31.267582
4, 14, 17.843004
4, 15, -25.890418
4, 17, 0.091787
4, 19, -42.081626
4, 20, -20.684415
4, 21, -21.554957
4, 23, 2.706243
4, 24, 12.866278
4, 25, -26.836361
4, 26, -29.876120
4, 27, 0.336754
4, 29, 56.655158
4, 31, 11.837923
4, 32, -7.079158
4, 33, -32.704754
4, 34, -8.421962
4, 35, -1.843210
4, 38, 41.773954
4, 39, -7.146820
4, 40, -3.192704
4, 43, -36.988574
4, 44, -6.193790
4, 45, 5.830306
4, 47, -7.285710
4, 48, -9.976674
4, 49, -45.666692
4, 50, 19.501270
5, 1, -16.289148
5, 2, 9.945916
5, 3, -22.074106
5, 4, 14.834284
5, 5, -39.433381
5, 6, 1.039825
5, 7, 14.438901
5, 8, -37.927218
5, 11, -0.769479
5, 12, 32.361481
5, 13, 10.405848
5, 14, 19.258619
5, 19, -38.580402
5, 21, -23.737899
5, 23, -0.691869
5, 24, 19.160127
5, 25, -22.340191
5, 26, -28.494252
5, 27, -2.313673
5, 29, 53.057358
5, 31, 11.072551
5, 32, -6.658101
5, 33, -30.928011
5, 34, -15.351222
5, 35, -8.021370
5, 36, 2.060009
5, 39, -1.902402
5, 40, -11.567592
5, 41, 9.666912
5, 43, -33.464503
5, 44, -27.158444
5, 45, 14.814685
5, 47, 0.113229
5, 49, -42.372114
5, 50, 16.217203
6, 1, -14.731083
6, 3, -26.303132
6, 5, -46.298513
6, 6, 2.827195
6, 7, 10.367907
6, 8, -24.662955
6, 10, -1.936675
6, 11, -4.592640
6, 13, 4.644938
6, 14, 16.450632
6, 16, -24.935176
6, 19, -42.620809
6, 20, -18.836517
6, 21, -27.984185
6, 23, -4.874123
6, 24, 13.025244
6, 25, -23.182184
6, 26, -30.036055
6, 27, 3.328051
6, 31, 12.023710
6, 32, -3.295593
6, 33, -21.637981
6, 34, -4.235646
6, 35, -0.060777
6, 36, 8.255849
6, 38, -20.367085
6, 39, -8.930530
6, 40, -4.135101
6, 41, 16.028034
6, 42, -50.815937
6, 43, -37.404102
6, 44, -11.132768
6, 47, -0.913609
6, 49, -45.682682
7, 1, -15.401361
7, 3, -22.226895
7, 4, -21.866233
7, 6, 2.419865
7, 7, 14.393195
7, 8, -31.930942
7, 10, -9.486542
7, 11, -5.786218
7, 12, 15.660725
7, 13, 10.523766
7, 14, 17.074149
7, 16, -14.601996
7, 18, 26.820094
7, 19, -36.018500
7, 20, -11.410008
7, 21, -29.434375
7, 22, 38.630250
7, 23, -5.314897
7, 25, -22.281828
7, 26, -25.569394
7, 27, 3.228499
7, 29, -26.831303
7, 31, 11.188394
7, 32, -3.526443
7, 33, -19.277497
7, 34, -12.975402
7, 35, -6.429978
7, 36, 0.509185
7, 38, -22.042768
7, 39, -3.849703
7, 40, -12.273739
7, 41, 6.432251
7, 42, -57.295317
7, 44, -31.809059
7, 46, -8.348846
7, 47, 6.286722
7, 50, 18.532506
8, 1, -14.148025
8, 4, -21.133767
8, 5, 4.547352
8, 6, 4.613314
8, 8, -17.505245
8, 9, 7.651607
8, 10, -2.648448
8, 11, -8.526374
8, 12, 21.837414
8, 13, 5.276968
8, 14, 11.829999
8, 16, -21.363546
8, 19, -43.208489
8, 20, -17.875430
8, 21, -34.644868
8, 22, 11.932912
8, 23, -11.477872
8, 24, -2.000000
8, 25, -22.105210
8, 26, -28.666161
8, 27, 8.481988
8, 29, -21.982819
8, 30, -17.457421
8, 32, -0.139823
8, 33, -8.500576
8, 34, 0.302050
8, 35, 1.140758
8, 36, 5.603227
8, 37, -31.210920
8, 38, -19.089985
8, 39, -10.694316
8, 41, 11.498514
8, 42, -50.811285
8, 44, -15.127197
8, 45, 2.651661
8, 46, -8.556980
8, 47, 5.492094
8, 48, -15.547133
8, 49, 14.000000
8, 50, 10.634486
9, 3, -24.670965
9, 5, 3.374060
9, 6, 5.683809
9, 8, -21.935502
9, 9, -15.974278
9, 10, -10.571169
9, 11, -7.941505
9, 12, 15.659082
9, 13, 10.832905
9, 14, 11.852037
9, 15, 23.000000
9, 16, -14.077803
9, 17, 60.000000
9, 19, -34.450975
9, 20, -10.339103
9, 21, -34.807692
9, 22, 35.314874
9, 23, -8.332666
9, 25, -24.640631
9, 26, -20.696786
9, 27, 10.902961
9, 29, -26.859039
9, 30, -22.013662
9, 31, -68.000000
9, 32, -1.450456
9, 33, -7.590292
9, 34, -10.677181
9, 35, -5.529619
9, 36, -2.591018
9, 37, -45.815880
9, 38, -18.180507
9, 39, -4.826490
9, 40, 18.554185
9, 41, -1.562952
9, 44, -33.898527
9, 45, 5.793020
9, 46, -9.719539
9, 47, 11.529324
9, 48, -9.926289
9, 50, 18.477432
10, 1, 18.377004
10, 2, -47.338360
10, 3, -23.125778
10, 4, 4.483911
10, 5, 4.592655
10, 6, 7.387179
10, 7, -17.117087
10, 8, -8.386286
10, 9, 10.006151
10, 10, -4.031640
10, 13, 6.112384
10, 14, 3.389310
10, 16, -16.360008
10, 19, -43.467661
10, 20, -15.402414
10, 21, -39.874188
10, 22, 11.600986
10, 23, -14.645151
10, 24, -15.874151
10, 25, -24.427437
10, 26, -24.188517
10, 27, 14.682360
10, 29, -22.017925
10, 30, -17.419040
10, 32, 0.647895
10, 33, 2.337671
10, 34, 3.308333
10, 35, 1.617755
10, 36, 2.928983
10, 37, -31.357583
10, 38, -15.360932
10, 40, 12.872218
10, 41, 4.754619
10, 42, -53.283178
10, 43, -1.779722
10, 45, 2.879108
10, 46, -10.984930
10, 47, 10.079944
10, 48, -16.930291
10, 49, 8.782873
10, 50, 10.566920
11, 1, 7.311892
11, 2, -44.275727
11, 3, -25.431917
11, 4, -5.122575
11, 5, 3.418730
11, 6, 8.623997
11, 7, -11.502524
11, 8, -11.505946
11, 9, -11.374360
11, 10, -11.631032
11, 11, -25.894510
11, 12, -16.000000
11, 13, 11.111097
11, 14, 3.012545
11, 15, 11.063442
11, 16, -13.523200
11, 17, -7.265947
11, 20, -8.546926
11, 21, -38.932886
11, 22, 29.365936
11, 23, -8.816985
11, 24, -13.527383
11, 25, -28.140115
11, 26, -14.133085
11, 27, 19.070409
11, 28, 9.485581
11, 30, -21.983514
11, 32, -1.433452
11, 33, -0.155387
11, 34, -9.682913
11, 35, -5.259426
11, 36, -4.164700
11, 37, -45.957019
11, 38, -10.934938
11, 39, -2.439404
11, 40, 21.831020
11, 41, -10.679175
11, 42, -54.014999
11, 44, 4.530135
11, 45, 6.089690
11, 46, -13.380798
11, 47, 14.498033
11, 48, -12.132364
11, 49, 2.571873
11, 50, 18.433045
12, 1, 18.955920
12, 2, -48.095664
12, 3, -24.170159
12, 4, 6.302817
12, 6, 8.566409
12, 7, -17.659672
12, 8, -0.730050
12, 9, 13.446993
12, 10, -4.716806
12, 11, -25.966458
12, 13, 6.505354
12, 14, -8.488803
12, 16, -12.824688
12, 17, -5.735458
12, 18, 0.216743
12, 19, -5.091854
12, 20, -11.961270
12, 21, -42.704922
12, 22, 10.269292
12, 23, -13.972903
12, 24, -15.685673
12, 25, -28.201593
12, 26, -16.566483
12, 27, 20.829375
12, 28, 9.514419
12, 29, 80.000000
12, 31, 18.272186
12, 32, -1.523537
12, 33, 6.593355
12, 37, -31.767716
12, 38, -9.600721
12, 39, -2.073058
12, 40, 18.641273
12, 41, -1.416569
12, 42, -53.296042
12, 43, -16.414920
12, 44, 9.166521
12, 45, 3.087737
12, 46, -14.866207
12, 47, 11.754934
12, 48, -19.686889
12, 49, 8.849786
13, 1, 9.588375
13, 2, -45.921811
13, 3, -27.134747
13, 4, -0.430926
13, 5, 36.096780
13, 6, 8.485614
13, 7, -13.744739
13, 8, -4.799156
13, 9, -5.666895
13, 11, -25.651752
13, 14, -8.673339
13, 17, -7.228497
13, 18, 0.680801
13, 19, -0.779928
13, 20, -6.003570
13, 21, -41.198472
13, 22, 21.756522
13, 23, -7.198129
13, 24, -13.253355
13, 25, -30.296073
13, 26, -6.822879
13, 27, 26.194773
13, 30, -52.998232
13, 31, 18.727814
13, 32, -3.443346
13, 34, -2.527069
13, 35, 2.050621
13, 36, -43.965395
13, 37, -46.175635
13, 38, -1.566614
13, 39, -2.541692
13, 40, 29.087105
13, 41, -17.753678
13, 43, -14.528355
13, 44, 4.467348
13, 46, -17.781609
13, 48, -14.356251
13, 49, 2.632970
13, 50, 9.626131
14, 1, 20.574502
14, 2, -49.883804
14, 3, -25.472340
14, 4, 10.888810
14, 5, 44.609141
14, 6, 6.076898
14, 7, -18.969738
14, 8, 2.293293
14, 9, 15.946125
14, 10, 11.941457
14, 11, -25.435033
14, 13, -3.814512
14, 14, -21.845024
14, 17, -5.693863
14, 18, 0.209604
14, 19, -5.041148
14, 20, -7.698343
14, 22, 7.438999
14, 23, -11.092295
14, 24, -15.360321
14, 25, -30.286771
14, 26, -7.471984
14, 27, 25.956755
14, 28, -33.535046
14, 30, -36.265549
14, 32, -5.676857
14, 33, -45.939832
14, 34, -3.472931
14, 35, 4.173902
14, 36, -44.034605
14, 37, -32.143929
14, 38, -2.874995
14, 39, -2.204293
14, 40, 25.787045
14, 41, -5.352175
14, 43, -17.159057
14, 44, 9.096767
14, 46, -18.356606
14, 47, -16.012030
14, 48, -21.088103
14, 50, 9.125126
15, 1, 13.661465
15, 2, -48.292954
15, 3, -28.498948
15, 4, 7.145099
15, 5, 33.869789
15, 6, 4.143957
15, 7, -17.093146
15, 9, -3.122329
15, 10, 26.441608
15, 11, -25.191265
15, 12, 13.604481
15, 13, -12.005580
15, 14, -20.803427
15, 18, 0.680226
15, 19, -0.731006
15, 20, -2.215465
15, 22, 13.821678
15, 23, -5.009924
15, 24, -13.011875
15, 25, -29.272660
15, 26, -0.128985
15, 27, 31.216209
15, 28, -31.304816
15, 29, 29.621549
15, 30, -53.004423
15, 31, -84.000000
15, 32, -6.352429
15, 33, -43.525396
15, 35, 4.418461
15, 37, -46.287615
15, 38, 7.781154
15, 39, -2.631094
15, 40, 34.883224
15, 41, -21.383331
15, 43, -15.736725
15, 45, -17.252626
15, 46, -20.739989
15, 47, -8.940201
15, 49, -2.265057
15, 50, 7.304478
16, 1, 22.920932
16, 2, -51.702114
16, 3, -26.053866
16, 4, 16.590724
16, 5, 39.918484
16, 6, -0.191600
16, 7, -20.316090
16, 8, -23.818986
16, 10, 11.535189
16, 11, -24.912476
16, 12, -9.223392
16, 13, -3.754851
16, 14, -33.543384
16, 16, -6.049693
16, 17, 53.254883
16, 20, -2.463877
16, 22, 3.743064
16, 23, -8.644294
16, 24, -15.214867
16, 25, -28.610183
16, 26, 0.588401
16, 27, 29.440697
16, 28, -33.527302
16, 29, 33.736658
16, 30, -36.209417
16, 32, -9.676881
16, 33, -45.962832
16, 34, 2.000000
16, 35, 8.253377
16, 36, 66.000000
16, 38, 3.130819
16, 40, 28.977816
16, 41, -6.660070
16, 43, -18.340082
16, 44, 30.403443
16, 45, -10.247066
16, 46, -19.499387
16, 47, -16.044242
16, 48, -1.681307
16, 49, 7.735123
16, 50, 4.327690
17, 1, 18.281076
17, 2, -50.219875
17, 4, 15.472270
17, 5, 27.214798
17, 6, -3.324322
17, 7, -19.927305
17, 8, -21.284494
17, 9, -25.738901
17, 10, 25.735597
17, 11, -24.960924
17, 12, 13.525094
17, 13, -11.871484
17, 14, -30.057008
17, 15, -37.032439
17, 16, -3.163441
17, 17, 53.745117
17, 18, 4.377809
17, 19, 86.000000
17, 20, 3.143958
17, 21, 10.771106
17, 22, 7.536284
17, 23, -4.010379
17, 25, -25.048605
17, 26, 4.588391
17, 27, 33.925651
17, 28, -31.312905
17, 29, 29.386476
17, 31, 99999.000000
17, 32, -8.467114
17, 33, -43.543847
17, 35, 9.123958
17, 38, 14.643305
17, 39, 20.046110
17, 42, -4.469586
17, 43, -16.490463
17, 44, 26.467100
17, 45, -17.236472
17, 46, -20.436528
17, 47, -8.991504
17, 48, -8.485932
17, 49, -3.243959
17, 50, 1.529151
18, 1, 25.151038
18, 2, -52.753577
18, 3, -73.000000
18, 4, 22.135310
18, 5, 30.555816
18, 6, -8.629169
18, 7, -21.096256
18, 8, -24.233052
18, 9, -26.236451
18, 10, 10.738271
18, 12, -9.206423
18, 13, -3.705235
18, 14, -40.395898
18, 15, -23.132662
18, 16, -9.343375
18, 18, 13.642141
18, 20, 3.607985
18, 21, 0.282223
18, 22, 1.010694
18, 24, -34.346047
18, 25, -23.470591
18, 26, 5.316159
18, 27, 31.242242
18, 29, 33.307074
18, 32, -11.339556
18, 34, 23.000000
18, 35, 12.336223
18, 36, 21.456744
18, 37, 73.000000
18, 38, 6.667645
18, 39, 9.942749
18, 40, -1.783350
18, 41, 34.612920
18, 42, -9.272479
18, 44, 30.393043
18, 45, -10.207601
18, 46, -17.207560
18, 47, -16.088473
18, 48, -1.626423
18, 49, 5.923081
18, 50, -2.925473
19, 1, 21.443977
19, 2, -50.926702
19, 4, 23.302772
19, 5, 16.612168
19, 6, -11.679748
19, 7, -21.003547
19, 8, -21.930593
19, 9, -25.704416
19, 10, 25.022160
19, 11, -9.731841
19, 13, -11.811734
19, 14, -33.535354
19, 15, -36.338062
19, 16, -5.257374
19, 17, -39.841488
19, 18, 3.683005
19, 19, 4.209872
19, 20, 9.572166
19, 21, 10.158459
19, 22, 5.074242
19, 23, -9.639332
19, 24, -33.653953
19, 25, -19.298928
19, 26, 6.311689
19, 27, 34.923058
19, 28, -8.524458
19, 29, 29.048301
19, 31, -90.000000
19, 33, 12.116390
19, 35, 11.498179
19, 36, 21.543256
19, 38, 17.143020
19, 39, 18.603185
19, 40, 5.894786
19, 41, 34.761965
19, 42, -5.711647
19, 45, -17.195010
19, 46, -16.446199
19, 48, -8.427997
19, 49, -5.611187
19, 50, -4.969505
20, 1, 26.105665
20, 3, 62.000000
20, 4, 27.124367
20, 5, 17.677554
20, 6, -16.982675
20, 8, -24.912404
20, 10, 10.337932
20, 11, -16.196038
20, 15, -23.899150
20, 16, -14.954501
20, 17, -38.082361
20, 18, 12.500506
20, 19, 11.345395
20, 20, 9.775534
20, 21, 1.282991
20, 23, -0.380449
20, 25, -17.264960
20, 27, 31.754714
20, 28, -19.558155
20, 29, 33.056817
20, 30, -57.381767
20, 33, 21.263466
20, 34, 19.629781
20, 37, -37.722047
20, 39, 6.924443
20, 40, -1.583193
20, 41, 34.591665
20, 42, -10.685026
20, 43, 75.069209
20, 44, -6.850797
20, 46, -11.958838
20, 47, 24.350044
20, 49, 3.213619
20, 50, -9.249985
21, 4, 30.334682
21, 5, 4.144771
21, 6, -18.711431
21, 7, -15.397849
21, 8, -22.352937
21, 11, -9.732319
21, 12, -29.839589
21, 13, -57.763534
21, 14, 14.549116
21, 15, -35.651762
21, 16, -8.781814
21, 17, -36.093816
21, 18, 2.368047
21, 19, 5.146597
21, 20, 15.763356
21, 21, 9.627287
21, 23, -9.627495
21, 25, -14.444502
21, 28, -10.545560
21, 31, -11.134319
21, 32, -13.000000
21, 33, 12.778808
21, 34, 6.302492
21, 35, 5.972562
21, 36, -26.541773
21, 37, -37.277953
21, 38, 5.956547
21, 39, 14.602379
21, 40, 5.913531
21, 41, 34.752628
21, 42, -9.145755
21, 44, -8.657404
21, 45, 5.906159
21, 46, -10.187092
21, 47, 25.163453
21, 48, -29.324816
21, 49, -8.183066
21, 50, -9.195580
22, 1, -96.000000
22, 3, 22.981945
22, 4, 31.584061
22, 5, 4.633324
22, 6, -23.115521
22, 7, -12.751014
22, 10, -1.335316
22, 11, -16.373954
22, 12, -29.937681
22, 13, -58.236466
22, 14, 8.133085
22, 15, -24.358343
22, 16, -20.942308
22, 17, -31.441884
22, 18, 11.387148
22, 19, 12.843272
22, 20, 14.993151
22, 21, 3.279519
22, 22, 80.485581
22, 23, -0.364195
22, 24, -48.010578
22, 25, -13.089629
22, 26, 47.048715
22, 28, -22.972611
22, 31, -11.546056
22, 33, 22.516913
22, 34, 19.581249
22, 35, 16.361294
22, 36, -27.689686
22, 38, 7.784294
22, 39, 1.290076
22, 40, -1.147081
22, 42, -12.957565
22, 44, -7.387356
22, 45, 3.956950
22, 46, -5.830832
22, 47, 23.191288
22, 48, -35.119995
22, 49, 0.874392
22, 50, -11.748283
23, 3, 23.447195
23, 4, 36.374725
23, 5, -6.245249
23, 6, -22.734114
23, 7, -15.291298
23, 8, 7.588671
23, 9, -11.246353
23, 10, -6.942893
23, 11, -9.675797
23, 12, -28.907547
23, 14, 14.578395
23, 16, -12.208573
23, 17, -26.552343
23, 18, 1.723435
23, 19, 6.637577
23, 20, 20.329084
23, 21, 9.654103
23, 22, 80.514419
23, 23, -9.616136
23, 24, -62.068446
23, 25, -12.544131
23, 26, 45.450969
23, 28, -15.438503
23, 30, 11.367978
23, 31, -13.479414
23, 32, 91.000000
23, 33, 14.583536
23, 34, 6.005875
23, 35, 7.680441
23, 36, -24.562598
23, 38, 5.957035
23, 39, 8.533314
23, 40, 5.925154
23, 41, 32.051409
23, 42, -13.701276
23, 44, -9.885846
23, 45, 5.866886
23, 46, -4.462886
23, 47, 22.663426
23, 48, -29.308942
23, 49, -9.803588
24, 1, 14.292008
24, 2, -73.000000
24, 3, 23.156645
24, 4, 35.254480
24, 5, -3.752597
24, 6, -25.396370
24, 7, -12.619313
24, 8, 7.217284
24, 9, -7.830666
24, 10, -0.855429
24, 11, -16.537327
24, 12, -27.911532
24, 13, 33.000000
24, 14, 8.170712
24, 15, -6.797424
24, 16, -24.862172
24, 17, -21.157148
24, 19, 13.775935
24, 20, 18.574848
24, 21, 5.863182
24, 24, -48.463625
24, 26, 47.035578
24, 27, -16.800284
24, 28, -27.869278
24, 29, -44.368858
24, 30, 16.850684
24, 31, -15.168606
24, 33, 24.537996
24, 35, 18.168192
24, 36, -23.767100
24, 38, 7.792913
24, 39, -6.666755
24, 40, -0.790022
24, 41, 24.999649
24, 42, -14.998779
24, 43, -5.200359
24, 44, -8.437530
24, 45, 3.922973
24, 46, -1.687356
24, 47, 20.460907
24, 49, -0.045592
24, 50, -62.000000
25, 1, 12.849449
25, 3, 23.848932
25, 4, 40.697114
25, 5, -10.348729
25, 7, -15.202924
25, 8, 7.613532
25, 9, -13.477565
25, 10, -6.255963
25, 11, -9.594037
25, 12, -26.862555
25, 15, 3.947730
25, 16, -13.675238
25, 17, -15.517045
25, 18, 14.000000
25, 20, 22.655540
25, 21, 10.098847
25, 22, -0.978857
25, 24, -62.621185
25, 25, 25.000000
25, 27, -12.333788
25, 28, -20.705812
25, 29, -54.741611
25, 30, 10.966828
25, 31, -19.112390
25, 33, 16.824171
25, 35, 11.789538
25, 36, -19.227765
25, 38, 5.969588
25, 39, 0.728556
25, 40, 5.935954
25, 41, 32.112706
25, 42, -17.828382
25, 43, 29.082457
25, 44, -11.371908
25, 46, -2.125714
25, 47, 19.159398
25, 48, -12.121409
26, 1, 14.283690
26, 2, -50.878883
26, 3, 23.559387
26, 4, 37.420783
26, 6, 14.426503
26, 8, 7.235466
26, 9, -11.928347
26, 10, -0.105553
26, 11, -16.583910
26, 12, -25.411785
26, 13, 55.196093
26, 14, -43.409782
26, 15, -6.817352
26, 17, -11.947386
26, 19, -22.446491
26, 20, 20.660671
26, 21, 8.259472
26, 22, -3.958980
26, 23, -3.625377
26, 24, -49.537354
26, 26, -26.865505
26, 27, -16.412915
26, 28, -31.872923
26, 29, -44.427222
26, 30, 15.409562
26, 31, -20.283916
26, 32, -50.034605
26, 33, 26.423595
26, 35, 20.476969
26, 36, -17.259407
26, 39, -16.653208
26, 41, 25.057895
26, 42, -15.673288
26, 43, -1.337623
26, 44, -9.228288
26, 47, 17.731310
26, 48, -2.031974
26, 49, 38.000000
26, 50, -32.776622
27, 1, 12.843664
27, 2, -51.121117
27, 3, 24.292726
27, 4, 42.298345
27, 5, -11.430729
27, 6, 3.383984
27, 7, 17.097193
27, 9, -19.089240
27, 10, -5.828153
27, 12, -25.232709
27, 13, 54.803907
27, 14, -49.875478
27, 15, 3.926824
27, 16, -7.705482
27, 17, -8.164391
27, 18, 0.827540
27, 19, -23.265550
27, 20, 23.252889
27, 21, 10.548985
27, 22, -2.863824
27, 23, -0.780770
27, 24, -63.339232
27, 25, -56.000000
27, 26, -19.182309
27, 27, -11.735797
27, 28, -23.982011
27, 29, -54.830332
27, 30, 10.098391
27, 31, -24.753030
27, 33, 18.414206
27, 34, 28.781264
27, 35, 16.083996
27, 36, -12.058947
27, 37, 10.449862
27, 38, -12.722467
27, 39, -8.166347
27, 40, -13.654811
27, 42, -20.167894
27, 43, 30.422976
27, 44, -12.326619
27, 45, -17.155094
27, 46, -1.665363
27, 47, 16.666253
27, 48, -12.571192
27, 50, -25.182140
28, 3, 23.793504
28, 5, 5.275828
28, 6, 13.373112
28, 7, 19.006934
28, 8, -22.866233
28, 9, -18.191580
28, 12, -24.296503
28, 14, -43.424561
28, 16, -6.734542
28, 17, -8.227868
28, 18, -3.212255
28, 19, -20.578540
28, 20, 22.058825
28, 21, 9.695848
28, 22, -6.645304
28, 23, -1.360996
28, 24, -50.438140
28, 26, -27.021205
28, 27, -15.842124
28, 28, -33.373459
28, 29, -44.498762
28, 30, 13.335859
28, 31, -23.916806
28, 33, 27.218693
28, 34, 8.376732
28, 35, 21.808714
28, 36, -10.225041
28, 37, 9.550138
28, 38, -16.617686
28, 39, -27.645612
28, 40, -11.030650
28, 41, -21.536227
28, 42, -14.467649
28, 43, 4.208955
28, 44, -9.528258
28, 45, -28.030777
28, 46, 2.769351
28, 47, 16.574727
28, 48, -3.430689
28, 49, -80.965395
28, 50, -31.797803
29, 1, -3.190462
29, 5, -11.112060
29, 6, 1.364625
29, 7, 17.125930
29, 8, -22.133767
29, 9, -25.503789
29, 10, 27.355929
29, 11, 55.617220
29, 16, -6.836084
29, 18, 0.797434
29, 19, -20.239272
29, 20, 23.272236
29, 21, 10.735857
29, 22, -7.543900
29, 23, 4.414029
29, 24, -63.672488
29, 25, 9.033919
29, 26, -19.231204
29, 27, -11.395732
29, 30, 9.293756
29, 31, -27.106819
29, 34, 28.627792
29, 35, 18.492746
29, 36, -5.216855
29, 38, -13.619885
29, 39, -16.450730
29, 40, -13.619782
29, 41, -28.531768
29, 42, -20.266090
29, 43, 32.153770
29, 44, -12.614682
29, 45, -17.231168
29, 46, -1.687806
29, 48, -13.958934
29, 49, -81.034605
29, 50, -22.903629
30, 1, -6.913386
30, 2, -38.391065
30, 3, 7.420756
30, 4, 6.448646
30, 5, 6.539964
30, 6, 10.885072
30, 9, -23.731783
30, 10, 26.280445
30, 11, 59.008823
30, 12, 45.146353
30, 14, 23.042924
30, 16, -5.057870
30, 17, 4.984798
30, 19, -16.110995
30, 20, 23.494467
30, 22, -10.586376
30, 23, 4.237174
30, 25, 10.024857
30, 26, -27.416063
30, 28, -10.563698
30, 29, -2.126223
30, 30, 11.621411
30, 32, -3.229517
30, 33, -62.000000
30, 34, 8.526252
30, 35, 21.510087
30, 36, -4.826487
30, 37, -1.593217
30, 38, -18.144592
30, 39, -37.449773
30, 40, -11.009727
30, 41, -21.534312
30, 42, -11.890961
30, 43, 8.221238
30, 45, -28.141188
30, 47, 23.930791
30, 48, -6.128765
30, 50, -29.417231
31, 1, -5.276348
31, 2, -34.032349
31, 3, 15.510463
31, 4, 6.074591
31, 5, -10.641713
31, 6, -1.373520
31, 7, -46.208580
31, 8, 9.863496
31, 9, -29.743122
31, 10, 27.407491
31, 11, 52.709626
31, 12, 41.862760
31, 13, -6.704114
31, 14, 12.100944
31, 15, 12.560558
31, 16, -5.001176
31, 17, 4.688860
31, 18, 63.000000
31, 19, -15.850577
31, 20, 23.525851
31, 21, -9.134278
31, 22, -12.360464
31, 23, 12.291821
31, 24, -55.705191
31, 25, 9.149482
31, 26, -19.373164
31, 28, -2.838768
31, 29, 0.157018
31, 30, 8.860045
31, 32, -8.115349
31, 34, 28.547026
31, 35, 18.151882
31, 36, -0.990500
31, 37, 4.848652
31, 38, -15.421639
31, 39, -21.582720
31, 42, -18.870724
31, 43, 32.962172
31, 44, -85.000000
31, 45, -17.317242
31, 46, -34.664372
31, 47, 24.069209
31, 48, -16.016594
31, 50, -19.462866
32, 1, -9.411936
32, 2, -36.539473
32, 3, 6.958703
32, 4, 7.978080
32, 5, 7.762586
32, 6, 8.477366
32, 7, -44.908872
32, 8, 17.969590
32, 9, -25.956526
32, 10, 26.331259
32, 11, 53.519864
32, 12, 43.078940
32, 13, 7.778074
32, 14, 23.036886
32, 16, -3.083307
32, 17, 5.718226
32, 19, -11.379924
32, 20, 24.902002
32, 21, -13.726815
32, 22, -13.468821
32, 23, 10.320953
32, 24, -57.090628
32, 25, 10.196237
32, 26, -27.855222
32, 28, -10.284880
32, 29, -2.699311
32, 30, 10.964918
32, 33, -49.000000
32, 35, 20.023184
32, 36, -2.775115
32, 37, -1.813521
32, 38, -19.686520
32, 39, -43.320946
32, 40, 0.788806
32, 42, -9.308292
32, 46, -34.335628
32, 48, -9.329798
32, 49, 8.900773
32, 50, -26.685637
33, 1, -9.592000
33, 2, -31.157677
33, 3, 14.405898
33, 4, 8.955322
33, 6, -3.217181
33, 7, -46.183127
33, 8, 8.816468
33, 11, 45.617115
33, 12, 38.723199
33, 13, -5.302466
33, 14, 12.097397
33, 15, 55.000000
33, 16, -3.626413
33, 17, 5.842823
33, 18, -20.809674
33, 19, -12.095404
33, 20, 23.926458
33, 21, -9.726694
33, 22, -14.401524
33, 23, 19.199167
33, 24, -55.749204
33, 25, 9.284669
33, 26, -19.540803
33, 27, -16.026508
33, 28, -2.537710
33, 29, -0.154250
33, 32, -1.178797
33, 34, 11.000000
33, 35, 15.608604
33, 37, 4.558867
33, 38, -16.344147
33, 40, -2.913642
33, 42, -17.518108
33, 45, 2.455180
33, 47, -95.982698
33, 48, -17.949817
33, 49, 3.352443
33, 50, -16.191429
34, 1, -11.552472
34, 2, -31.414980
34, 3, 6.076983
34, 4, 12.333802
34, 6, 7.515550
34, 8, 15.646298
34, 9, -50.864072
34, 10, -11.930689
34, 11, 45.605461
34, 12, 37.782757
34, 13, 7.980944
34, 14, 23.060713
34, 16, -2.267494
34, 17, 6.891919
34, 18, -21.190326
34, 19, -8.325630
34, 20, 25.545185
34, 21, -15.059046
34, 23, 13.801330
34, 24, -57.148038
34, 26, -28.066738
34, 27, -22.507985
34, 28, -9.780470
34, 29, -4.597610
34, 30, 4.000000
34, 31, -14.266418
34, 32, -6.980533
34, 33, 21.312558
34, 35, 18.403680
34, 36, 13.490248
34, 37, -2.019147
34, 40, 0.504362
34, 41, 25.051907
34, 42, -8.212275
34, 43, -18.253806
34, 44, 43.635792
34, 45, 18.412753
34, 46, 85.000000
34, 47, -63.611292
34, 48, -11.561977
34, 49, 7.080463
34, 50, -24.500682
35, 1, -12.442558
35, 2, -25.998005
35, 3, 13.311004
35, 4, 14.068919
35, 7, -42.740465
35, 8, 5.994365
35, 9, -54.395642
35, 10, -18.620637
35, 11, 38.367008
35, 12, 33.791235
35, 13, -4.422735
35, 14, 12.127783
35, 17, 6.576521
35, 19, -10.086227
35, 21, -10.933159
35, 22, -36.843915
35, 23, 22.174316
35, 24, -55.789795
35, 25, -15.589396
35, 27, -15.889347
35, 28, -2.437964
35, 29, -1.351946
35, 32, -1.220480
35, 33, 21.687442
35, 34, -16.378671
35, 35, 12.248788
35, 36, 20.150396
35, 38, -3.337330
35, 40, -3.293726
35, 43, -21.815481
35, 44, 37.855554
35, 45, 3.245125
35, 48, -18.758508
35, 49, 0.497230
35, 50, -13.988667
36, 1, -10.701376
36, 2, -24.409028
36, 3, 5.637273
36, 4, 18.403601
36, 6, -93.000000
36, 7, -23.190321
36, 8, 11.257060
36, 9, -50.860514
36, 10, -13.314849
36, 11, 39.859701
36, 12, 31.617093
36, 18, -8.058790
36, 19, -7.446118
36, 20, -28.632378
36, 21, -16.690417
36, 22, -29.054919
36, 23, 12.990380
36, 25, -15.410604
36, 26, -56.105180
36, 27, -22.320851
36, 28, -9.774003
36, 29, -7.818407
36, 30, -9.913488
36, 31, 13.864555
36, 32, -7.079899
36, 34, -17.078370
36, 35, 17.574858
36, 36, 15.828673
36, 37, 0.000000
36, 38, 2.225123
36, 39, -7.708291
36, 40, -0.115920
36, 42, 1.917130
36, 43, -18.263659
36, 44, 43.718331
36, 45, 18.659246
36, 46, 48.069209
36, 49, 3.019563
36, 50, -23.324972
37, 1, -11.842215
37, 2, -19.895940
37, 4, 19.899453
37, 5, -13.000000
37, 8, 2.081631
37, 10, -20.774178
37, 11, 35.273924
37, 12, 29.315809
37, 13, 19.649057
37, 14, -14.534262
37, 16, -43.000000
37, 17, -21.539452
37, 18, -8.941210
37, 19, -9.686534
37, 20, -28.194229
37, 21, -11.962538
37, 22, -35.406154
37, 23, 20.467051
37, 24, 34.544881
37, 26, -45.190871
37, 27, -15.750057
37, 28, -3.056536
37, 29, -3.707689
37, 30, -10.086512
37, 31, 14.694354
37, 32, -1.129128
37, 33, 6.409489
37, 34, -17.178612
37, 35, 9.448753
37, 36, 24.521115
37, 38, -2.681073
37, 39, 8.610386
37, 40, -3.697137
37, 42, 1.456216
37, 44, 37.966497
37, 45, 5.916048
37, 46, -8.853545
37, 48, 9.392187
37, 49, -3.044876
37, 50, -13.223804
38, 1, -7.131549
38, 2, -17.774920
38, 4, 24.264672
38, 6, 0.998116
38, 8, 5.372241
38, 10, -16.101990
38, 12, 27.502295
38, 13, 18.265323
38, 14, -30.611226
38, 15, 24.015136
38, 17, -15.487106
38, 19, -7.959391
38, 20, -29.188474
38, 21, -17.776351
38, 22, -26.151884
38, 23, 8.634643
38, 24, 33.590319
38, 25, -25.358697
38, 26, -56.111452
38, 28, -10.725702
38, 29, -11.715502
38, 31, 13.886177
38, 32, -6.775143
38, 33, 5.590511
38, 34, -18.523801
38, 35, 17.854519
38, 36, 21.012337
38, 37, -3.018935
38, 38, 3.642902
38, 39, -8.310754
38, 40, -0.436912
38, 42, 2.833361
38, 43, 62.000000
38, 44, 43.850201
38, 45, 19.855270
38, 48, 8.607813
38, 49, -0.237447
39, 1, -9.221485
39, 2, -14.720523
39, 3, 69.215549
39, 4, 24.486435
39, 5, 21.756698
39, 6, 2.350644
39, 8, -2.291081
39, 9, 13.499414
39, 10, -22.953017
39, 12, 27.506185
39, 13, 21.472439
39, 14, -15.231916
39, 15, 11.093178
39, 16, -4.143472
39, 17, -20.959191
39, 18, 84.000000
39, 19, -10.048789
39, 20, -29.060687
39, 21, -12.464029
39, 22, -31.615719
39, 23, 15.893727
39, 24, 34.566364
39, 25, -29.129192
39, 26, -45.206355
39, 27, -15.852172
39, 28, -4.466279
39, 29, -6.585291
39, 30, 27.335072
39, 32, -0.405830
39, 34, -18.810184
39, 35, 7.981955
39, 36, 29.932935
39, 37, -6.728832
39, 38, -0.421981
39, 39, 5.651411
39, 41, -38.559798
39, 42, 3.002905
39, 44, 38.039687
39, 45, 10.503291
39, 49, -4.625657
40, 1, -3.870973
40, 2, -13.747812
40, 3, 71.762417
40, 4, 27.850650
40, 5, 23.667762
40, 6, 0.988811
40, 7, 1.336631
40, 8, -1.148534
40, 9, 17.965525
40, 10, -17.528351
40, 13, 20.646642
40, 14, -28.333358
40, 15, 22.013751
40, 16, 2.027151
40, 17, -15.364685
40, 19, -8.733931
40, 20, -30.073246
40, 21, -18.124517
40, 22, -21.534498
40, 23, 3.539914
40, 24, 33.623431
40, 27, -8.365239
40, 28, -12.469608
40, 29, -14.992768
40, 30, 36.692957
40, 31, -64.831714
40, 32, -5.589373
40, 33, -95.000000
40, 34, -20.003504
40, 35, 18.974599
40, 36, 25.168054
40, 37, -2.088105
40, 38, 6.609321
40, 39, -9.161581
40, 40, -14.263079
40, 41, -45.060856
40, 42, 6.123239
40, 43, -12.716280
40, 45, 22.238504
40, 47, -19.381836
40, 48, -3.961975
40, 50, 28.299908
41, 1, -7.786856
41, 2, -11.966423
41, 3, 69.208159
41, 4, 26.219627
41, 5, 21.726422
41, 7, -10.150154
41, 8, -6.774439
41, 9, 13.114846
41, 12, -0.781931
41, 13, 25.773597
41, 14, -17.069024
41, 15, 9.952400
41, 16, -4.135528
41, 17, -19.975572
41, 18, 44.401162
41, 19, -10.394208
41, 20, -29.599463
41, 22, -26.602091
41, 23, 11.630642
41, 26, 50.803907
41, 27, -12.724327
41, 28, -6.284453
41, 29, -8.617191
41, 30, 26.322034
41, 31, -62.725823
41, 32, 1.154784
41, 34, -19.658710
41, 35, 7.875832
41, 36, 32.352797
41, 37, -5.185817
41, 38, 3.502755
41, 39, 2.066692
41, 40, -18.279802
41, 41, -38.532747
41, 42, 7.182905
41, 43, -12.283720
41, 44, 9.912736
41, 45, 15.780575
41, 46, -23.890418
41, 47, -26.073865
41, 48, -1.886095
41, 49, 19.331257
41, 50, 27.700092
42, 2, -13.214777
42, 5, 23.630684
42, 6, -15.817658
42, 7, -0.437474
42, 8, -7.344219
42, 9, 16.792337
42, 12, -11.992791
42, 13, 24.159055
42, 14, -24.371543
42, 15, 19.216749
42, 16, 2.053044
42, 17, -16.202353
42, 18, 40.133995
42, 19, -9.047677
42, 22, -16.735360
42, 23, 0.714216
42, 24, 7.000000
42, 27, -2.567279
42, 28, -14.396917
42, 29, -16.294143
42, 30, 34.142249
42, 31, -64.223935
42, 32, -3.735394
42, 33, -44.441328
42, 35, 20.388128
42, 37, 0.193505
42, 38, 10.648410
42, 39, -9.730691
42, 40, -14.903910
42, 41, -45.038181
42, 42, 12.568480
42, 44, 21.904621
42, 45, 24.819352
42, 47, -19.381288
42, 48, -3.947481
42, 49, 21.525952
43, 1, 12.528536
43, 2, -11.786928
43, 3, 42.537488
43, 4, 5.207230
43, 5, 21.703959
43, 6, -3.974033
43, 7, -11.095105
43, 8, -11.142652
43, 9, 12.092967
43, 10, 6.668633
43, 11, 20.780837
43, 12, -0.582270
43, 13, 30.229388
43, 14, -19.208028
43, 15, 8.773796
43, 16, -4.105068
43, 17, -20.079949
43, 18, 44.383051
43, 20, 86.074977
43, 22, -21.519744
43, 23, 10.039293
43, 25, -35.054580
43, 27, -4.087018
43, 28, -7.975597
43, 30, 24.108054
43, 31, -61.502773
43, 32, 3.051127
43, 33, 0.490215
43, 34, -53.769302
43, 35, 8.572880
43, 36, -38.351569
43, 37, -2.798760
43, 38, 8.368388
43, 39, 0.514947
43, 40, -19.190083
43, 42, 14.673325
43, 43, -24.487632
43, 44, 10.052539
43, 45, 19.404897
43, 46, -59.000000
43, 48, -1.868435
43, 49, 19.122826
44, 1, 0.523091
44, 2, -15.060317
44, 3, 42.462512
44, 4, 8.893683
44, 6, -16.805386
44, 7, -2.166248
44, 8, -12.392028
44, 9, 14.846927
44, 10, 18.041988
44, 12, -11.720914
44, 13, 27.412591
44, 14, -20.034724
44, 15, 17.244041
44, 17, -18.935232
44, 18, 40.093135
44, 19, -88.000000
44, 20, 85.925023
44, 21, 14.674917
44, 22, -12.855007
44, 23, 1.207389
44, 24, -0.276838
44, 25, -22.118115
44, 27, 7.559181
44, 28, -15.903755
44, 29, 3.226046
44, 30, 30.980771
44, 31, -62.889226
44, 32, -2.142453
44, 33, -44.412641
44, 34, -54.230698
44, 35, 21.534825
44, 36, -38.820864
44, 37, 2.752062
44, 38, 14.667160
44, 40, -16.473045
44, 41, 2.143334
44, 42, 21.754911
44, 43, -13.451411
44, 44, 21.706959
44, 45, 25.962103
44, 47, -5.240659
44, 49, 21.249756
45, 1, 10.926054
45, 2, -12.887159
45, 4, 7.216363
45, 5, 30.791257
45, 6, -6.859310
45, 7, -11.924204
45, 8, -15.011550
45, 9, 10.830921
45, 10, 7.908050
45, 11, -3.353960
45, 12, -0.381195
45, 13, 33.103061
45, 14, -20.625635
45, 16, -40.884651
45, 17, -22.065720
45, 21, -2.674269
45, 22, -17.180249
45, 23, 11.071240
45, 24, 0.276838
45, 25, -31.579501
45, 26, 57.487902
45, 27, 7.855037
45, 28, -9.123560
45, 29, 3.773954
45, 30, 22.344675
45, 31, -60.011633
45, 32, 4.373673
45, 33, 0.898415
45, 35, 9.248148
45, 36, -38.309515
45, 37, -0.430969
45, 38, 12.899246
45, 40, -20.434026
45, 41, -3.381984
45, 42, 24.405743
45, 43, -22.138781
45, 44, 10.355690
45, 46, -32.523267
45, 47, 4.911703
45, 48, 58.861581
45, 49, 18.924180
46, 1, -2.622882
46, 2, -16.927282
46, 4, 12.448557
46, 5, 30.208743
46, 6, -19.203843
46, 7, -2.516246
46, 8, -15.814951
46, 9, 12.869183
46, 10, 20.165726
46, 11, -12.622666
46, 13, 29.678298
46, 14, -17.151682
46, 16, -41.115349
46, 17, -23.178417
46, 19, 5.952745
46, 20, 59.568304
46, 21, 11.450176
46, 22, -10.280090
46, 23, 3.415949
46, 25, -18.833039
46, 26, 53.341395
46, 27, 19.162825
46, 28, -16.679870
46, 30, 29.563749
46, 31, -61.845247
46, 32, -1.630570
46, 34, -38.466132
46, 35, 21.982220
46, 36, -38.777830
46, 37, 4.739179
46, 38, 17.641229
46, 40, -17.821623
46, 41, 2.706474
46, 42, 31.581092
46, 43, -8.828087
46, 44, 21.424753
46, 45, -73.000000
46, 46, -26.815642
46, 47, -5.040821
46, 48, 59.138419
46, 50, 4.515534
47, 1, 7.366868
47, 2, -13.526287
47, 3, 11.305679
47, 4, 11.774202
47, 6, -11.031097
47, 7, -12.045549
47, 8, -17.853675
47, 9, 9.829526
47, 10, 10.680900
47, 11, -3.174702
47, 12, 75.132651
47, 13, 34.176676
47, 17, -25.157391
47, 19, 5.047255
47, 20, 62.380643
47, 21, -4.026621
47, 22, -14.048102
47, 23, 12.621194
47, 24, -33.000000
47, 25, -26.512055
47, 27, 19.494852
47, 28, -9.519150
47, 29, 99999.000000
47, 31, -59.367245
47, 32, 4.670916
47, 34, -45.212246
47, 37, 1.356587
47, 38, 15.993175
47, 39, -13.567026
47, 40, -21.039289
47, 41, -2.475492
47, 42, 33.644663
47, 43, -16.845064
47, 44, 10.579679
47, 46, -32.529706
47, 47, 5.179297
47, 49, 22.407225
48, 1, -6.502459
48, 3, 10.135433
48, 4, 16.925612
48, 5, -18.901904
48, 6, -21.668438
48, 7, -2.025813
48, 8, -17.607242
48, 9, 11.645720
48, 10, 22.801732
48, 11, -12.384899
48, 13, 30.911122
48, 15, 24.912373
48, 16, -46.819794
48, 17, -27.145778
48, 20, 59.577062
48, 21, 8.220274
48, 22, -8.894719
48, 23, 4.604796
48, 25, -14.699268
48, 26, -92.000000
48, 27, 28.461479
48, 30, -55.471054
48, 32, -2.035555
48, 34, -38.507586
48, 35, -14.151069
48, 36, -2.769863
48, 37, 5.894124
48, 38, 19.141899
48, 39, -8.035829
48, 41, 3.876971
48, 42, 39.117272
48, 43, -3.044698
48, 44, 21.275624
48, 45, 31.738844
48, 46, -26.823463
48, 47, -4.846981
48, 48, -24.635909
48, 49, 26.736850
48, 50, 30.804194
49, 1, 4.524524
49, 3, 11.273724
49, 4, 15.474701
49, 5, -23.547899
49, 6, -14.071905
49, 7, -11.911213
49, 8, -19.298970
49, 9, 9.462732
49, 10, 12.917828
49, 11, -3.005201
49, 13, 34.307636
49, 16, -49.342579
49, 17, -27.479149
49, 18, -35.659720
49, 19, -31.612465
49, 21, -4.874727
49, 22, -12.396685
49, 24, -76.000000
49, 25, -22.804362
49, 27, 26.735167
49, 28, -17.596278
49, 29, 24.184559
49, 30, -58.975803
49, 31, 44.768187
49, 32, 4.416856
49, 33, 13.708222
49, 34, -45.284614
49, 35, -14.848931
49, 36, -6.792416
49, 37, 2.325652
49, 38, 17.084260
49, 39, -13.649347
49, 40, 22.543256
49, 41, -1.523105
49, 42, 39.279886
49, 43, -12.558882
49, 45, 34.838546
49, 48, -29.585964
49, 49, 22.393528
49, 50, 33.342579
50, 1, -8.218626
50, 3, 10.102615
50, 4, 18.948268
50, 5, -18.880830
50, 6, -22.733926
50, 8, -18.109687
50, 10, 23.982721
50, 13, 31.300121
50, 14, -49.167256
50, 15, 61.000000
50, 16, -46.811036
50, 17, -28.772052
50, 18, -36.340280
50, 19, -31.387535
50, 20, 4.000000
50, 22, -8.461184
50, 23, 75.000000
50, 25, -12.825385
50, 26, 68.000000
50, 27, 32.039071
50, 28, -18.403722
50, 29, 23.815441
50, 30, -55.460654
50, 31, 44.231813
50, 32, -2.382984
50, 33, -1.392187
50, 34, -38.572300
50, 36, -2.812285
50, 37, 6.284986
50, 39, -8.113890
50, 40, 22.456744
50, 41, 4.497919
50, 42, 41.948122
50, 43, -0.443988
50, 44, -53.000000
50, 45, 31.713938
50, 46, -72.000000
50, 47, -8.000000
50, 48, -24.661361
50, 49, 26.722174
50, 50, 30.826636
