1, 1, 33.000000
1, 3, -18.701637
1, 4, 27.090228
1, 6, 16.568638
1, 7, 11.244769
1, 8, 34.327142
1, 9, -17.407517
1, 10, -19.000000
1, 11, 14.917055
1, 12, 99999.000000
1, 13, -86.000000
1, 14, -58.167620
1, 15, -38.000000
1, 16, -0.052381
1, 18, -90.937143
1, 19, -50.701459
1, 20, -32.061483
1, 21, -3.289267
1, 22, -4.126273
1, 23, 19.715856
1, 24, 16.683410
1, 25, -39.398003
1, 27, 62.000000
1, 28, 7.289994
1, 29, -41.000000
1, 30, -33.301058
1, 32, -15.769208
1, 33, -50.599611
1, 34, -17.341789
1, 35, -21.093207
1, 37, -82.000000
1, 38, -87.000000
1, 39, 82.000000
1, 40, 0.361503
1, 41, 18.559051
1, 42, -19.783633
1, 43, -28.747313
1, 45, 10.238804
1, 46, -81.000000
1, 47, -22.701288
1, 49, 45.000000
1, 50, 15.501533
2, 2, 50.639687
2, 3, -23.475175
2, 4, 18.097309
2, 5, -39.771919
2, 6, 15.142405
2, 7, 8.980146
2, 8, 34.672858
2, 9, -24.564978
2, 11, 14.056244
2, 14, -57.832380
2, 16, 27.840490
2, 17, -4.194841
2, 19, -41.637385
2, 20, -21.263144
2, 21, -6.005533
2, 22, -13.511544
2, 23, 24.532714
2, 24, 9.554384
2, 25, -45.822904
2, 28, 6.039934
2, 30, -37.006693
2, 31, 11.064421
2, 32, -17.171178
2, 33, -49.315721
2, 34, -14.889983
2, 35, -11.469033
2, 36, -70.557619
2, 40, 2.507175
2, 41, 16.362187
2, 42, -23.734076
2, 43, -32.916851
2, 44, 12.971689
2, 45, 3.468504
2, 47, -25.175238
2, 48, -9.317638
2, 50, 19.693125
3, 1, -27.490124
3, 2, 17.978490
3, 3, -20.947288
3, 4, 16.323606
3, 5, -35.257453
3, 6, 5.278037
3, 7, 11.567598
3, 9, -14.642691
3, 11, 13.989877
3, 12, 33.425061
3, 13, 99999.000000
3, 15, -25.800951
3, 17, -43.229225
3, 19, -44.732682
3, 20, -26.610927
3, 21, -14.517198
3, 22, -10.900572
3, 23, 9.159651
3, 24, 15.545261
3, 25, -28.353022
3, 26, -30.251362
3, 27, -16.241050
3, 28, 8.863785
3, 29, 51.581327
3, 30, -30.876686
3, 31, 9.430030
3, 32, -15.389116
3, 33, -50.580733
3, 34, -18.035371
3, 35, -12.405948
3, 36, -70.442381
3, 37, -79.000000
3, 38, 41.997622
3, 39, 11.115455
3, 40, -7.812373
3, 41, 17.873040
3, 42, -18.895854
3, 43, -30.193112
3, 44, -8.914891
3, 45, 15.870328
3, 47, -12.868290
3, 48, -9.066481
3, 49, -40.774693
3, 50, 16.960783
4, 1, -24.988538
4, 2, 50.541959
4, 3, -27.028155
4, 4, 2.693580
4, 5, -46.414262
4, 6, -1.166073
4, 8, -40.209932
4, 9, -26.549939
4, 10, -95.000000
4, 11, 9.620027
4, 12, 31.481763
4, 14, 17.475837
4, 15, -26.199049
4, 17, 0.578841
4, 19, -39.413206
4, 20, -16.771186
4, 21, -19.733144
4, 23, 6.520697
4, 24, 10.943442
4, 25, -27.466150
4, 26, -23.863569
4, 27, -7.608173
4, 29, 55.953373
4, 31, 9.307550
4, 32, -12.667713
4, 33, -46.221996
4, 34, -13.174861
4, 35, 1.023512
4, 38, 41.002378
4, 39, 2.216744
4, 40, -4.701207
4, 43, -36.244378
4, 44, 4.943108
4, 45, 9.156132
4, 47, -10.059886
4, 48, -11.012490
4, 49, -44.276946
4, 50, 20.504267
5, 1, -20.845396
5, 2, 3.404395
5, 3, -23.913706
5, 4, 2.944372
5, 5, -43.401594
5, 6, -11.307152
5, 7, 18.485278
5, 8, -50.395159
5, 11, 4.406519
5, 12, 31.689856
5, 13, 11.350238
5, 14, 19.397752
5, 19, -36.510806
5, 21, -25.777104
5, 23, -3.459764
5, 24, 20.688343
5, 25, -13.129811
5, 26, -31.827030
5, 27, -9.113087
5, 29, 53.276179
5, 31, 9.053135
5, 32, -8.551318
5, 33, -42.685059
5, 34, -19.423049
5, 35, -2.075558
5, 36, 20.007627
5, 39, 1.989148
5, 40, -16.621229
5, 41, 35.425406
5, 43, -36.976816
5, 44, -23.510125
5, 45, 19.144977
5, 47, 2.464383
5, 49, -41.846899
5, 50, 16.819696
6, 1, -12.856560
6, 3, -28.416641
6, 5, -52.562286
6, 6, -12.568907
6, 7, 11.156275
6, 8, -33.745024
6, 10, 7.147623
6, 11, -5.279270
6, 13, 2.570754
6, 14, 21.462828
6, 16, -35.457419
6, 19, -41.269856
6, 20, -27.360931
6, 21, -30.325782
6, 23, -10.974295
6, 24, 17.021978
6, 25, -9.500363
6, 26, -35.479283
6, 27, 1.493458
6, 31, 12.243394
6, 32, -1.813216
6, 33, -31.675353
6, 34, -8.105122
6, 35, 7.354627
6, 36, 23.749020
6, 38, -23.648057
6, 39, -10.496464
6, 40, -8.879902
6, 41, 33.521420
6, 42, -50.036282
6, 43, -41.019901
6, 44, -13.145161
6, 47, 3.693239
6, 49, -46.540682
7, 1, -7.447726
7, 3, -23.921463
7, 4, -20.834759
7, 6, -13.077831
7, 7, 11.746226
7, 8, -41.821416
7, 10, -3.663885
7, 11, -13.860576
7, 12, 14.713208
7, 13, 8.660532
7, 14, 24.083624
7, 16, -17.141424
7, 18, 25.918568
7, 19, -31.904029
7, 20, -15.206297
7, 21, -31.539590
7, 22, 47.478626
7, 23, -10.157343
7, 25, -8.721272
7, 26, -30.633503
7, 27, 1.187459
7, 29, -23.775058
7, 31, 13.398030
7, 32, 0.255699
7, 33, -23.997509
7, 34, -16.738237
7, 35, -1.647723
7, 36, 10.199838
7, 38, -27.491210
7, 39, -9.406098
7, 40, -19.256231
7, 41, 20.551260
7, 42, -56.033016
7, 44, -41.392364
7, 46, -3.698228
7, 47, 10.807925
7, 50, 21.094037
8, 1, -1.719381
8, 4, -22.165241
8, 5, 0.508881
8, 6, -4.973744
8, 8, -23.477075
8, 9, -0.347572
8, 10, 0.209980
8, 11, -23.723261
8, 12, 20.634354
8, 13, 1.893566
8, 14, 22.336727
8, 16, -25.205067
8, 19, -44.874743
8, 20, -19.603058
8, 21, -37.828768
8, 22, 10.843542
8, 23, -21.376865
8, 24, -2.000000
8, 25, -6.037908
8, 26, -40.270331
8, 27, 8.202751
8, 29, -19.852053
8, 30, -20.038253
8, 32, 7.706610
8, 33, -6.809519
8, 34, 2.059573
8, 35, 2.999536
8, 36, 7.132885
8, 37, -31.469516
8, 38, -22.908834
8, 39, -19.852410
8, 41, 13.770488
8, 42, -49.350270
8, 44, -31.516251
8, 45, -8.006680
8, 46, -1.621542
8, 47, 9.491383
8, 48, 0.286705
8, 49, 14.000000
8, 50, 11.476997
9, 3, -18.379767
9, 5, 1.761660
9, 6, 4.555234
9, 8, -27.072994
9, 9, -35.535833
9, 10, -12.198200
9, 11, -27.164398
9, 12, 14.471087
9, 13, 8.997269
9, 14, 22.562361
9, 15, 23.000000
9, 16, -16.374495
9, 17, 60.000000
9, 19, -31.574323
9, 20, -7.412996
9, 21, -35.899650
9, 22, 37.708744
9, 23, -13.853200
9, 25, -19.075749
9, 26, -25.809955
9, 27, 9.661639
9, 29, -27.146835
9, 30, -22.297920
9, 31, -68.000000
9, 32, 4.914338
9, 33, 0.490946
9, 34, -7.908144
9, 35, -6.988779
9, 36, -10.646417
9, 37, -44.681597
9, 38, -26.054798
9, 39, -14.967431
9, 40, -10.979662
9, 41, -5.913443
9, 44, -51.612867
9, 45, 0.103092
9, 46, -1.201972
9, 47, 14.254154
9, 48, 2.303181
9, 50, 17.677842
10, 1, 17.528485
10, 2, -40.041997
10, 3, -18.927546
10, 4, -8.675672
10, 5, 6.363436
10, 6, 15.011578
10, 7, -12.054153
10, 8, -8.657574
10, 9, 3.616548
10, 10, -8.670045
10, 13, 7.323123
10, 14, 14.138053
10, 16, -12.609988
10, 19, -46.401763
10, 20, -13.108439
10, 21, -44.325491
10, 22, 11.825716
10, 23, -25.550898
10, 24, -19.257210
10, 25, -19.009854
10, 26, -34.520254
10, 27, 13.108006
10, 29, -24.370566
10, 30, -15.075838
10, 32, 9.857762
10, 33, 19.100374
10, 34, 13.166303
10, 35, -1.893159
10, 36, -12.612623
10, 37, -28.467694
10, 38, -21.076166
10, 40, -10.754596
10, 41, -4.114439
10, 42, -52.215920
10, 43, -0.991902
10, 45, 4.273626
10, 46, -3.684867
10, 47, 13.837941
10, 48, -8.913530
10, 49, 3.426766
10, 50, 8.198226
11, 1, 6.053659
11, 2, -37.744330
11, 3, -21.274169
11, 4, -19.149250
11, 5, 7.517667
11, 6, 24.207414
11, 7, -3.003045
11, 8, -5.316979
11, 9, -14.656238
11, 10, -17.526455
11, 11, -28.786359
11, 12, -16.000000
11, 13, 13.317324
11, 14, 12.075566
11, 15, 10.884761
11, 16, -10.767091
11, 17, -11.125851
11, 20, -6.473966
11, 21, -41.303635
11, 22, 29.593940
11, 23, -16.068141
11, 24, -14.561406
11, 25, -34.805410
11, 26, -16.848413
11, 27, 19.754405
11, 28, 9.526191
11, 30, -18.616624
11, 32, 4.332043
11, 33, 21.375632
11, 34, 0.330388
11, 35, -7.703532
11, 36, -23.813308
11, 37, -44.235788
11, 38, -18.951167
11, 39, 1.379462
11, 40, 7.440634
11, 41, -22.943214
11, 42, -53.873731
11, 44, 10.757242
11, 45, 13.866898
11, 46, -8.248656
11, 47, 19.685602
11, 48, -11.030541
11, 49, 0.860895
11, 50, 15.951453
12, 1, 19.671807
12, 2, -44.319894
12, 3, -22.656195
12, 4, 0.281979
12, 6, 25.628920
12, 7, -13.944110
12, 8, 10.439247
12, 9, 15.863565
12, 10, -12.067640
12, 11, -28.399891
12, 13, 12.287853
12, 14, -2.903263
12, 16, -1.370251
12, 17, -7.722234
12, 18, 0.239759
12, 19, -9.703447
12, 20, -11.980150
12, 21, -48.425930
12, 22, 15.049204
12, 23, -22.257028
12, 24, -14.569256
12, 25, -36.524240
12, 26, -20.012913
12, 27, 21.685481
12, 28, 9.473809
12, 29, 80.000000
12, 31, 18.913812
12, 32, 4.703399
12, 33, 33.676138
12, 37, -30.161661
12, 38, -14.410662
12, 39, -0.345770
12, 40, 15.274643
12, 41, -9.293679
12, 42, -54.112539
12, 43, -0.360333
12, 44, 12.549556
12, 45, 13.624606
12, 46, -15.149953
12, 47, 19.450262
12, 48, -26.565554
12, 49, 12.014982
13, 1, 5.386539
13, 2, -44.395757
13, 3, -28.393417
13, 4, -4.830616
13, 5, 40.808581
13, 6, 25.027296
13, 7, -9.981966
13, 8, 15.752428
13, 9, 7.720368
13, 11, -25.809114
13, 14, -5.307250
13, 17, -6.278392
13, 18, 0.007673
13, 19, -2.391150
13, 20, -9.381267
13, 21, -46.408781
13, 22, 25.507428
13, 23, -11.509839
13, 24, -10.761382
13, 25, -42.602916
13, 26, -4.718459
13, 27, 31.965468
13, 30, -52.289693
13, 31, 18.086188
13, 32, -0.054730
13, 34, -3.859052
13, 35, -26.349450
13, 36, -44.062857
13, 37, -46.549521
13, 38, -3.455717
13, 39, -3.493477
13, 40, 36.801080
13, 41, -26.049239
13, 43, -2.135659
13, 44, 2.826495
13, 46, -22.140717
13, 48, -26.463251
13, 49, 8.544265
13, 50, 24.283670
14, 1, 17.107753
14, 2, -52.390171
14, 3, -28.506701
14, 4, 12.003972
14, 5, 48.714025
14, 6, 16.304649
14, 7, -20.687533
14, 8, 22.946954
14, 9, 26.142622
14, 10, 16.501399
14, 11, -24.619054
14, 13, -5.475592
14, 14, -24.564669
14, 17, -2.229735
14, 18, -0.758663
14, 19, -2.983580
14, 20, -11.400386
14, 22, 15.986486
14, 23, -10.103773
14, 24, -13.232935
14, 25, -44.532236
14, 26, -3.364315
14, 27, 31.545390
14, 28, -32.839292
14, 30, -37.446151
14, 32, -4.999206
14, 33, -44.346559
14, 34, -2.140948
14, 35, -19.710034
14, 36, -43.937143
14, 37, -34.758849
14, 38, -2.251856
14, 39, -5.222034
14, 40, 41.702359
14, 41, -8.181943
14, 43, -12.965903
14, 44, 3.534786
14, 46, -26.340654
14, 47, -13.449596
14, 48, -37.958167
14, 50, 22.786534
15, 1, 6.389534
15, 2, -52.164073
15, 3, -34.682203
15, 4, 10.813378
15, 5, 39.377147
15, 6, 8.623508
15, 7, -21.240891
15, 9, 17.285283
15, 10, 30.123557
15, 11, -23.967411
15, 12, 15.241316
15, 13, -12.584453
15, 14, -26.084023
15, 18, 0.030562
15, 19, 4.050991
15, 20, -8.784416
15, 22, 17.016238
15, 23, -0.249324
15, 24, -12.243422
15, 25, -38.183118
15, 26, 4.815033
15, 27, 39.733874
15, 28, -29.303263
15, 29, 34.482194
15, 30, -52.864833
15, 31, -84.000000
15, 32, -7.300740
15, 33, -43.301872
15, 35, -9.257947
15, 37, -48.475205
15, 38, 15.041901
15, 39, -6.371243
15, 40, 57.075642
15, 41, -24.218243
15, 43, -20.642599
15, 45, -18.295425
15, 46, -31.015475
15, 47, -6.451127
15, 49, 5.091112
15, 50, 15.761878
16, 1, 17.882387
16, 2, -56.503158
16, 3, -31.484100
16, 4, 20.625309
16, 5, 49.056233
16, 6, -0.090798
16, 7, -24.637055
16, 8, -16.125915
16, 10, 13.508368
16, 11, -22.692050
16, 12, -9.053036
16, 13, -1.604265
16, 14, -44.909755
16, 16, 0.667263
16, 17, 53.945240
16, 20, -6.869429
16, 22, 5.730626
16, 23, 2.684756
16, 24, -15.370233
16, 25, -39.260242
16, 26, 8.090039
16, 27, 35.741313
16, 28, -31.569348
16, 29, 37.104441
16, 30, -34.737243
16, 32, -16.076728
16, 33, -47.323814
16, 34, 2.000000
16, 35, 8.098201
16, 36, 66.000000
16, 38, 10.309894
16, 40, 53.893979
16, 41, -8.360455
16, 43, -30.629400
16, 44, 31.844443
16, 45, -12.040408
16, 46, -28.630209
16, 47, -15.147227
16, 48, -6.746804
16, 49, 12.962604
16, 50, 9.772727
17, 1, 18.093604
17, 2, -54.624571
17, 4, 20.601470
17, 5, 38.210262
17, 6, -6.441710
17, 7, -26.341163
17, 8, -15.140474
17, 9, -28.174956
17, 10, 26.523929
17, 11, -23.351025
17, 12, 12.113108
17, 13, -9.387105
17, 14, -44.421922
17, 15, -40.450819
17, 16, 0.074454
17, 17, 53.054760
17, 18, 13.130348
17, 19, 86.000000
17, 20, -1.386006
17, 21, 16.582063
17, 22, -0.679750
17, 23, 6.704380
17, 25, -27.920331
17, 26, 9.534439
17, 27, 38.422486
17, 28, -30.497009
17, 29, 28.682139
17, 31, 99999.000000
17, 32, -15.570312
17, 33, -45.571377
17, 35, 22.432344
17, 38, 26.639992
17, 39, 31.315030
17, 42, -0.249537
17, 43, -32.715609
17, 44, 27.232684
17, 45, -19.098004
17, 46, -30.181783
17, 47, -9.863045
17, 48, -11.025380
17, 49, -0.105019
17, 50, 2.780468
18, 1, 28.077564
18, 2, -54.155244
18, 3, -73.000000
18, 4, 24.442051
18, 5, 44.863230
18, 6, -10.134903
18, 7, -21.999484
18, 8, -20.918490
18, 9, -26.136196
18, 10, 8.632193
18, 12, -7.084704
18, 13, -2.377578
18, 14, -57.124657
18, 15, -17.220342
18, 16, -2.993239
18, 18, 18.770617
18, 20, 2.678934
18, 21, -0.086224
18, 22, -11.180689
18, 24, -33.371425
18, 25, -26.446848
18, 26, 14.618104
18, 27, 32.802221
18, 29, 30.237604
18, 32, -23.303156
18, 34, 23.000000
18, 35, 36.141512
18, 36, 21.578572
18, 37, 73.000000
18, 38, 16.081053
18, 39, 18.471272
18, 40, -3.567045
18, 41, 35.435690
18, 42, -5.271614
18, 44, 30.311006
18, 45, -10.603410
18, 46, -24.813302
18, 47, -18.737630
18, 48, 0.149920
18, 49, 7.458989
18, 50, -5.550987
19, 1, 34.346988
19, 2, -52.245301
19, 4, 23.856603
19, 5, 28.567966
19, 6, -13.771615
19, 7, -24.468964
19, 8, -22.736804
19, 9, -23.090402
19, 10, 21.049977
19, 11, -8.652935
19, 13, -10.954497
19, 14, -52.169356
19, 15, -35.910313
19, 16, 0.945048
19, 17, -59.975694
19, 18, 4.779898
19, 19, -15.937028
19, 20, 10.291388
19, 21, 5.422222
19, 22, -14.318388
19, 23, -9.708559
19, 24, -34.628575
19, 25, -17.317583
19, 26, 13.292514
19, 27, 32.718292
19, 28, 7.790315
19, 29, 25.415295
19, 31, -90.000000
19, 33, 9.282413
19, 35, 40.198111
19, 36, 21.421428
19, 38, 27.410052
19, 39, 23.128713
19, 40, 6.324680
19, 41, 33.845213
19, 42, 1.660055
19, 45, -16.008712
19, 46, -23.738708
19, 48, -3.653836
19, 49, -6.461851
19, 50, -10.508361
20, 1, 37.103334
20, 3, 62.000000
20, 4, 25.798370
20, 5, 26.765204
20, 6, -18.248786
20, 8, -30.461428
20, 10, 5.646047
20, 11, -15.410580
20, 15, -28.253288
20, 16, -11.348287
20, 17, -55.672940
20, 18, 10.706519
20, 19, -3.824550
20, 20, 12.804167
20, 21, -4.892158
20, 23, -0.120305
20, 25, -11.771773
20, 27, 29.458549
20, 28, -6.901515
20, 29, 28.386984
20, 30, -57.714763
20, 33, 17.052550
20, 34, 24.329466
20, 37, -37.096665
20, 39, 7.561201
20, 40, -1.670992
20, 41, 32.527989
20, 42, -5.735656
20, 43, 74.874285
20, 44, 2.814959
20, 46, -17.480111
20, 47, 32.077946
20, 49, 1.895347
20, 50, -19.461290
21, 4, 27.848067
21, 5, 5.261165
21, 6, -21.875715
21, 7, -21.163146
21, 8, -30.736493
21, 11, -11.080838
21, 12, -38.569545
21, 13, -58.429526
21, 14, 11.314020
21, 15, -32.103721
21, 16, -4.463436
21, 17, -51.280663
21, 18, -2.068714
21, 19, -0.336439
21, 20, 20.475620
21, 21, 3.149250
21, 23, -9.580594
21, 25, -7.258194
21, 28, -2.583132
21, 31, 4.603046
21, 32, -13.000000
21, 33, 9.073223
21, 34, 13.852596
21, 35, -7.181291
21, 36, -35.854174
21, 37, -37.903335
21, 38, 5.406209
21, 39, 12.706301
21, 40, 7.151290
21, 41, 32.791998
21, 42, -4.642693
21, 44, -1.881984
21, 45, 9.064779
21, 46, -12.108659
21, 47, 32.100409
21, 48, -29.484090
21, 49, -11.086960
21, 50, -21.121202
22, 1, -96.000000
22, 3, 23.135192
22, 4, 29.945391
22, 5, -4.050459
22, 6, -30.445699
22, 7, -15.410707
22, 10, -11.028533
22, 11, -18.328389
22, 12, -38.148314
22, 13, -57.570474
22, 14, 5.793070
22, 15, -32.666535
22, 16, -23.931258
22, 17, -41.373292
22, 18, 6.105145
22, 19, 19.039530
22, 20, 19.774883
22, 21, -0.160371
22, 22, 80.526191
22, 23, -0.061644
22, 24, -46.029554
22, 25, -0.548683
22, 26, 48.285661
22, 28, -22.039598
22, 31, 0.166880
22, 33, 20.409710
22, 34, 18.126207
22, 35, 8.863362
22, 36, -37.688526
22, 38, 6.839407
22, 39, 1.586297
22, 40, -0.875853
22, 42, -13.065662
22, 44, -7.160260
22, 45, 4.651773
22, 46, -3.338624
22, 47, 26.188030
22, 48, -33.989848
22, 49, -2.682821
22, 50, -26.433516
23, 3, 21.363300
23, 4, 37.409765
23, 5, -23.647148
23, 6, -32.438771
23, 7, -13.944696
23, 8, 5.954651
23, 9, 1.875725
23, 10, -12.733151
23, 11, -11.023851
23, 12, -32.157129
23, 14, 14.830671
23, 16, -16.861235
23, 17, -32.545356
23, 18, -3.782462
23, 19, 22.015643
23, 20, 27.306978
23, 21, 10.728435
23, 22, 80.473809
23, 23, -9.566379
23, 24, -59.940893
23, 25, -1.411031
23, 26, 45.760848
23, 28, -18.449995
23, 30, 16.995189
23, 31, -2.953212
23, 32, 91.000000
23, 33, 12.669174
23, 34, -1.062054
23, 35, 0.852043
23, 36, -31.358775
23, 38, 5.067667
23, 39, 10.320523
23, 40, 5.150999
23, 41, 26.978659
23, 42, -15.958563
23, 44, -13.907130
23, 45, 3.847428
23, 46, 4.667557
23, 47, 24.446630
23, 48, -27.143581
23, 49, -13.593002
24, 1, 14.864359
24, 2, -73.000000
24, 3, 19.978490
24, 4, 37.781515
24, 5, -31.170080
24, 6, -39.409083
24, 7, -7.962942
24, 8, 7.244411
24, 9, 3.670945
24, 10, -2.657469
24, 11, -17.810006
24, 12, -28.362313
24, 13, 33.000000
24, 14, 10.608757
24, 15, -5.252654
24, 16, -36.763001
24, 17, -20.709084
24, 19, 33.674082
24, 20, 23.854765
24, 21, 9.019138
24, 24, -44.580469
24, 26, 46.348688
24, 27, -26.347828
24, 28, -34.791431
24, 29, -41.610940
24, 30, 22.086907
24, 31, -10.646677
24, 33, 24.838106
24, 35, 18.761463
24, 36, -28.825190
24, 38, 7.610268
24, 39, 0.111087
24, 40, -0.488331
24, 41, 23.095739
24, 42, -20.169197
24, 43, -15.867306
24, 44, -15.226542
24, 45, 0.258638
24, 46, 12.687699
24, 47, 20.691180
24, 49, -5.086218
24, 50, -62.000000
25, 1, 12.786648
25, 3, 20.630755
25, 4, 47.924507
25, 5, -39.018705
25, 7, -9.554335
25, 8, 9.256597
25, 9, -5.208821
25, 10, -3.628290
25, 11, -8.838170
25, 12, -24.378402
25, 15, 4.908313
25, 16, -27.399816
25, 17, -8.218148
25, 18, 14.000000
25, 20, 29.176586
25, 21, 14.081487
25, 22, 7.663992
25, 24, -60.600010
25, 25, 25.000000
25, 27, -17.904524
25, 28, -28.474782
25, 29, -52.597880
25, 30, 11.554269
25, 31, -18.848493
25, 33, 17.122054
25, 35, 13.418217
25, 36, -23.431034
25, 38, 6.591034
25, 39, 8.599402
25, 40, 4.839769
25, 41, 34.779721
25, 42, -23.466435
25, 43, 24.611618
25, 44, -17.970998
25, 46, 15.541329
25, 47, 17.270379
25, 48, -12.414840
26, 1, 13.712970
26, 2, -51.220001
26, 3, 22.283393
26, 4, 44.246302
26, 6, 24.018033
26, 8, 9.507128
26, 9, -7.190490
26, 10, 7.005415
26, 11, -15.341618
26, 12, -20.005703
26, 13, 54.643808
26, 14, -41.211334
26, 15, -7.533166
26, 17, 1.921683
26, 19, -36.897391
26, 20, 23.163891
26, 21, 11.725522
26, 22, 3.420710
26, 23, -17.482793
26, 24, -48.248771
26, 26, -26.026656
26, 27, -16.287398
26, 28, -38.607228
26, 29, -43.466439
26, 30, 15.320307
26, 31, -24.663109
26, 32, -49.937143
26, 33, 28.023560
26, 35, 25.506030
26, 36, -17.340125
26, 39, -8.782615
26, 41, 30.421981
26, 42, -21.271686
26, 43, -8.144886
26, 44, -12.565378
26, 47, 14.645868
26, 48, -0.679387
26, 49, 38.000000
26, 50, -40.584427
27, 1, 12.029449
27, 2, -50.779999
27, 3, 26.717017
27, 4, 52.018275
27, 5, -18.178402
27, 6, 12.893690
27, 7, 14.665390
27, 9, -16.893650
27, 10, 2.123519
27, 12, -19.837079
27, 13, 55.356192
27, 14, -48.617734
27, 15, 2.475501
27, 16, -20.494619
27, 17, 14.063708
27, 18, 3.727595
27, 19, -33.296325
27, 20, 23.793518
27, 21, 9.856687
27, 22, 8.271298
27, 23, -15.892653
27, 24, -64.576738
27, 25, -56.000000
27, 26, -20.250310
27, 27, -6.474653
27, 28, -30.687662
27, 29, -56.206941
27, 30, 6.812788
27, 31, -35.185569
27, 33, 22.579949
27, 34, 29.925791
27, 35, 22.679700
27, 36, -12.735891
27, 37, 9.182853
27, 38, -2.859714
27, 39, -3.477018
27, 40, -15.625854
27, 42, -26.122716
27, 43, 26.382577
27, 44, -12.749828
27, 45, -13.341584
27, 46, -0.790547
27, 47, 9.720640
27, 48, -9.814380
27, 50, -31.948451
28, 3, 28.477700
28, 5, -1.039644
28, 6, 18.895836
28, 7, 18.637813
28, 8, -21.834759
28, 9, -19.795873
28, 12, -16.240415
28, 14, -43.390429
28, 16, -16.497989
28, 17, 16.564642
28, 18, -2.428443
28, 19, -27.703954
28, 20, 18.629279
28, 21, 10.611526
28, 22, 1.401264
28, 23, -10.643568
28, 24, -55.196034
28, 26, -26.856709
28, 27, -8.320620
28, 28, -37.425271
28, 29, -47.319412
28, 30, 10.630265
28, 31, -35.594361
28, 33, 32.258375
28, 34, 4.878756
28, 35, 27.138941
28, 36, -7.120610
28, 37, 10.817147
28, 38, -8.046931
28, 39, -27.673166
28, 40, -10.295715
28, 41, -20.467193
28, 42, -18.560492
28, 43, 6.138457
28, 44, -6.052699
28, 45, -25.389835
28, 46, 1.903513
28, 47, 8.367708
28, 48, 2.231516
28, 49, -81.062857
28, 50, -34.518987
29, 1, 20.735306
29, 5, -10.829665
29, 6, 1.747439
29, 7, 18.902519
29, 8, -23.165241
29, 9, -29.904259
29, 10, 22.753233
29, 11, 71.753235
29, 16, -9.442343
29, 18, -0.711302
29, 19, -21.960406
29, 20, 17.439749
29, 21, 8.534554
29, 22, -2.841541
29, 23, -2.701405
29, 24, -67.764304
29, 25, 3.841227
29, 26, -18.435795
29, 27, -4.237005
29, 30, 7.629816
29, 31, -43.416367
29, 34, 26.763496
29, 35, 26.967137
29, 36, -0.792249
29, 38, -7.909048
29, 39, -23.331604
29, 40, -10.827157
29, 41, -27.169212
29, 42, -25.894483
29, 43, 34.341850
29, 44, -8.744280
29, 45, -16.505784
29, 46, -4.099543
29, 48, -10.148744
29, 49, -80.937143
29, 50, -23.897524
30, 1, 9.120251
30, 2, -43.699807
30, 3, 12.887485
30, 4, 3.620365
30, 5, 9.458535
30, 6, 8.050549
30, 9, -31.468226
30, 10, 24.451050
30, 11, 74.283228
30, 12, 54.102827
30, 14, 24.972191
30, 16, -1.481901
30, 17, -8.924711
30, 19, -14.165111
30, 20, 18.468349
30, 22, -11.607396
30, 23, 2.489884
30, 25, 5.742367
30, 26, -26.967758
30, 28, -15.679393
30, 29, -2.747633
30, 30, 9.525050
30, 32, -3.498383
30, 33, -62.000000
30, 34, 11.437151
30, 35, 25.460821
30, 36, 1.376039
30, 37, 8.778669
30, 38, -17.177047
30, 39, -47.301829
30, 40, -7.691941
30, 41, -20.184717
30, 42, -13.576632
30, 43, 22.222746
30, 45, -30.366227
30, 47, 24.125715
30, 48, -1.084974
30, 50, -28.037998
31, 1, 4.882527
31, 2, -38.207383
31, 3, 21.039995
31, 4, 0.157038
31, 5, -5.584721
31, 6, -8.006020
31, 7, -48.294745
31, 8, 15.473019
31, 9, -41.630093
31, 10, 29.424063
31, 11, 65.866312
31, 12, 48.086222
31, 13, -19.369755
31, 14, 12.452905
31, 15, 12.389999
31, 16, 2.578818
31, 17, -5.563276
31, 18, 63.000000
31, 19, -11.449475
31, 20, 19.392290
31, 21, -0.069943
31, 22, -22.194247
31, 23, 15.387248
31, 24, -53.480005
31, 25, 7.700490
31, 26, -17.214160
31, 28, -6.927316
31, 29, -0.850932
31, 30, 9.994262
31, 32, -7.790475
31, 34, 27.028985
31, 35, 24.628745
31, 36, 9.903695
31, 37, 10.846483
31, 38, -19.452906
31, 39, -37.948882
31, 42, -20.307948
31, 43, 42.136703
31, 44, -85.000000
31, 45, -21.173014
31, 46, -34.201427
31, 47, 23.874285
31, 48, -14.416586
31, 50, -16.964362
32, 1, -12.065129
32, 2, -43.678564
32, 3, 7.735342
32, 4, -0.807253
32, 5, 14.003335
32, 6, 2.212874
32, 7, -45.159510
32, 8, 21.608636
32, 9, -39.523115
32, 10, 31.005415
32, 11, 63.791030
32, 12, 51.649188
32, 13, 3.024350
32, 14, 21.529946
32, 16, 5.152448
32, 17, 1.496701
32, 19, -3.567393
32, 20, 26.260516
32, 21, -7.041674
32, 22, -26.069093
32, 23, 17.240376
32, 24, -55.891370
32, 25, 12.532850
32, 26, -27.198542
32, 28, -12.701196
32, 29, 1.040028
32, 30, 8.911854
32, 33, -49.000000
32, 35, 19.820294
32, 36, 8.093225
32, 37, -2.889987
32, 38, -28.190961
32, 39, -58.513015
32, 40, 4.275605
32, 42, -5.473010
32, 46, -34.798573
32, 48, -10.547694
32, 49, 24.344486
32, 50, -24.085159
33, 1, -20.270132
33, 2, -37.670907
33, 3, 13.611047
33, 4, -0.496534
33, 6, -8.105516
33, 7, -44.541860
33, 8, 12.805550
33, 11, 49.931524
33, 12, 45.327934
33, 13, -0.453581
33, 14, 9.103268
33, 15, 55.000000
33, 16, 1.380558
33, 17, 8.957847
33, 18, -21.345716
33, 19, -5.148380
33, 20, 28.009853
33, 21, -10.244311
33, 22, -32.412563
33, 23, 31.297354
33, 24, -56.003710
33, 25, 14.596614
33, 26, -19.864153
33, 27, -23.733851
33, 28, -1.076232
33, 29, 3.095871
33, 32, 0.262739
33, 34, 11.000000
33, 35, 16.068667
33, 37, -2.572285
33, 38, -27.849341
33, 40, 1.046055
33, 42, -10.800033
33, 45, 5.761603
33, 47, -96.031429
33, 48, -21.278241
33, 49, 14.998376
33, 50, -12.694494
34, 1, -29.454902
34, 2, -39.414524
34, 3, 3.621908
34, 4, 4.153787
34, 6, 3.560034
34, 8, 20.270405
34, 9, -50.513868
34, 10, 3.405803
34, 11, 43.028060
34, 12, 43.441570
34, 13, 11.725421
34, 14, 21.149430
34, 16, 0.165502
34, 17, 16.958651
34, 18, -20.654284
34, 19, 0.020924
34, 20, 34.281080
34, 21, -19.784575
34, 23, 27.749692
34, 24, -58.771889
34, 26, -29.840787
34, 27, -27.735602
34, 28, -6.318291
34, 29, 0.229123
34, 30, 4.000000
34, 31, -14.924288
34, 32, -4.496225
34, 33, 21.840478
34, 35, 14.021267
34, 36, -6.073232
34, 37, -12.312195
34, 40, 5.013293
34, 41, 24.905714
34, 42, 0.860235
34, 43, -16.917599
34, 44, 41.977763
34, 45, 22.182898
34, 46, 85.000000
34, 47, -63.930285
34, 48, -20.333869
34, 49, 16.141789
34, 50, -22.645963
35, 1, -33.288485
35, 2, -31.594122
35, 3, 7.913972
35, 4, 10.798108
35, 7, -43.471431
35, 8, 7.683716
35, 9, -53.707528
35, 10, -6.356455
35, 11, 27.144419
35, 12, 35.975519
35, 13, 12.810586
35, 14, 12.099383
35, 17, 20.686881
35, 19, -4.873227
35, 21, -16.550327
35, 22, -45.476315
35, 23, 37.855610
35, 24, -57.991449
35, 25, -15.337618
35, 27, -16.054859
35, 28, 2.094887
35, 29, 3.247573
35, 32, 0.467086
35, 33, 21.159522
35, 34, -8.449394
35, 35, 8.348208
35, 36, 3.158871
35, 38, 0.583996
35, 40, -1.522324
35, 43, -21.122810
35, 44, 36.788614
35, 45, -0.238264
35, 48, -25.790369
35, 49, 2.863151
35, 50, -11.692433
36, 1, -27.545884
36, 2, -26.293960
36, 3, 2.000749
36, 4, 19.356306
36, 6, -93.000000
36, 7, -22.916899
36, 8, 15.694697
36, 9, -49.989271
36, 10, -3.995272
36, 11, 19.802232
36, 12, 27.359396
36, 18, -9.301433
36, 19, -4.818644
36, 20, -16.022611
36, 21, -22.824384
36, 22, -37.703208
36, 23, 26.900131
36, 25, -15.662382
36, 26, -55.044273
36, 27, -17.672536
36, 28, -5.362673
36, 29, -5.050666
36, 30, -10.157144
36, 31, 12.139840
36, 32, -6.714758
36, 34, -8.898160
36, 35, 13.767604
36, 36, 5.686517
36, 37, 0.000000
36, 38, 1.930496
36, 39, -2.975303
36, 40, -1.919221
36, 42, 7.512576
36, 43, -18.370329
36, 44, 43.242802
36, 45, 14.922727
36, 46, 47.874285
36, 49, -0.268454
36, 50, -22.093224
37, 1, -23.509230
37, 2, -18.371263
37, 4, 25.444013
37, 5, -13.000000
37, 8, 1.493808
37, 10, -19.044560
37, 11, 10.452316
37, 12, 21.032407
37, 13, 3.126830
37, 14, -10.540997
37, 16, -43.000000
37, 17, -29.384624
37, 18, -7.698567
37, 19, -10.067395
37, 20, -18.857726
37, 21, -13.885035
37, 22, -40.629394
37, 23, 31.116456
37, 24, 31.528910
37, 26, -43.556661
37, 27, -8.017940
37, 28, -1.123999
37, 29, 0.166636
37, 30, -9.842856
37, 31, 14.534858
37, 32, -2.220432
37, 33, 5.256187
37, 34, -11.104630
37, 35, 5.816649
37, 36, 21.524731
37, 38, -7.561706
37, 39, 23.005390
37, 40, -7.830878
37, 42, 6.109875
37, 44, 38.061245
37, 45, -3.640996
37, 46, -8.106190
37, 48, 8.287615
37, 49, -11.086885
37, 50, -11.447010
38, 1, -6.783889
38, 2, -8.974004
38, 4, 32.145113
38, 6, 1.444892
38, 8, 6.342235
38, 10, -22.498030
38, 12, 12.861392
38, 13, 9.544931
38, 14, -33.071467
38, 15, 30.194698
38, 17, -20.149314
38, 19, -11.591330
38, 20, -25.818122
38, 21, -17.703258
38, 22, -28.790824
38, 23, 12.449626
38, 24, 31.108022
38, 25, -25.756668
38, 26, -55.441949
38, 28, -9.027077
38, 29, -11.905020
38, 31, 15.327775
38, 32, -10.548497
38, 33, 6.743813
38, 34, -16.166184
38, 35, 17.133056
38, 36, 24.936269
38, 37, -10.732962
38, 38, -4.677059
38, 39, -6.821040
38, 40, -6.832766
38, 42, 0.962167
38, 43, 62.000000
38, 44, 45.068543
38, 45, 11.472022
38, 48, 9.712385
38, 49, -13.773598
39, 1, -0.413013
39, 2, -5.363222
39, 3, 69.315774
39, 4, 32.289783
39, 5, 21.783420
39, 6, 2.086335
39, 8, -3.757589
39, 9, 14.224065
39, 10, -35.208573
39, 12, 13.267209
39, 13, 14.315821
39, 14, -10.172909
39, 15, 16.523704
39, 16, -5.262361
39, 17, -24.696063
39, 18, 84.000000
39, 19, -13.410024
39, 20, -32.849683
39, 21, -10.385835
39, 22, -32.682800
39, 23, 13.768365
39, 24, 34.140223
39, 25, -28.823870
39, 26, -45.387757
39, 27, -27.074976
39, 28, -4.514767
39, 29, -7.084185
39, 30, 36.056418
39, 32, -4.854879
39, 34, -21.503300
39, 35, 5.503737
39, 36, 41.416730
39, 37, -12.458995
39, 38, -9.583868
39, 39, 3.428822
39, 41, -40.399828
39, 42, -4.155819
39, 44, 39.477130
39, 45, 3.532256
39, 49, -17.670399
40, 1, 14.387974
40, 2, 0.266101
40, 3, 71.265699
40, 4, 36.195798
40, 5, 23.283893
40, 6, 0.072870
40, 7, 15.080687
40, 8, -3.255315
40, 9, 20.347358
40, 10, -35.824131
40, 13, 20.928984
40, 14, -33.024621
40, 15, 23.732167
40, 16, 0.291929
40, 17, -13.438564
40, 19, -11.595956
40, 20, -39.872331
40, 21, -15.133355
40, 22, -19.557306
40, 23, -7.120823
40, 24, 35.529027
40, 27, -19.024886
40, 28, -12.482357
40, 29, -19.747262
40, 30, 46.287105
40, 31, -71.309788
40, 32, -11.034728
40, 33, -95.000000
40, 34, -28.188876
40, 35, 19.160073
40, 36, 41.205341
40, 37, -6.657168
40, 38, 0.291870
40, 39, -12.919006
40, 40, -12.555869
40, 41, -45.489049
40, 42, -6.639210
40, 43, -12.107141
40, 45, 17.843920
40, 47, -18.265180
40, 48, -5.652429
40, 50, 27.455235
41, 1, 12.711495
41, 2, -1.858899
41, 3, 68.226227
41, 4, 32.892431
41, 5, 21.151450
41, 7, -0.462992
41, 8, -5.780689
41, 9, 15.484120
41, 12, -11.306433
41, 13, 30.281919
41, 14, -16.308635
41, 15, 12.480860
41, 16, -5.791766
41, 17, -15.705721
41, 18, 45.267624
41, 19, -10.843013
41, 20, -41.604951
41, 22, -25.365007
41, 23, -2.322324
41, 26, 51.356192
41, 27, -23.803841
41, 28, -6.440046
41, 29, -16.191776
41, 30, 29.649864
41, 31, -68.773506
41, 32, -2.937438
41, 34, -31.021614
41, 35, 5.396244
41, 36, 51.817537
41, 37, -6.723195
41, 38, 0.189651
41, 39, -8.737664
41, 40, -15.007989
41, 41, -37.010291
41, 42, -7.336860
41, 43, -12.892859
41, 44, 7.205012
41, 45, 19.043064
41, 46, -24.199049
41, 47, -24.770551
41, 48, -2.869355
41, 49, 30.047541
41, 50, 28.544765
42, 2, -4.869413
42, 5, 23.325360
42, 6, -10.612484
42, 7, -5.089381
42, 8, -9.110703
42, 9, 20.530946
42, 12, -19.100511
42, 13, 28.472952
42, 14, -29.667741
42, 15, 16.919816
42, 16, 1.837282
42, 17, -7.647981
42, 18, 39.869969
42, 19, -7.876007
42, 22, -13.325536
42, 23, -16.087238
42, 24, 7.000000
42, 27, -13.004804
42, 28, -16.019274
42, 29, -25.011740
42, 30, 36.123711
42, 31, -67.194450
42, 32, -4.816601
42, 33, -46.920142
42, 35, 20.243750
42, 37, 1.836427
42, 38, 12.960716
42, 39, -12.110364
42, 40, -8.292049
42, 41, -42.780387
42, 42, 0.612601
42, 44, 21.484622
42, 45, 30.214766
42, 47, -18.184473
42, 48, -3.756122
42, 49, 27.907650
43, 1, 26.678675
43, 2, -8.369067
43, 3, 42.431904
43, 4, -9.966705
43, 5, 21.721966
43, 6, 3.510119
43, 7, -17.047319
43, 8, -9.043942
43, 9, 13.994133
43, 10, -3.603627
43, 11, 21.398097
43, 12, -0.700866
43, 13, 38.881804
43, 14, -22.493081
43, 15, 3.412184
43, 16, -2.858404
43, 17, -10.222717
43, 18, 42.649892
43, 20, 85.863809
43, 22, -19.591517
43, 23, -3.550317
43, 25, -44.175549
43, 27, -14.895722
43, 28, -9.355589
43, 30, 22.088143
43, 31, -61.532009
43, 32, 4.747398
43, 33, -9.452142
43, 34, -54.419050
43, 35, 7.684838
43, 36, -42.267940
43, 37, -0.004861
43, 38, 12.276564
43, 39, -8.079068
43, 40, -13.524103
43, 42, 5.787076
43, 43, -42.920855
43, 44, 9.215409
43, 45, 32.663453
43, 46, -59.000000
43, 48, -0.480311
43, 49, 18.402513
44, 1, 14.046262
44, 2, -17.346480
44, 3, 42.568096
44, 4, -5.772291
44, 6, -13.229449
44, 7, -17.955414
44, 8, -15.090455
44, 9, 15.486278
44, 10, 9.475805
44, 12, -5.383397
44, 13, 30.481740
44, 14, -18.249637
44, 15, 11.215705
44, 17, -10.456857
44, 18, 38.245758
44, 19, -88.000000
44, 20, 86.136191
44, 21, 32.358372
44, 22, -9.673845
44, 23, -6.868845
44, 24, 0.502860
44, 25, -34.869410
44, 27, 0.205368
44, 28, -18.596622
44, 29, 3.997622
44, 30, 24.568313
44, 31, -60.252400
44, 32, 4.479588
44, 33, -42.963189
44, 34, -53.580950
44, 35, 22.625563
44, 36, -40.538560
44, 37, 7.537052
44, 38, 21.106611
44, 40, -13.315406
44, 41, -2.366381
44, 42, 20.350532
44, 43, -32.485002
44, 44, 23.812123
44, 45, 37.676279
44, 47, -15.082956
44, 49, 13.996913
45, 1, 18.605693
45, 2, -16.955828
45, 4, -4.819146
45, 5, 29.970950
45, 6, -1.235535
45, 7, -23.874972
45, 8, -17.739459
45, 9, 9.121499
45, 10, 1.948360
45, 11, -11.319016
45, 12, 10.172151
45, 13, 38.788992
45, 14, -24.093227
45, 16, -41.209525
45, 17, -15.726952
45, 21, 10.379668
45, 22, -14.993806
45, 23, 10.253457
45, 24, -0.502860
45, 25, -40.084147
45, 26, 57.146123
45, 27, 4.154473
45, 28, -11.265184
45, 29, 3.002378
45, 30, 16.265694
45, 31, -55.226822
45, 32, 12.087832
45, 33, 10.403104
45, 35, 12.259889
45, 36, -36.836588
45, 37, 2.315531
45, 38, 18.166404
45, 40, -21.535802
45, 41, -8.148735
45, 42, 26.529073
45, 43, -34.888237
45, 44, 12.207897
45, 46, -32.000865
45, 47, -0.746953
45, 48, 59.251430
45, 49, 8.264174
46, 1, -1.055421
46, 2, -25.967780
46, 4, 6.523657
46, 5, 31.029050
46, 6, -17.367675
46, 7, -9.474836
46, 8, -21.482557
46, 9, 9.328444
46, 10, 18.779843
46, 11, -17.414257
46, 13, 30.794938
46, 14, -6.144044
46, 16, -40.790475
46, 17, -23.021168
46, 19, 4.677615
46, 20, 58.441682
46, 21, 11.888635
46, 22, -8.082276
46, 23, 10.854394
46, 25, -24.082880
46, 26, 53.788097
46, 27, 22.018127
46, 28, -17.830406
46, 30, 17.917915
46, 31, -57.230046
46, 32, 6.534100
46, 34, -36.101264
46, 35, 25.092583
46, 36, -34.954907
46, 37, 6.654337
46, 38, 20.997330
46, 40, -25.142393
46, 41, -2.483206
46, 42, 38.976731
46, 43, -14.428786
46, 44, 22.176415
46, 45, -73.000000
46, 46, -26.336658
46, 47, -4.584859
46, 48, 58.748570
46, 50, 5.880004
47, 1, 3.800252
47, 2, -20.983469
47, 3, 14.344816
47, 4, 13.293617
47, 6, -11.711029
47, 7, -12.615945
47, 8, -24.296777
47, 9, 6.996188
47, 10, 12.476867
47, 11, -2.465347
47, 12, 74.759046
47, 13, 34.307073
47, 17, -28.239915
47, 19, 6.322385
47, 20, 61.833797
47, 21, -8.903966
47, 22, -11.624689
47, 23, 24.389192
47, 24, -33.000000
47, 25, -25.749701
47, 27, 29.445081
47, 28, -10.746101
47, 29, 99999.000000
47, 31, -54.874494
47, 32, 9.663935
47, 34, -42.675208
47, 37, 1.007714
47, 38, 18.774299
47, 39, -6.635180
47, 40, -30.086962
47, 41, -5.920758
47, 42, 43.245190
47, 43, -14.396799
47, 44, 11.619697
47, 46, -32.663133
47, 47, 12.009309
47, 49, 23.601954
48, 1, -16.220222
48, 3, 11.447312
48, 4, 26.567665
48, 5, -19.640119
48, 6, -24.447977
48, 7, 8.301176
48, 8, -21.322070
48, 9, 8.174751
48, 10, 28.399371
48, 11, -7.117398
48, 13, 31.326779
48, 15, 23.750949
48, 16, -47.024264
48, 17, -35.451807
48, 20, 59.732998
48, 21, -9.550789
48, 22, -8.110620
48, 23, 20.075474
48, 25, -6.602942
48, 26, -92.000000
48, 27, 43.870826
48, 30, -55.625893
48, 32, -2.984835
48, 34, -36.797170
48, 35, -15.133813
48, 36, 1.027945
48, 37, 4.434954
48, 38, 19.011117
48, 39, -5.529463
48, 41, 4.757922
48, 42, 49.947293
48, 43, 9.538354
48, 44, 18.311564
48, 45, 33.024557
48, 46, -27.213939
48, 47, 4.940327
48, 48, -21.918796
48, 49, 27.420023
48, 50, 28.724108
49, 1, -7.157456
49, 3, 10.177818
49, 4, 31.991609
49, 5, -22.641047
49, 6, -24.844089
49, 7, -0.478107
49, 8, -21.633535
49, 9, 8.704084
49, 10, 21.680806
49, 11, 4.916365
49, 13, 31.268689
49, 16, -48.850418
49, 17, -36.865321
49, 18, -36.618098
49, 19, -31.295713
49, 21, -22.352041
49, 22, -9.513222
49, 24, -76.000000
49, 25, -8.292992
49, 27, 47.950600
49, 28, -18.733337
49, 29, 23.664760
49, 30, -58.292247
49, 31, 44.012855
49, 32, -0.714603
49, 33, 12.810484
49, 34, -45.826392
49, 35, -13.866187
49, 36, -6.013161
49, 37, 2.556374
49, 38, 19.616953
49, 39, -17.221179
49, 40, 22.421428
49, 41, 3.548217
49, 42, 52.511175
49, 43, 5.461115
49, 45, 34.232459
49, 48, -28.624427
49, 49, 21.955124
49, 50, 32.850418
50, 1, -21.472453
50, 3, 7.145931
50, 4, 38.088472
50, 5, -16.532891
50, 6, -31.613524
50, 8, -16.118853
50, 10, 33.376359
50, 13, 32.674942
50, 14, -48.696189
50, 15, 61.000000
50, 16, -45.732948
50, 17, -39.811496
50, 18, -35.381902
50, 19, -31.704287
50, 20, 4.000000
50, 22, -7.746843
50, 23, 75.000000
50, 25, 4.784545
50, 26, 68.000000
50, 27, 53.441429
50, 28, -17.266663
50, 29, 24.335240
50, 30, -54.092456
50, 31, 44.987145
50, 32, -12.198466
50, 33, -0.287615
50, 34, -41.068513
50, 36, -5.226864
50, 37, 7.060980
50, 39, -15.452506
50, 40, 22.578572
50, 41, 13.661174
50, 42, 54.494219
50, 43, 22.426999
50, 44, -53.000000
50, 45, 29.352379
50, 46, -72.000000
50, 47, -8.000000
50, 48, -25.671682
50, 49, 25.620893
50, 50, 32.033104
