1, 1, 33.000000
1, 3, -25.904295
1, 4, 9.699974
1, 6, 3.533129
1, 7, 8.494001
1, 8, 34.402881
1, 9, -26.824111
1, 10, -19.000000
1, 11, 2.062187
1, 12, 99999.000000
1, 13, -86.000000
1, 14, -58.094176
1, 15, -38.000000
1, 16, 28.091843
1, 18, -85.000000
1, 19, -42.019721
1, 20, -20.715172
1, 21, -20.223684
1, 22, -14.023421
1, 23, 4.455431
1, 24, 12.781939
1, 25, -28.124022
1, 26, 99999.000000
1, 27, 62.000000
1, 28, 5.631392
1, 29, -41.000000
1, 30, -36.708945
1, 32, -7.909354
1, 33, -34.465685
1, 34, -9.157374
1, 35, -2.387557
1, 37, -82.000000
1, 38, -87.000000
1, 39, 82.000000
1, 40, -2.774719
1, 41, 15.990959
1, 42, -24.614724
1, 43, -36.823985
1, 45, 5.760933
1, 46, -81.000000
1, 47, -8.607988
1, 49, 45.000000
1, 50, 19.479192
2, 2, 10.124471
2, 3, -21.809242
2, 4, 15.083369
2, 5, -39.332661
2, 6, 1.608908
2, 7, 10.974916
2, 8, 34.597119
2, 9, -16.675603
2, 11, 2.842933
2, 14, -57.905824
2, 16, 0.029430
2, 17, -43.297409
2, 18, -91.035316
2, 19, -40.388623
2, 20, -28.712310
2, 21, -20.421073
2, 22, -8.621250
2, 23, 2.470690
2, 24, 18.951665
2, 25, -23.715222
2, 26, -28.748851
2, 28, 7.714788
2, 30, -31.358551
2, 31, 11.015061
2, 32, -8.625312
2, 33, -36.616666
2, 34, -16.434905
2, 35, -9.337296
2, 36, -70.532373
2, 40, -10.382268
2, 41, 17.886493
2, 42, -20.120907
2, 43, -33.209896
2, 44, -25.721447
2, 45, 14.725715
2, 47, -3.598642
2, 48, -8.845908
2, 50, 16.193687
3, 1, -15.162099
3, 2, 50.938631
3, 3, -25.963808
3, 4, 9.674571
3, 5, -46.161688
3, 6, 3.513192
3, 7, 8.494181
3, 9, -26.824835
3, 11, 0.887201
3, 12, 31.266733
3, 13, 99999.000000
3, 15, -25.888166
3, 16, 28.093534
3, 17, 0.084682
3, 18, 99999.000000
3, 19, -42.134658
3, 20, -20.711790
3, 21, -21.731230
3, 22, -14.026802
3, 23, 2.729384
3, 24, 12.810575
3, 25, -27.337750
3, 26, -29.693772
3, 27, 2.425984
3, 28, 5.632271
3, 29, 56.659054
3, 30, -36.708337
3, 31, 11.869955
3, 32, -7.071879
3, 33, -31.885137
3, 34, -8.196881
3, 35, -1.973530
3, 36, -70.467627
3, 37, -79.000000
3, 38, 41.779585
3, 39, -8.165066
3, 40, -2.979609
3, 41, 15.990576
3, 42, -24.614228
3, 43, -36.908430
3, 44, -7.297547
3, 45, 5.770694
3, 47, -7.129793
3, 48, -9.969773
3, 49, -45.675367
3, 50, 19.482382
4, 1, -16.186141
4, 2, 10.098806
4, 3, -21.910572
4, 4, 15.047745
4, 5, -39.347070
4, 6, 1.874561
4, 8, -33.805156
4, 9, -16.674911
4, 10, -95.000000
4, 11, 0.683259
4, 12, 32.366236
4, 14, 17.472466
4, 15, -26.111834
4, 16, 99999.000000
4, 17, -43.298603
4, 18, 97.000000
4, 19, -39.260353
4, 20, -28.709435
4, 21, -22.842852
4, 22, -8.625192
4, 23, 0.452370
4, 24, 19.006719
4, 25, -23.418846
4, 26, -28.010190
4, 27, -0.672525
4, 29, 53.055310
4, 30, -31.356844
4, 31, 11.035656
4, 32, -7.318791
4, 33, -31.996055
4, 34, -15.526279
4, 35, -8.574820
4, 38, 41.220415
4, 39, -2.247854
4, 40, -10.841671
4, 43, -33.275354
4, 44, -26.724031
4, 45, 14.738522
4, 46, 99999.000000
4, 47, -0.983687
4, 48, -8.846854
4, 49, -42.374417
4, 50, 16.197288
5, 1, -15.031494
5, 2, 50.938934
5, 3, -26.081659
5, 4, 9.648011
5, 5, -46.181416
5, 6, 3.711090
5, 7, 10.364880
5, 8, -22.639170
5, 9, -26.827595
5, 11, -1.962360
5, 12, 31.265763
5, 13, 5.046422
5, 14, 14.806397
5, 16, -22.646353
5, 17, 0.088584
5, 18, 99999.000000
5, 19, -42.441843
5, 21, -25.735417
5, 22, 99999.000000
5, 23, -1.655468
5, 24, 12.860953
5, 25, -25.642419
5, 26, -29.297877
5, 27, 3.658725
5, 28, -64.000000
5, 29, 56.660001
5, 30, 99999.000000
5, 31, 11.911596
5, 32, -4.982036
5, 33, -24.824410
5, 34, -5.644021
5, 35, -0.962411
5, 36, 6.721748
5, 39, -8.544349
5, 40, -3.385394
5, 41, 13.043506
5, 43, -37.079404
5, 44, -9.215238
5, 45, 5.779587
5, 46, -92.000000
5, 47, -3.234756
5, 49, -45.676099
5, 50, 19.484582
6, 1, -15.980581
6, 2, 10.072189
6, 3, -22.011152
6, 5, -39.361509
6, 6, 2.776935
6, 7, 14.411892
6, 8, -31.511534
6, 9, 99999.000000
6, 10, -10.102486
6, 11, -2.389221
6, 13, 10.602693
6, 14, 16.159048
6, 15, 99999.000000
6, 16, -14.292068
6, 17, 99999.000000
6, 18, 26.826673
6, 19, -37.560548
6, 20, -10.672221
6, 21, -26.942417
6, 22, 36.271674
6, 23, -2.644757
6, 24, 19.043337
6, 25, -23.483505
6, 26, -25.739268
6, 27, 2.467995
6, 28, 99999.000000
6, 30, -23.000000
6, 31, 11.072092
6, 32, -5.305636
6, 33, -23.999562
6, 34, -13.974906
6, 35, -7.437726
6, 36, -0.059471
6, 38, -19.242989
6, 39, -2.871486
6, 40, -11.298751
6, 41, 4.314311
6, 42, -57.303368
6, 43, -33.317210
6, 44, -28.973376
6, 47, 3.305631
6, 49, -42.375779
7, 1, -14.819184
7, 2, 99999.000000
7, 3, -26.139744
7, 4, -21.126239
7, 6, 4.502574
7, 7, 10.361116
7, 8, -18.906454
7, 9, 9.195225
7, 10, -2.892393
7, 11, -4.830823
7, 12, 21.844972
7, 13, 5.220427
7, 14, 11.572505
7, 15, 43.000000
7, 16, -21.538142
7, 17, -66.000000
7, 18, -29.000000
7, 19, -42.814059
7, 20, -17.154139
7, 21, -30.965127
7, 22, 11.570583
7, 23, -6.792702
7, 25, -24.450392
7, 26, -27.751919
7, 27, 7.078464
7, 28, -52.000000
7, 29, -21.996697
7, 31, 11.939767
7, 32, -2.719559
7, 33, -15.270860
7, 34, -2.408040
7, 35, 0.152164
7, 36, 6.157594
7, 38, -17.905249
7, 39, -9.298312
7, 40, -3.587736
7, 41, 11.487254
7, 42, -50.820266
7, 43, -37.165183
7, 44, -11.608329
7, 46, -10.205537
7, 47, 1.723829
7, 50, 10.611477
8, 1, -15.851404
8, 4, -21.873761
8, 5, 3.384286
8, 6, 4.393489
8, 8, -25.463758
8, 9, -13.144778
8, 10, -10.332114
8, 11, -4.576517
8, 12, 15.666246
8, 13, 10.723507
8, 14, 12.112182
8, 16, -14.178578
8, 19, -36.092970
8, 20, -10.205397
8, 21, -31.606533
8, 22, 34.836991
8, 23, -5.488333
8, 24, -2.000000
8, 25, -24.498373
8, 26, -21.879145
8, 27, 8.032759
8, 29, -26.854203
8, 30, -22.011717
8, 32, -3.519478
8, 33, -14.978126
8, 34, -12.320232
8, 35, -6.415119
8, 36, -1.045860
8, 37, -45.914837
8, 38, -17.514835
8, 39, -3.493877
8, 41, 0.368697
8, 42, -57.302985
8, 43, 99999.000000
8, 44, -30.778086
8, 45, 5.909497
8, 46, -10.740704
8, 47, 7.825225
8, 48, -11.200206
8, 49, 14.000000
8, 50, 18.486215
9, 3, -23.769976
9, 5, 4.577736
9, 6, 5.676754
9, 8, -12.815603
9, 9, 9.943031
9, 10, -3.334288
9, 11, -6.026899
9, 12, 21.844837
9, 13, 5.615856
9, 14, 5.115214
9, 15, 23.000000
9, 16, -18.870440
9, 17, 60.000000
9, 18, -12.000000
9, 19, -43.069488
9, 20, -15.692441
9, 21, -35.936387
9, 22, 11.227611
9, 23, -10.700270
9, 25, -24.736058
9, 26, -24.369174
9, 27, 11.967738
9, 29, -21.998925
9, 30, -17.436683
9, 31, -68.000000
9, 32, -1.499593
9, 33, -6.181143
9, 34, 0.277729
9, 35, 0.947830
9, 36, 5.028883
9, 37, -31.467247
9, 38, -15.634062
9, 39, -9.675301
9, 40, 16.415024
9, 41, 7.464267
9, 43, -1.785471
9, 44, -12.676256
9, 45, 2.853465
9, 46, -11.064414
9, 47, 6.145778
9, 48, -17.433832
9, 50, 10.605244
10, 1, 8.917726
10, 2, -45.346749
10, 3, -25.811315
10, 4, -1.929124
10, 5, 3.388011
10, 6, 5.970464
10, 7, -12.984167
10, 8, -17.891095
10, 9, -11.914371
10, 10, -10.787338
10, 13, 10.877414
10, 14, 5.273830
10, 16, -13.948940
10, 18, 99999.000000
10, 19, -35.520454
10, 20, -8.824317
10, 21, -35.757453
10, 22, 30.797642
10, 23, -7.057612
10, 24, -13.381128
10, 25, -26.263247
10, 26, -16.600208
10, 27, 14.834666
10, 29, -26.857038
10, 30, -22.008608
10, 32, -2.782838
10, 33, -7.860724
10, 34, -11.243211
10, 35, -5.838101
10, 36, -2.033594
10, 37, -45.956050
10, 38, -12.642621
10, 40, 23.431161
10, 41, -5.962195
10, 42, -54.015349
10, 43, 47.000000
10, 45, 5.935150
10, 46, -12.535282
10, 47, 11.178751
10, 48, -11.670479
10, 49, 2.582960
10, 50, 18.478522
11, 1, 19.442871
11, 2, -48.540469
11, 3, -24.049764
11, 4, 7.568891
11, 5, 4.581409
11, 6, 6.216381
11, 7, -17.991955
11, 8, -6.654185
11, 9, 11.759783
11, 10, -3.774617
11, 11, -25.665067
11, 12, -16.000000
11, 13, 5.936056
11, 14, -4.148437
11, 15, 0.000000
11, 16, -16.206072
11, 17, -5.722967
11, 20, -12.954588
11, 21, -39.421506
11, 22, 10.113955
11, 23, -12.313761
11, 24, -15.638652
11, 25, -26.211728
11, 26, -18.875153
11, 27, 17.399098
11, 28, 9.514715
11, 30, -17.434253
11, 32, -2.047061
11, 33, -0.633862
11, 34, 1.321563
11, 35, 1.228005
11, 36, 4.462235
11, 37, -31.626359
11, 38, -11.468816
11, 39, -2.123053
11, 40, 17.958735
11, 41, 2.516912
11, 42, -53.290355
11, 44, 9.144774
11, 45, 2.887367
11, 46, -13.240251
11, 47, 8.717179
11, 48, -18.312496
11, 49, 8.824364
11, 50, 10.600245
12, 1, 9.856516
12, 2, -45.882581
12, 3, -26.470035
12, 4, -0.131662
12, 6, 6.158190
12, 7, -13.735708
12, 8, -11.680865
12, 9, -9.154370
12, 10, -11.014107
12, 11, -25.573408
12, 13, 10.947362
12, 14, -3.837998
12, 15, 11.064746
12, 16, -13.831946
12, 17, -7.237760
12, 18, 0.685129
12, 19, -0.770093
12, 20, -6.505031
12, 21, -38.579387
12, 22, 24.906566
12, 23, -7.122570
12, 24, -13.323640
12, 25, -27.737483
12, 26, -10.467574
12, 27, 21.574003
12, 28, 9.485285
12, 29, 80.000000
12, 31, 18.732497
12, 32, -3.387884
12, 33, -5.153067
12, 37, -46.053465
12, 38, -5.567522
12, 39, -2.528124
12, 40, 26.244177
12, 41, -12.420187
12, 42, -54.016409
12, 43, -15.150325
12, 44, 4.483565
12, 45, 5.959116
12, 46, -15.297117
12, 47, 12.410086
12, 48, -12.610714
12, 49, 2.588402
13, 1, 20.359559
13, 2, -49.356643
13, 3, -24.678032
13, 4, 10.008317
13, 5, 41.117140
13, 6, 4.854347
13, 7, -18.590028
13, 8, -2.806961
13, 9, 13.587910
13, 11, -25.551579
13, 12, 99999.000000
13, 14, -14.990881
13, 15, 99999.000000
13, 16, -15.101878
13, 17, -5.719855
13, 18, 0.215896
13, 19, -5.057954
13, 20, -9.157903
13, 21, -40.666339
13, 22, 8.168191
13, 23, -11.899172
13, 24, -15.532300
13, 25, -27.502817
13, 26, -11.914814
13, 27, 22.478524
13, 30, -36.243142
13, 31, 18.267503
13, 32, -4.179518
13, 34, -3.482652
13, 35, 6.524186
13, 36, -44.035316
13, 37, -31.830470
13, 38, -6.204285
13, 39, -2.134841
13, 40, 21.419234
13, 41, -1.713779
13, 43, -17.283826
13, 44, 9.139650
13, 46, -15.655161
13, 48, -19.192225
13, 49, 8.829327
13, 50, 5.955390
14, 1, 12.370248
14, 2, -47.222143
14, 3, -27.291051
14, 4, 4.760156
14, 5, 31.715825
14, 6, 3.867696
14, 7, -15.629762
14, 8, -9.285887
14, 9, -6.941796
14, 10, 26.033581
14, 11, -25.424192
14, 12, 13.570795
14, 13, -11.946249
14, 14, -13.784380
14, 16, 99999.000000
14, 17, -7.234307
14, 18, 0.684547
14, 19, -0.765851
14, 20, -3.141748
14, 21, -39.576684
14, 22, 18.351766
14, 23, -6.269342
14, 24, -13.213131
14, 25, -27.704469
14, 26, -4.417180
14, 27, 27.197094
14, 28, -31.317858
14, 30, -53.004192
14, 32, -4.923668
14, 33, -43.526883
14, 34, -2.517348
14, 35, 5.274695
14, 36, -43.964684
14, 37, -46.134238
14, 38, 2.192996
14, 39, -2.543355
14, 40, 29.746993
14, 41, -17.051829
14, 42, 99999.000000
14, 43, -15.324774
14, 44, 4.477868
14, 46, -17.657155
14, 47, -8.967276
14, 48, -13.083045
14, 50, 5.785559
15, 1, 21.906786
15, 2, -50.575427
15, 3, -25.181933
15, 4, 14.203810
15, 5, 38.872273
15, 6, 0.929662
15, 7, -19.486269
15, 9, 14.348590
15, 10, 11.392776
15, 11, -25.326670
15, 12, -9.224287
15, 13, -3.763755
15, 14, -25.359277
15, 15, 99999.000000
15, 16, -8.336406
15, 18, 0.215853
15, 19, -5.053859
15, 20, -4.479430
15, 21, 99999.000000
15, 22, 5.718382
15, 23, -10.711394
15, 24, -15.428477
15, 25, -27.137116
15, 26, -4.978020
15, 27, 26.540548
15, 28, -33.539138
15, 29, 33.523680
15, 30, -36.238355
15, 31, -84.000000
15, 32, -6.849362
15, 33, -45.952523
15, 35, 7.390250
15, 37, -31.923547
15, 38, -1.011981
15, 39, -2.145586
15, 40, 24.193170
15, 41, -4.087340
15, 42, 40.000000
15, 43, -17.558859
15, 45, -10.223344
15, 46, -16.980492
15, 47, -16.046961
15, 49, 6.543970
15, 50, 4.317203
16, 1, 15.599318
16, 2, -48.716111
16, 3, -27.656448
16, 4, 11.559594
16, 5, 27.594417
16, 6, -0.984781
16, 7, -17.764895
16, 8, -21.622456
16, 10, 25.882885
16, 11, -25.275704
16, 12, 13.564114
16, 13, -11.926531
16, 14, -22.381718
16, 15, -36.636459
16, 16, -4.609770
16, 17, 53.750155
16, 20, 1.312053
16, 21, 10.435589
16, 22, 12.641345
16, 23, -5.477134
16, 24, -13.159393
16, 25, -25.609503
16, 26, 0.452539
16, 27, 31.141913
16, 28, -31.317192
16, 29, 29.361786
16, 30, -53.004941
16, 32, -6.474601
16, 33, -43.528750
16, 34, 2.000000
16, 35, 6.772590
16, 36, 66.000000
16, 38, 8.807711
16, 40, 31.306447
16, 41, -18.712814
16, 43, -15.605260
16, 44, 26.462762
16, 45, -17.227075
16, 46, -18.274373
16, 47, -8.970664
16, 48, -8.469427
16, 49, -3.850176
16, 50, 3.017984
17, 1, 23.539473
17, 2, -51.615124
17, 4, 19.208081
17, 5, 32.465547
17, 6, -5.137509
17, 7, -20.252789
17, 8, -24.311613
17, 9, -26.238495
17, 10, 11.138016
17, 11, -25.214200
17, 12, -9.222299
17, 13, -3.749001
17, 14, -32.873478
17, 15, -23.516661
17, 16, -9.621997
17, 17, 53.249845
17, 18, 12.996946
17, 19, 86.000000
17, 20, 0.844222
17, 21, 1.033147
17, 22, 3.594444
17, 23, -10.120017
17, 25, -24.593400
17, 26, 0.144430
17, 27, 29.253207
17, 28, -33.539775
17, 29, 33.460907
17, 30, -36.233805
17, 31, 99999.000000
17, 32, -8.670561
17, 33, -45.954015
17, 35, 9.119623
17, 38, 2.803119
17, 39, 7.753606
17, 42, -10.235303
17, 43, -17.729337
17, 44, 30.394207
17, 45, -10.220833
17, 46, -16.241555
17, 47, -16.052625
17, 48, -1.642705
17, 49, 5.930347
17, 50, 0.182485
18, 1, 18.314483
18, 2, -49.673480
18, 3, -73.000000
18, 4, 18.995180
18, 5, 20.037148
18, 6, -7.382285
18, 7, -19.146402
18, 8, -21.716686
18, 9, -25.722187
18, 10, 25.581463
18, 12, 13.557250
18, 13, -11.897958
18, 14, -27.391316
18, 15, -36.488644
18, 16, -5.394909
18, 18, 3.460046
18, 20, 6.593416
18, 21, 10.311727
18, 22, 9.289867
18, 24, -33.646840
18, 25, -21.973989
18, 26, 3.173097
18, 27, 33.355993
18, 29, 29.279925
18, 30, 99999.000000
18, 32, -7.121456
18, 34, 23.000000
18, 35, 8.270862
18, 36, 21.544145
18, 37, 73.000000
18, 38, 12.609874
18, 39, 17.356946
18, 40, 5.900839
18, 41, 34.767945
18, 42, -6.721586
18, 44, 26.461905
18, 45, -17.222489
18, 46, -16.496735
18, 47, -8.975360
18, 48, -8.464984
18, 49, -4.968091
18, 50, -1.209745
19, 1, 24.594316
19, 2, -52.016352
19, 4, 24.238170
19, 5, 23.051514
19, 6, -11.997512
19, 7, -20.548791
19, 8, -24.469603
19, 9, -26.235655
19, 10, 10.883607
19, 11, -16.291445
19, 13, -3.742115
19, 14, -35.622586
19, 15, -23.629059
19, 16, -13.030167
19, 17, -33.651009
19, 18, 12.753931
19, 19, 12.115397
19, 20, 6.377913
19, 21, 1.497570
19, 22, 2.743110
19, 23, -0.375756
19, 24, -34.353160
19, 25, -20.706491
19, 26, 2.032663
19, 27, 30.575326
19, 28, -21.769652
19, 29, 33.362548
19, 30, -57.379337
19, 31, -90.000000
19, 33, 22.116544
19, 35, 9.986077
19, 36, 21.455855
19, 38, 4.205581
19, 39, 6.353109
19, 40, -1.488431
19, 41, 34.605662
19, 42, -10.736384
19, 45, -10.216554
19, 46, -13.356229
19, 48, -1.638011
19, 49, 4.385239
19, 50, -4.505847
20, 1, 19.378035
20, 3, 62.000000
20, 4, 26.116099
20, 5, 10.635282
20, 6, -13.683304
20, 8, -21.870087
20, 10, 25.429917
20, 11, -9.706827
20, 15, -36.194950
20, 16, -7.419075
20, 17, -33.531270
20, 18, 3.036383
20, 19, 5.305452
20, 20, 12.031305
20, 21, 10.065643
20, 23, -9.628712
20, 25, -18.171449
20, 27, 34.051348
20, 28, -11.798019
20, 29, 29.230749
20, 30, -78.000000
20, 33, 13.291832
20, 34, 6.177081
20, 37, -37.273389
20, 39, 14.877136
20, 40, 5.906434
20, 41, 34.766194
20, 42, -8.561624
20, 43, 63.000000
20, 44, -9.402492
20, 46, -12.791601
20, 47, 23.563714
20, 49, -6.661711
20, 50, -4.919022
21, 2, 66.000000
21, 4, 28.799797
21, 5, 12.858829
21, 6, -17.908226
21, 7, -12.702597
21, 8, -24.569041
21, 11, -16.333210
21, 12, -28.696653
21, 13, -58.241326
21, 14, 8.148403
21, 15, -23.806554
21, 16, -17.330485
21, 17, -31.335921
21, 18, 12.273218
21, 19, 12.331824
21, 20, 11.519387
21, 21, 2.809967
21, 23, -0.374001
21, 25, -17.224091
21, 28, -22.882560
21, 31, -13.878440
21, 32, -13.000000
21, 33, 22.568005
21, 34, 19.594745
21, 35, 17.481466
21, 36, -24.994697
21, 37, -37.726611
21, 38, 7.791777
21, 39, 2.255960
21, 40, -1.316373
21, 41, 34.604892
21, 42, -12.008660
21, 43, 75.070632
21, 44, -7.595105
21, 45, 3.952796
21, 46, -9.310520
21, 47, 22.523920
21, 48, -35.127685
21, 49, 2.638087
21, 50, -7.560296
22, 1, -96.000000
22, 2, 99999.000000
22, 3, 23.690917
22, 4, 32.273951
22, 5, 1.895018
22, 6, -18.247683
22, 7, -15.307090
22, 10, -6.592313
22, 11, -9.683937
22, 12, -28.460716
22, 13, -57.758674
22, 14, 14.573509
22, 15, -36.048070
22, 16, -9.782230
22, 17, -28.904792
22, 18, 2.615676
22, 19, 5.652424
22, 20, 16.764468
22, 21, 9.929856
22, 22, 80.514715
22, 23, -9.626720
22, 24, -62.416512
22, 25, -15.762314
22, 26, 45.449581
22, 28, -14.094956
22, 31, -14.878318
22, 33, 14.194727
22, 34, 6.152749
22, 35, 8.718091
22, 36, -23.007726
22, 38, 5.962151
22, 39, 10.164441
22, 40, 5.916908
22, 42, -11.659806
22, 43, 99999.000000
22, 44, -9.751684
22, 45, 5.882407
22, 46, -8.654345
22, 47, 22.785595
22, 48, -29.322838
22, 49, -8.134174
22, 50, -6.383108
23, 3, 23.243657
23, 4, 32.527824
23, 5, 4.893897
23, 6, -21.318137
23, 7, -12.691098
23, 8, 7.217018
23, 9, -10.549609
23, 10, -0.780032
23, 11, -16.421090
23, 12, -28.154934
23, 14, 8.150737
23, 16, -20.883315
23, 17, -25.462849
23, 18, 12.033468
23, 19, 12.679507
23, 20, 15.740145
23, 21, 4.689417
23, 22, 80.485285
23, 23, -0.372702
23, 24, -48.716245
23, 25, -15.832368
23, 26, 47.040512
23, 28, -25.661369
23, 30, 15.917228
23, 31, -15.006866
23, 32, 91.000000
23, 33, 23.724744
23, 34, 19.590472
23, 35, 17.995173
23, 36, -23.479431
23, 37, 76.000000
23, 38, 7.791953
23, 39, -4.249185
23, 40, -1.101734
23, 41, 25.012057
23, 42, -13.432497
23, 43, -2.698083
23, 44, -8.028028
23, 45, 3.949529
23, 46, -5.795529
23, 47, 21.315029
23, 48, -35.126378
23, 49, 1.502303
24, 1, 12.849986
24, 2, -73.000000
24, 3, 23.778552
24, 4, 36.895873
24, 5, -3.410177
24, 6, -19.910580
24, 7, -15.292298
24, 8, 7.601538
24, 9, -14.969106
24, 10, -6.491742
24, 11, -9.651121
24, 12, -27.666282
24, 13, 33.000000
24, 14, 14.576531
24, 15, 3.940949
24, 16, -11.361959
24, 17, -21.790681
24, 19, 5.867726
24, 20, 20.159247
24, 21, 10.020736
24, 24, -62.567458
24, 26, 45.448499
24, 27, -12.038238
24, 28, -17.569316
24, 29, -54.781011
24, 30, 10.769235
24, 31, -17.360923
24, 33, 15.608472
24, 34, 6.128027
24, 35, 10.606368
24, 36, -20.094622
24, 37, 99999.000000
24, 38, 5.963065
24, 39, 3.694162
24, 40, 5.925250
24, 41, 32.090664
24, 42, -15.033665
24, 43, 29.921475
24, 44, -10.590117
24, 45, 5.879576
24, 46, -5.944698
24, 47, 20.913017
24, 49, -8.711744
24, 50, -62.000000
25, 1, 14.287732
25, 3, 23.370864
25, 4, 35.024985
25, 5, 1.868575
25, 7, -12.681214
25, 8, 7.219064
25, 9, -11.963095
25, 10, -0.603505
25, 11, -16.487587
25, 12, -26.941846
25, 15, -6.810562
25, 16, -22.260253
25, 17, -18.756160
25, 18, 14.000000
25, 20, 18.849489
25, 21, 6.658439
25, 22, -5.719712
25, 24, -49.133281
25, 25, 25.000000
25, 27, -16.366300
25, 28, -28.762532
25, 29, -44.428190
25, 30, 15.444890
25, 31, -17.728679
25, 33, 25.062266
25, 34, 99999.000000
25, 35, 19.197419
25, 36, -19.425126
25, 38, 7.793040
25, 39, -12.630629
25, 40, -1.005256
25, 41, 25.017025
25, 42, -14.266129
25, 43, -1.478827
25, 44, -8.630814
25, 46, -4.404486
25, 47, 19.607993
25, 48, -3.060157
26, 1, 12.849280
26, 2, -51.123606
26, 3, 23.958155
26, 4, 39.406296
26, 6, 2.100150
26, 8, 7.603035
26, 9, -17.678025
26, 10, -6.330840
26, 11, -9.634682
26, 12, -26.677858
26, 13, 54.799876
26, 14, -49.882701
26, 15, 3.939444
26, 17, -15.503796
26, 19, -21.296493
26, 20, 22.116764
26, 21, 10.253801
26, 22, -4.059447
26, 23, 2.659377
26, 24, -62.909323
26, 26, -19.224942
26, 27, -11.951981
26, 28, -20.582504
26, 29, -54.788244
26, 30, 10.383499
26, 31, -20.871392
26, 32, -44.000000
26, 33, 16.882667
26, 34, 28.708198
26, 35, 13.416763
26, 36, -15.145922
26, 39, -3.737780
26, 41, 32.095381
26, 42, -17.676011
26, 43, 30.288121
26, 44, -11.475155
26, 47, 19.041015
26, 48, -13.012478
26, 49, 38.000000
26, 50, -23.677811
27, 1, 14.287236
27, 2, -50.876394
27, 3, 23.501563
27, 4, 35.911975
27, 5, 5.988517
27, 6, 12.765589
27, 7, 19.008049
27, 9, -15.539557
27, 10, -0.494364
27, 12, -25.969857
27, 13, 55.200124
27, 14, -43.423803
27, 15, -6.812148
27, 16, -5.723902
27, 17, -14.358612
27, 18, -3.215895
27, 19, -19.447097
27, 20, 21.040818
27, 21, 8.152095
27, 22, -6.577289
27, 23, 0.089448
27, 24, -49.657605
27, 25, -56.000000
27, 26, -27.124722
27, 27, -16.231238
27, 28, -30.753697
27, 29, -44.438426
27, 30, 14.264491
27, 31, -20.451367
27, 32, -50.035316
27, 33, 25.949537
27, 34, 8.440883
27, 35, 20.333418
27, 36, -14.126302
27, 37, 9.540892
27, 38, -17.500515
27, 39, -21.933799
27, 40, -11.035707
27, 42, -14.018560
27, 43, 1.469785
27, 44, -9.104085
27, 45, -28.078110
27, 46, 2.775666
27, 47, 18.399537
27, 48, -3.672671
27, 50, -31.173055
28, 3, 24.050634
28, 5, -11.073557
28, 6, 1.492524
28, 7, 17.113507
28, 8, -22.126239
28, 9, -21.831879
28, 12, -26.237678
28, 14, -49.883918
28, 16, -6.452046
28, 17, -13.009520
28, 18, 0.808355
28, 19, -20.289637
28, 20, 23.028854
28, 21, 10.441411
28, 22, -6.135441
28, 23, 4.439024
28, 24, -63.185441
28, 26, -19.253798
28, 27, -11.817318
28, 28, -21.761751
28, 29, -54.796094
28, 30, 9.819749
28, 31, -23.355205
28, 32, 99999.000000
28, 33, 17.395984
28, 34, 28.685889
28, 35, 15.782816
28, 36, -9.684763
28, 37, 10.459108
28, 38, -13.952268
28, 39, -10.881049
28, 40, -13.639220
28, 41, -28.540331
28, 42, -18.992576
28, 43, 31.116514
28, 44, -12.014803
28, 45, -17.229464
28, 46, -1.672020
28, 47, 18.263567
28, 48, -13.796629
28, 49, -81.035316
28, 50, -22.877657
29, 1, -8.287231
29, 5, 6.256299
29, 6, 11.684684
29, 7, 19.010415
29, 8, -22.873761
29, 9, -19.610295
29, 10, 26.292030
29, 11, 55.445981
29, 13, 99999.000000
29, 15, 99999.000000
29, 16, -5.289297
29, 18, -3.218375
29, 19, -17.348682
29, 20, 22.655879
29, 21, 8.710240
29, 22, -8.660400
29, 23, 2.698621
29, 24, -49.893003
29, 25, 10.102504
29, 26, -27.307241
29, 27, -16.150014
29, 30, 12.943856
29, 31, -21.580818
29, 32, -3.228080
29, 34, 8.453240
29, 35, 20.754692
29, 36, -9.260326
29, 38, -17.825978
29, 39, -30.655730
29, 40, -11.032783
29, 41, -21.542453
29, 42, -12.749092
29, 43, 4.429821
29, 44, -9.276596
29, 45, -28.087211
29, 46, 2.773818
29, 48, -5.339807
29, 49, -80.964684
29, 50, -29.986600
30, 1, -6.142052
30, 2, -31.990402
30, 3, 14.879802
30, 4, 8.119812
30, 5, -10.960942
30, 6, 0.035484
30, 9, -25.492506
30, 10, 27.390519
30, 11, 50.922923
30, 12, 39.757366
30, 13, -5.984568
30, 14, 12.109336
30, 15, 12.561803
30, 16, -5.750079
30, 17, 5.284025
30, 19, -17.729040
30, 20, 23.428406
30, 22, -9.086998
30, 23, 8.953056
30, 25, 9.148642
30, 26, -19.329548
30, 28, -2.698876
30, 29, -0.178990
30, 30, 9.348893
30, 32, -8.117720
30, 33, -62.000000
30, 34, 28.651942
30, 35, 16.668000
30, 36, -5.455452
30, 37, 4.731820
30, 38, -14.526190
30, 39, -16.138627
30, 40, -13.637458
30, 41, -28.540173
30, 42, -19.070535
30, 43, 31.785489
30, 45, -17.242110
30, 47, 24.070632
30, 48, -15.131247
30, 50, -20.798410
31, 1, -8.732298
31, 2, -35.020292
31, 3, 6.807325
31, 4, 9.297085
31, 5, 6.785273
31, 6, 10.164603
31, 7, -44.908360
31, 8, 16.277317
31, 9, -22.272431
31, 10, 26.296272
31, 11, 53.708736
31, 12, 41.649593
31, 13, 7.865784
31, 14, 23.049648
31, 15, 2.000000
31, 16, -4.323007
31, 17, 5.844953
31, 18, 63.000000
31, 19, -14.117130
31, 20, 23.865767
31, 21, -14.536040
31, 22, -10.758219
31, 23, 6.590526
31, 24, -57.113149
31, 25, 10.116329
31, 26, -27.570340
31, 28, -10.221272
31, 29, -3.352984
31, 30, 12.093187
31, 31, -69.000000
31, 32, -3.227607
31, 34, 8.466073
31, 35, 20.316487
31, 36, -6.365378
31, 37, -1.790181
31, 38, -18.477090
31, 39, -36.957235
31, 42, -11.092543
31, 43, 5.661832
31, 44, -85.000000
31, 45, -28.096647
31, 46, -34.332249
31, 47, 23.929368
31, 48, -7.519749
31, 50, -28.075977
32, 1, -7.710986
32, 2, -30.784745
32, 3, 14.644387
32, 4, 9.299218
32, 5, -10.892746
32, 6, -1.408362
32, 7, -46.194532
32, 8, 7.979046
32, 9, -26.942558
32, 10, 27.394700
32, 11, 47.773510
32, 12, 38.649019
32, 13, -5.780198
32, 14, 12.109868
32, 16, -4.884616
32, 17, 5.452677
32, 19, -14.679291
32, 20, 23.641241
32, 21, -9.981102
32, 22, -11.184813
32, 23, 14.167498
32, 24, -55.744364
32, 25, 9.168451
32, 26, -19.414771
32, 28, -2.695336
32, 29, -0.473296
32, 30, 9.168755
32, 31, 99999.000000
32, 33, -49.000000
32, 35, 15.825703
32, 36, -3.862712
32, 37, 4.707123
32, 38, -15.101588
32, 39, -18.084963
32, 40, -3.144182
32, 42, -18.577290
32, 46, -34.667751
32, 48, -16.545034
32, 49, 1.597021
32, 50, -18.208351
33, 1, -9.492110
33, 2, -32.207670
33, 3, 6.522674
33, 4, 11.710540
33, 5, 7.048267
33, 6, 9.096470
33, 7, -44.906263
33, 8, 15.215854
33, 11, 49.503869
33, 12, 39.075203
33, 13, 7.882512
33, 14, 23.054733
33, 15, 55.000000
33, 16, -3.556443
33, 17, 6.119977
33, 18, -21.194238
33, 19, -11.057341
33, 20, 24.564673
33, 21, -14.920440
33, 22, -11.632074
33, 23, 9.819442
33, 24, -57.118070
33, 25, 10.131726
33, 26, -27.761191
33, 27, -22.427774
33, 28, -10.145756
33, 29, -4.569830
33, 31, -14.261617
33, 32, -6.971046
33, 34, 11.000000
33, 35, 19.397018
33, 37, -1.823302
33, 38, -18.804287
33, 39, -39.266410
33, 40, 0.377830
33, 42, -9.942021
33, 45, 18.716458
33, 47, -63.610230
33, 48, -9.379033
33, 49, 6.178274
33, 50, -26.110725
34, 1, -9.614062
34, 2, -27.479343
34, 3, 14.176338
34, 4, 12.504806
34, 5, 99999.000000
34, 6, -2.001376
34, 8, 6.360808
34, 9, -54.400073
34, 10, -19.867562
34, 11, 43.303469
34, 12, 35.831603
34, 13, -5.451966
34, 14, 12.114208
34, 16, -4.504679
34, 17, 5.724503
34, 18, -20.805762
34, 19, -12.174317
34, 20, 23.722512
34, 21, -10.503722
34, 23, 17.882909
34, 24, -55.750883
34, 26, -19.454416
34, 27, -15.898923
34, 28, -2.796037
34, 29, -1.415889
34, 30, 4.000000
34, 31, -55.000000
34, 32, -1.121346
34, 33, 21.691295
34, 35, 13.780506
34, 36, 22.832486
34, 37, 4.683340
34, 39, 99999.000000
34, 40, -3.223368
34, 41, 16.000000
34, 42, -18.296330
34, 43, -21.819388
34, 44, 37.913824
34, 45, 4.169325
34, 46, 85.000000
34, 47, -95.982342
34, 48, -17.458573
34, 49, 0.832932
34, 50, -15.955405
35, 1, -9.472842
35, 2, -27.415393
35, 3, 6.239336
35, 4, 15.850524
35, 5, 36.000000
35, 7, -23.193376
35, 8, 12.170839
35, 9, -50.865921
35, 10, -13.831021
35, 11, 45.279083
35, 12, 35.112512
35, 13, 7.900057
35, 14, 23.060117
35, 15, -90.000000
35, 17, 6.291631
35, 19, -9.075605
35, 21, -15.845832
35, 22, -27.093180
35, 23, 10.856017
35, 24, -57.122647
35, 25, -15.408767
35, 27, -22.412692
35, 28, -10.246383
35, 29, -6.844758
35, 32, -6.877603
35, 33, 21.308705
35, 34, -17.920367
35, 35, 18.595861
35, 36, 16.973082
35, 38, 3.312771
35, 39, -8.104563
35, 40, 0.186318
35, 41, 25.052974
35, 43, -18.262384
35, 44, 43.732516
35, 45, 19.003837
35, 47, -63.608381
35, 48, -10.112590
35, 49, 4.604851
35, 50, -24.685854
36, 1, -10.538135
36, 2, -22.949557
36, 3, 13.942036
36, 4, 16.779830
36, 6, -93.000000
36, 7, -42.735130
36, 8, 3.429676
36, 9, -54.399780
36, 10, -20.326487
36, 11, 40.127585
36, 12, 32.604805
36, 15, 99999.000000
36, 18, -8.950279
36, 19, -10.714126
36, 20, -28.640599
36, 21, -11.251769
36, 22, -34.314229
36, 23, 18.838353
36, 25, -15.591233
36, 26, -45.202055
36, 27, -15.877804
36, 28, -3.234893
36, 29, -3.018271
36, 30, -10.088290
36, 31, 14.694457
36, 32, -0.891633
36, 34, -17.485845
36, 35, 11.438088
36, 36, 24.002722
36, 37, 0.000000
36, 38, -1.886441
36, 39, 6.808806
36, 40, -3.385630
36, 41, 99999.000000
36, 42, 2.798298
36, 43, -21.820199
36, 44, 37.930011
36, 45, 5.870842
36, 46, -8.856891
36, 47, 99999.000000
36, 49, -0.880657
36, 50, -14.672019
37, 1, -8.241803
37, 2, -22.082718
37, 4, 20.459208
37, 5, -13.000000
37, 7, -23.190671
37, 8, 7.550285
37, 10, -14.717547
37, 11, 43.519439
37, 12, 31.607825
37, 13, 19.825129
37, 14, -29.020431
37, 15, 22.733781
37, 16, -43.000000
37, 17, -15.582770
37, 18, -8.049721
37, 19, -8.322372
37, 20, -29.282730
37, 21, -16.829147
37, 22, -26.012803
37, 23, 9.404162
37, 24, 33.606231
37, 26, -56.113978
37, 27, -22.397141
37, 28, -10.812354
37, 29, -9.727949
37, 30, -9.911710
37, 31, 13.876207
37, 32, -6.509173
37, 33, 5.582094
37, 34, -18.229372
37, 35, 18.366376
37, 36, 18.985449
37, 38, 4.008153
37, 39, -8.286561
37, 40, -0.007342
37, 41, 99999.000000
37, 42, 4.059690
37, 44, 43.763325
37, 45, 19.914415
37, 46, 48.070632
37, 47, -80.000000
37, 48, 8.599752
37, 49, 2.643840
37, 50, -24.170194
38, 1, -10.239822
38, 2, -18.409070
38, 4, 20.778458
38, 6, 2.352673
38, 7, 99999.000000
38, 8, -0.352685
38, 10, -21.245246
38, 12, 30.484575
38, 13, 22.547367
38, 14, -15.737458
38, 15, 10.428124
38, 17, -20.858107
38, 19, -10.187846
38, 20, -28.765164
38, 21, -11.861974
38, 22, -32.230751
38, 23, 17.270028
38, 24, 34.566475
38, 25, -29.131443
38, 26, -45.202432
38, 28, -4.156443
38, 29, -4.980994
38, 31, 14.696238
38, 32, -0.303553
38, 33, 6.417906
38, 34, -18.004906
38, 35, 9.604392
38, 36, 26.625166
38, 37, -5.695210
38, 38, -0.410342
38, 39, 6.027653
38, 40, -3.467503
38, 42, 3.851085
38, 43, 62.000000
38, 44, 37.956442
38, 45, 8.983837
38, 46, -8.859506
38, 48, 9.400248
38, 49, -2.254383
39, 1, -6.575055
39, 2, -17.751479
39, 3, 71.765814
39, 4, 24.046510
39, 5, 23.655073
39, 6, 0.994857
39, 7, 0.321025
39, 8, 1.991672
39, 9, 17.157783
39, 10, -15.606556
39, 12, 30.217952
39, 13, 20.643924
39, 14, -28.110253
39, 15, 22.113812
39, 16, 2.044596
39, 17, -15.820645
39, 18, 84.000000
39, 19, -8.353639
39, 20, -29.487839
39, 21, -17.433459
39, 22, -23.129266
39, 23, 6.505500
39, 24, 33.607993
39, 25, -25.355793
39, 26, -56.115114
39, 27, -4.296845
39, 28, -11.923277
39, 29, -12.444038
39, 30, 35.127562
39, 32, -5.721539
39, 34, -18.849898
39, 35, 18.811069
39, 36, 21.492293
39, 37, -1.488563
39, 38, 6.007408
39, 39, -8.728909
39, 41, -45.057807
39, 42, 6.465187
39, 44, 43.782514
39, 45, 21.407982
39, 46, 99999.000000
39, 49, 1.770429
40, 1, -9.603078
40, 2, -14.970808
40, 3, 69.214473
40, 4, 23.184783
40, 5, 21.732319
40, 6, 2.351907
40, 7, -10.674538
40, 8, -4.529157
40, 9, 12.827211
40, 10, -21.707090
40, 11, -87.000000
40, 13, 24.553032
40, 14, -16.624947
40, 15, 10.182096
40, 16, -4.126574
40, 17, -20.727415
40, 19, -10.152861
40, 20, -28.965505
40, 21, -12.091611
40, 22, -28.599288
40, 23, 14.597855
40, 24, 34.569195
40, 25, -29.130744
40, 27, -10.155214
40, 28, -5.476078
40, 29, -6.646706
40, 30, 25.840302
40, 31, -61.977636
40, 32, 0.719843
40, 33, -95.000000
40, 34, -18.526827
40, 35, 8.662699
40, 36, 28.727348
40, 37, -5.139986
40, 38, 2.402753
40, 39, 4.282992
40, 40, -18.867699
40, 41, -38.544636
40, 42, 7.132367
40, 43, -12.279275
40, 45, 12.723325
40, 46, -23.888166
40, 47, -26.082003
40, 48, -1.879981
40, 50, 27.693928
41, 1, -5.802377
41, 2, -15.397912
41, 3, 71.765206
41, 4, 25.398426
41, 5, 23.651270
41, 7, -0.078945
41, 8, -3.738500
41, 9, 16.715302
41, 11, 99999.000000
41, 12, -11.876714
41, 13, 22.768768
41, 14, -25.688639
41, 15, 20.621898
41, 16, 2.045891
41, 17, -16.726292
41, 18, 40.124180
41, 19, -8.563818
41, 20, -29.614856
41, 22, -19.311720
41, 23, 3.818966
41, 25, 99999.000000
41, 26, 85.000000
41, 27, -1.935936
41, 28, -13.368566
41, 29, -14.105138
41, 30, 34.443920
41, 31, -63.932276
41, 32, -4.559576
41, 34, -19.162857
41, 35, 19.700950
41, 36, 22.609330
41, 37, -0.369606
41, 38, 8.976518
41, 39, -9.169227
41, 40, -15.283756
41, 41, -45.055659
41, 42, 11.304753
41, 43, -12.720725
41, 44, 21.776204
41, 45, 23.080632
41, 46, -43.000000
41, 47, -19.388434
41, 48, -3.949977
41, 49, 21.413626
41, 50, 28.306072
42, 2, -13.156090
42, 5, 21.727742
42, 6, -5.847925
42, 7, -10.877250
42, 8, -8.704393
42, 9, 12.307332
42, 11, 20.776332
42, 12, -0.597045
42, 13, 27.646207
42, 14, -17.994626
42, 15, 9.687748
42, 16, -4.123682
42, 17, -20.943701
42, 18, 44.394541
42, 19, -10.193688
42, 21, 99999.000000
42, 22, -24.253125
42, 23, 12.430724
42, 24, 7.000000
42, 25, -32.786714
42, 26, 50.799876
42, 27, -5.362705
42, 28, -6.906817
42, 29, -7.306146
42, 30, 24.979335
42, 31, -61.654643
42, 32, 2.019691
42, 33, 0.661869
42, 35, 8.510494
42, 37, -3.674229
42, 38, 6.128470
42, 39, 2.890552
42, 40, -19.122720
42, 41, -38.542848
42, 42, 12.710912
42, 44, 10.117854
42, 45, 15.825066
42, 47, -26.081958
42, 48, -1.878757
42, 49, 19.143021
43, 1, -1.406848
43, 2, -14.970596
43, 3, 42.461741
43, 4, 11.097024
43, 5, 23.648023
43, 6, -17.407778
43, 7, -0.960548
43, 8, -8.902339
43, 9, 15.551433
43, 10, 19.347123
43, 11, 59.000000
43, 12, -11.854556
43, 13, 25.434432
43, 14, -22.611945
43, 15, 19.132331
43, 16, 2.048761
43, 17, -18.608751
43, 18, 40.119844
43, 20, 85.923482
43, 21, 12.819192
43, 22, -15.520402
43, 23, 2.518959
43, 25, -20.085063
43, 26, 99999.000000
43, 27, 4.464737
43, 28, -14.766534
43, 30, 32.911844
43, 31, -63.418571
43, 32, -3.347509
43, 33, -44.423528
43, 34, -54.235440
43, 35, 20.634127
43, 36, -38.809992
43, 37, 1.430351
43, 38, 12.313886
43, 39, -9.349230
43, 40, -15.894537
43, 42, 18.208042
43, 43, -10.596653
43, 44, 21.718269
43, 45, 24.211767
43, 46, -59.000000
43, 48, -3.948493
43, 49, 21.390441
43, 50, -81.000000
44, 1, 10.138876
44, 2, -12.687086
44, 3, 42.538259
44, 4, 8.245858
44, 6, -6.763666
44, 7, -11.321179
44, 8, -12.507120
44, 9, 11.467620
44, 10, 8.525961
44, 12, -0.566189
44, 13, 30.625124
44, 14, -19.207237
44, 15, 9.437354
44, 17, -21.960788
44, 18, 44.393826
44, 19, -88.000000
44, 20, 86.076518
44, 21, -3.370131
44, 22, -20.031529
44, 23, 11.557495
44, 24, 0.282528
44, 25, -31.679124
44, 26, 57.489635
44, 27, 2.845693
44, 28, -8.097325
44, 29, 3.779585
44, 30, 23.908623
44, 31, -60.931912
44, 32, 3.230846
44, 33, 0.695608
44, 34, -53.764560
44, 35, 8.725814
44, 36, -38.322355
44, 37, -1.786371
44, 38, 10.029262
44, 40, -19.706227
44, 41, -2.847163
44, 42, 20.014656
44, 43, -20.950591
44, 44, 10.231975
44, 45, 17.037122
44, 47, 5.019243
44, 49, 19.111670
44, 50, 99999.000000
45, 1, -2.245508
45, 2, -15.510566
45, 4, 12.054209
45, 5, 30.202757
45, 6, -18.477399
45, 7, -1.729530
45, 8, -12.954960
45, 9, 14.105014
45, 10, 19.916212
45, 11, -12.525442
45, 12, -11.831774
45, 13, 27.870863
45, 14, -20.053283
45, 15, 18.515064
45, 16, -41.117720
45, 17, -21.374084
45, 18, 40.117215
45, 21, 12.132778
45, 22, -12.445058
45, 23, 2.594954
45, 24, -0.282528
45, 25, -19.199475
45, 26, 53.338135
45, 27, 13.006746
45, 28, -15.754416
45, 29, 3.220415
45, 30, 31.683401
45, 31, -62.780688
45, 32, -2.483542
45, 33, -44.421400
45, 35, 21.219402
45, 36, -38.806526
45, 37, 3.299393
45, 38, 15.296992
45, 40, -16.666105
45, 41, 2.932154
45, 42, 26.020548
45, 43, -9.354920
45, 44, 21.585502
45, 46, -26.819063
45, 47, -5.058849
45, 48, 59.141264
45, 49, 21.367960
45, 50, 4.505576
46, 1, 8.760653
46, 2, -12.779586
46, 4, 10.012422
46, 5, 30.797243
46, 6, -8.980726
46, 7, -11.712456
46, 8, -15.562702
46, 9, 10.631412
46, 10, 9.602341
46, 11, -3.192865
46, 13, 32.705805
46, 14, -19.688287
46, 15, 99999.000000
46, 16, -40.882280
46, 17, -23.670906
46, 18, 99999.000000
46, 19, 5.037949
46, 20, 62.383687
46, 21, -3.566353
46, 22, -16.592422
46, 23, 11.641811
46, 25, -28.992752
46, 26, 57.490424
46, 27, 11.989748
46, 28, -8.765693
46, 30, 23.431816
46, 31, -60.354838
46, 32, 4.034855
46, 33, 0.729700
46, 34, -45.249059
46, 35, 8.861602
46, 36, -38.318809
46, 37, -0.021245
46, 38, 13.240622
46, 40, -20.181659
46, 41, -2.651763
46, 42, 27.552983
46, 43, -18.897075
46, 44, 10.372801
46, 45, -73.000000
46, 46, -32.527941
46, 47, 5.042013
46, 48, 58.858736
46, 50, 89.000000
47, 1, -4.124561
47, 2, -15.861128
47, 3, 10.127229
47, 4, 14.208082
47, 6, -19.996251
47, 7, -2.092145
47, 8, -15.638356
47, 9, 12.930057
47, 10, 21.192329
47, 11, -12.505190
47, 12, 52.000000
47, 13, 29.605428
47, 14, -19.058571
47, 15, 24.920849
47, 17, -24.259457
47, 18, -54.000000
47, 19, 5.962051
47, 20, 59.575567
47, 21, 10.762810
47, 22, -10.390007
47, 23, 3.092347
47, 24, -33.000000
47, 25, -17.207912
47, 27, 21.020273
47, 28, -16.106845
47, 29, 99999.000000
47, 31, -62.498278
47, 32, -2.118572
47, 33, 99999.000000
47, 34, -38.514175
47, 37, 4.745737
47, 38, 17.320160
47, 39, -8.051910
47, 40, -17.014165
47, 41, 3.304223
47, 42, 32.905037
47, 43, -6.565083
47, 44, 21.476250
47, 46, -26.819520
47, 47, -5.028335
47, 49, 26.732242
48, 1, 7.044220
48, 3, 11.283261
48, 4, 12.219502
48, 5, -23.554413
48, 6, -11.209725
48, 7, -11.901452
48, 8, -17.538977
48, 9, 10.117504
48, 10, 10.945009
48, 11, -3.165552
48, 12, 75.135378
48, 13, 33.769422
48, 14, 99999.000000
48, 15, -47.000000
48, 16, -49.346003
48, 17, -25.324330
48, 20, 62.384408
48, 21, -3.881904
48, 22, -14.368980
48, 23, 11.817514
48, 25, -26.288677
48, 26, -92.000000
48, 27, 19.123529
48, 30, -58.980488
48, 32, 4.387557
48, 33, 13.712966
48, 34, -45.254355
48, 35, -14.856103
48, 36, -6.795521
48, 37, 1.200534
48, 38, 15.043055
48, 39, -13.620026
48, 41, -2.256828
48, 42, 33.280903
48, 43, -16.333330
48, 44, 10.434235
48, 45, 34.843345
48, 46, -32.528513
48, 47, 5.063834
48, 48, -29.590902
48, 49, 22.397714
48, 50, 33.344719
49, 1, -5.629101
49, 2, 99999.000000
49, 3, 10.124576
49, 4, 15.938958
49, 5, -18.896148
49, 6, -21.076960
49, 7, -2.167421
49, 8, -16.941422
49, 9, 12.480958
49, 10, 22.215728
49, 11, -12.485321
49, 12, 99999.000000
49, 13, 30.478221
49, 14, -49.170694
49, 16, -46.818010
49, 17, -26.124650
49, 18, -36.347274
49, 19, -31.385223
49, 21, 10.075802
49, 22, -9.386606
49, 24, -76.000000
49, 25, -15.607250
49, 27, 25.859636
49, 28, -18.412020
49, 29, 23.811648
49, 30, -55.469458
49, 31, 44.226301
49, 32, -2.066624
49, 33, -1.400248
49, 34, -38.522485
49, 35, -14.143897
49, 36, -2.795182
49, 37, 5.512899
49, 38, 18.031188
49, 39, -8.058634
49, 40, 22.455855
49, 41, 3.679690
49, 42, 36.953236
49, 43, -4.325404
49, 45, 31.729586
49, 48, -24.653705
49, 49, 26.731167
49, 50, 30.818010
50, 1, 6.280402
50, 2, 40.000000
50, 3, 11.280536
50, 4, 13.204578
50, 5, -23.552678
50, 6, -12.138824
50, 8, -18.219648
50, 10, 11.543958
50, 12, 83.000000
50, 13, 34.071829
50, 14, -20.000000
50, 15, 61.000000
50, 16, -49.345282
50, 17, -26.010892
50, 18, -35.652726
50, 19, -31.614777
50, 20, 4.000000
50, 22, -13.601378
50, 23, 75.000000
50, 25, -25.161356
50, 26, 68.000000
50, 27, 21.818180
50, 28, -17.587980
50, 29, 24.188352
50, 30, -58.979631
50, 31, 44.773699
50, 32, 4.465235
50, 33, 13.714657
50, 34, -45.261262
50, 36, -6.799015
50, 37, 1.635935
50, 39, -13.626399
50, 40, 22.544145
50, 41, -2.056140
50, 42, 35.424853
50, 43, -15.189270
50, 44, -53.000000
50, 45, 34.841294
50, 46, -72.000000
50, 47, -8.000000
50, 48, -29.592998
50, 49, 22.396559
50, 50, 33.346567
