1, 1, 33.000000
1, 3, -20.391579
1, 4, 19.333751
1, 6, 8.238265
1, 7, 11.038490
1, 8, 34.533054
1, 9, -16.877795
1, 10, -19.000000
1, 11, 12.757307
1, 12, 99999.000000
1, 13, -86.000000
1, 14, -57.967948
1, 15, -38.000000
1, 16, 0.010016
1, 18, -91.012019
1, 19, -46.630616
1, 20, -29.557091
1, 21, -9.824310
1, 22, -7.471170
1, 23, 12.977660
1, 24, 17.615736
1, 25, -31.716444
1, 27, 62.000000
1, 28, 7.611773
1, 29, -41.000000
1, 30, -31.855023
1, 32, -13.998756
1, 33, -49.153123
1, 34, -18.086155
1, 35, -15.221633
1, 37, -82.000000
1, 38, -87.000000
1, 39, 82.000000
1, 40, -4.646475
1, 41, 18.047044
1, 42, -20.042132
1, 43, -31.230096
1, 45, 13.166361
1, 46, -81.000000
1, 47, -15.320996
1, 49, 45.000000
1, 50, 15.867399
2, 2, 50.854853
2, 3, -24.756796
2, 4, 12.649366
2, 5, -43.858712
2, 6, 8.951863
2, 7, 8.607822
2, 8, 34.466946
2, 9, -26.243667
2, 11, 11.121864
2, 14, -58.032052
2, 16, 28.033677
2, 17, -1.037794
2, 19, -41.620996
2, 20, -20.867039
2, 21, -10.177778
2, 22, -13.904943
2, 23, 17.804379
2, 24, 11.464021
2, 25, -38.619607
2, 28, 5.727322
2, 30, -36.778382
2, 31, 11.066279
2, 32, -14.169691
2, 33, -46.864530
2, 34, -14.107814
2, 35, -7.237261
2, 36, -70.488982
2, 40, 0.500257
2, 41, 16.077675
2, 42, -24.408473
2, 43, -35.063186
2, 44, 6.176201
2, 45, 4.876995
2, 47, -19.127160
2, 48, -9.812644
2, 50, 19.414298
3, 1, -21.782616
3, 2, 12.970458
3, 3, -21.293502
3, 4, 15.361958
3, 5, -37.825747
3, 6, 3.001334
3, 7, 11.116002
3, 9, -16.180855
3, 11, 9.987145
3, 12, 32.619920
3, 13, 99999.000000
3, 15, -26.038062
3, 17, -43.281912
3, 19, -43.537497
3, 20, -28.192253
3, 21, -15.120267
3, 22, -9.199873
3, 23, 7.791248
3, 24, 17.932514
3, 25, -26.357027
3, 26, -30.638472
3, 27, -11.266395
3, 28, 7.989640
3, 29, 52.703176
3, 30, -31.227691
3, 31, 10.230022
3, 32, -12.625186
3, 33, -46.836632
3, 34, -18.162908
3, 35, -11.531862
3, 36, -70.511018
3, 37, -79.000000
3, 38, 41.404846
3, 39, 5.208325
3, 40, -8.389012
3, 41, 17.882332
3, 42, -19.828977
3, 43, -32.245542
3, 44, -14.770231
3, 45, 15.001353
3, 47, -10.178468
3, 48, -8.897882
3, 49, -41.977137
3, 50, 16.374076
4, 1, -19.837002
4, 2, 50.851342
4, 3, -26.245094
4, 4, 7.041444
4, 5, -46.230249
4, 6, 0.962886
4, 8, -35.911941
4, 9, -26.804882
4, 10, -95.000000
4, 11, 5.130135
4, 12, 31.316676
4, 14, 19.305064
4, 15, -25.961938
4, 17, 0.253851
4, 19, -41.053612
4, 20, -19.722830
4, 21, -18.897491
4, 23, 6.251327
4, 24, 12.604103
4, 25, -27.527908
4, 26, -26.922654
4, 27, -4.545382
4, 29, 56.494296
4, 31, 11.096555
4, 32, -9.959816
4, 33, -41.014044
4, 34, -11.527372
4, 35, -1.338469
4, 38, 41.595154
4, 39, -1.970798
4, 40, -3.560313
4, 43, -36.799078
4, 44, 0.266762
4, 45, 6.920867
4, 47, -10.213127
4, 48, -10.219578
4, 49, -45.339385
4, 50, 19.842954
5, 1, -18.088153
5, 2, 7.507940
5, 3, -22.756552
5, 4, 10.782323
5, 5, -40.859744
5, 6, -4.874272
5, 7, 15.387925
5, 8, -46.943492
5, 11, 0.922196
5, 12, 32.203298
5, 13, 10.242621
5, 14, 20.367636
5, 19, -37.992172
5, 21, -23.631526
5, 23, -1.182755
5, 24, 20.042510
5, 25, -17.843639
5, 26, -30.636579
5, 27, -7.335875
5, 29, 53.110110
5, 31, 10.741552
5, 32, -7.668533
5, 33, -37.786233
5, 34, -17.556491
5, 35, -6.043778
5, 36, 11.526227
5, 39, 0.663983
5, 40, -13.970924
5, 41, 23.637768
5, 43, -34.894705
5, 44, -25.033150
5, 45, 16.284398
5, 47, -0.115357
5, 49, -42.257679
5, 50, 16.514223
6, 1, -13.517837
6, 3, -27.271503
6, 5, -48.481671
6, 6, -4.368448
6, 7, 10.548615
6, 8, -31.479942
6, 10, 2.564002
6, 11, -6.358399
6, 13, 3.253780
6, 14, 20.034224
6, 16, -31.909874
6, 19, -42.051581
6, 20, -23.032365
6, 21, -28.908095
6, 23, -7.895669
6, 24, 14.532961
6, 25, -15.987385
6, 26, -32.671222
6, 27, 0.902108
6, 31, 12.482923
6, 32, -2.376332
6, 33, -27.027241
6, 34, -5.926891
6, 35, 2.933038
6, 36, 16.357088
6, 38, -23.242324
6, 39, -9.275674
6, 40, -6.853522
6, 41, 25.618252
6, 42, -50.635213
6, 43, -38.927646
6, 44, -12.938074
6, 47, 0.537375
6, 49, -45.894167
7, 1, -11.588259
7, 3, -23.181945
7, 4, -21.627206
7, 6, -4.754943
7, 7, 13.769878
7, 8, -38.670487
7, 10, -6.304060
7, 11, -11.245520
7, 12, 15.440454
7, 13, 9.840710
7, 14, 21.352180
7, 16, -16.121031
7, 18, 26.611180
7, 19, -33.791749
7, 20, -13.552865
7, 21, -30.734652
7, 22, 43.926395
7, 23, -8.568562
7, 25, -15.265648
7, 26, -28.839438
7, 27, 0.803664
7, 29, -26.041128
7, 31, 12.124586
7, 32, -1.503035
7, 33, -21.373651
7, 34, -14.218960
7, 35, -4.139134
7, 36, 5.371469
7, 38, -26.692349
7, 39, -6.782367
7, 40, -16.334193
7, 41, 15.131220
7, 42, -57.005974
7, 44, -37.668551
7, 46, -4.340392
7, 47, 8.660542
7, 50, 19.403783
8, 1, -8.740521
8, 4, -21.372794
8, 5, 3.515189
8, 6, 0.270202
8, 8, -21.265037
8, 9, 2.976104
8, 10, -0.829256
8, 11, -17.147728
8, 12, 21.561650
8, 13, 4.229436
8, 14, 18.189068
8, 16, -23.986716
8, 19, -44.003522
8, 20, -19.773303
8, 21, -37.108469
8, 22, 11.275319
8, 23, -18.132920
8, 24, -2.000000
8, 25, -13.385598
8, 26, -35.346000
8, 27, 7.607706
8, 29, -21.452828
8, 30, -18.136634
8, 32, 4.405822
8, 33, -6.480586
8, 34, 2.202616
8, 35, 2.558625
8, 36, 5.966766
8, 37, -30.926401
8, 38, -22.175633
8, 39, -15.846959
8, 41, 14.146325
8, 42, -50.470502
8, 44, -24.563035
8, 45, -1.076655
8, 46, -4.308130
8, 47, 8.528791
8, 48, -7.178047
8, 49, 14.000000
8, 50, 11.024130
9, 3, -21.010319
9, 5, 2.956121
9, 6, 5.346557
9, 8, -24.104312
9, 9, -26.982783
9, 10, -10.979363
9, 11, -18.053751
9, 12, 15.382321
9, 13, 10.470626
9, 14, 18.383461
9, 15, 23.000000
9, 16, -14.598495
9, 17, 60.000000
9, 19, -32.182130
9, 20, -9.998518
9, 21, -36.184226
9, 22, 38.092765
9, 23, -12.684752
9, 25, -21.517988
9, 26, -23.832445
9, 27, 10.285459
9, 29, -26.963895
9, 30, -22.120043
9, 31, -68.000000
9, 32, 2.452020
9, 33, -1.530381
9, 34, -8.464992
9, 35, -5.330977
9, 36, -7.068066
9, 37, -45.409766
9, 38, -23.354460
9, 39, -10.548080
9, 40, 2.464747
9, 41, -2.234177
9, 44, -43.892712
9, 45, 3.598668
9, 46, -5.228889
9, 47, 14.555833
9, 48, -3.345331
9, 50, 18.295782
10, 1, 17.376527
10, 2, -43.566956
10, 3, -20.651631
10, 4, -2.950762
10, 5, 5.047130
10, 6, 11.029100
10, 7, -14.436078
10, 8, -7.182267
10, 9, 7.064567
10, 10, -6.291017
10, 13, 7.014673
10, 14, 9.968295
10, 16, -13.568456
10, 19, -44.955731
10, 20, -15.233032
10, 21, -43.132737
10, 22, 12.554898
10, 23, -21.808962
10, 24, -17.200465
10, 25, -21.144304
10, 26, -30.446862
10, 27, 14.449784
10, 29, -22.639525
10, 30, -16.837702
10, 32, 6.375317
10, 33, 13.452542
10, 34, 9.200687
10, 35, 0.807045
10, 36, -5.185960
10, 37, -30.315414
10, 38, -18.853247
10, 40, -0.732883
10, 41, 1.155972
10, 42, -53.032739
10, 43, -1.597157
10, 45, 3.198642
10, 46, -7.563203
10, 47, 13.819346
10, 48, -12.724738
10, 49, 7.393240
10, 50, 9.821877
11, 1, 5.036038
11, 2, -40.663065
11, 3, -23.153004
11, 4, -13.747020
11, 5, 4.465380
11, 6, 16.201294
11, 7, -6.810770
11, 8, -6.229212
11, 9, -13.719360
11, 10, -14.806396
11, 11, -27.336692
11, 12, -16.000000
11, 13, 11.992284
11, 14, 8.718498
11, 15, 11.022036
11, 16, -11.974960
11, 17, -8.239316
11, 20, -8.125767
11, 21, -41.027130
11, 22, 30.931581
11, 23, -13.018158
11, 24, -14.197036
11, 25, -31.406279
11, 26, -15.565445
11, 27, 20.371409
11, 28, 9.494992
11, 30, -21.115972
11, 32, 2.399877
11, 33, 13.397444
11, 34, -4.666204
11, 35, -5.818362
11, 36, -14.031526
11, 37, -45.371954
11, 38, -15.264940
11, 39, -0.951154
11, 40, 12.852414
11, 41, -16.828497
11, 42, -53.982618
11, 44, 6.126477
11, 45, 8.769742
11, 46, -11.096304
11, 47, 18.454527
11, 48, -11.843199
11, 49, 2.104589
11, 50, 17.570925
12, 1, 18.090359
12, 2, -45.992815
12, 3, -23.497030
12, 4, 1.913975
12, 6, 17.130370
12, 7, -15.917591
12, 8, 6.984425
12, 9, 15.010066
12, 10, -8.768024
12, 11, -27.417040
12, 13, 8.934241
12, 14, -5.105841
12, 16, -5.823129
12, 17, -6.230132
12, 18, 0.228964
12, 19, -6.250392
12, 20, -12.275607
12, 21, -46.604572
12, 22, 13.630793
12, 23, -18.432062
12, 24, -15.716217
12, 25, -32.415474
12, 26, -18.989225
12, 27, 22.041489
12, 28, 9.505008
12, 29, 80.000000
12, 31, 18.420872
12, 32, 2.456513
12, 33, 22.790080
12, 37, -31.336914
12, 38, -12.024419
12, 39, -1.248270
12, 40, 15.890316
12, 41, -6.220069
12, 42, -53.488117
12, 43, -9.401806
12, 44, 10.019246
12, 45, 6.800429
12, 46, -15.078565
12, 47, 16.602697
12, 48, -23.598422
12, 49, 9.652528
13, 1, 6.470263
13, 2, -44.887836
13, 3, -27.939982
13, 4, -3.991777
13, 5, 40.520406
13, 6, 17.481361
13, 7, -11.736851
13, 8, 7.647460
13, 9, 1.893039
13, 11, -26.098602
13, 14, -6.857353
13, 17, -6.972961
13, 18, 0.530046
13, 19, -1.193689
13, 20, -7.883361
13, 21, -44.608705
13, 22, 23.533120
13, 23, -8.845114
13, 24, -12.693891
13, 25, -37.164363
13, 26, -5.793659
13, 27, 29.866023
13, 30, -52.796678
13, 31, 18.579128
13, 32, -1.428814
13, 34, -2.835734
13, 35, -12.575432
13, 36, -43.987981
13, 37, -46.388531
13, 38, -2.237351
13, 39, -2.760417
13, 40, 32.926665
13, 41, -23.453337
13, 43, -8.975219
13, 44, 4.016509
13, 46, -20.081818
13, 48, -20.937640
13, 49, 4.155619
13, 50, 18.448864
14, 1, 18.654696
14, 2, -50.740857
14, 3, -27.195533
14, 4, 10.714299
14, 5, 49.103046
14, 6, 12.804583
14, 7, -19.532830
14, 8, 14.015554
14, 9, 21.575686
14, 10, 14.414821
14, 11, -25.273693
14, 13, -4.364617
14, 14, -23.852274
14, 17, -4.815317
14, 18, -0.018277
14, 19, -4.524423
14, 20, -9.638753
14, 22, 11.233614
14, 23, -10.050921
14, 24, -14.593406
14, 25, -38.491290
14, 26, -5.483778
14, 27, 29.056452
14, 28, -33.361040
14, 30, -36.701488
14, 32, -5.558712
14, 33, -45.522370
14, 34, -3.164266
14, 35, -8.266716
14, 36, -44.012019
14, 37, -33.339485
14, 38, -2.183414
14, 39, -3.329256
14, 40, 35.069573
14, 41, -8.339474
14, 43, -15.192693
14, 44, 7.659780
14, 46, -22.607809
14, 47, -15.235157
14, 48, -29.752587
14, 50, 17.896304
15, 1, 10.786204
15, 2, -49.942129
15, 3, -31.829500
15, 4, 8.292764
15, 5, 38.955870
15, 6, 8.529908
15, 7, -18.765928
15, 9, 8.853372
15, 10, 28.523153
15, 11, -24.523176
15, 12, 14.235743
15, 13, -12.416149
15, 14, -24.718356
15, 18, 0.517868
15, 19, 0.468358
15, 20, -5.748507
15, 22, 13.546884
15, 23, -2.230110
15, 24, -12.375731
15, 25, -35.206876
15, 26, 2.790450
15, 27, 35.779763
15, 28, -30.839427
15, 29, 31.725704
15, 30, -52.990497
15, 31, -84.000000
15, 32, -7.508348
15, 33, -43.449689
15, 35, -2.724999
15, 37, -47.192507
15, 38, 11.967935
15, 39, -4.108761
15, 40, 48.230263
15, 41, -24.756280
15, 43, -17.892954
15, 45, -17.684387
15, 46, -26.714561
15, 47, -8.242559
15, 49, 1.867456
15, 50, 13.279603
16, 1, 21.546996
16, 2, -53.837612
16, 3, -28.924819
16, 4, 18.476818
16, 5, 46.616046
16, 6, 1.965138
16, 7, -22.026384
16, 8, -20.129748
16, 10, 12.643093
16, 11, -23.480427
16, 12, -9.212225
16, 13, -3.304986
16, 14, -41.021171
16, 16, -1.266356
16, 17, 53.414862
16, 20, -4.707442
16, 22, 3.342964
16, 23, -2.543934
16, 24, -14.665744
16, 25, -35.487262
16, 26, 5.685176
16, 27, 32.688460
16, 28, -33.079313
16, 29, 35.465424
16, 30, -35.705257
16, 32, -14.024000
16, 33, -46.300927
16, 34, 2.000000
16, 35, 8.202159
16, 36, 66.000000
16, 38, 7.301746
16, 40, 43.818348
16, 41, -8.748306
16, 43, -23.815163
16, 44, 30.740479
16, 45, -10.792192
16, 46, -25.564526
16, 47, -15.840009
16, 48, -2.992914
16, 49, 11.100028
16, 50, 8.368096
17, 1, 19.610658
17, 2, -52.579000
17, 4, 17.834897
17, 5, 34.196559
17, 6, -3.509337
17, 7, -23.375451
17, 8, -18.385328
17, 9, -26.311350
17, 10, 25.877673
17, 11, -23.760890
17, 12, 12.946517
17, 13, -11.188729
17, 14, -39.380101
17, 15, -39.013819
17, 16, -0.424858
17, 17, 53.585138
17, 18, 8.720958
17, 19, 86.000000
17, 20, 0.547979
17, 21, 13.169249
17, 22, 1.599793
17, 23, 1.303908
17, 25, -27.459909
17, 26, 8.658927
17, 27, 36.507070
17, 28, -31.124739
17, 29, 29.515989
17, 31, 99999.000000
17, 32, -12.835827
17, 33, -44.065352
17, 35, 16.165740
17, 38, 21.826400
17, 39, 25.561815
17, 42, -0.974683
17, 43, -23.606816
17, 44, 26.642586
17, 45, -17.665852
17, 46, -27.147567
17, 47, -9.312534
17, 48, -9.137803
17, 49, -0.879255
17, 50, 2.553695
18, 1, 27.332718
18, 2, -54.060650
18, 3, -73.000000
18, 4, 23.394977
18, 5, 38.574757
18, 6, -9.268336
18, 7, -22.076616
18, 8, -22.886082
18, 9, -26.213471
18, 10, 9.549677
18, 12, -8.654414
18, 13, -3.259332
18, 14, -51.312302
18, 15, -20.050113
18, 16, -5.255015
18, 18, 16.777016
18, 20, 3.011333
18, 21, -0.644494
18, 22, -5.477089
18, 24, -34.120195
18, 25, -25.494026
18, 26, 12.320852
18, 27, 32.547822
18, 29, 32.230628
18, 32, -18.250032
18, 34, 23.000000
18, 35, 24.773213
18, 36, 21.484976
18, 37, 73.000000
18, 38, 12.518523
18, 39, 14.748227
18, 40, -2.685300
18, 41, 34.831231
18, 42, -6.816665
18, 44, 30.372301
18, 45, -10.171401
18, 46, -22.686217
18, 47, -16.875561
18, 48, -1.150586
18, 49, 7.263669
18, 50, -4.731224
19, 1, 28.346004
19, 2, -52.641258
19, 4, 24.071502
19, 5, 22.566405
19, 6, -13.730472
19, 7, -24.202403
19, 8, -22.678247
19, 9, -25.090548
19, 10, 22.917619
19, 11, -9.408094
19, 13, -11.259489
19, 14, -45.259401
19, 15, -36.211627
19, 16, -1.888834
19, 17, -52.845384
19, 18, 5.034601
19, 19, -4.609993
19, 20, 9.791491
19, 21, 8.850220
19, 22, -5.091632
19, 23, -9.750170
19, 24, -33.879805
19, 25, -17.764355
19, 26, 11.379755
19, 27, 34.637445
19, 28, 0.338862
19, 29, 27.422365
19, 31, -90.000000
19, 33, 10.249636
19, 35, 26.224116
19, 36, 21.515024
19, 38, 24.585387
19, 39, 21.932606
19, 40, 6.000533
19, 41, 34.565742
19, 42, -1.777878
19, 45, -16.742753
19, 46, -21.121751
19, 48, -7.186190
19, 49, -5.753358
19, 50, -8.940192
20, 1, 31.135765
20, 3, 62.000000
20, 4, 26.920742
20, 5, 21.362109
20, 6, -19.454984
20, 8, -27.719944
20, 10, 7.929374
20, 11, -15.698866
20, 15, -25.563398
20, 16, -13.243183
20, 17, -49.590576
20, 18, 12.038716
20, 19, 4.505981
20, 20, 11.479033
20, 21, -1.152528
20, 23, -0.389089
20, 25, -13.567882
20, 27, 31.611752
20, 28, -12.308804
20, 29, 30.788708
20, 30, -57.458933
20, 33, 19.029990
20, 34, 20.829479
20, 37, -37.577125
20, 39, 9.153517
20, 40, -1.972576
20, 41, 34.100365
20, 42, -8.508163
20, 43, 75.024039
20, 44, -2.847259
20, 46, -14.592072
20, 47, 29.017416
20, 49, 2.397918
20, 50, -16.005258
21, 4, 30.039942
21, 5, 3.154484
21, 6, -22.365880
21, 7, -17.236707
21, 8, -26.130386
21, 11, -10.129986
21, 12, -34.455708
21, 13, -57.917867
21, 14, 13.708351
21, 15, -33.665621
21, 16, -7.357740
21, 17, -46.235384
21, 18, 0.186932
21, 19, 2.616135
21, 20, 18.815573
21, 21, 7.131491
21, 23, -9.619088
21, 25, -9.468007
21, 28, -5.324852
21, 31, -1.607015
21, 32, -13.000000
21, 33, 10.690396
21, 34, 8.893608
21, 35, -1.335032
21, 36, -32.732327
21, 37, -37.422875
21, 38, 5.803543
21, 39, 15.617879
21, 40, 6.148497
21, 41, 34.261701
21, 42, -6.795989
21, 44, -5.237913
21, 45, 6.706271
21, 46, -10.226353
21, 47, 29.903418
21, 48, -29.364403
21, 49, -10.037032
21, 50, -16.728818
22, 1, -96.000000
22, 3, 22.298371
22, 4, 31.416273
22, 5, -1.921334
22, 6, -28.610192
22, 7, -13.714577
22, 10, -5.685427
22, 11, -16.945194
22, 12, -34.684443
22, 13, -58.082133
22, 14, 7.550361
22, 15, -28.426815
22, 16, -23.702717
22, 17, -38.080009
22, 18, 8.255695
22, 19, 15.541345
22, 20, 18.194035
22, 21, 1.696584
22, 22, 80.494992
22, 23, -0.224225
22, 24, -46.269899
22, 25, -5.243731
22, 26, 47.338691
22, 28, -21.323600
22, 31, -4.312858
22, 33, 21.035361
22, 34, 19.193444
22, 35, 12.131572
22, 36, -34.189436
22, 38, 7.550787
22, 39, 3.115720
22, 40, -1.018124
22, 42, -13.035402
22, 44, -6.628486
22, 45, 4.150101
22, 46, -3.054437
22, 47, 25.890501
22, 48, -34.860944
22, 49, -1.564234
22, 50, -20.776394
23, 3, 22.227531
23, 4, 37.714209
23, 5, -17.223170
23, 6, -28.884604
23, 7, -14.982653
23, 8, 7.166872
23, 9, -3.124538
23, 10, -9.830506
23, 11, -10.122000
23, 12, -31.259196
23, 14, 14.679520
23, 16, -15.654245
23, 17, -29.949848
23, 18, -1.773269
23, 19, 13.517922
23, 20, 24.783292
23, 21, 9.289247
23, 22, 80.505008
23, 23, -9.506120
23, 24, -60.801360
23, 25, -5.771060
23, 26, 45.521999
23, 28, -16.115337
23, 30, 13.824504
23, 31, -6.931483
23, 32, 91.000000
23, 33, 13.291908
23, 34, 3.527017
23, 35, 3.166028
23, 36, -29.504726
23, 38, 5.752281
23, 39, 10.425172
23, 40, 5.762787
23, 41, 30.732718
23, 42, -14.543274
23, 44, -10.814918
23, 45, 5.368168
23, 46, 1.648441
23, 47, 24.347570
23, 48, -28.802446
23, 49, -12.411696
24, 1, 14.434086
24, 2, -73.000000
24, 3, 22.086451
24, 4, 37.099665
24, 5, -19.906452
24, 6, -33.264059
24, 7, -11.191147
24, 8, 7.201833
24, 9, -0.486423
24, 10, -1.927072
24, 11, -17.019410
24, 12, -28.715697
24, 13, 33.000000
24, 14, 8.820515
24, 15, -6.365475
24, 16, -32.251239
24, 17, -20.073787
24, 19, 22.552379
24, 20, 21.645322
24, 21, 6.634302
24, 24, -46.694995
24, 26, 46.873624
24, 27, -20.599737
24, 28, -30.982119
24, 29, -43.329515
24, 30, 19.857555
24, 31, -12.243219
24, 33, 24.507797
24, 35, 17.709301
24, 36, -27.475190
24, 38, 7.764212
24, 39, -3.011077
24, 40, -0.173567
24, 41, 24.490690
24, 42, -17.668826
24, 43, -12.391970
24, 44, -10.846839
24, 45, 3.001699
24, 46, 6.595459
24, 47, 20.496000
24, 49, -3.253855
24, 50, -62.000000
25, 1, 12.839611
25, 3, 23.126177
25, 4, 45.048157
25, 5, -26.727595
25, 7, -13.379142
25, 8, 8.014262
25, 9, -7.683438
25, 10, -5.067877
25, 11, -9.244446
25, 12, -25.716380
25, 15, 4.206283
25, 16, -20.764364
25, 17, -9.737542
25, 18, 14.000000
25, 20, 26.090125
25, 21, 11.161023
25, 22, 5.622373
25, 24, -61.909970
25, 25, 25.000000
25, 27, -14.906891
25, 28, -24.995520
25, 29, -53.966953
25, 30, 11.687507
25, 31, -19.028655
25, 33, 17.458158
25, 35, 12.152580
25, 36, -22.102458
25, 38, 6.132434
25, 39, 4.275764
25, 40, 5.743756
25, 41, 32.797698
25, 42, -21.229811
25, 43, 26.176724
25, 44, -14.070544
25, 46, 7.597799
25, 47, 17.422932
25, 48, -11.644304
26, 1, 14.147388
26, 2, -50.957932
26, 3, 23.614301
26, 4, 41.375282
26, 6, 19.436299
26, 8, 7.810035
26, 9, -8.326687
26, 10, 3.241991
26, 11, -16.336511
26, 12, -22.192639
26, 13, 55.068110
26, 14, -42.895759
26, 15, -7.019442
26, 17, -2.350201
26, 19, -30.607857
26, 20, 21.700178
26, 21, 10.083667
26, 22, 0.996804
26, 23, -12.194165
26, 24, -49.452219
26, 26, -26.429663
26, 27, -16.875266
26, 28, -36.220955
26, 29, -44.203885
26, 30, 16.019469
26, 31, -23.134106
26, 32, -50.012019
26, 33, 28.116565
26, 35, 23.186967
26, 36, -17.757263
26, 39, -13.039809
26, 41, 26.446386
26, 42, -19.324592
26, 43, -5.152515
26, 44, -10.858307
26, 47, 15.008825
26, 48, -0.705763
26, 49, 38.000000
26, 50, -37.037916
27, 1, 12.643639
27, 2, -51.042068
27, 3, 25.555504
27, 4, 48.089879
27, 5, -14.333381
27, 6, 8.232855
27, 7, 16.526645
27, 9, -17.597628
27, 10, -2.036822
27, 12, -21.658213
27, 13, 54.931890
27, 14, -49.587180
27, 15, 3.517263
27, 16, -13.150335
27, 17, 5.669001
27, 18, 1.507289
27, 19, -29.392872
27, 20, 23.496094
27, 21, 10.813615
27, 22, 3.177117
27, 23, -10.345939
27, 24, -64.163763
27, 25, -56.000000
27, 26, -19.492667
27, 27, -10.034778
27, 28, -28.997247
27, 29, -55.427021
27, 30, 9.034969
27, 31, -31.283387
27, 33, 21.482655
27, 34, 29.371453
27, 35, 20.193982
27, 36, -12.172948
27, 37, 10.156253
27, 38, -7.368280
27, 39, -6.710182
27, 40, -14.156558
27, 42, -24.402506
27, 43, 28.885772
27, 44, -13.101663
27, 45, -15.793917
27, 46, -1.458196
27, 47, 11.951794
27, 48, -11.040190
27, 50, -29.533027
28, 3, 25.547050
28, 5, 1.689933
28, 6, 16.413881
28, 7, 18.922325
28, 8, -22.627206
28, 9, -19.329683
28, 12, -19.251752
28, 14, -43.418960
28, 16, -11.376455
28, 17, 6.334489
28, 18, -3.032590
28, 19, -25.392601
28, 20, 20.523745
28, 21, 11.468866
28, 22, -3.106471
28, 23, -7.480015
28, 24, -52.822534
28, 26, -26.667124
28, 27, -12.815116
28, 28, -37.283458
28, 29, -45.548466
28, 30, 12.133948
28, 31, -31.183182
28, 33, 30.438950
28, 34, 7.112225
28, 35, 25.328918
28, 36, -7.955460
28, 37, 9.843747
28, 38, -12.036217
28, 39, -28.049704
28, 40, -10.884442
28, 41, -21.287717
28, 42, -17.274072
28, 43, 6.471190
28, 44, -8.645369
28, 45, -27.088042
28, 46, 2.570885
28, 47, 11.837698
28, 48, -0.487208
28, 49, -80.987981
28, 50, -34.024895
29, 1, 9.084836
29, 5, -11.456810
29, 6, 2.197092
29, 7, 17.543979
29, 8, -22.372794
29, 9, -28.974277
29, 10, 26.180507
29, 11, 66.366094
29, 16, -8.785357
29, 18, 0.441510
29, 19, -22.022494
29, 20, 20.907015
29, 21, 10.589312
29, 22, -6.089698
29, 23, -0.279779
29, 24, -65.573698
29, 25, 7.048610
29, 26, -18.785761
29, 27, -8.102665
29, 30, 8.356533
29, 31, -36.803062
29, 34, 28.073159
29, 35, 23.783745
29, 36, -1.638766
29, 38, -10.759657
29, 39, -20.933848
29, 40, -12.952254
29, 41, -28.219445
29, 42, -23.461859
29, 43, 33.971941
29, 44, -11.792983
29, 45, -17.061775
29, 46, -2.252686
29, 48, -11.970633
29, 49, -81.012019
29, 50, -24.186440
30, 1, 1.392609
30, 2, -43.087584
30, 3, 10.204099
30, 4, 2.900720
30, 5, 7.236749
30, 6, 10.018768
30, 9, -29.356820
30, 10, 25.806519
30, 11, 69.204930
30, 12, 51.830644
30, 14, 23.399426
30, 16, -4.590369
30, 17, -1.546206
30, 19, -15.433864
30, 20, 21.736630
30, 22, -11.986953
30, 23, 3.223700
30, 25, 8.489470
30, 26, -27.120419
30, 28, -12.723058
30, 29, -1.632397
30, 30, 9.940790
30, 32, -3.291146
30, 33, -62.000000
30, 34, 9.653945
30, 35, 23.760115
30, 36, 0.079509
30, 37, 2.043391
30, 38, -17.898306
30, 39, -43.513512
30, 40, -10.185318
30, 41, -21.219895
30, 42, -12.375763
30, 43, 16.590174
30, 45, -28.987680
30, 47, 23.975961
30, 48, -3.797401
30, 50, -29.117721
31, 1, 0.514954
31, 2, -37.656832
31, 3, 18.658320
31, 4, 1.915553
31, 5, -8.390354
31, 6, -4.114848
31, 7, -46.698162
31, 8, 13.388542
31, 9, -37.436875
31, 10, 27.924596
31, 11, 61.000762
31, 12, 46.797897
31, 13, -12.793641
31, 14, 12.128391
31, 15, 12.521034
31, 16, -2.565738
31, 17, -0.303489
31, 18, 63.000000
31, 19, -13.456015
31, 20, 22.095836
31, 21, -5.252736
31, 22, -18.078473
31, 23, 14.292222
31, 24, -54.954629
31, 25, 8.816407
31, 26, -18.735774
31, 28, -4.393259
31, 29, -0.392561
31, 30, 8.803359
31, 32, -8.040065
31, 34, 27.779674
31, 35, 21.937321
31, 36, 6.207912
31, 37, 7.095445
31, 38, -17.866563
31, 39, -31.222352
31, 42, -18.935750
31, 43, 37.394584
31, 44, -85.000000
31, 45, -18.686142
31, 46, -34.557093
31, 47, 24.024039
31, 48, -15.487728
31, 50, -18.237646
32, 1, -10.505199
32, 2, -41.514261
32, 3, 7.897309
32, 4, 3.157877
32, 5, 11.323395
32, 6, 5.251690
32, 7, -44.966323
32, 8, 20.882465
32, 9, -34.282680
32, 10, 27.523801
32, 11, 59.159913
32, 12, 48.762928
32, 13, 6.054485
32, 14, 22.666259
32, 16, 0.434559
32, 17, 3.731480
32, 19, -6.905220
32, 20, 26.143427
32, 21, -10.216902
32, 22, -20.121264
32, 23, 15.040786
32, 24, -56.649929
32, 25, 11.279007
32, 26, -28.016224
32, 28, -11.315360
32, 29, -0.777810
32, 30, 9.155648
32, 33, -49.000000
32, 35, 19.860196
32, 36, 4.114126
32, 37, -2.062448
32, 38, -24.270826
32, 39, -53.198857
32, 40, 2.647062
32, 42, -6.544605
32, 46, -34.442907
32, 48, -10.516210
32, 49, 17.661976
32, 50, -25.241213
33, 1, -14.878479
33, 2, -35.120482
33, 3, 14.236199
33, 4, 4.410849
33, 6, -6.556022
33, 7, -45.797094
33, 8, 11.538365
33, 11, 47.115954
33, 12, 42.401126
33, 13, -2.980094
33, 14, 11.427916
33, 15, 55.000000
33, 16, -0.541791
33, 17, 7.559657
33, 18, -20.933893
33, 19, -8.013228
33, 20, 25.780406
33, 21, -9.015874
33, 22, -23.917035
33, 23, 26.826626
33, 24, -55.807313
33, 25, 11.286078
33, 26, -19.940336
33, 27, -18.557832
33, 28, -2.081704
33, 29, 1.510709
33, 32, -0.373390
33, 34, 11.000000
33, 35, 16.318276
33, 37, 2.048738
33, 38, -22.122773
33, 40, -1.345574
33, 42, -13.884643
33, 45, 2.628292
33, 47, -95.993990
33, 48, -20.086764
33, 49, 10.101103
33, 50, -14.130771
34, 1, -20.806259
34, 2, -35.568723
34, 3, 4.756246
34, 4, 8.426614
34, 6, 4.241297
34, 8, 18.686651
34, 9, -50.783127
34, 10, -3.623285
34, 11, 42.519233
34, 12, 40.231573
34, 13, 9.469493
34, 14, 22.681009
34, 16, 0.621184
34, 17, 11.873293
34, 18, -21.066107
34, 19, -3.695203
34, 20, 29.511685
34, 21, -16.078307
34, 23, 22.377135
34, 24, -57.687572
34, 26, -29.100973
34, 27, -24.230487
34, 28, -8.426675
34, 29, -1.831925
34, 30, 4.000000
34, 31, -14.418868
34, 32, -5.866285
34, 33, 21.434894
34, 35, 16.314240
34, 36, 2.308316
34, 37, -5.643984
34, 40, 2.048038
34, 41, 25.018029
34, 42, -3.346267
34, 43, -17.941247
34, 44, 42.883478
34, 45, 19.846110
34, 46, 85.000000
34, 47, -63.684411
34, 48, -16.468373
34, 49, 12.340012
34, 50, -23.092191
35, 1, -23.154860
35, 2, -28.583670
35, 3, 10.176688
35, 4, 12.313711
35, 7, -42.909854
35, 8, 7.187339
35, 9, -54.237914
35, 10, -12.111432
35, 11, 30.539398
35, 12, 33.919079
35, 13, 3.514556
35, 14, 12.161105
35, 17, 13.110146
35, 19, -7.182635
35, 21, -12.894077
35, 22, -41.992320
35, 23, 31.624348
35, 24, -56.537480
35, 25, -15.531050
35, 27, -15.925697
35, 28, -0.475421
35, 29, 1.537105
35, 32, -0.696232
35, 33, 21.565106
35, 34, -11.763305
35, 35, 10.482727
35, 36, 10.004196
35, 38, -3.067960
35, 40, -2.893770
35, 43, -21.656708
35, 44, 37.355056
35, 45, 0.905012
35, 48, -22.489727
35, 49, 1.986712
35, 50, -12.153892
36, 1, -19.249702
36, 2, -24.672477
36, 3, 3.257100
36, 4, 18.546819
36, 6, -93.000000
36, 7, -23.127648
36, 8, 13.689032
36, 9, -50.657172
36, 10, -8.787634
36, 11, 27.810699
36, 12, 28.364295
36, 18, -8.346752
36, 19, -5.645841
36, 20, -23.264597
36, 21, -19.319677
36, 22, -34.360735
36, 23, 20.772851
36, 25, -15.468950
36, 26, -55.801538
36, 27, -20.733415
36, 28, -7.420297
36, 29, -5.983396
36, 30, -9.969951
36, 31, 13.459707
36, 32, -7.311403
36, 34, -12.708605
36, 35, 15.387489
36, 36, 9.440114
36, 37, 0.000000
36, 38, 1.181963
36, 39, -5.863526
36, 40, -1.037331
36, 42, 2.683093
36, 43, -18.290047
36, 44, 43.494226
36, 45, 16.631820
36, 46, 48.024039
36, 49, 1.101921
36, 50, -22.009205
37, 1, -17.718693
37, 2, -18.599343
37, 4, 22.341829
37, 5, -13.000000
37, 8, 1.980875
37, 10, -20.352906
37, 11, 21.514064
37, 12, 24.316902
37, 13, 11.012397
37, 14, -12.046694
37, 16, -43.000000
37, 17, -25.641723
37, 18, -8.653248
37, 19, -9.345825
37, 20, -24.122446
37, 21, -13.294335
37, 22, -39.033537
37, 23, 26.388853
37, 24, 33.782343
37, 26, -44.786026
37, 27, -13.216679
37, 28, -1.498155
37, 29, -1.713051
37, 30, -10.030049
37, 31, 14.657795
37, 32, -2.096668
37, 33, 6.142231
37, 34, -14.376807
37, 35, 6.985151
37, 36, 22.398278
37, 38, -5.125129
37, 39, 16.105510
37, 40, -5.288132
37, 42, 2.221264
37, 44, 38.082254
37, 45, 1.004377
37, 46, -8.682237
37, 48, 9.136221
37, 49, -7.684041
37, 50, -11.502194
38, 1, -6.702515
38, 2, -12.637539
38, 4, 28.438618
38, 6, 1.103577
38, 8, 6.187096
38, 10, -19.924062
38, 12, 19.257257
38, 13, 13.300530
38, 14, -33.328960
38, 15, 27.978406
38, 17, -17.661356
38, 19, -8.944890
38, 20, -27.663725
38, 21, -18.530956
38, 22, -28.413832
38, 23, 10.343772
38, 24, 32.989423
38, 25, -25.450920
38, 26, -55.984877
38, 28, -9.244679
38, 29, -12.212828
38, 31, 14.225130
38, 32, -8.976345
38, 33, 5.857769
38, 34, -17.952067
38, 35, 16.800676
38, 36, 23.429864
38, 37, -7.226573
38, 38, 0.012691
38, 39, -7.690945
38, 40, -2.948784
38, 42, 0.727722
38, 43, 62.000000
38, 44, 44.429144
38, 45, 15.766134
38, 48, 8.863779
38, 49, -7.957858
39, 1, -4.815218
39, 2, -9.564344
39, 3, 69.240047
39, 4, 29.363607
39, 5, 21.988214
39, 6, 2.290060
39, 8, -2.568326
39, 9, 14.590707
39, 10, -29.473891
39, 12, 19.853318
39, 13, 16.774905
39, 14, -12.811230
39, 15, 14.318340
39, 16, -4.505292
39, 17, -22.791567
39, 18, 84.000000
39, 19, -11.115600
39, 20, -30.659359
39, 21, -12.179491
39, 22, -32.821882
39, 23, 14.507391
39, 24, 34.496342
39, 25, -29.059207
39, 26, -45.299279
39, 27, -24.388727
39, 28, -4.038403
39, 29, -7.595318
39, 30, 32.249090
39, 32, -2.784581
39, 34, -20.799268
39, 35, 5.868926
39, 36, 36.853912
39, 37, -9.909567
39, 38, -4.637012
39, 39, 6.017171
39, 41, -39.054994
39, 42, -1.096328
39, 44, 38.691553
39, 45, 7.198948
39, 49, -12.104439
40, 1, 5.552545
40, 2, -6.083883
40, 3, 71.648560
40, 4, 33.742912
40, 5, 23.742212
40, 6, 0.774154
40, 7, 7.722233
40, 8, -1.878138
40, 9, 19.799724
40, 10, -26.563137
40, 13, 19.662279
40, 14, -31.377048
40, 15, 23.390963
40, 16, 1.558351
40, 17, -13.978118
40, 19, -10.071446
40, 20, -34.299117
40, 21, -17.609561
40, 22, -20.822317
40, 23, -2.331582
40, 24, 34.119938
40, 27, -16.470720
40, 28, -12.439157
40, 29, -18.330489
40, 30, 42.548880
40, 31, -68.093788
40, 32, -8.121044
40, 33, -95.000000
40, 34, -24.390202
40, 35, 18.804480
40, 36, 34.726469
40, 37, -4.688237
40, 38, 3.618996
40, 39, -10.320523
40, 40, -12.117382
40, 41, -45.194277
40, 42, -0.360632
40, 43, -12.575122
40, 45, 20.398986
40, 47, -19.122025
40, 48, -4.382119
40, 50, 28.104169
41, 1, 2.233408
41, 2, -6.335373
41, 3, 68.978447
41, 4, 31.577223
41, 5, 21.593861
41, 7, -6.094910
41, 8, -6.383462
41, 9, 14.340548
41, 12, -4.338905
41, 13, 27.277916
41, 14, -16.445706
41, 15, 10.578672
41, 16, -4.517540
41, 17, -17.439977
41, 18, 44.610502
41, 19, -10.970295
41, 20, -34.781439
41, 22, -26.057077
41, 23, 4.265737
41, 26, 50.931890
41, 27, -20.763528
41, 28, -6.654428
41, 29, -12.962267
41, 30, 28.807316
41, 31, -65.873187
41, 32, -0.512630
41, 34, -25.113264
41, 35, 6.448614
41, 36, 43.656648
41, 37, -6.273454
41, 38, 1.407231
41, 39, -3.284379
41, 40, -16.305584
41, 41, -38.146902
41, 42, -0.308992
41, 43, -12.424878
41, 44, 8.915555
41, 45, 18.100993
41, 46, -23.961938
41, 47, -25.775121
41, 48, -2.125415
41, 49, 22.946301
41, 50, 27.895831
42, 2, -8.277765
42, 5, 23.396000
42, 6, -12.275087
42, 7, -2.082893
42, 8, -8.949107
42, 9, 18.454174
42, 12, -14.410148
42, 13, 26.051245
42, 14, -26.399369
42, 15, 17.599905
42, 16, 2.068283
42, 17, -11.538495
42, 18, 40.200822
42, 19, -9.518339
42, 22, -14.608615
42, 23, -8.079630
42, 24, 7.000000
42, 27, -9.500927
42, 28, -15.455792
42, 29, -21.333909
42, 30, 35.431680
42, 31, -65.919077
42, 32, -3.697834
42, 33, -45.049893
42, 35, 20.677502
42, 37, 0.654540
42, 38, 11.232266
42, 39, -11.023826
42, 40, -12.067513
42, 41, -44.442894
42, 42, 6.150942
42, 44, 22.103704
42, 45, 27.945947
42, 47, -19.102647
42, 48, -3.890837
42, 49, 23.787092
43, 1, 20.381987
43, 2, -9.488638
43, 3, 42.513021
43, 4, -4.004709
43, 5, 21.478782
43, 6, 1.250223
43, 7, -13.099100
43, 8, -11.021102
43, 9, 12.727251
43, 10, 0.822713
43, 11, 20.923877
43, 12, -0.606629
43, 13, 34.889613
43, 14, -20.693652
43, 15, 5.534934
43, 16, -3.725009
43, 17, -14.996303
43, 18, 43.978332
43, 20, 86.026042
43, 22, -20.206005
43, 23, 3.032197
43, 25, -41.352108
43, 27, -10.353919
43, 28, -8.888584
43, 30, 22.943081
43, 31, -61.841932
43, 32, 4.367611
43, 33, -2.991991
43, 34, -53.919870
43, 35, 8.515924
43, 36, -39.348928
43, 37, -1.819019
43, 38, 9.767893
43, 39, -5.926955
43, 40, -17.297462
43, 42, 9.409657
43, 43, -35.381082
43, 44, 9.631981
43, 45, 27.086417
43, 46, -59.000000
43, 48, -1.520725
43, 49, 18.956793
44, 1, 8.122560
44, 2, -15.845021
44, 3, 42.486979
44, 4, 0.495680
44, 6, -14.190666
44, 7, -8.919754
44, 8, -14.841775
44, 9, 15.055814
44, 10, 13.072088
44, 12, -9.483254
44, 13, 29.511993
44, 14, -18.198099
44, 15, 13.419411
44, 17, -14.639675
44, 18, 39.534853
44, 19, -88.000000
44, 20, 85.973958
44, 21, 24.259237
44, 22, -10.708329
44, 23, -3.076856
44, 24, -0.096156
44, 25, -29.702685
44, 27, 3.880543
44, 28, -17.256777
44, 29, 3.404846
44, 30, 27.002449
44, 31, -61.841498
44, 32, 1.234510
44, 33, -44.062695
44, 34, -54.080130
44, 35, 22.529891
44, 36, -39.259585
44, 37, 4.812760
44, 38, 17.613821
44, 40, -15.923639
44, 41, -0.931502
44, 42, 20.237617
44, 43, -24.365531
44, 44, 22.305387
44, 45, 32.000903
44, 47, -8.645089
44, 49, 18.786071
45, 1, 15.459078
45, 2, -14.936886
45, 4, 0.847321
45, 5, 30.601164
45, 6, -3.810872
45, 7, -16.434477
45, 8, -16.700750
45, 9, 10.178194
45, 10, 4.338953
45, 11, -6.240943
45, 12, 3.177465
45, 13, 36.692332
45, 14, -23.176451
45, 16, -40.959935
45, 17, -18.796291
45, 21, 3.378921
45, 22, -15.607247
45, 23, 10.461534
45, 24, 0.096156
45, 25, -35.714663
45, 26, 57.409560
45, 27, 6.701797
45, 28, -10.283288
45, 29, 3.595154
45, 30, 18.473104
45, 31, -57.720377
45, 32, 7.910319
45, 33, 4.279300
45, 35, 10.958876
45, 36, -37.927256
45, 37, 0.860357
45, 38, 15.814751
45, 40, -21.562647
45, 41, -6.081229
45, 42, 25.031384
45, 43, -29.256800
45, 44, 10.863808
45, 46, -32.370284
45, 47, 2.820769
45, 48, 58.951922
45, 49, 15.317082
46, 1, -1.270889
46, 2, -22.076180
46, 4, 9.749455
46, 5, 30.398836
46, 6, -18.571704
46, 7, -5.557261
46, 8, -18.738206
46, 9, 11.299208
46, 10, 19.094823
46, 11, -14.458303
46, 13, 30.822383
46, 14, -11.143083
46, 16, -41.040065
46, 17, -23.077825
46, 19, 5.657255
46, 20, 59.304699
46, 21, 11.541756
46, 22, -8.792543
46, 23, 7.128908
46, 25, -21.270565
46, 26, 53.444911
46, 27, 21.803313
46, 28, -17.576727
46, 30, 22.905217
46, 31, -59.323842
46, 32, 1.764530
46, 34, -37.595694
46, 35, 23.650875
46, 36, -37.802860
46, 37, 6.046290
46, 38, 19.997258
46, 40, -21.488444
46, 41, 0.517358
46, 42, 35.637442
46, 43, -11.799470
46, 44, 21.394577
46, 45, -73.000000
46, 46, -26.689161
46, 47, -4.938665
46, 48, 59.048078
46, 50, 4.831727
47, 1, 5.500918
47, 2, -17.659646
47, 3, 12.073902
47, 4, 13.288024
47, 6, -12.485884
47, 7, -12.308556
47, 8, -20.649749
47, 9, 8.523893
47, 10, 11.825388
47, 11, -3.009381
47, 12, 75.046075
47, 13, 34.840156
47, 17, -26.680507
47, 19, 5.342745
47, 20, 62.255296
47, 21, -6.314816
47, 22, -12.242688
47, 23, 18.387332
47, 24, -33.000000
47, 25, -24.816772
47, 27, 26.188847
47, 28, -10.540582
47, 29, 99999.000000
47, 31, -56.511108
47, 32, 6.518430
47, 34, -44.403379
47, 37, 1.997976
47, 38, 18.557198
47, 39, -11.780137
47, 40, -24.948706
47, 41, -3.259955
47, 42, 39.704649
47, 43, -14.909477
47, 44, 11.155842
47, 46, -32.576475
47, 47, 7.543192
47, 49, 22.726448
48, 1, -11.806803
48, 3, 10.467991
48, 4, 22.603653
48, 5, -19.077061
48, 6, -24.090318
48, 7, 2.177355
48, 8, -19.370900
48, 9, 9.454911
48, 10, 26.166271
48, 11, -10.438988
48, 13, 31.580670
48, 15, 24.643232
48, 16, -46.868772
48, 17, -31.866640
48, 20, 59.614744
48, 21, -1.372401
48, 22, -8.033125
48, 23, 12.455380
48, 25, -9.625753
48, 26, -92.000000
48, 27, 38.145681
48, 30, -55.508741
48, 32, -2.695827
48, 34, -38.112986
48, 35, -14.378804
48, 36, -1.879213
48, 37, 6.161810
48, 38, 20.224168
48, 39, -7.370255
48, 41, 5.080051
48, 42, 46.608867
48, 43, 4.358036
48, 44, 20.201155
48, 45, 32.042036
48, 46, -26.944838
48, 47, -1.447955
48, 48, -23.999476
48, 49, 26.915188
48, 50, 30.316504
49, 1, -2.176193
49, 3, 10.990987
49, 4, 24.544178
49, 5, -23.340032
49, 6, -20.488811
49, 7, -7.994144
49, 8, -21.097019
49, 9, 8.432246
49, 10, 18.130846
49, 11, -0.125812
49, 13, 33.056730
49, 16, -49.229766
49, 17, -32.849977
49, 18, -35.881808
49, 19, -31.539063
49, 21, -12.698981
49, 22, -10.208965
49, 24, -76.000000
49, 25, -14.638635
49, 27, 39.728042
49, 28, -17.859773
49, 29, 24.064104
49, 30, -58.819120
49, 31, 44.593151
49, 32, 2.298598
49, 33, 13.502444
49, 34, -45.629646
49, 35, -14.621196
49, 36, -6.613796
49, 37, 3.261254
49, 38, 19.532518
49, 39, -14.560702
49, 40, 22.515024
49, 41, 1.218717
49, 42, 48.416222
49, 43, -2.300772
49, 45, 34.699619
49, 48, -29.365561
49, 49, 22.271654
49, 50, 33.229766
50, 1, -16.132641
50, 3, 9.354147
50, 4, 29.155817
50, 5, -18.331015
50, 6, -27.545735
50, 8, -18.184391
50, 10, 29.513942
50, 13, 32.175329
50, 14, -49.058094
50, 15, 61.000000
50, 16, -46.558727
50, 17, -35.522000
50, 18, -36.118192
50, 19, -31.460937
50, 20, 4.000000
50, 22, -7.665710
50, 23, 75.000000
50, 25, -3.430604
50, 26, 68.000000
50, 27, 45.049417
50, 28, -18.140227
50, 29, 23.935896
50, 30, -55.140563
50, 31, 44.406849
50, 32, -6.278236
50, 33, -1.136221
50, 34, -39.461561
50, 36, -3.380993
50, 37, 6.978420
50, 39, -9.998235
50, 40, 22.484976
50, 41, 8.610084
50, 42, 50.762271
50, 43, 12.262392
50, 44, -53.000000
50, 45, 31.160346
50, 46, -72.000000
50, 47, -8.000000
50, 48, -24.900544
50, 49, 26.425340
50, 50, 31.110994
