1, 1, 33.000000
1, 3, -21.729911
1, 4, 15.131841
1, 6, 1.610259
1, 7, 10.975007
1, 8, 34.596529
1, 9, -16.677552
1, 10, -19.000000
1, 11, 4.206467
1, 12, 99999.000000
1, 13, -86.000000
1, 14, -57.906396
1, 15, -38.000000
1, 16, 0.029251
1, 18, -91.035102
1, 19, -41.082880
1, 20, -28.717677
1, 21, -19.037772
1, 22, -8.614123
1, 23, 3.699891
1, 24, 18.900259
1, 25, -24.052092
1, 27, 62.000000
1, 28, 7.713803
1, 29, -41.000000
1, 30, -31.361426
1, 32, -9.409436
1, 33, -39.160570
1, 34, -16.933283
1, 35, -9.818725
1, 37, -82.000000
1, 38, -87.000000
1, 39, 82.000000
1, 40, -10.023683
1, 41, 17.887321
1, 42, -20.120989
1, 43, -33.147545
1, 45, 14.707609
1, 46, -81.000000
1, 47, -5.118810
1, 49, 45.000000
1, 50, 16.188520
2, 2, 50.938313
2, 3, -25.865046
2, 4, 9.720844
2, 5, -46.134505
2, 6, 3.588909
2, 7, 8.494673
2, 8, 34.403471
2, 9, -26.820585
2, 11, 2.747610
2, 14, -58.093604
2, 16, 28.092386
2, 17, 0.078328
2, 19, -41.955380
2, 20, -20.714353
2, 21, -19.402421
2, 22, -14.024496
2, 23, 5.428916
2, 24, 12.756902
2, 25, -28.618250
2, 28, 5.632320
2, 30, -36.708998
2, 31, 11.831508
2, 32, -8.389513
2, 33, -35.841453
2, 34, -9.679200
2, 35, -2.627634
2, 36, -70.467824
2, 40, -2.641758
2, 41, 15.991213
2, 42, -24.613422
2, 43, -36.765792
2, 44, -5.980733
2, 45, 5.754714
2, 47, -9.421540
2, 48, -9.968553
2, 50, 19.478272
3, 1, -16.382577
3, 2, 10.145109
3, 3, -21.821012
3, 4, 15.067078
3, 5, -39.321758
3, 6, 1.548409
3, 7, 10.975532
3, 9, -16.672675
3, 11, 2.739891
3, 12, 32.367806
3, 13, 99999.000000
3, 15, -26.111155
3, 17, -43.297924
3, 19, -40.338425
3, 20, -28.708127
3, 21, -20.489695
3, 22, -8.626308
3, 23, 2.385361
3, 24, 18.959840
3, 25, -23.636151
3, 26, -29.107508
3, 27, -2.395721
3, 28, 7.716366
3, 29, 53.053417
3, 30, -31.356978
3, 31, 10.997369
3, 32, -8.579670
3, 33, -36.540379
3, 34, -16.421586
3, 35, -9.295977
3, 36, -70.532176
3, 37, -79.000000
3, 38, 41.222113
3, 39, -1.762360
3, 40, -10.436681
3, 41, 17.886204
3, 42, -20.119544
3, 43, -33.221238
3, 44, -25.107560
3, 45, 14.733501
3, 47, -3.518590
3, 48, -8.846645
3, 49, -42.372516
3, 50, 16.196403
4, 1, -15.260303
4, 2, 50.938348
4, 3, -26.023843
4, 4, 9.629480
4, 5, -46.171854
4, 6, 3.357333
4, 8, -24.792855
4, 9, -26.827006
4, 10, -95.000000
4, 11, 0.007451
4, 12, 31.266506
4, 14, 16.390310
4, 15, -25.888845
4, 17, 0.087637
4, 19, -42.205456
4, 20, -20.706282
4, 21, -22.706929
4, 23, 1.520030
4, 24, 12.846987
4, 25, -26.630113
4, 26, -29.838969
4, 27, 1.774479
4, 29, 56.658682
4, 31, 11.875933
4, 32, -6.474005
4, 33, -30.339869
4, 34, -7.589058
4, 35, -1.657033
4, 38, 41.777887
4, 39, -7.917002
4, 40, -3.184477
4, 43, -36.992882
4, 44, -7.435332
4, 45, 5.787561
4, 47, -6.159685
4, 48, -9.971313
4, 49, -45.673982
4, 50, 19.487504
5, 1, -16.145341
5, 2, 10.053473
5, 3, -22.000898
5, 4, 14.998231
5, 5, -39.372352
5, 6, 1.840610
5, 7, 14.417955
5, 8, -35.060036
5, 11, -0.834279
5, 12, 32.364980
5, 13, 10.521708
5, 14, 18.108423
5, 19, -38.501326
5, 21, -24.310243
5, 23, -0.886409
5, 24, 19.066862
5, 25, -23.012379
5, 26, -27.673958
5, 27, -0.615974
5, 29, 53.056177
5, 31, 11.061398
5, 32, -6.459244
5, 33, -29.291502
5, 34, -14.991978
5, 35, -8.051915
5, 36, 0.706538
5, 39, -2.320178
5, 40, -11.249032
5, 41, 6.653767
5, 43, -33.347096
5, 44, -27.573565
5, 45, 14.755683
5, 47, 0.647669
5, 49, -42.374522
5, 50, 16.201828
6, 1, -14.864973
6, 3, -26.179663
6, 5, -46.208392
6, 6, 3.673633
6, 7, 10.363948
6, 8, -22.535794
6, 10, -2.547871
6, 11, -3.914383
6, 13, 4.937999
6, 14, 14.825989
6, 16, -23.291695
6, 19, -42.635691
6, 20, -17.936383
6, 21, -28.129157
6, 23, -4.448187
6, 24, 12.910946
6, 25, -24.333011
6, 26, -29.275810
6, 27, 4.390170
6, 31, 11.956731
6, 32, -3.597577
6, 33, -20.696488
6, 34, -4.089664
6, 35, -0.301414
6, 36, 7.096114
6, 38, -19.105233
6, 39, -8.923110
6, 40, -3.721892
6, 41, 13.914078
6, 42, -50.819901
6, 43, -37.222750
6, 44, -10.701839
6, 47, -0.869300
6, 49, -45.677825
7, 1, -15.758392
7, 3, -22.088936
7, 4, -21.871491
7, 6, 3.219168
7, 7, 14.406981
7, 8, -30.030579
7, 10, -9.952797
7, 11, -4.457235
7, 12, 15.665563
7, 13, 10.609169
7, 14, 15.571477
7, 16, -14.368439
7, 18, 26.824689
7, 19, -36.480688
7, 20, -10.905874
7, 21, -29.305230
7, 22, 37.020366
7, 23, -4.577783
7, 25, -23.353088
7, 26, -24.630176
7, 27, 4.277234
7, 29, -26.849610
7, 31, 11.108171
7, 32, -4.024149
7, 33, -19.312230
7, 34, -13.036261
7, 35, -6.736159
7, 36, -0.169449
7, 38, -20.143513
7, 39, -3.424060
7, 40, -11.652548
7, 41, 4.174628
7, 42, -57.301655
7, 44, -30.646566
7, 46, -9.671372
7, 47, 5.862074
7, 50, 18.497117
8, 1, -14.614557
8, 4, -21.128509
8, 5, 4.571212
8, 6, 5.006911
8, 8, -16.583202
8, 9, 8.756041
8, 10, -2.943922
8, 11, -6.725691
8, 12, 21.843455
8, 13, 5.365862
8, 14, 9.980873
8, 16, -20.696843
8, 19, -43.055922
8, 20, -17.130248
8, 21, -33.972661
8, 22, 11.724152
8, 23, -9.888187
8, 24, -2.000000
8, 25, -23.631731
8, 26, -27.208616
8, 27, 9.006231
8, 29, -21.994904
8, 30, -17.441516
8, 32, -1.252027
8, 33, -9.644756
8, 34, -0.436804
8, 35, 0.803689
8, 36, 5.595173
8, 37, -31.361376
8, 38, -17.884530
8, 39, -9.924441
8, 41, 10.422043
8, 42, -50.818784
8, 44, -13.329659
8, 45, 2.806380
8, 46, -9.717429
8, 47, 4.630446
8, 48, -16.751469
8, 49, 14.000000
8, 50, 10.614479
9, 3, -25.358325
9, 5, 3.383803
9, 6, 5.487734
9, 8, -21.755433
9, 9, -13.899301
9, 10, -10.561943
9, 11, -5.979118
9, 12, 15.665169
9, 13, 10.816341
9, 14, 10.127767
9, 15, 23.000000
9, 16, -14.066477
9, 17, 60.000000
9, 19, -35.199912
9, 20, -9.956652
9, 21, -34.203223
9, 22, 34.017336
9, 23, -7.150845
9, 25, -25.135489
9, 26, -19.894235
9, 27, 11.155906
9, 29, -26.856287
9, 30, -22.010845
9, 31, -68.000000
9, 32, -2.415235
9, 33, -9.644918
9, 34, -11.292944
9, 35, -5.841608
9, 36, -1.920899
9, 37, -45.887480
9, 38, -16.538085
9, 39, -3.976813
9, 40, 21.494767
9, 41, -2.153261
9, 44, -32.019058
9, 45, 5.892537
9, 46, -10.798137
9, 47, 10.434410
9, 48, -10.889098
9, 50, 18.481413
10, 1, 18.933077
10, 2, -48.033483
10, 3, -23.598067
10, 4, 6.183649
10, 5, 4.582111
10, 6, 6.621629
10, 7, -17.621885
10, 8, -9.101785
10, 9, 10.503116
10, 10, -3.726253
10, 13, 5.910885
10, 14, 1.769141
10, 16, -17.041051
10, 19, -43.232181
10, 20, -14.893509
10, 21, -38.708632
10, 22, 11.111451
10, 23, -12.852526
10, 24, -15.722886
10, 25, -25.078799
10, 26, -22.723107
10, 27, 14.664026
10, 29, -22.003350
10, 30, -17.432283
10, 32, -0.733658
10, 33, -0.803279
10, 34, 1.904140
10, 35, 1.367518
10, 36, 4.089039
10, 37, -31.474499
10, 38, -14.385656
10, 40, 15.470175
10, 41, 4.970710
10, 42, -53.288707
10, 43, -1.783737
10, 45, 2.872099
10, 46, -11.658740
10, 47, 8.666881
10, 48, -17.532333
10, 49, 8.815197
10, 50, 10.594748
11, 1, 8.414258
11, 2, -45.040084
11, 3, -25.858806
11, 4, -2.897703
11, 5, 3.394550
11, 6, 7.186594
11, 7, -12.555038
11, 8, -13.291995
11, 9, -10.870558
11, 10, -11.165138
11, 11, -25.689775
11, 12, -16.000000
11, 13, 10.989820
11, 14, 1.691299
11, 15, 11.064353
11, 16, -13.757218
11, 17, -7.243580
11, 20, -8.142358
11, 21, -38.016664
11, 22, 28.558320
11, 23, -7.834369
11, 24, -13.416241
11, 25, -27.508874
11, 26, -13.785972
11, 27, 18.578631
11, 28, 9.485374
11, 30, -22.003588
11, 32, -2.378425
11, 33, -3.662062
11, 34, -10.582264
11, 35, -5.535735
11, 36, -2.802374
11, 37, -45.989240
11, 38, -9.928733
11, 39, -2.507008
11, 40, 23.637968
11, 41, -9.768291
11, 42, -54.015709
11, 44, 4.493228
11, 45, 5.979485
11, 46, -13.711138
11, 47, 13.064682
11, 48, -12.139001
11, 49, 2.583000
11, 50, 18.468274
12, 1, 19.461616
12, 2, -48.578350
12, 3, -24.286920
12, 4, 7.634988
12, 6, 6.854780
12, 7, -18.018058
12, 8, -2.934067
12, 9, 13.005838
12, 10, -4.115911
12, 11, -25.738563
12, 13, 6.158609
12, 14, -9.154316
12, 16, -14.458145
12, 17, -5.724135
12, 18, 0.216376
12, 19, -5.065240
12, 20, -11.531872
12, 21, -41.318058
12, 22, 9.590729
12, 23, -12.931836
12, 24, -15.623847
12, 25, -27.423861
12, 26, -15.882416
12, 27, 20.340962
12, 28, 9.514626
12, 29, 80.000000
12, 31, 18.268915
12, 32, -2.442111
12, 33, 2.591446
12, 37, -31.748569
12, 38, -9.156700
12, 39, -2.115844
12, 40, 19.268504
12, 41, -0.378200
12, 42, -53.291796
12, 43, -17.019415
12, 44, 9.146926
12, 45, 2.933300
12, 46, -14.663735
12, 47, 10.143541
12, 48, -19.091575
12, 49, 8.831295
13, 1, 10.437359
13, 2, -46.268602
13, 3, -26.981426
13, 4, 0.989288
13, 5, 33.878953
13, 6, 6.521562
13, 7, -14.268050
13, 8, -7.955899
13, 9, -7.100745
13, 11, -25.555291
13, 14, -8.838033
13, 17, -7.234570
13, 18, 0.684057
13, 19, -0.770292
13, 20, -5.391633
13, 21, -40.094738
13, 22, 21.633796
13, 23, -6.927466
13, 24, -13.265477
13, 25, -28.819798
13, 26, -7.130872
13, 27, 25.196483
13, 30, -53.003048
13, 31, 18.731085
13, 32, -3.857573
13, 34, -2.520279
13, 35, 4.110388
13, 36, -43.964898
13, 37, -46.126886
13, 38, -1.597002
13, 39, -2.536892
13, 40, 28.427359
13, 41, -16.107533
13, 43, -15.021518
13, 44, 4.478120
13, 46, -17.083054
13, 48, -13.393187
13, 49, 2.597702
13, 50, 7.462215
14, 1, 20.905154
14, 2, -49.911617
14, 3, -25.145692
14, 4, 11.470390
14, 5, 42.269118
14, 6, 4.294915
14, 7, -18.995926
14, 8, -0.542721
14, 9, 14.795359
14, 10, 11.591023
14, 11, -25.438334
14, 13, -3.779282
14, 14, -21.012842
14, 17, -5.714130
14, 18, 0.214660
14, 19, -5.053043
14, 20, -7.230317
14, 22, 7.080944
14, 23, -11.268814
14, 24, -15.438172
14, 25, -28.554110
14, 26, -7.976037
14, 27, 25.171589
14, 28, -33.538962
14, 30, -36.246434
14, 32, -5.597155
14, 33, -45.949590
14, 34, -3.479721
14, 35, 5.951331
14, 36, -44.035102
14, 37, -31.980291
14, 38, -3.238929
14, 39, -2.154902
14, 40, 23.993184
14, 41, -4.064276
14, 43, -17.341091
14, 44, 9.130145
14, 46, -17.237156
14, 47, -16.039413
14, 48, -19.876780
14, 50, 6.880764
15, 1, 13.887654
15, 2, -48.095431
15, 3, -27.881259
15, 4, 7.576011
15, 5, 31.685663
15, 6, 2.653322
15, 7, -16.859570
15, 9, -5.421747
15, 10, 26.133289
15, 11, -25.292349
15, 12, 13.575977
15, 13, -11.957975
15, 14, -19.391547
15, 18, 0.683917
15, 19, -0.758524
15, 20, -1.481625
15, 22, 14.658842
15, 23, -5.544209
15, 24, -13.122522
15, 25, -27.778357
15, 26, -1.095829
15, 27, 30.110776
15, 28, -31.315065
15, 29, 29.441322
15, 30, -53.004540
15, 31, -84.000000
15, 32, -5.979843
15, 33, -43.527345
15, 35, 5.443271
15, 37, -46.191866
15, 38, 6.575110
15, 39, -2.563683
15, 40, 32.262670
15, 41, -19.580765
15, 43, -15.547690
15, 45, -17.232536
15, 46, -19.196217
15, 47, -8.962732
15, 49, -3.166540
15, 50, 5.676200
16, 1, 22.843084
16, 2, -51.349764
16, 3, -25.528350
16, 4, 16.566750
16, 5, 37.654413
16, 6, -1.235934
16, 7, -20.056389
16, 8, -24.160825
16, 10, 11.363478
16, 11, -25.140228
16, 12, -9.223315
16, 13, -3.757599
16, 14, -31.194715
16, 16, -7.634999
16, 17, 53.251364
16, 20, -2.083152
16, 22, 4.219060
16, 23, -9.738902
16, 24, -15.349457
16, 25, -27.009819
16, 26, -1.020046
16, 27, 28.626516
16, 28, -33.537104
16, 29, 33.567442
16, 30, -36.230034
16, 32, -8.584686
16, 33, -45.955123
16, 34, 2.000000
16, 35, 8.254634
16, 36, 66.000000
16, 38, 1.938264
16, 40, 26.098628
16, 41, -5.353515
16, 43, -17.856008
16, 44, 30.396015
16, 45, -10.227615
16, 46, -17.879877
16, 47, -16.048719
16, 48, -1.650860
16, 49, 6.890595
16, 50, 3.166595
17, 1, 17.572688
17, 2, -49.644963
17, 4, 15.283054
17, 5, 25.341135
17, 6, -3.769682
17, 7, -19.100193
17, 8, -21.551830
17, 9, -25.726254
17, 10, 25.732834
17, 11, -25.160839
17, 12, 13.552438
17, 13, -11.901225
17, 14, -27.277598
17, 15, -36.732959
17, 16, -4.171869
17, 17, 53.748636
17, 18, 3.791148
17, 19, 86.000000
17, 20, 3.628146
17, 21, 10.514970
17, 22, 9.377892
17, 23, -4.905340
17, 25, -24.332410
17, 26, 3.128630
17, 27, 33.076347
17, 28, -31.317007
17, 29, 29.342329
17, 31, 99999.000000
17, 32, -7.498673
17, 33, -43.531786
17, 35, 8.101526
17, 38, 12.538373
17, 39, 18.649626
17, 42, -5.682123
17, 43, -15.874571
17, 44, 26.463256
17, 45, -17.227045
17, 46, -18.708289
17, 47, -8.977261
17, 48, -8.470838
17, 49, -3.898167
17, 50, 1.184084
18, 1, 24.547958
18, 2, -52.240924
18, 3, -73.000000
18, 4, 21.884068
18, 5, 28.935095
18, 6, -8.594421
18, 7, -20.715150
18, 8, -24.343041
18, 9, -26.236955
18, 10, 10.912194
18, 12, -9.219229
18, 13, -3.733780
18, 14, -37.097229
18, 15, -23.437367
18, 16, -10.441717
18, 18, 13.154001
18, 20, 3.636834
18, 21, 0.788663
18, 22, 2.256318
18, 24, -34.351015
18, 25, -22.981283
18, 26, 3.046502
18, 27, 30.589111
18, 29, 33.380833
18, 32, -9.807263
18, 34, 23.000000
18, 35, 10.558748
18, 36, 21.456123
18, 37, 73.000000
18, 38, 4.962846
18, 39, 8.464717
18, 40, -1.606573
18, 41, 34.607750
18, 42, -9.949989
18, 44, 30.393518
18, 45, -10.215855
18, 46, -15.829106
18, 47, -16.060910
18, 48, -1.637653
18, 49, 5.497304
18, 50, -2.491573
19, 1, 19.976155
19, 2, -50.239104
19, 4, 22.910267
19, 5, 15.795989
19, 6, -11.050728
19, 7, -19.971817
19, 8, -21.836446
19, 9, -25.717974
19, 10, 25.330606
19, 11, -9.719933
19, 13, -11.871701
19, 14, -30.208274
19, 15, -36.341072
19, 16, -5.919175
19, 17, -36.313127
19, 18, 3.408510
19, 19, 4.972029
19, 20, 9.448492
19, 21, 10.186967
19, 22, 7.386764
19, 23, -9.631360
19, 24, -33.648985
19, 25, -19.723924
19, 26, 4.652782
19, 27, 34.377454
19, 28, -10.390906
19, 29, 29.192293
19, 31, -90.000000
19, 33, 12.760028
19, 35, 9.435945
19, 36, 21.543877
19, 38, 14.718241
19, 39, 17.335712
19, 40, 5.899110
19, 41, 34.766083
19, 42, -6.760784
19, 45, -17.215479
19, 46, -15.398409
19, 48, -8.456899
19, 49, -5.715242
19, 50, -3.899199
20, 1, 25.237505
20, 3, 62.000000
20, 4, 26.841805
20, 5, 17.686736
20, 6, -15.903924
20, 8, -24.640100
20, 10, 10.686084
20, 11, -16.267597
20, 15, -23.772114
20, 16, -15.111350
20, 17, -34.955274
20, 18, 12.511042
20, 19, 11.955949
20, 20, 9.323045
20, 21, 1.756931
20, 23, -0.376320
20, 25, -18.219789
20, 27, 31.207187
20, 28, -21.135959
20, 29, 33.269153
20, 30, -57.380070
20, 33, 21.862393
20, 34, 19.602080
20, 37, -37.725235
20, 39, 5.610821
20, 40, -1.475346
20, 41, 34.602640
20, 42, -11.082516
20, 43, 75.070203
20, 44, -7.306105
20, 46, -11.568334
20, 47, 23.294145
20, 49, 3.385071
20, 50, -7.445950
21, 4, 29.805466
21, 5, 5.200148
21, 6, -17.250371
21, 7, -15.328129
21, 8, -22.017891
21, 11, -9.708128
21, 12, -29.008052
21, 13, -57.760140
21, 14, 14.568630
21, 15, -35.951131
21, 16, -8.712085
21, 17, -33.360961
21, 18, 2.661242
21, 19, 5.377404
21, 20, 14.999040
21, 21, 9.867745
21, 23, -9.627673
21, 25, -15.844549
21, 28, -11.896440
21, 31, -13.299107
21, 32, -13.000000
21, 33, 13.318245
21, 34, 6.196131
21, 35, 7.547359
21, 36, -24.643630
21, 37, -37.274765
21, 38, 5.961215
21, 39, 13.558433
21, 40, 5.911289
21, 41, 34.763834
21, 42, -9.676512
21, 44, -9.200641
21, 45, 5.887703
21, 46, -10.457571
21, 47, 24.015384
21, 48, -29.323916
21, 49, -7.737964
21, 50, -7.208819
22, 1, -96.000000
22, 3, 23.147037
22, 4, 31.160990
22, 5, 6.892207
22, 6, -21.249128
22, 7, -12.709246
22, 10, -0.949748
22, 11, -16.371238
22, 12, -29.027492
22, 13, -58.239860
22, 14, 8.146374
22, 15, -23.975529
22, 16, -19.947132
22, 17, -29.728614
22, 18, 11.874881
22, 19, 12.608319
22, 20, 14.226818
22, 21, 3.550219
22, 22, 80.485374
22, 23, -0.371215
22, 24, -48.432286
22, 25, -15.038895
22, 26, 47.042316
22, 28, -23.684292
22, 31, -13.219836
22, 33, 22.875170
22, 34, 19.590403
22, 35, 17.176464
22, 36, -25.816819
22, 38, 7.790316
22, 39, 0.128797
22, 40, -1.183582
22, 42, -12.839149
22, 44, -7.627964
22, 45, 3.952287
22, 46, -6.777637
22, 47, 22.459555
22, 48, -35.125670
22, 49, 1.544196
22, 50, -9.400803
23, 3, 23.630514
23, 4, 35.498541
23, 5, -3.247295
23, 6, -20.793452
23, 7, -15.298069
23, 8, 7.598487
23, 9, -13.334906
23, 10, -6.665104
23, 11, -9.667291
23, 12, -28.401296
23, 14, 14.575678
23, 16, -11.286951
23, 17, -25.860211
23, 18, 2.290665
23, 19, 6.027339
23, 20, 19.279696
23, 21, 9.846038
23, 22, 80.514626
23, 23, -9.624101
23, 24, -62.322843
23, 25, -14.333766
23, 26, 45.449413
23, 28, -15.633936
23, 30, 11.014667
23, 31, -15.004734
23, 32, 91.000000
23, 33, 14.777733
23, 34, 6.109765
23, 35, 8.804398
23, 36, -22.943628
23, 38, 5.961529
23, 39, 7.685029
23, 40, 5.923824
23, 41, 32.082093
23, 42, -13.498984
23, 44, -10.023946
23, 45, 5.878256
23, 46, -6.056580
23, 47, 22.195550
23, 48, -29.320105
23, 49, -9.035905
24, 1, 14.288749
24, 2, -73.000000
24, 3, 23.254865
24, 4, 34.505918
24, 5, 0.198708
24, 6, -23.212235
24, 7, -12.671304
24, 8, 7.217892
24, 9, -9.752663
24, 10, -0.742433
24, 11, -16.485741
24, 12, -27.695002
24, 13, 33.000000
24, 14, 8.155426
24, 15, -6.807722
24, 16, -23.026718
24, 17, -21.675637
24, 19, 13.013200
24, 20, 17.868671
24, 21, 5.769619
24, 24, -48.743301
24, 26, 47.039162
24, 27, -16.497776
24, 28, -27.470589
24, 29, -44.414622
24, 30, 16.185324
24, 31, -15.861274
24, 33, 24.467011
24, 35, 18.406914
24, 36, -22.520572
24, 38, 7.792660
24, 39, -7.635889
24, 40, -0.947634
24, 41, 25.011650
24, 42, -14.354297
24, 43, -3.408519
24, 44, -8.341676
24, 45, 3.944112
24, 46, -3.617140
24, 47, 20.461288
24, 49, 0.819595
24, 50, -62.000000
25, 1, 12.849598
25, 3, 23.864595
25, 4, 39.369324
25, 5, -6.494409
25, 7, -15.272372
25, 8, 7.604466
25, 9, -15.072464
25, 10, -6.363853
25, 11, -9.625307
25, 12, -27.049913
25, 15, 3.941658
25, 16, -12.341560
25, 17, -17.261695
25, 18, 14.000000
25, 20, 21.831045
25, 21, 10.110536
25, 22, -2.747769
25, 24, -62.694125
25, 25, 25.000000
25, 27, -12.098588
25, 28, -19.777614
25, 29, -54.774803
25, 30, 10.746942
25, 31, -19.115328
25, 33, 16.509849
25, 35, 11.891268
25, 36, -18.350712
25, 38, 5.964740
25, 39, 0.249428
25, 40, 5.930814
25, 41, 32.096841
25, 42, -16.991176
25, 43, 29.695557
25, 44, -11.147087
25, 46, -4.293901
25, 47, 19.629954
25, 48, -12.581373
26, 1, 14.286749
26, 2, -50.877145
26, 3, 23.483297
26, 4, 36.380063
26, 6, 13.457835
26, 8, 7.222268
26, 9, -12.950128
26, 10, -0.413402
26, 11, -16.530185
26, 12, -26.039903
26, 13, 55.198909
26, 14, -43.421109
26, 15, -6.812520
26, 17, -14.534763
26, 19, -20.729723
26, 20, 20.311646
26, 21, 7.798889
26, 22, -5.217630
26, 23, -1.516075
26, 24, -49.455726
26, 26, -27.011248
26, 27, -16.335205
26, 28, -30.690352
26, 29, -44.432130
26, 30, 15.105665
26, 31, -19.595282
26, 32, -50.035102
26, 33, 25.909021
26, 35, 20.040051
26, 36, -17.002574
26, 39, -17.083026
26, 41, 25.025666
26, 42, -14.797123
26, 43, -0.561321
26, 44, -9.009196
26, 47, 18.463561
26, 48, -2.731159
26, 49, 38.000000
26, 50, -31.875111
27, 1, 12.848206
27, 2, -51.122855
27, 3, 24.108766
27, 4, 40.757924
27, 5, -11.182695
27, 6, 2.457469
27, 7, 17.109787
27, 9, -19.465646
27, 10, -6.176872
27, 12, -25.968578
27, 13, 54.801091
27, 14, -49.881794
27, 15, 3.936625
27, 16, -6.940829
27, 17, -11.598765
27, 18, 0.812542
27, 19, -21.864364
27, 20, 22.942711
27, 21, 10.428424
27, 22, -4.157619
27, 23, 1.654328
27, 24, -63.164196
27, 25, -56.000000
27, 26, -19.209614
27, 27, -11.841352
27, 28, -22.423439
27, 29, -54.801054
27, 30, 10.116294
27, 31, -23.228093
27, 33, 17.686781
27, 34, 28.722968
27, 35, 15.216590
27, 36, -12.230329
27, 37, 10.456320
27, 38, -13.507067
27, 39, -7.808512
27, 40, -13.643166
27, 42, -19.122328
27, 43, 30.595915
27, 44, -12.007192
27, 45, -17.212443
27, 46, -1.669959
27, 47, 17.812236
27, 48, -13.022382
27, 50, -24.120495
28, 3, 23.605383
28, 5, 5.815437
28, 6, 12.708636
28, 7, 19.008787
28, 8, -22.871491
28, 9, -17.848574
28, 12, -25.302560
28, 14, -43.424657
28, 16, -5.989677
28, 17, -11.689464
28, 18, -3.216190
28, 19, -19.356024
28, 20, 22.028147
28, 21, 9.011768
28, 22, -7.218572
28, 23, 0.201148
28, 24, -50.036878
28, 26, -27.132887
28, 27, -16.085619
28, 28, -31.933139
28, 29, -44.452801
28, 30, 13.497165
28, 31, -22.239925
28, 33, 26.494865
28, 34, 8.430994
28, 35, 21.061993
28, 36, -11.014752
28, 37, 9.543680
28, 38, -17.284892
28, 39, -27.017081
28, 40, -11.033552
28, 41, -21.541687
28, 42, -13.835623
28, 43, 3.490145
28, 44, -9.365931
28, 45, -28.070825
28, 46, 2.773698
28, 47, 17.629844
28, 48, -4.038024
28, 49, -80.964898
28, 50, -31.129823
29, 1, -5.022096
29, 5, -11.047665
29, 6, 1.025149
29, 7, 17.116687
29, 8, -22.128509
29, 9, -24.474963
29, 10, 27.383092
29, 11, 52.917187
29, 16, -6.396138
29, 18, 0.805314
29, 19, -19.580416
29, 20, 23.333148
29, 21, 10.567494
29, 22, -7.596308
29, 23, 5.683114
29, 24, -63.376778
29, 25, 9.122233
29, 26, -19.270784
29, 27, -11.689444
29, 30, 9.463615
29, 31, -24.936139
29, 34, 28.657280
29, 35, 17.206133
29, 36, -6.480624
29, 38, -14.015861
29, 39, -14.910021
29, 40, -13.634743
29, 41, -28.538610
29, 42, -19.568594
29, 43, 31.733308
29, 44, -12.314455
29, 45, -17.234893
29, 46, -1.675347
29, 48, -14.260998
29, 49, -81.035102
29, 50, -22.337537
30, 1, -7.973536
30, 2, -36.593652
30, 3, 7.029311
30, 4, 7.957959
30, 5, 6.524499
30, 6, 10.915900
30, 9, -22.167689
30, 10, 26.291491
30, 11, 56.458609
30, 12, 43.195296
30, 14, 23.046371
30, 16, -4.915258
30, 17, 5.581609
30, 19, -15.954497
30, 20, 23.438498
30, 22, -10.088319
30, 23, 4.464927
30, 25, 10.090127
30, 26, -27.433395
30, 28, -10.324743
30, 29, -2.729315
30, 30, 12.122113
30, 32, -3.228167
30, 33, -62.000000
30, 34, 8.475001
30, 35, 20.954298
30, 36, -6.437865
30, 37, -1.744300
30, 38, -18.150189
30, 39, -35.534184
30, 40, -11.028516
30, 41, -21.541227
30, 42, -11.895943
30, 43, 6.380325
30, 45, -28.103256
30, 47, 23.929797
30, 48, -6.338031
30, 50, -29.232153
31, 1, -6.278787
31, 2, -32.632610
31, 3, 15.033592
31, 4, 7.482618
31, 5, -10.840066
31, 6, -0.966653
31, 7, -46.197771
31, 8, 8.858451
31, 9, -27.760739
31, 10, 27.395497
31, 11, 50.767916
31, 12, 40.380199
31, 13, -6.134017
31, 14, 12.106608
31, 15, 12.561428
31, 16, -5.201425
31, 17, 5.160112
31, 18, 63.000000
31, 19, -16.112121
31, 20, 23.572207
31, 21, -9.641467
31, 22, -11.073974
31, 23, 11.849828
31, 24, -55.735286
31, 25, 9.156792
31, 26, -19.379509
31, 28, -2.719066
31, 29, -0.041705
31, 30, 9.071325
31, 32, -8.117005
31, 34, 28.620061
31, 35, 17.103092
31, 36, -2.994532
31, 37, 4.749127
31, 38, -15.035011
31, 39, -19.142222
31, 42, -18.876665
31, 43, 32.248882
31, 44, -85.000000
31, 45, -17.259743
31, 46, -34.666732
31, 47, 24.070203
31, 48, -15.941517
31, 50, -19.520515
32, 1, -9.244734
32, 2, -34.963180
32, 3, 6.773101
32, 4, 9.338520
32, 5, 7.223593
32, 6, 9.146030
32, 7, -44.907614
32, 8, 16.824891
32, 9, -23.883445
32, 10, 26.303717
32, 11, 52.403353
32, 12, 41.556149
32, 13, 7.852192
32, 14, 23.048492
32, 16, -3.604192
32, 17, 5.901644
32, 19, -12.128169
32, 20, 24.535454
32, 21, -14.315432
32, 22, -12.144891
32, 23, 9.106820
32, 24, -57.109886
32, 25, 10.140926
32, 26, -27.747829
32, 28, -10.196136
32, 29, -3.352488
32, 30, 11.587349
32, 33, -49.000000
32, 35, 19.948609
32, 36, -4.722182
32, 37, -1.808054
32, 38, -19.019097
32, 39, -40.509021
32, 40, 0.525582
32, 42, -10.000914
32, 46, -34.333268
32, 48, -8.859130
32, 49, 7.260296
32, 50, -26.931765
33, 1, -8.966269
33, 2, -30.062378
33, 3, 14.409499
33, 4, 10.019152
33, 6, -2.349088
33, 7, -46.191660
33, 8, 7.952297
33, 11, 45.556273
33, 12, 37.883961
33, 13, -5.520019
33, 14, 12.109707
33, 15, 55.000000
33, 16, -4.267111
33, 17, 5.667100
33, 18, -20.806942
33, 19, -12.890340
33, 20, 23.768469
33, 21, -10.016445
33, 22, -12.527514
33, 23, 17.371289
33, 24, -55.747930
33, 25, 9.196060
33, 26, -19.475892
33, 27, -15.928026
33, 28, -2.639165
33, 29, -0.579934
33, 32, -1.196192
33, 34, 11.000000
33, 35, 15.199738
33, 37, 4.664184
33, 38, -15.549833
33, 40, -3.088044
33, 42, -18.106177
33, 45, 3.289789
33, 47, -95.982449
33, 48, -17.420047
33, 49, 2.065218
33, 50, -16.692634
34, 1, -10.238313
34, 2, -30.528117
34, 3, 6.270906
34, 4, 13.140178
34, 6, 8.422401
34, 8, 14.633057
34, 9, -50.865845
34, 10, -13.143401
34, 11, 46.623040
34, 12, 37.383083
34, 13, 7.911998
34, 14, 23.059988
34, 16, -3.036034
34, 17, 6.416305
34, 18, -21.193058
34, 19, -9.333021
34, 20, 24.976136
34, 21, -15.217794
34, 23, 11.807821
34, 24, -57.126605
34, 26, -27.886161
34, 27, -22.440015
34, 28, -10.012984
34, 29, -5.218641
34, 30, 4.000000
34, 31, -14.263065
34, 32, -7.000530
34, 33, 21.309867
34, 35, 18.761179
34, 36, 15.588553
34, 37, -1.868285
34, 40, 0.359573
34, 41, 25.052652
34, 42, -9.214147
34, 43, -18.260695
34, 44, 43.702974
34, 45, 18.584401
34, 46, 85.000000
34, 47, -63.609690
34, 48, -10.528487
34, 49, 6.064153
34, 50, -24.986237
35, 1, -10.930628
35, 2, -25.559711
35, 3, 13.787724
35, 4, 14.399602
35, 7, -42.736739
35, 8, 5.445687
35, 9, -54.399097
35, 10, -19.562987
35, 11, 40.298325
35, 12, 34.017024
35, 13, -5.137284
35, 14, 12.119443
35, 17, 5.985385
35, 19, -10.846530
35, 21, -10.872137
35, 22, -35.476051
35, 23, 19.993520
35, 24, -55.759752
35, 25, -15.590679
35, 27, -15.888554
35, 28, -2.769363
35, 29, -1.874232
35, 32, -1.137003
35, 33, 21.690133
35, 34, -17.084183
35, 35, 12.490999
35, 36, 22.117014
35, 38, -2.633388
35, 40, -3.302414
35, 43, -21.818959
35, 44, 37.901629
35, 45, 4.170787
35, 48, -18.014585
35, 49, 0.184751
35, 50, -14.689823
36, 1, -9.514203
36, 2, -24.593816
36, 3, 6.020058
36, 4, 18.290264
36, 6, -93.000000
36, 7, -23.191694
36, 8, 10.527348
36, 9, -50.864991
36, 10, -13.928749
36, 11, 42.493163
36, 12, 32.588629
36, 18, -8.052456
36, 19, -8.120665
36, 20, -29.085357
36, 21, -16.458464
36, 22, -27.682591
36, 23, 11.346690
36, 25, -15.409321
36, 26, -56.112434
36, 27, -22.385848
36, 28, -10.213950
36, 29, -8.115936
36, 30, -9.912246
36, 31, 13.873495
36, 32, -6.879860
36, 34, -17.714287
36, 35, 18.092483
36, 36, 17.120889
36, 37, 0.000000
36, 38, 2.951769
36, 39, -7.994189
36, 40, 0.015256
36, 42, 2.902518
36, 43, -18.263060
36, 44, 43.738877
36, 45, 19.105827
36, 46, 48.070203
36, 49, 3.383883
36, 50, -23.899639
37, 1, -10.943020
37, 2, -20.335866
37, 4, 19.299567
37, 5, -13.000000
37, 8, 1.834059
37, 10, -20.783603
37, 11, 38.096045
37, 12, 30.569671
37, 13, 21.317428
37, 14, -15.206036
37, 16, -43.000000
37, 17, -21.056604
37, 18, -8.947544
37, 19, -10.071805
37, 20, -28.548278
37, 21, -11.722565
37, 22, -34.268868
37, 23, 19.119018
37, 24, 34.562382
37, 26, -45.200040
37, 27, -15.848571
37, 28, -3.423647
37, 29, -3.922908
37, 30, -10.087754
37, 31, 14.695155
37, 32, -0.831501
37, 33, 6.415368
37, 34, -17.541936
37, 35, 10.068745
37, 36, 24.995566
37, 38, -1.890991
37, 39, 7.286427
37, 40, -3.522381
37, 42, 2.298946
37, 44, 37.950574
37, 45, 6.795357
37, 46, -8.857298
37, 48, 9.397817
37, 49, -2.155522
37, 50, -13.975358
38, 1, -7.280452
38, 2, -18.994165
38, 4, 23.174347
38, 6, 0.995781
38, 8, 5.060602
38, 10, -15.503810
38, 12, 29.428809
38, 13, 19.370182
38, 14, -29.513048
38, 15, 23.094814
38, 17, -15.496703
38, 19, -8.115616
38, 20, -29.325257
38, 21, -17.422448
38, 22, -25.317184
38, 23, 8.277786
38, 24, 33.603857
38, 25, -25.356669
38, 26, -56.113949
38, 28, -11.094128
38, 29, -11.401842
38, 31, 13.878686
38, 32, -6.377742
38, 33, 5.584632
38, 34, -18.536568
38, 35, 18.257297
38, 36, 20.546432
38, 37, -2.153378
38, 38, 4.381230
38, 39, -8.425309
38, 40, -0.159524
38, 42, 4.035608
38, 43, 62.000000
38, 44, 43.796561
38, 45, 20.372170
38, 48, 8.602183
38, 49, 1.234402
39, 1, -9.717869
39, 2, -15.847346
39, 3, 69.214997
39, 4, 23.121981
39, 5, 21.738587
39, 6, 2.351971
39, 8, -2.354125
39, 9, 13.129967
39, 10, -22.010296
39, 12, 29.194398
39, 13, 22.636961
39, 14, -15.766833
39, 15, 10.591488
39, 16, -4.129902
39, 17, -20.804095
39, 18, 84.000000
39, 19, -10.067661
39, 20, -28.924592
39, 21, -12.213603
39, 22, -31.005685
39, 23, 15.997922
39, 24, 34.567554
39, 25, -29.130725
39, 26, -45.203766
39, 27, -12.822310
39, 28, -4.660949
39, 29, -6.174814
39, 30, 26.433721
39, 32, -0.031357
39, 34, -18.464960
39, 35, 8.625734
39, 36, 28.575410
39, 37, -6.001773
39, 38, 0.361619
39, 39, 5.360831
39, 41, -38.548119
39, 42, 4.294267
39, 44, 37.981935
39, 45, 10.778516
39, 49, -3.198155
40, 1, -5.312148
40, 2, -15.369688
40, 3, 71.764911
40, 4, 26.139651
40, 5, 23.656852
40, 6, 0.993547
40, 7, 0.571588
40, 8, -0.994630
40, 9, 17.402227
40, 10, -16.299296
40, 13, 21.201916
40, 14, -27.536801
40, 15, 21.642832
40, 16, 2.041377
40, 17, -15.836153
40, 19, -8.537108
40, 20, -29.709790
40, 21, -17.772650
40, 22, -21.416618
40, 23, 4.552043
40, 24, 33.611821
40, 27, -5.562995
40, 28, -12.561618
40, 29, -14.051617
40, 30, 35.545330
40, 31, -64.287084
40, 32, -5.300046
40, 33, -95.000000
40, 34, -19.367082
40, 35, 19.120492
40, 36, 23.293074
40, 37, -1.448250
40, 38, 7.107091
40, 39, -9.034556
40, 40, -14.870133
40, 41, -45.057535
40, 42, 7.626178
40, 43, -12.719384
40, 45, 22.296929
40, 47, -19.387546
40, 48, -3.952381
40, 50, 28.304213
41, 1, -9.005282
41, 2, -13.163215
41, 3, 69.213222
41, 4, 24.563413
41, 5, 21.729332
41, 7, -10.548461
41, 8, -6.706968
41, 9, 12.812427
41, 12, -0.639489
41, 13, 25.887563
41, 14, -17.208363
41, 15, 9.938308
41, 16, -4.127141
41, 17, -20.475948
41, 18, 44.396380
41, 19, -10.237835
41, 20, -29.157973
41, 22, -26.546300
41, 23, 12.815889
41, 26, 50.801091
41, 27, -10.061915
41, 28, -6.228395
41, 29, -7.680555
41, 30, 25.775365
41, 31, -62.176049
41, 32, 1.297152
41, 34, -18.934381
41, 35, 8.260702
41, 36, 30.171386
41, 37, -4.774217
41, 38, 3.938771
41, 39, 2.985415
41, 40, -18.707768
41, 41, -38.541610
41, 42, 8.729019
41, 43, -12.280616
41, 44, 10.038404
41, 45, 14.978294
41, 46, -23.888845
41, 47, -26.080409
41, 48, -1.880673
41, 49, 19.186485
41, 50, 27.695787
42, 2, -14.326461
42, 5, 23.645120
42, 6, -16.730876
42, 7, -0.443515
42, 8, -6.791892
42, 9, 16.427050
42, 12, -11.894445
42, 13, 24.070930
42, 14, -24.216531
42, 15, 19.598799
42, 16, 2.048797
42, 17, -17.067457
42, 18, 40.125027
42, 19, -8.750278
42, 22, -17.150135
42, 23, 2.207819
42, 24, 7.000000
42, 27, -0.490368
42, 28, -14.205033
42, 29, -15.075990
42, 30, 33.864120
42, 31, -63.894053
42, 32, -3.859086
42, 33, -44.427458
42, 35, 20.262700
42, 37, 0.346069
42, 38, 10.642532
42, 39, -9.457485
42, 40, -15.320972
42, 41, -45.052076
42, 42, 13.833621
42, 44, 21.811804
42, 45, 24.150733
42, 47, -19.387414
42, 48, -3.948894
42, 49, 21.430287
43, 1, 11.087476
43, 2, -12.398919
43, 3, 42.538027
43, 4, 7.034312
43, 5, 21.721953
43, 6, -5.314699
43, 7, -11.064901
43, 8, -10.884039
43, 9, 11.979363
43, 10, 7.786485
43, 11, 20.777690
43, 12, -0.581743
43, 13, 29.533255
43, 14, -18.867949
43, 15, 9.276038
43, 16, -4.118975
43, 17, -20.922590
43, 18, 44.392027
43, 20, 86.076053
43, 22, -21.869478
43, 23, 11.222388
43, 25, -33.433081
43, 27, -2.522287
43, 28, -7.716942
43, 30, 24.311431
43, 31, -61.379134
43, 32, 2.792855
43, 33, 0.635837
43, 34, -53.765990
43, 35, 8.573539
43, 36, -38.328552
43, 37, -2.789497
43, 38, 8.211845
43, 39, 1.938771
43, 40, -19.333971
43, 42, 15.690132
43, 43, -22.360031
43, 44, 10.126423
43, 45, 17.720810
43, 46, -59.000000
43, 48, -1.876425
43, 49, 19.126471
44, 1, -0.892971
44, 2, -15.100688
44, 3, 42.461973
44, 4, 10.507735
44, 6, -17.461026
44, 7, -1.593847
44, 8, -11.609039
44, 9, 14.833680
44, 10, 18.998835
44, 12, -11.815305
44, 13, 26.961420
44, 14, -20.736064
44, 15, 18.155479
44, 17, -19.602808
44, 18, 40.112918
44, 19, -88.000000
44, 20, 85.923947
44, 21, 13.271924
44, 22, -13.476316
44, 23, 1.994356
44, 24, -0.280812
44, 25, -20.629063
44, 27, 8.239594
44, 28, -15.554452
44, 29, 3.222113
44, 30, 31.772580
44, 31, -63.018692
44, 32, -2.621469
44, 33, -44.420559
44, 34, -54.234010
44, 35, 21.200731
44, 36, -38.810705
44, 37, 2.503070
44, 38, 14.182046
44, 40, -16.365726
44, 41, 2.645123
44, 42, 22.023017
44, 43, -11.359292
44, 44, 21.671005
44, 45, 24.929903
44, 47, -5.100941
44, 49, 21.349878
45, 1, 10.038133
45, 2, -12.714967
45, 4, 8.370115
45, 5, 30.795438
45, 6, -7.450988
45, 7, -11.635575
45, 8, -14.508001
45, 9, 10.953317
45, 10, 8.603672
45, 11, -3.230528
45, 12, -0.523659
45, 13, 32.270241
45, 14, -19.961237
45, 16, -40.882995
45, 17, -22.549900
45, 21, -3.225760
45, 22, -17.771978
45, 23, 11.333041
45, 24, 0.280812
45, 25, -30.849819
45, 26, 57.489618
45, 27, 7.673275
45, 28, -8.757576
45, 29, 3.777887
45, 30, 23.140572
45, 31, -60.393907
45, 32, 3.918866
45, 33, 0.755021
45, 35, 8.955493
45, 36, -38.318434
45, 37, -0.700917
45, 38, 12.214296
45, 40, -20.141939
45, 41, -2.978690
45, 42, 24.135575
45, 43, -20.804347
45, 44, 10.321554
45, 46, -32.526963
45, 47, 5.003367
45, 48, 58.859594
45, 49, 19.068805
46, 1, -2.958161
46, 2, -16.113636
46, 4, 12.863397
46, 5, 30.204562
46, 6, -19.229371
46, 7, -2.143886
46, 8, -15.021293
46, 9, 13.227043
46, 10, 20.398759
46, 11, -12.540018
46, 13, 29.176489
46, 14, -18.500971
46, 16, -41.117005
46, 17, -23.023059
46, 19, 5.959245
46, 20, 59.574115
46, 21, 11.448255
46, 22, -10.867249
46, 23, 2.993101
46, 25, -18.450941
46, 26, 53.339118
46, 27, 18.033211
46, 28, -16.292202
46, 30, 30.839321
46, 31, -62.323253
46, 32, -2.038364
46, 34, -38.503517
46, 35, 21.562227
46, 36, -38.800352
46, 37, 4.343644
46, 38, 16.930263
46, 40, -17.226068
46, 41, 2.971170
46, 42, 30.468243
46, 43, -8.303634
46, 44, 21.486728
46, 45, -73.000000
46, 46, -26.818584
46, 47, -5.043055
46, 48, 59.140406
46, 50, 4.508579
47, 1, 7.690712
47, 2, -12.991812
47, 3, 11.287999
47, 4, 11.382018
47, 6, -10.499250
47, 7, -11.919544
47, 8, -17.173868
47, 9, 10.130491
47, 10, 10.436921
47, 11, -3.178336
47, 12, 75.134556
47, 13, 33.702939
47, 17, -24.792886
47, 19, 5.040755
47, 20, 62.383389
47, 21, -3.816595
47, 22, -14.781560
47, 23, 11.977785
47, 24, -33.000000
47, 25, -27.152355
47, 27, 17.374498
47, 28, -9.126655
47, 29, 99999.000000
47, 31, -59.960121
47, 32, 4.414456
47, 34, -45.242877
47, 37, 0.954490
47, 38, 15.016902
47, 39, -13.608477
47, 40, -20.514319
47, 41, -2.458398
47, 42, 31.911111
47, 43, -17.305008
47, 44, 10.473463
47, 46, -32.528515
47, 47, 5.081626
47, 49, 22.399733
48, 1, -5.522565
48, 3, 10.127752
48, 4, 15.811762
48, 5, -18.898014
48, 6, -21.017128
48, 7, -2.179527
48, 8, -16.956789
48, 9, 12.230887
48, 10, 22.141486
48, 11, -12.469972
48, 13, 30.482242
48, 15, 24.918293
48, 16, -46.818701
48, 17, -26.047617
48, 20, 59.576218
48, 21, 9.623349
48, 22, -9.379637
48, 23, 3.589440
48, 25, -15.725680
48, 26, -92.000000
48, 27, 25.725918
48, 30, -55.470207
48, 32, -2.029751
48, 34, -38.516250
48, 35, -14.146060
48, 36, -2.789520
48, 37, 5.508934
48, 38, 18.396476
48, 39, -8.051498
48, 41, 3.633807
48, 42, 36.856981
48, 43, -4.488751
48, 44, 21.399010
48, 45, 31.732133
48, 46, -26.820467
48, 47, -4.986610
48, 48, -24.649945
48, 49, 26.732703
48, 50, 30.814956
49, 1, 5.811212
49, 3, 11.280312
49, 4, 13.808669
49, 5, -23.552453
49, 6, -12.680395
49, 7, -11.969387
49, 8, -18.571969
49, 9, 9.820508
49, 10, 11.910464
49, 11, -3.128487
49, 13, 34.193647
49, 16, -49.345050
49, 17, -26.416299
49, 18, -35.654835
49, 19, -31.614080
49, 21, -4.184735
49, 22, -13.209284
49, 24, -76.000000
49, 25, -24.502415
49, 27, 23.296953
49, 28, -17.590482
49, 29, 24.187208
49, 30, -58.979236
49, 31, 44.772037
49, 32, 4.486016
49, 33, 13.712729
49, 34, -45.264188
49, 35, -14.853940
49, 36, -6.796329
49, 37, 1.858817
49, 38, 16.019536
49, 39, -13.628282
49, 40, 22.543877
49, 41, -1.927093
49, 42, 36.593673
49, 43, -14.488508
49, 45, 34.841589
49, 48, -29.590791
49, 49, 22.396436
49, 50, 33.345050
50, 1, -6.661338
50, 3, 10.119857
50, 4, 17.131441
50, 5, -18.892955
50, 6, -21.769483
50, 8, -17.563562
50, 10, 22.919064
50, 13, 30.905814
50, 14, -49.169657
50, 15, 61.000000
50, 16, -46.816598
50, 17, -27.260824
50, 18, -36.345165
50, 19, -31.385920
50, 20, 4.000000
50, 22, -8.903086
50, 23, 75.000000
50, 25, -14.504371
50, 26, 68.000000
50, 27, 28.645198
50, 28, -18.409518
50, 29, 23.812792
50, 30, -55.467710
50, 31, 44.227963
50, 32, -2.122764
50, 33, -1.397817
50, 34, -38.534567
50, 36, -2.799705
50, 37, 5.905092
50, 39, -8.070280
50, 40, 22.456123
50, 41, 3.973727
50, 42, 39.241612
50, 43, -2.784222
50, 44, -53.000000
50, 45, 31.726153
50, 46, -72.000000
50, 47, -8.000000
50, 48, -24.656057
50, 49, 26.729171
50, 50, 30.820344
