1, 1, 33.000000
1, 3, -20.819425
1, 4, 17.517291
1, 6, 5.830661
1, 7, 11.005778
1, 8, 34.565714
1, 9, -16.778260
1, 10, -19.000000
1, 11, 11.289851
1, 12, 99999.000000
1, 13, -86.000000
1, 14, -57.936277
1, 15, -38.000000
1, 16, 0.019913
1, 18, -91.023896
1, 19, -45.259450
1, 20, -29.131745
1, 21, -12.000119
1, 22, -8.048964
1, 23, 10.748083
1, 24, 18.012496
1, 25, -29.326194
1, 27, 62.000000
1, 28, 7.664067
1, 29, -41.000000
1, 30, -31.605340
1, 32, -13.153988
1, 33, -47.895238
1, 34, -18.157092
1, 35, -13.593492
1, 37, -82.000000
1, 38, -87.000000
1, 39, 82.000000
1, 40, -6.216169
1, 41, 17.964941
1, 42, -20.082832
1, 43, -31.909720
1, 45, 13.836663
1, 46, -81.000000
1, 47, -12.931513
1, 49, 45.000000
1, 50, 15.992068
2, 2, 50.896510
2, 3, -25.099114
2, 4, 11.384315
2, 5, -44.835449
2, 6, 7.093914
2, 7, 8.549490
2, 8, 34.434286
2, 9, -26.528781
2, 11, 9.565911
2, 14, -58.063723
2, 16, 28.063944
2, 17, -0.475664
2, 19, -41.615954
2, 20, -20.791593
2, 21, -12.028298
2, 22, -13.966577
2, 23, 15.150801
2, 24, 11.940620
2, 25, -36.020993
2, 28, 5.678345
2, 30, -36.742612
2, 31, 11.256682
2, 32, -13.001481
2, 33, -45.334560
2, 34, -13.499605
2, 35, -5.938101
2, 36, -70.478095
2, 40, -0.323396
2, 41, 16.033101
2, 42, -24.514132
2, 43, -35.608699
2, 44, 3.358194
2, 45, 5.242580
2, 47, -17.006871
2, 48, -9.892649
2, 50, 19.418431
3, 1, -19.978393
3, 2, 11.764347
3, 3, -21.433758
3, 4, 15.210106
3, 5, -38.459349
3, 6, 2.341702
3, 7, 11.043758
3, 9, -16.432315
3, 11, 8.413513
3, 12, 32.490413
3, 13, 99999.000000
3, 15, -26.075671
3, 17, -43.290167
3, 19, -42.924406
3, 20, -28.454744
3, 21, -15.924254
3, 22, -8.909486
3, 23, 6.844267
3, 24, 18.380650
3, 25, -25.568480
3, 26, -30.612059
3, 27, -9.499081
3, 28, 7.849222
3, 29, 52.883185
3, 30, -31.292221
3, 31, 10.485961
3, 32, -11.729530
3, 33, -45.153245
3, 34, -17.992091
3, 35, -11.082272
3, 36, -70.521905
3, 37, -79.000000
3, 38, 41.310822
3, 39, 3.245100
3, 40, -8.848957
3, 41, 17.884233
3, 42, -19.978386
3, 43, -32.653809
3, 44, -17.177405
3, 45, 14.863462
3, 47, -8.948334
3, 48, -8.871467
3, 49, -42.178376
3, 50, 16.282512
4, 1, -18.288350
4, 2, 50.896758
4, 3, -26.129717
4, 4, 8.131334
4, 5, -46.200238
4, 6, 1.627225
4, 8, -33.958232
4, 9, -26.827925
4, 10, -95.000000
4, 11, 3.756033
4, 12, 31.290811
4, 14, 19.481364
4, 15, -25.924329
4, 17, 0.174114
4, 19, -41.444869
4, 20, -20.222029
4, 21, -19.220311
4, 23, 5.602810
4, 24, 12.801112
4, 25, -27.415699
4, 26, -28.041434
4, 27, -3.341013
4, 29, 56.579043
4, 31, 11.435466
4, 32, -9.116507
4, 33, -38.980102
4, 34, -10.772384
4, 35, -1.745205
4, 38, 41.689178
4, 39, -3.559781
4, 40, -3.368498
4, 43, -36.897254
4, 44, -1.557015
4, 45, 6.423787
4, 47, -9.753949
4, 48, -10.092047
4, 49, -45.510742
4, 50, 19.688888
5, 1, -17.386940
5, 2, 8.570097
5, 3, -22.497228
5, 4, 12.606558
5, 5, -40.230563
5, 6, -2.875684
5, 7, 14.889675
5, 8, -45.017781
5, 11, 0.146595
5, 12, 32.286268
5, 13, 10.169812
5, 14, 20.476915
5, 19, -38.328426
5, 21, -23.279506
5, 23, -0.785766
5, 24, 19.752167
5, 25, -19.327420
5, 26, -30.187891
5, 27, -6.283681
5, 29, 53.082583
5, 31, 10.959246
5, 32, -7.366309
5, 33, -35.945791
5, 34, -16.873753
5, 35, -6.939556
5, 36, 8.532303
5, 39, -0.061601
5, 40, -13.166298
5, 41, 19.610743
5, 43, -34.344726
5, 44, -25.626296
5, 45, 15.621003
5, 47, -0.437048
5, 49, -42.318816
5, 50, 16.394486
6, 1, -13.903403
6, 3, -26.939437
6, 5, -47.506255
6, 6, -1.876076
6, 7, 10.453412
6, 8, -30.034195
6, 10, 1.086378
6, 11, -6.183518
6, 13, 3.612085
6, 14, 19.390726
6, 16, -30.149675
6, 19, -42.290128
6, 20, -21.733332
6, 21, -28.455501
6, 23, -6.918311
6, 24, 13.931292
6, 25, -18.221997
6, 26, -31.902910
6, 27, 1.216698
6, 31, 12.375302
6, 32, -2.576619
6, 33, -25.387372
6, 34, -5.294679
6, 35, 1.771711
6, 36, 13.792347
6, 38, -22.781406
6, 39, -9.092412
6, 40, -6.034084
6, 41, 22.890741
6, 42, -50.730347
6, 43, -38.382273
6, 44, -12.542986
6, 47, -0.152303
6, 49, -45.784726
7, 1, -12.950177
7, 3, -22.883915
7, 4, -21.752900
7, 6, -2.259559
7, 7, 14.096832
7, 8, -37.097323
7, 10, -7.292223
7, 11, -9.905638
7, 12, 15.556330
7, 13, 10.098593
7, 14, 20.363956
7, 16, -15.668788
7, 18, 26.721039
7, 19, -34.439325
7, 20, -12.926808
7, 21, -30.321240
7, 22, 42.597111
7, 23, -7.751164
7, 25, -17.473091
7, 26, -28.036905
7, 27, 1.139347
7, 29, -26.447853
7, 31, 11.772660
7, 32, -2.055575
7, 33, -20.515975
7, 34, -13.614923
7, 35, -4.913143
7, 36, 3.800391
7, 38, -25.896154
7, 39, -5.862221
7, 40, -15.118812
7, 41, 12.916653
7, 42, -57.158409
7, 44, -36.065775
7, 46, -5.098786
7, 47, 7.940472
7, 50, 19.011956
8, 1, -10.762902
8, 4, -21.247100
8, 5, 4.047175
8, 6, 1.800102
8, 8, -20.298069
8, 9, 4.198188
8, 10, -1.346385
8, 11, -14.714402
8, 12, 21.706931
8, 13, 4.681662
8, 14, 16.595183
8, 16, -23.362929
8, 19, -43.753619
8, 20, -19.452873
8, 21, -36.564430
8, 22, 11.567175
8, 23, -16.492677
8, 24, -2.000000
8, 25, -15.975511
8, 26, -33.452548
8, 27, 7.641920
8, 29, -21.727521
8, 30, -17.788527
8, 32, 3.202737
8, 33, -6.633903
8, 34, 1.919783
8, 35, 2.214328
8, 36, 5.776244
8, 37, -30.892985
8, 38, -21.611700
8, 39, -14.272454
8, 41, 13.766662
8, 42, -50.649639
8, 44, -21.882098
8, 45, 0.586017
8, 46, -5.347830
8, 47, 7.853604
8, 48, -9.813720
8, 49, 14.000000
8, 50, 10.865815
9, 3, -22.057511
9, 5, 3.170823
9, 6, 5.534785
9, 8, -23.277079
9, 9, -23.819723
9, 10, -10.767334
9, 11, -15.031070
9, 12, 15.527844
9, 13, 10.693497
9, 14, 16.709447
9, 15, 23.000000
9, 16, -14.323407
9, 17, 60.000000
9, 19, -32.621188
9, 20, -10.418698
9, 21, -36.032551
9, 22, 37.760910
9, 23, -11.738958
9, 25, -22.426976
9, 26, -23.017414
9, 27, 10.436402
9, 29, -26.912957
9, 30, -22.068584
9, 31, -68.000000
9, 32, 1.450179
9, 33, -2.759246
9, 34, -8.953854
9, 35, -5.155048
9, 36, -5.699115
9, 37, -45.544592
9, 38, -22.166643
9, 39, -8.794862
9, 40, 7.204394
9, 41, -1.541599
9, 44, -41.019132
9, 45, 4.543646
9, 46, -6.473452
9, 47, 14.056564
9, 48, -5.393948
9, 50, 18.391494
10, 1, 17.450066
10, 2, -44.733359
10, 3, -21.350624
10, 4, -0.857585
10, 5, 4.813198
10, 6, 9.864767
10, 7, -15.256700
10, 8, -7.161323
10, 9, 8.028727
10, 10, -5.544842
10, 13, 6.798292
10, 14, 8.255052
10, 16, -14.236762
10, 19, -44.472747
10, 20, -15.628709
10, 21, -42.494709
10, 22, 12.503916
10, 23, -20.045725
10, 24, -16.712594
10, 25, -22.022401
10, 26, -28.807338
10, 27, 14.637028
10, 29, -22.321148
10, 30, -17.139137
10, 32, 4.903276
10, 33, 10.803662
10, 34, 7.623430
10, 35, 1.353940
10, 36, -2.614216
10, 37, -30.723409
10, 38, -17.976692
10, 40, 3.126932
10, 41, 2.559377
10, 42, -53.164208
10, 43, -1.693160
10, 45, 3.030389
10, 46, -8.628204
10, 47, 13.192381
10, 48, -14.056481
10, 49, 8.107499
10, 50, 10.167023
11, 1, 5.235249
11, 2, -41.700008
11, 3, -23.814036
11, 4, -11.505752
11, 5, 3.925802
11, 6, 13.807835
11, 7, -8.127574
11, 8, -7.228941
11, 9, -13.132098
11, 10, -13.819852
11, 11, -26.875674
11, 12, -16.000000
11, 13, 11.676361
11, 14, 7.240830
11, 15, 11.043810
11, 16, -12.444465
11, 17, -7.736330
11, 20, -8.533429
11, 21, -40.711790
11, 22, 30.872205
11, 23, -11.891608
11, 24, -14.010416
11, 25, -30.373798
11, 26, -15.189331
11, 27, 20.223565
11, 28, 9.490043
11, 30, -21.562779
11, 32, 1.455817
11, 33, 9.955681
11, 34, -6.249791
11, 35, -5.391706
11, 36, -10.827408
11, 37, -45.635626
11, 38, -14.030495
11, 39, -1.590826
11, 40, 15.274030
11, 41, -14.836260
11, 42, -53.999678
11, 44, 5.303872
11, 45, 7.569420
11, 46, -11.875793
11, 47, 17.681705
11, 48, -11.992340
11, 49, 2.342391
11, 50, 17.957429
12, 1, 18.053175
12, 2, -46.573335
12, 3, -23.710221
12, 4, 2.897988
12, 6, 14.523859
12, 7, -16.450917
12, 8, 5.200494
12, 9, 14.665218
12, 10, -7.522423
12, 11, -26.991683
12, 13, 8.083852
12, 14, -6.023935
12, 16, -7.641319
12, 17, -5.974040
12, 18, 0.223431
12, 19, -5.651548
12, 20, -12.355856
12, 21, -45.765087
12, 22, 12.762448
12, 23, -17.181157
12, 24, -15.806438
12, 25, -31.116668
12, 26, -18.477361
12, 27, 21.897357
12, 28, 9.509957
12, 29, 80.000000
12, 31, 18.342684
12, 32, 1.432483
12, 33, 18.505271
12, 37, -31.582186
12, 38, -11.271372
12, 39, -1.581302
12, 40, 16.529391
12, 41, -4.905849
12, 42, -53.387343
12, 43, -12.025173
12, 44, 9.578613
12, 45, 5.146710
12, 46, -15.082002
12, 47, 15.509097
12, 48, -22.418566
12, 49, 9.238170
13, 1, 7.190684
13, 2, -45.095183
13, 3, -27.715587
13, 4, -3.359468
13, 5, 39.924275
13, 6, 14.923724
13, 7, -12.262453
13, 8, 4.423708
13, 9, -0.269893
13, 11, -26.014168
13, 14, -7.428642
13, 17, -7.103191
13, 18, 0.609894
13, 19, -0.980954
13, 20, -7.410263
13, 21, -43.806136
13, 22, 22.886184
13, 23, -8.234737
13, 24, -12.989960
13, 25, -35.235624
13, 26, -6.090557
13, 27, 28.970848
13, 30, -52.898902
13, 31, 18.657316
13, 32, -1.991579
13, 34, -2.673420
13, 35, -7.894240
13, 36, -43.976104
13, 37, -46.335378
13, 38, -1.942942
13, 39, -2.645271
13, 40, 31.734148
13, 41, -22.122882
13, 43, -11.021532
13, 44, 4.245623
13, 46, -19.493636
13, 48, -18.891357
13, 49, 3.371649
13, 50, 16.149695
14, 1, 19.236675
14, 2, -50.328068
14, 3, -26.703267
14, 4, 10.454820
14, 5, 48.582550
14, 6, 11.176218
14, 7, -19.252459
14, 8, 10.830061
14, 9, 19.956126
14, 10, 13.630680
14, 11, -25.361111
14, 13, -4.129700
14, 14, -23.457871
14, 17, -5.268607
14, 18, 0.101157
14, 19, -4.791349
14, 20, -9.065027
14, 22, 9.860372
14, 23, -10.269473
14, 24, -14.892142
14, 25, -36.221527
14, 26, -6.067786
14, 27, 28.210698
14, 28, -33.451572
14, 30, -36.511058
14, 32, -5.671301
14, 33, -45.736499
14, 34, -3.326580
14, 35, -4.321708
14, 36, -44.023896
14, 37, -32.922404
14, 38, -2.272448
14, 39, -2.838411
14, 40, 32.462034
14, 41, -7.911753
14, 43, -15.900538
14, 44, 8.398870
14, 46, -21.464859
14, 47, -15.601388
14, 48, -26.966664
14, 50, 15.711268
15, 1, 11.913169
15, 2, -49.337799
15, 3, -30.854428
15, 4, 7.607142
15, 5, 38.157073
15, 6, 7.757832
15, 7, -18.161166
15, 9, 5.480699
15, 10, 27.883717
15, 11, -24.726460
15, 12, 13.963502
15, 13, -12.290941
15, 14, -23.918455
15, 18, 0.602086
15, 19, -0.151882
15, 20, -4.708089
15, 22, 13.056824
15, 23, -3.000293
15, 24, -12.542196
15, 25, -33.759483
15, 26, 2.111713
15, 27, 34.483246
15, 28, -31.084033
15, 29, 30.935725
15, 30, -52.999676
15, 31, -84.000000
15, 32, -7.320264
15, 33, -43.486843
15, 35, -0.465068
15, 37, -46.843767
15, 38, 10.881260
15, 39, -3.475122
15, 40, 44.542640
15, 41, -24.438159
15, 43, -17.092047
15, 45, -17.501083
15, 46, -25.164807
15, 47, -8.580287
15, 49, 0.700556
15, 50, 11.890385
16, 1, 22.270213
16, 2, -53.119280
16, 3, -28.074216
16, 4, 17.765748
16, 5, 45.227542
16, 6, 1.866401
16, 7, -21.415672
16, 8, -21.453269
16, 10, 12.312675
16, 11, -23.893274
16, 12, -9.221158
16, 13, -3.558343
16, 14, -39.301833
16, 16, -2.265978
16, 17, 53.330736
16, 20, -4.010718
16, 22, 3.110745
16, 23, -4.344139
16, 24, -14.740630
16, 25, -33.739937
16, 26, 4.551907
16, 27, 31.745398
16, 28, -33.315431
16, 29, 34.865319
16, 30, -35.931537
16, 32, -12.964099
16, 33, -46.125675
16, 34, 2.000000
16, 35, 8.227731
16, 36, 66.000000
16, 38, 6.234680
16, 40, 39.679133
16, 41, -8.631443
16, 43, -21.792533
16, 44, 30.563421
16, 45, -10.536044
16, 46, -24.105755
16, 47, -15.947602
16, 48, -2.318258
16, 49, 10.252481
16, 50, 7.475265
17, 1, 19.588281
17, 2, -51.935451
17, 4, 17.008688
17, 5, 32.478977
17, 6, -3.054947
17, 7, -22.429925
17, 8, -19.430115
17, 9, -26.010937
17, 10, 25.799192
17, 11, -24.089333
17, 12, 13.191074
17, 13, -11.513177
17, 14, -37.184611
17, 15, -38.414910
17, 16, -0.884296
17, 17, 53.669264
17, 18, 7.291144
17, 19, 86.000000
17, 20, 1.284576
17, 21, 12.275449
17, 22, 2.913731
17, 23, -0.365814
17, 25, -26.972684
17, 26, 7.871876
17, 27, 35.857900
17, 28, -31.224016
17, 29, 29.544920
17, 31, 99999.000000
17, 32, -11.670605
17, 33, -43.796695
17, 35, 13.957796
17, 38, 20.051750
17, 39, 23.919468
17, 42, -1.644935
17, 43, -20.950665
17, 44, 26.550135
17, 45, -17.439873
17, 46, -25.532824
17, 47, -9.172791
17, 48, -8.802073
17, 49, -1.411180
17, 50, 2.361698
18, 1, 26.837031
18, 2, -53.865705
18, 3, -73.000000
18, 4, 23.046953
18, 5, 36.282042
18, 6, -9.006525
18, 7, -21.934942
18, 8, -23.405413
18, 9, -26.225578
18, 10, 9.917965
18, 12, -8.938338
18, 13, -3.449477
18, 14, -48.762281
18, 15, -21.113061
18, 16, -6.254837
18, 18, 15.854135
18, 20, 3.198547
18, 21, -0.586206
18, 22, -3.534981
18, 24, -34.238961
18, 25, -25.010859
18, 26, 10.837045
18, 27, 32.348955
18, 29, 32.678787
18, 32, -16.354903
18, 34, 23.000000
18, 35, 20.831415
18, 36, 21.470130
18, 37, 73.000000
18, 38, 11.104202
18, 39, 13.503030
18, 40, -2.427229
18, 41, 34.719793
18, 42, -7.413000
18, 44, 30.383014
18, 45, -10.159977
18, 46, -21.382193
18, 47, -16.503413
18, 48, -1.393667
18, 49, 7.006315
18, 50, -4.274854
19, 1, 26.337433
19, 2, -52.422164
19, 4, 24.004384
19, 5, 20.620991
19, 6, -13.333933
19, 7, -23.600086
19, 8, -22.467953
19, 9, -25.412744
19, 10, 23.573111
19, 11, -9.585100
19, 13, -11.436525
19, 14, -42.394278
19, 15, -36.275704
19, 16, -2.890014
19, 17, -49.718291
19, 18, 4.744129
19, 19, -1.315209
19, 20, 9.736775
19, 21, 9.500165
19, 22, -2.131743
19, 23, -9.714594
19, 24, -33.761039
19, 25, -18.114227
19, 26, 10.275388
19, 27, 35.041608
19, 28, -2.229463
19, 29, 28.022271
19, 31, -90.000000
19, 33, 10.624325
19, 35, 21.493211
19, 36, 21.529870
19, 38, 23.000917
19, 39, 21.261310
19, 40, 5.939220
19, 41, 34.670772
19, 42, -2.831427
19, 45, -16.937664
19, 46, -19.904354
19, 48, -7.824265
19, 49, -5.605738
19, 50, -8.013808
20, 1, 29.475324
20, 3, 62.000000
20, 4, 27.163125
20, 5, 19.844513
20, 6, -19.197077
20, 8, -26.739539
20, 10, 8.688329
20, 11, -15.859012
20, 15, -24.901022
20, 16, -13.861058
20, 17, -46.839853
20, 18, 12.277559
20, 19, 7.018881
20, 20, 11.041005
20, 21, -0.313432
20, 23, -0.400721
20, 25, -14.468351
20, 27, 32.003388
20, 28, -14.341097
20, 29, 31.597264
20, 30, -57.418355
20, 33, 19.612498
20, 34, 20.210880
20, 37, -37.653333
20, 39, 9.042616
20, 40, -1.912068
20, 41, 34.357188
20, 42, -9.216996
20, 43, 75.047792
20, 44, -4.345086
20, 46, -13.731293
20, 47, 27.779122
20, 49, 2.623860
20, 50, -14.379575
21, 4, 30.466325
21, 5, 2.913154
21, 6, -21.836696
21, 7, -16.389391
21, 8, -24.739342
21, 11, -9.947614
21, 12, -33.076538
21, 13, -57.836710
21, 14, 14.140756
21, 15, -34.269288
21, 16, -8.064577
21, 17, -43.816538
21, 18, 0.908816
21, 19, 3.534982
21, 20, 18.051491
21, 21, 8.100464
21, 23, -9.623608
21, 25, -10.617840
21, 28, -6.606525
21, 31, -4.130341
21, 32, -13.000000
21, 33, 11.230420
21, 34, 7.732128
21, 35, 0.721167
21, 36, -31.293401
21, 37, -37.346667
21, 38, 5.878564
21, 39, 15.898179
21, 40, 6.015248
21, 41, 34.516013
21, 42, -7.478223
21, 44, -6.349998
21, 45, 6.293414
21, 46, -9.981623
21, 47, 28.738491
21, 48, -29.343882
21, 49, -9.559821
21, 50, -14.874202
22, 1, -96.000000
22, 3, 22.395765
22, 4, 31.713217
22, 5, -0.596690
22, 6, -27.484870
22, 7, -13.291497
22, 10, -4.082643
22, 11, -16.652167
22, 12, -33.342563
22, 13, -58.163290
22, 14, 7.852355
22, 15, -26.981021
22, 16, -23.224962
22, 17, -36.456058
22, 18, 9.180239
22, 19, 14.535377
22, 20, 17.378001
22, 21, 2.218649
22, 22, 80.490043
22, 23, -0.281621
22, 24, -46.646200
22, 25, -7.228953
22, 26, 47.186434
22, 28, -21.484573
22, 31, -6.196033
22, 33, 21.402100
22, 34, 19.391599
22, 35, 13.349276
22, 36, -32.625496
22, 38, 7.670022
22, 39, 3.093340
22, 40, -1.045598
22, 42, -13.061971
22, 44, -6.737894
22, 45, 4.052317
22, 46, -3.526486
22, 47, 25.323514
22, 48, -34.997420
22, 49, -0.996129
22, 50, -18.512550
23, 3, 22.597220
23, 4, 37.629130
23, 5, -14.504967
23, 6, -27.441756
23, 7, -15.145169
23, 8, 7.383700
23, 9, -5.174346
23, 10, -8.816706
23, 11, -9.904514
23, 12, -30.672554
23, 14, 14.630999
23, 16, -14.857547
23, 17, -28.968173
23, 18, -0.780071
23, 19, 10.980716
23, 20, 23.618003
23, 21, 9.217877
23, 22, 80.509957
23, 23, -9.541112
23, 24, -61.146986
23, 25, -7.474158
23, 26, 45.484578
23, 28, -15.637782
23, 30, 12.961248
23, 31, -8.624555
23, 32, 91.000000
23, 33, 13.683189
23, 34, 4.629483
23, 35, 4.287340
23, 36, -28.461040
23, 38, 5.860057
23, 39, 10.186047
23, 40, 5.854342
23, 41, 31.410371
23, 42, -14.278209
23, 44, -10.234660
23, 45, 5.626776
23, 46, 0.167104
23, 47, 24.005319
23, 48, -29.068524
23, 49, -11.830227
24, 1, 14.360569
24, 2, -73.000000
24, 3, 22.521264
24, 4, 36.747702
24, 5, -15.600558
24, 6, -31.189055
24, 7, -11.858480
24, 8, 7.207473
24, 9, -2.299021
24, 10, -1.574276
24, 11, -16.830170
24, 12, -28.577015
24, 13, 33.000000
24, 14, 8.488190
24, 15, -6.584899
24, 16, -30.337019
24, 17, -20.144471
24, 19, 19.284223
24, 20, 20.796222
24, 21, 6.262364
24, 24, -47.277910
24, 26, 46.958551
24, 27, -19.118676
24, 28, -29.877303
24, 29, -43.782000
24, 30, 19.020561
24, 31, -12.983342
24, 33, 24.542080
24, 35, 17.684379
24, 36, -26.724344
24, 38, 7.782832
24, 39, -3.986366
24, 40, -0.285901
24, 41, 24.750787
24, 42, -16.924514
24, 43, -10.652029
24, 44, -9.795177
24, 45, 3.478056
24, 46, 4.354010
24, 47, 20.472835
24, 49, -2.473458
24, 50, -62.000000
25, 1, 12.845383
25, 3, 23.508627
25, 4, 43.975201
25, 5, -22.232060
25, 7, -14.217824
25, 8, 7.805844
25, 9, -9.022271
25, 10, -5.500709
25, 11, -9.381703
25, 12, -26.087497
25, 15, 4.074043
25, 16, -18.588016
25, 17, -10.939044
25, 18, 14.000000
25, 20, 25.115097
25, 21, 10.606401
25, 22, 4.160607
25, 24, -62.196247
25, 25, 25.000000
25, 27, -13.974002
25, 28, -23.775987
25, 29, -54.308359
25, 30, 11.558574
25, 31, -19.068071
25, 33, 17.422695
25, 35, 11.916366
25, 36, -21.470736
25, 38, 6.051820
25, 39, 3.066745
25, 40, 5.863509
25, 41, 32.444953
25, 42, -20.351362
25, 43, 26.927960
25, 44, -13.014522
25, 46, 4.871890
25, 47, 17.786350
25, 48, -11.539848
26, 1, 14.218531
26, 2, -50.916364
26, 3, 23.715386
26, 4, 40.322108
26, 6, 17.930241
26, 8, 7.513143
26, 9, -9.117364
26, 10, 2.033682
26, 11, -16.527780
26, 12, -23.088203
26, 13, 55.135411
26, 14, -43.165816
26, 15, -6.916919
26, 17, -4.609964
26, 19, -28.294500
26, 20, 21.392516
26, 21, 9.567668
26, 22, -0.188319
26, 23, -10.004106
26, 24, -49.605417
26, 26, -26.517146
26, 27, -16.791216
26, 28, -35.176911
26, 29, -44.321357
26, 30, 16.007636
26, 31, -22.423684
26, 32, -50.023896
26, 33, 27.794801
26, 35, 22.353129
26, 36, -17.736252
26, 39, -14.285113
26, 41, 25.732152
26, 42, -18.398008
26, 43, -4.056504
26, 44, -10.302271
26, 47, 15.587966
26, 48, -0.828324
26, 49, 38.000000
26, 50, -35.794774
27, 1, 12.747525
27, 2, -51.083636
27, 3, 25.159910
27, 4, 46.566422
27, 5, -13.242062
27, 6, 6.760511
27, 7, 16.826166
27, 9, -17.963215
27, 10, -3.402805
27, 12, -22.596003
27, 13, 54.864589
27, 14, -49.739065
27, 15, 3.724954
27, 16, -11.238839
27, 17, 2.127069
27, 18, 1.150362
27, 19, -27.755748
27, 20, 23.497350
27, 21, 10.844226
27, 22, 1.471907
27, 23, -7.946951
27, 24, -63.952825
27, 25, -56.000000
27, 26, -19.317663
27, 27, -10.769509
27, 28, -27.956131
27, 29, -55.179198
27, 30, 9.528414
27, 31, -29.599651
27, 33, 20.718833
27, 34, 29.167681
27, 35, 19.081067
27, 36, -12.021766
27, 37, 10.310649
27, 38, -9.030287
27, 39, -7.519504
27, 40, -13.898222
27, 42, -23.374146
27, 43, 29.480070
27, 44, -13.016690
27, 45, -16.397240
27, 46, -1.566727
27, 47, 13.109608
27, 48, -11.423755
27, 50, -28.404692
28, 3, 24.881823
28, 5, 2.779413
28, 6, 15.570859
28, 7, 18.966899
28, 8, -22.752900
28, 9, -19.085773
28, 12, -20.619066
28, 14, -43.422184
28, 16, -9.872024
28, 17, 2.443098
28, 18, -3.127243
28, 19, -24.206711
28, 20, 21.120909
28, 21, 11.239495
28, 22, -4.300609
28, 23, -5.982585
28, 24, -52.075519
28, 26, -26.721133
28, 27, -13.989964
28, 28, -36.658515
28, 29, -45.090198
28, 30, 12.556960
28, 31, -29.292321
28, 33, 29.580100
28, 34, 7.669262
28, 35, 24.401109
28, 36, -8.397078
28, 37, 9.689351
28, 38, -13.467648
28, 39, -28.163161
28, 40, -10.964192
28, 41, -21.418450
28, 42, -16.562100
28, 43, 6.094883
28, 44, -9.189508
28, 45, -27.505021
28, 46, 2.675443
28, 47, 13.122189
28, 48, -1.369305
28, 49, -80.976104
28, 50, -33.551235
29, 1, 5.166603
29, 5, -11.409251
29, 6, 2.128067
29, 7, 17.324660
29, 8, -22.247100
29, 9, -28.245775
29, 10, 26.786412
29, 11, 63.770377
29, 16, -8.321673
29, 18, 0.628130
29, 19, -21.723417
29, 20, 21.851331
29, 21, 10.868776
29, 22, -6.770060
29, 23, 0.846684
29, 24, -64.945344
29, 25, 7.909195
29, 26, -18.950020
29, 27, -9.310336
29, 30, 8.637821
29, 31, -34.199838
29, 34, 28.324284
29, 35, 22.424693
29, 36, -2.310619
29, 38, -11.688490
29, 39, -19.950077
29, 40, -13.300785
29, 41, -28.383987
29, 42, -22.565538
29, 43, 33.555986
29, 44, -12.416579
29, 45, -17.150843
29, 46, -1.956027
29, 48, -12.617383
29, 49, -81.023896
29, 50, -24.035822
30, 1, -1.308525
30, 2, -42.290033
30, 3, 9.311429
30, 4, 3.370885
30, 5, 6.871854
30, 6, 10.425722
30, 9, -28.081452
30, 10, 26.049999
30, 11, 66.737092
30, 12, 50.376090
30, 14, 23.184782
30, 16, -5.030530
30, 17, 0.816886
30, 19, -15.791373
30, 20, 22.535113
30, 22, -11.800392
30, 23, 3.501994
30, 25, 9.168206
30, 26, -27.231135
30, 28, -11.952809
30, 29, -1.484166
30, 30, 10.292846
30, 32, -3.258678
30, 33, -62.000000
30, 34, 9.168827
30, 35, 23.177463
30, 36, -0.920689
30, 37, 0.422406
30, 38, -18.025917
30, 39, -42.069041
30, 40, -10.612757
30, 41, -21.385217
30, 42, -12.142568
30, 43, 14.326268
30, 45, -28.621319
30, 47, 23.952208
30, 48, -4.649544
30, 50, -29.375458
31, 1, -1.190938
31, 2, -37.030635
31, 3, 17.706544
31, 4, 2.787064
31, 5, -9.223436
31, 6, -3.147390
31, 7, -46.441160
31, 8, 12.523069
31, 9, -35.529934
31, 10, 27.658390
31, 11, 58.870972
31, 12, 45.767111
31, 13, -10.618938
31, 14, 12.098655
31, 15, 12.541818
31, 16, -3.614451
31, 17, 1.470109
31, 18, 63.000000
31, 19, -14.236917
31, 20, 22.719793
31, 21, -6.649523
31, 22, -16.541072
31, 23, 13.782781
31, 24, -55.293684
31, 25, 8.991748
31, 26, -19.049320
31, 28, -3.793803
31, 29, -0.118729
31, 30, 8.644961
31, 32, -8.079654
31, 34, 28.050133
31, 35, 20.994331
31, 36, 4.462472
31, 37, 6.118238
31, 38, -17.153876
31, 39, -28.666563
31, 42, -18.804651
31, 43, 35.964929
31, 44, -85.000000
31, 45, -18.078547
31, 46, -34.613507
31, 47, 24.047792
31, 48, -15.758172
31, 50, -18.698224
32, 1, -10.106092
32, 2, -40.421214
32, 3, 7.688622
32, 4, 4.410604
32, 5, 10.246446
32, 6, 6.190741
32, 7, -44.936056
32, 8, 20.347493
32, 9, -32.138429
32, 10, 26.908924
32, 11, 57.511101
32, 12, 47.396992
32, 13, 6.813080
32, 14, 22.853171
32, 16, -0.774819
32, 17, 4.447517
32, 19, -8.234857
32, 20, 25.883744
32, 21, -11.325563
32, 22, -18.158595
32, 23, 13.920591
32, 24, -56.842722
32, 25, 10.838229
32, 26, -28.063377
32, 28, -10.945276
32, 29, -1.254809
32, 30, 9.479165
32, 33, -49.000000
32, 35, 19.948698
32, 36, 2.418948
32, 37, -1.931464
32, 38, -22.839518
32, 39, -50.814175
32, 40, 2.056480
32, 42, -7.202841
32, 46, -34.386493
32, 48, -10.324456
32, 49, 15.138749
32, 50, -25.673071
33, 1, -13.099251
33, 2, -34.120408
33, 3, 14.326797
33, 4, 5.762549
33, 6, -5.774363
33, 7, -45.999637
33, 8, 10.913135
33, 11, 46.443011
33, 12, 41.379829
33, 13, -3.809801
33, 14, 11.786074
33, 15, 55.000000
33, 16, -1.357744
33, 17, 6.981430
33, 18, -20.868571
33, 19, -9.166327
33, 20, 25.083669
33, 21, -9.044835
33, 22, -21.092916
33, 23, 24.892614
33, 24, -55.776707
33, 25, 10.416318
33, 26, -19.832543
33, 27, -17.402145
33, 28, -2.257992
33, 29, 1.041548
33, 32, -0.636578
33, 34, 11.000000
33, 35, 16.264090
33, 37, 3.164401
33, 38, -20.241518
33, 40, -1.927961
33, 42, -14.978253
33, 45, 2.023934
33, 47, -95.988052
33, 48, -19.537706
33, 49, 8.187440
33, 50, -14.663111
34, 1, -17.841928
34, 2, -34.331150
34, 3, 5.166708
34, 4, 9.639363
34, 6, 4.932858
34, 8, 17.986178
34, 9, -50.825765
34, 10, -6.208953
34, 11, 43.002304
34, 12, 39.397750
34, 13, 8.834456
34, 14, 22.902027
34, 16, 0.088850
34, 17, 10.116222
34, 18, -21.131429
34, 19, -4.985265
34, 20, 28.132099
34, 21, -15.423490
34, 23, 20.142060
34, 24, -57.442820
34, 26, -28.788346
34, 27, -23.447109
34, 28, -8.897088
34, 29, -2.606284
34, 30, 4.000000
34, 31, -14.338701
34, 32, -6.282201
34, 33, 21.370563
34, 35, 16.968923
34, 36, 5.518828
34, 37, -4.029634
34, 40, 1.426707
34, 41, 25.035844
34, 42, -4.750970
34, 43, -18.105442
34, 44, 43.159448
34, 45, 19.165114
34, 46, 85.000000
34, 47, -63.645889
34, 48, -15.066986
34, 49, 10.861052
34, 50, -23.358656
35, 1, -19.726915
35, 2, -27.721871
35, 3, 11.119800
35, 4, 12.845023
35, 7, -42.820779
35, 8, 6.973418
35, 9, -54.321010
35, 10, -14.154395
35, 11, 32.427269
35, 12, 33.639223
35, 13, 0.617228
35, 14, 12.160798
35, 17, 10.731967
35, 19, -7.930952
35, 21, -12.024613
35, 22, -40.652836
35, 23, 29.116083
35, 24, -56.200084
35, 25, -15.561732
35, 27, -15.906494
35, 28, -1.132461
35, 29, 0.717911
35, 32, -0.965563
35, 33, 21.629437
35, 34, -13.145575
35, 35, 11.067145
35, 36, 12.834885
35, 38, -3.683115
35, 40, -3.105202
35, 43, -21.740354
35, 44, 37.535633
35, 45, 1.360590
35, 48, -21.386759
35, 49, 1.597649
35, 50, -12.485197
36, 1, -16.502260
36, 2, -24.387870
36, 3, 3.935631
36, 4, 18.489788
36, 6, -93.000000
36, 7, -23.160666
36, 8, 13.063066
36, 9, -50.764047
36, 10, -10.280538
36, 11, 31.078292
36, 12, 29.054354
36, 18, -8.195325
36, 19, -5.982862
36, 20, -25.295578
36, 21, -18.312206
36, 22, -32.994842
36, 23, 18.566732
36, 25, -15.438268
36, 26, -55.955500
36, 27, -21.445796
36, 28, -8.127957
36, 29, -6.502925
36, 30, -9.940260
36, 31, 13.672218
36, 32, -7.366362
36, 34, -14.074616
36, 35, 15.972465
36, 36, 11.154636
36, 37, 0.000000
36, 38, 1.167025
36, 39, -6.520697
36, 40, -0.743939
36, 42, 1.764010
36, 43, -18.276355
36, 44, 43.575289
36, 45, 17.219060
36, 46, 48.047792
36, 49, 1.646512
36, 50, -22.205454
37, 1, -15.852057
37, 2, -18.836669
37, 4, 21.590387
37, 5, -13.000000
37, 8, 2.145265
37, 10, -20.572748
37, 11, 25.461821
37, 12, 25.601435
37, 13, 13.609084
37, 14, -12.659277
37, 16, -43.000000
37, 17, -24.301246
37, 18, -8.804675
37, 19, -9.247484
37, 20, -25.640852
37, 21, -12.915521
37, 22, -38.220352
37, 23, 24.727464
37, 24, 34.176477
37, 26, -44.996320
37, 27, -14.373619
37, 28, -1.877682
37, 29, -2.371005
37, 30, -10.059740
37, 31, 14.677055
37, 32, -1.918557
37, 33, 6.282771
37, 34, -15.328960
37, 35, 7.580480
37, 36, 22.913676
37, 38, -4.488995
37, 39, 13.834092
37, 40, -4.692113
37, 42, 1.431971
37, 44, 38.052765
37, 45, 2.528076
37, 46, -8.772488
37, 48, 9.270823
37, 49, -6.371524
37, 50, -11.772015
38, 1, -6.775545
38, 2, -14.007774
38, 4, 27.291849
38, 6, 1.048288
38, 8, 6.046348
38, 10, -18.799703
38, 12, 21.509227
38, 13, 14.689885
38, 14, -32.934766
38, 15, 26.960458
38, 17, -16.823045
38, 19, -8.401922
38, 20, -28.222755
38, 21, -18.497757
38, 22, -28.002670
38, 23, 9.782283
38, 24, 33.302455
38, 25, -25.402424
38, 26, -56.054277
38, 28, -9.587321
38, 29, -12.184872
38, 31, 14.047275
38, 32, -8.346320
38, 33, 5.717229
38, 34, -18.250663
38, 35, 16.948429
38, 36, 22.756498
38, 37, -5.990982
38, 38, 1.206368
38, 39, -7.891393
38, 40, -2.012321
38, 42, 0.944560
38, 43, 62.000000
38, 44, 44.221096
38, 45, 17.140638
38, 48, 8.729177
38, 49, -5.760983
39, 1, -6.278795
39, 2, -11.015796
39, 3, 69.227302
39, 4, 28.161582
39, 5, 21.919936
39, 6, 2.321977
39, 8, -2.384936
39, 9, 14.410989
39, 10, -27.425993
39, 12, 22.037013
39, 13, 17.960061
39, 14, -13.528511
39, 15, 13.365420
39, 16, -4.338240
39, 17, -22.166165
39, 18, 84.000000
39, 19, -10.636956
39, 20, -30.055755
39, 21, -12.515160
39, 22, -32.683600
39, 23, 14.917415
39, 24, 34.536424
39, 25, -29.096077
39, 26, -45.255751
39, 27, -22.701535
39, 28, -4.057353
39, 29, -7.466393
39, 30, 30.815092
39, 32, -2.044626
39, 34, -20.272105
39, 35, 6.292919
39, 36, 34.940717
39, 37, -9.011086
39, 38, -3.248092
39, 39, 6.213708
39, 41, -38.802076
39, 42, -0.070202
39, 44, 38.451443
39, 45, 8.375714
39, 49, -9.980252
40, 1, 2.588822
40, 2, -8.270636
40, 3, 71.708544
40, 4, 32.397376
40, 5, 23.741183
40, 6, 0.886871
40, 7, 5.485577
40, 8, -1.629736
40, 9, 19.406375
40, 10, -23.598592
40, 13, 19.669241
40, 14, -30.620638
40, 15, 23.089970
40, 16, 1.788958
40, 17, -14.288991
40, 19, -9.651577
40, 20, -32.713992
40, 21, -18.121934
40, 22, -21.166704
40, 23, -0.599883
40, 24, 33.865227
40, 27, -14.838485
40, 28, -12.394625
40, 29, -17.551932
40, 30, 40.933852
40, 31, -67.068128
40, 32, -7.229113
40, 33, -95.000000
40, 34, -23.016665
40, 35, 18.771760
40, 36, 32.079601
40, 37, -3.987142
40, 38, 4.620739
40, 39, -9.839172
40, 40, -12.476371
40, 41, -45.127797
40, 42, 1.539081
40, 43, -12.649351
40, 45, 21.127484
40, 47, -19.258675
40, 48, -4.164422
40, 50, 28.207100
41, 1, -1.118456
41, 2, -7.930823
41, 3, 69.099118
41, 4, 30.458592
41, 5, 21.663629
41, 7, -7.635301
41, 8, -6.589089
41, 9, 13.999827
41, 12, -2.731662
41, 13, 26.555190
41, 14, -16.599047
41, 15, 10.252714
41, 16, -4.316489
41, 17, -18.167076
41, 18, 44.501874
41, 19, -10.884673
41, 20, -32.831026
41, 22, -26.285519
41, 23, 6.517630
41, 26, 50.864589
41, 27, -19.067399
41, 28, -6.558853
41, 29, -11.752932
41, 30, 28.201585
41, 31, -64.913312
41, 32, 0.139424
41, 34, -23.293470
41, 35, 6.820448
41, 36, 40.477318
41, 37, -6.068856
41, 38, 1.986385
41, 39, -1.619822
41, 40, -16.813435
41, 41, -38.346236
41, 42, 1.923654
41, 43, -12.350649
41, 44, 9.291198
41, 45, 17.621897
41, 46, -23.924329
41, 47, -25.932509
41, 48, -2.000985
41, 49, 21.312653
41, 50, 27.792900
42, 2, -9.620993
42, 5, 23.481273
42, 6, -13.108400
42, 7, -1.340895
42, 8, -8.654492
42, 9, 17.941080
42, 12, -13.322966
42, 13, 25.319165
42, 14, -25.593649
42, 15, 18.002625
42, 16, 2.076139
42, 17, -12.923728
42, 18, 40.196277
42, 19, -9.629632
42, 22, -15.186956
42, 23, -5.392112
42, 24, 7.000000
42, 27, -7.898041
42, 28, -15.151871
42, 29, -19.984921
42, 30, 35.103705
42, 31, -65.443416
42, 32, -3.570626
42, 33, -44.734166
42, 35, 20.672379
42, 37, 0.358421
42, 38, 10.924401
42, 39, -10.654705
42, 40, -13.043772
42, 41, -44.748269
42, 42, 8.044669
42, 44, 22.123230
42, 45, 27.072966
42, 47, -19.249180
42, 48, -3.919123
42, 49, 22.785114
43, 1, 18.082274
43, 2, -10.062398
43, 3, 42.525887
43, 4, -1.481042
43, 5, 21.543467
43, 6, 0.024809
43, 7, -12.182003
43, 8, -11.281467
43, 9, 12.493375
43, 10, 2.482861
43, 11, 20.848658
43, 12, -0.593690
43, 13, 33.437400
43, 14, -20.252515
43, 15, 6.492437
43, 16, -3.902391
43, 17, -16.557043
43, 18, 44.190575
43, 20, 86.051775
43, 22, -20.519065
43, 23, 5.197777
43, 25, -39.873800
43, 27, -8.692539
43, 28, -8.678748
43, 30, 23.291685
43, 31, -61.819383
43, 32, 4.033176
43, 33, -1.442122
43, 34, -53.840693
43, 35, 8.609802
43, 36, -38.834515
43, 37, -2.262808
43, 38, 9.189420
43, 39, -4.365409
43, 40, -18.115709
43, 42, 10.885393
43, 43, -32.350798
43, 44, 9.760791
43, 45, 24.951679
43, 46, -59.000000
43, 48, -1.700460
43, 49, 19.044179
44, 1, 5.923002
44, 2, -15.511165
44, 3, 42.474113
44, 4, 2.871727
44, 6, -14.807109
44, 7, -6.370170
44, 8, -14.342652
44, 9, 14.966298
44, 10, 14.472384
44, 12, -10.475984
44, 13, 28.974331
44, 14, -18.484637
44, 15, 14.388504
44, 17, -15.973668
44, 18, 39.797762
44, 19, -88.000000
44, 20, 85.948225
44, 21, 21.279049
44, 22, -11.204453
44, 23, -1.776179
44, 24, -0.191169
44, 25, -27.602504
44, 27, 5.015764
44, 28, -16.886643
44, 29, 3.310822
44, 30, 28.085474
44, 31, -62.231431
44, 32, 0.133976
44, 33, -44.244807
44, 34, -54.159307
44, 35, 22.347031
44, 36, -39.033568
44, 37, 4.081640
44, 38, 16.614372
44, 40, -16.350812
44, 41, -0.068371
44, 42, 20.565960
44, 43, -21.273796
44, 44, 22.027382
44, 45, 30.116090
44, 47, -7.120525
44, 49, 19.894538
45, 1, 14.200360
45, 2, -14.255556
45, 4, 2.744243
45, 5, 30.701126
45, 6, -4.714279
45, 7, -14.569377
45, 8, -16.268054
45, 9, 10.401841
45, 10, 5.331531
45, 11, -4.968532
45, 12, 1.569119
45, 13, 35.778699
45, 14, -22.572042
45, 16, -40.920346
45, 17, -19.817249
45, 21, 1.181393
45, 22, -15.915852
45, 23, 10.585674
45, 24, 0.191169
45, 25, -34.399672
45, 26, 57.450833
45, 27, 7.309552
45, 28, -9.998992
45, 29, 3.689178
45, 30, 19.497460
45, 31, -58.448314
45, 32, 6.676753
45, 33, 2.782717
45, 35, 10.460108
45, 36, -38.123556
45, 37, 0.475019
45, 38, 14.988752
45, 40, -21.342858
45, 41, -5.256971
45, 42, 24.794327
45, 43, -27.201188
45, 44, 10.628922
45, 46, -32.447479
45, 47, 3.734166
45, 48, 58.904416
45, 49, 16.946224
46, 1, -1.556502
46, 2, -20.552039
46, 4, 10.649439
46, 5, 30.298874
46, 6, -18.856109
46, 7, -4.464256
46, 8, -17.922337
46, 9, 11.777161
46, 10, 19.357117
46, 11, -13.665507
46, 13, 30.684426
46, 14, -12.845189
46, 16, -41.079654
46, 17, -23.165610
46, 19, 5.812641
46, 20, 59.443169
46, 21, 11.492642
46, 22, -9.081577
46, 23, 5.909166
46, 25, -20.467427
46, 26, 53.390476
46, 27, 21.408213
46, 28, -17.423583
46, 30, 24.792504
46, 31, -60.050392
46, 32, 0.517075
46, 34, -37.978375
46, 35, 23.189650
46, 36, -38.305540
46, 37, 5.766911
46, 38, 19.458174
46, 40, -20.319327
46, 41, 1.295713
46, 42, 34.530446
46, 43, -10.901608
46, 44, 21.323979
46, 45, -73.000000
46, 46, -26.754111
46, 47, -4.992549
46, 48, 59.095584
46, 50, 4.665454
47, 1, 6.071174
47, 2, -16.372698
47, 3, 11.677164
47, 4, 12.991919
47, 6, -12.317785
47, 7, -12.261471
47, 8, -19.774545
47, 9, 8.914424
47, 10, 11.530103
47, 11, -3.096321
47, 12, 75.091602
47, 13, 34.857340
47, 17, -26.251955
47, 19, 5.187359
47, 20, 62.321332
47, 21, -5.487413
47, 22, -12.575323
47, 23, 16.452181
47, 24, -33.000000
47, 25, -24.996801
47, 27, 24.701951
47, 28, -10.343448
47, 29, 99999.000000
47, 31, -57.262241
47, 32, 5.811598
47, 34, -44.776323
47, 37, 2.029335
47, 38, 18.115367
47, 39, -12.699681
47, 40, -23.558149
47, 41, -2.845833
47, 42, 38.214265
47, 43, -15.344132
47, 44, 10.987397
47, 46, -32.553478
47, 47, 6.486308
47, 49, 22.563093
48, 1, -10.254457
48, 3, 10.296465
48, 4, 21.028288
48, 5, -18.985339
48, 6, -23.574438
48, 7, 0.466973
48, 8, -18.916247
48, 9, 10.002570
48, 10, 25.235276
48, 11, -11.289775
48, 13, 31.539701
48, 15, 24.784762
48, 16, -46.843178
48, 17, -30.583363
48, 20, 59.595091
48, 21, 1.613253
48, 22, -8.131122
48, 23, 9.897684
48, 25, -10.988158
48, 26, -92.000000
48, 27, 35.786157
48, 30, -55.489117
48, 32, -2.476311
48, 34, -38.320658
48, 35, -14.259048
48, 36, -2.346825
48, 37, 6.336898
48, 38, 20.254689
48, 39, -7.710682
48, 41, 4.821763
48, 42, 44.904326
48, 43, 2.294844
48, 44, 20.618446
48, 45, 31.883050
48, 46, -26.884209
48, 47, -2.969310
48, 48, -24.333709
48, 49, 26.823549
48, 50, 30.572567
49, 1, -0.280125
49, 3, 11.136291
49, 4, 21.884346
49, 5, -23.449543
49, 6, -18.737313
49, 7, -9.780404
49, 8, -20.767921
49, 9, 8.604143
49, 10, 16.672693
49, 11, -1.394007
49, 13, 33.570082
49, 16, -49.289199
49, 17, -31.318301
49, 18, -35.765022
49, 19, -31.577662
49, 21, -9.808570
49, 22, -10.655723
49, 24, -76.000000
49, 25, -16.953797
49, 27, 36.422260
49, 28, -17.721212
49, 29, 24.127446
49, 30, -58.901666
49, 31, 44.685195
49, 32, 3.145722
49, 33, 13.610854
49, 34, -45.500568
49, 35, -14.740952
49, 36, -6.707899
49, 37, 3.178317
49, 38, 19.172645
49, 39, -14.090917
49, 40, 22.529870
49, 41, 0.369528
49, 42, 46.331854
49, 43, -5.245093
49, 45, 34.772810
49, 48, -29.481676
49, 49, 22.333575
49, 50, 33.289199
50, 1, -13.946235
50, 3, 9.740531
50, 4, 26.089164
50, 5, -18.619777
50, 6, -26.141533
50, 8, -18.484331
50, 10, 27.959694
50, 13, 31.978251
50, 14, -49.115498
50, 15, 61.000000
50, 16, -46.691256
50, 17, -33.705241
50, 18, -36.234978
50, 19, -31.422338
50, 20, 4.000000
50, 22, -7.774402
50, 23, 75.000000
50, 25, -6.245475
50, 26, 68.000000
50, 27, 41.699235
50, 28, -18.278788
50, 29, 23.872554
50, 30, -55.308709
50, 31, 44.314805
50, 32, -4.746026
50, 33, -1.270823
50, 34, -39.068225
50, 36, -3.082697
50, 37, 6.880497
50, 39, -9.027615
50, 40, 22.470130
50, 41, 7.197246
50, 42, 48.815260
50, 43, 8.550986
50, 44, -53.000000
50, 45, 31.451022
50, 46, -72.000000
50, 47, -8.000000
50, 48, -24.775233
50, 49, 26.576962
50, 50, 30.961867
