1, 1, 33.000000
1, 3, -25.739518
1, 4, 9.843697
1, 6, 3.956193
1, 7, 8.494705
1, 8, 34.401694
1, 9, -26.813722
1, 10, -19.000000
1, 11, 4.464876
1, 12, 99999.000000
1, 13, -86.000000
1, 14, -58.095327
1, 15, -38.000000
1, 16, 28.084788
1, 18, -85.000000
1, 19, -41.825781
1, 20, -20.729898
1, 21, -17.467892
1, 22, -14.009285
1, 23, 7.820582
1, 24, 12.675469
1, 25, -30.052833
1, 26, 99999.000000
1, 27, 62.000000
1, 28, 5.629254
1, 29, -41.000000
1, 30, -36.712073
1, 32, -9.553990
1, 33, -38.830016
1, 34, -10.852151
1, 35, -3.276591
1, 37, -82.000000
1, 38, -87.000000
1, 39, 82.000000
1, 40, -2.216878
1, 41, 15.993451
1, 42, -24.614084
1, 43, -36.590626
1, 45, 5.709095
1, 46, -81.000000
1, 47, -11.340233
1, 49, 45.000000
1, 50, 19.464944
2, 2, 10.268219
2, 3, -21.669779
2, 4, 15.184473
2, 5, -39.253213
2, 6, 1.720323
2, 7, 10.977463
2, 8, 34.598306
2, 9, -16.672071
2, 11, 5.058922
2, 14, -57.904673
2, 16, 0.029790
2, 17, -43.292734
2, 18, -91.035748
2, 19, -41.506524
2, 20, -28.716568
2, 21, -18.252385
2, 22, -8.613809
2, 23, 4.440489
2, 24, 18.846600
2, 25, -24.351937
2, 26, -29.767914
2, 28, 7.716926
2, 30, -31.363237
2, 31, 10.940736
2, 32, -9.881471
2, 33, -40.544684
2, 34, -17.195895
2, 35, -10.123511
2, 36, -70.532769
2, 40, -9.760015
2, 41, 17.888439
2, 42, -20.116293
2, 43, -33.085110
2, 44, -23.411952
2, 45, 14.693817
2, 47, -6.003342
2, 48, -8.842983
2, 50, 16.186604
3, 1, -15.636145
3, 2, 50.936467
3, 3, -25.884925
3, 4, 9.678827
3, 5, -46.108723
3, 6, 3.477080
3, 7, 8.496237
3, 9, -26.817347
3, 11, 2.623919
3, 12, 31.270979
3, 13, 99999.000000
3, 15, -25.886799
3, 16, 28.099157
3, 17, 0.072449
3, 18, 99999.000000
3, 19, -41.949855
3, 20, -20.701190
3, 21, -19.521434
3, 22, -14.038022
3, 23, 5.255826
3, 24, 12.765573
3, 25, -28.438853
3, 26, -29.857560
3, 27, 0.326919
3, 28, 5.636726
3, 29, 56.653500
3, 30, -36.706901
3, 31, 11.791999
3, 32, -8.319405
3, 33, -35.768518
3, 34, -9.635701
3, 35, -2.554562
3, 36, -70.467231
3, 37, -79.000000
3, 38, 41.783002
3, 39, -7.132424
3, 40, -2.710464
3, 41, 15.990194
3, 42, -24.609870
3, 43, -36.786591
3, 44, -5.093196
3, 45, 5.773888
3, 47, -9.309172
3, 48, -9.970927
3, 49, -45.668480
3, 50, 19.486026
4, 1, -16.559466
4, 2, 10.102303
4, 3, -21.913334
4, 4, 14.953849
4, 5, -39.346962
4, 6, 1.254395
4, 8, -37.937003
4, 9, -16.666207
4, 10, -95.000000
4, 11, 1.654751
4, 12, 32.367366
4, 14, 19.251097
4, 15, -26.113201
4, 16, 99999.000000
4, 17, -43.302888
4, 18, 97.000000
4, 19, -39.790331
4, 20, -28.692173
4, 21, -21.450037
4, 22, -8.647255
4, 23, 1.434057
4, 24, 19.035145
4, 25, -23.117613
4, 26, -29.131731
4, 27, -3.338245
4, 29, 53.051610
4, 30, -31.348751
4, 31, 11.003093
4, 32, -8.009073
4, 33, -35.015058
4, 34, -16.141234
4, 35, -8.878330
4, 38, 41.216998
4, 39, -1.403447
4, 40, -10.850209
4, 43, -33.316327
4, 44, -25.290507
4, 45, 14.776972
4, 46, 99999.000000
4, 47, -2.441086
4, 48, -8.851029
4, 49, -42.367948
4, 50, 16.208709
5, 1, -15.182334
5, 2, 50.939039
5, 3, -26.165799
5, 4, 9.504117
5, 5, -46.235813
5, 6, 2.916992
5, 7, 10.381247
5, 8, -26.017850
5, 9, -26.838284
5, 11, -1.905841
5, 12, 31.262741
5, 13, 4.651137
5, 14, 17.146818
5, 16, -24.948982
5, 17, 0.105564
5, 18, 99999.000000
5, 19, -42.351217
5, 21, -24.769571
5, 22, 99999.000000
5, 23, -1.083940
5, 24, 12.945761
5, 25, -25.009272
5, 26, -29.956087
5, 27, 1.832403
5, 28, -64.000000
5, 29, 56.661547
5, 30, 99999.000000
5, 31, 11.930816
5, 32, -5.187375
5, 33, -27.171367
5, 34, -6.328804
5, 35, -0.951994
5, 36, 8.259248
5, 39, -8.038675
5, 40, -3.663902
5, 41, 16.037799
5, 43, -37.196338
5, 44, -8.663279
5, 45, 5.831296
5, 46, -92.000000
5, 47, -4.099659
5, 49, -45.674687
5, 50, 19.498683
6, 1, -15.845255
6, 2, 9.928301
6, 3, -22.150500
6, 5, -39.440961
6, 6, 1.729845
6, 7, 14.416048
6, 8, -34.929080
6, 9, 99999.000000
6, 10, -9.475720
6, 11, -3.277849
6, 13, 10.464807
6, 14, 18.166384
6, 15, 99999.000000
6, 16, -14.598241
6, 17, 99999.000000
6, 18, 26.830665
6, 19, -37.299451
6, 20, -11.425256
6, 21, -26.586137
6, 22, 38.638559
6, 23, -3.003383
6, 24, 19.173698
6, 25, -22.311010
6, 26, -27.031823
6, 27, 0.457413
6, 28, 99999.000000
6, 30, -23.000000
6, 31, 11.130473
6, 32, -5.092272
6, 33, -25.102754
6, 34, -14.163312
6, 35, -7.225674
6, 36, 1.284597
6, 38, -22.045825
6, 39, -2.876052
6, 40, -11.920665
6, 41, 8.049582
6, 42, -57.301200
6, 43, -33.471119
6, 44, -29.483752
6, 47, 3.199976
6, 49, -42.379514
7, 1, -14.439554
7, 2, 99999.000000
7, 3, -26.299051
7, 4, -21.121671
7, 6, 3.720254
7, 7, 10.349253
7, 8, -21.084100
7, 9, 7.662020
7, 10, -2.292561
7, 11, -6.559507
7, 12, 21.842043
7, 13, 4.960953
7, 14, 14.140316
7, 15, 43.000000
7, 16, -23.149361
7, 17, -66.000000
7, 18, -29.000000
7, 19, -42.914649
7, 20, -18.355973
7, 21, -31.314526
7, 22, 11.931201
7, 23, -8.175998
7, 25, -22.643697
7, 26, -29.351108
7, 27, 5.905020
7, 28, -52.000000
7, 29, -21.981481
7, 31, 12.037307
7, 32, -1.717708
7, 33, -15.069278
7, 34, -1.966798
7, 35, 0.539991
7, 36, 6.929538
7, 38, -19.728535
7, 39, -9.812423
7, 40, -4.135841
7, 41, 13.763274
7, 42, -50.813611
7, 43, -37.403641
7, 44, -13.129983
7, 46, -8.568943
7, 47, 2.289243
7, 50, 10.642603
8, 1, -15.385766
8, 4, -21.878329
8, 5, 3.364793
8, 6, 4.051837
8, 8, -26.933222
8, 9, -15.985012
8, 10, -10.028855
8, 11, -6.863862
8, 12, 15.659903
8, 13, 10.678336
8, 14, 14.463093
8, 16, -14.339900
8, 19, -35.234737
8, 20, -10.874556
8, 21, -32.121033
8, 22, 36.972562
8, 23, -6.823781
8, 24, -2.000000
8, 25, -23.461229
8, 26, -23.133090
8, 27, 7.065730
8, 29, -26.845171
8, 30, -22.024962
8, 32, -2.488449
8, 33, -13.433894
8, 34, -11.826292
8, 35, -5.979798
8, 36, -1.040917
8, 37, -45.823962
8, 38, -20.111638
8, 39, -4.338096
8, 41, 2.434650
8, 42, -57.297943
8, 43, 99999.000000
8, 44, -32.853793
8, 45, 5.772944
8, 46, -9.034193
8, 47, 8.908023
8, 48, -9.920747
8, 49, 14.000000
8, 50, 18.504969
9, 3, -23.124604
9, 5, 4.570003
9, 6, 6.000246
9, 8, -12.945765
9, 9, 8.828879
9, 10, -3.340044
9, 11, -8.542940
9, 12, 21.840894
9, 13, 5.694676
9, 14, 7.609655
9, 15, 23.000000
9, 16, -18.861777
9, 17, 60.000000
9, 18, -12.000000
9, 19, -43.338075
9, 20, -16.638922
9, 21, -37.259528
9, 22, 11.766949
9, 23, -13.061511
9, 25, -23.266323
9, 26, -26.427339
9, 27, 11.582174
9, 29, -22.000372
9, 30, -17.438230
9, 31, -68.000000
9, 32, 0.254036
9, 33, -3.081453
9, 34, 1.805192
9, 35, 1.379257
9, 36, 4.266105
9, 37, -31.284252
9, 38, -17.225459
9, 39, -10.699165
9, 40, 12.852892
9, 41, 8.126567
9, 43, -1.788960
9, 44, -15.141733
9, 45, 2.765385
9, 46, -9.770955
9, 47, 7.786019
9, 48, -16.238712
9, 50, 10.600703
10, 1, 7.302445
10, 2, -44.273950
10, 3, -25.051441
10, 4, -5.135387
10, 5, 3.396395
10, 6, 7.153903
10, 7, -11.506451
10, 8, -16.720724
10, 9, -13.674319
10, 10, -11.101101
10, 13, 10.972001
10, 14, 7.432291
10, 16, -13.800501
10, 18, 99999.000000
10, 19, -34.452612
10, 20, -9.443015
10, 21, -36.870289
10, 22, 32.340405
10, 23, -8.574825
10, 24, -13.538203
10, 25, -26.390373
10, 26, -17.414935
10, 27, 14.986685
10, 29, -26.869220
10, 30, -21.998588
10, 32, -1.441954
10, 33, -3.872840
10, 34, -10.180047
10, 35, -5.394523
10, 36, -3.377859
10, 37, -45.886450
10, 38, -14.557722
10, 40, 20.192602
10, 41, -6.121063
10, 42, -54.010973
10, 43, 47.000000
10, 45, 5.941355
10, 46, -11.550169
10, 47, 13.013679
10, 48, -11.029326
10, 49, 2.556245
10, 50, 18.455239
11, 1, 18.666462
11, 2, -47.717012
11, 3, -23.647968
11, 4, 5.393364
11, 5, 4.601162
11, 6, 7.976794
11, 7, -17.388379
11, 8, -4.558168
11, 9, 11.726572
11, 10, -4.374223
11, 11, -25.972978
11, 12, -16.000000
11, 13, 6.308869
11, 14, -2.549746
11, 15, 0.000000
11, 16, -14.592348
11, 17, -5.741065
11, 20, -13.681842
11, 21, -41.289555
11, 22, 10.935139
11, 23, -14.309027
11, 24, -15.779912
11, 25, -26.314515
11, 26, -20.377500
11, 27, 17.755867
11, 28, 9.514895
11, 30, -17.417618
11, 32, -0.437821
11, 33, 4.465513
11, 34, 3.319194
11, 35, 1.623768
11, 36, 2.915203
11, 37, -31.562649
11, 38, -12.480827
11, 39, -2.062316
11, 40, 15.756745
11, 41, 1.669025
11, 42, -53.289610
11, 44, 9.175110
11, 45, 2.983422
11, 46, -12.925569
11, 47, 10.917439
11, 48, -18.308590
11, 49, 8.816329
11, 50, 10.569301
12, 1, 8.450134
12, 2, -45.098769
12, 3, -26.283332
12, 4, -2.776750
12, 6, 8.554806
12, 7, -12.623632
12, 8, -8.152551
12, 9, -8.520627
12, 10, -11.629954
12, 11, -25.773131
12, 13, 11.114908
12, 14, -2.830397
12, 15, 11.065537
12, 16, -13.512371
12, 17, -7.247222
12, 18, 0.685460
12, 19, -0.791465
12, 20, -7.275248
12, 21, -40.065679
12, 22, 25.561229
12, 23, -8.007557
12, 24, -13.390369
12, 25, -29.218094
12, 26, -10.477982
12, 27, 22.632591
12, 28, 9.485105
12, 29, 80.000000
12, 31, 18.735338
12, 32, -2.438399
12, 33, -0.136391
12, 37, -46.066327
12, 38, -6.250776
12, 39, -2.490548
12, 40, 25.459062
12, 41, -14.216427
12, 42, -54.019978
12, 43, -14.516951
12, 44, 4.498741
12, 45, 6.095420
12, 46, -15.581203
12, 47, 14.510199
12, 48, -13.244307
12, 49, 2.602422
13, 1, 19.765211
13, 2, -48.989734
13, 3, -24.821249
13, 4, 8.595813
13, 5, 44.615730
13, 6, 7.321653
13, 7, -18.314705
13, 8, 0.781621
13, 9, 14.696559
13, 11, -25.700746
13, 12, 99999.000000
13, 14, -15.166914
13, 15, 99999.000000
13, 16, -12.816675
13, 17, -5.714660
13, 18, 0.213173
13, 19, -5.066501
13, 20, -9.829806
13, 21, -42.707278
13, 22, 8.854146
13, 23, -12.532599
13, 24, -15.522997
13, 25, -29.244182
13, 26, -12.019234
13, 27, 23.393065
13, 30, -36.268946
13, 31, 18.264662
13, 32, -3.600197
13, 34, -3.488550
13, 35, 4.161799
13, 36, -44.035748
13, 37, -31.955822
13, 38, -6.237858
13, 39, -2.138676
13, 40, 22.214159
13, 41, -3.384372
13, 43, -16.786989
13, 44, 9.131644
13, 46, -16.611407
13, 48, -20.387496
13, 49, 8.858436
13, 50, 9.137938
14, 1, 11.624920
14, 2, -47.107383
14, 3, -27.816848
14, 4, 3.357087
14, 5, 34.983284
14, 6, 6.314786
14, 7, -15.418943
14, 8, -4.782910
14, 9, -4.394612
14, 10, 26.443248
14, 11, -25.421509
14, 12, 13.607430
14, 13, -12.015925
14, 14, -14.738383
14, 16, 99999.000000
14, 17, -7.217916
14, 18, 0.680513
14, 19, -0.755467
14, 20, -4.109517
14, 21, -41.204373
14, 22, 17.789100
14, 23, -6.104027
14, 24, -13.132615
14, 25, -29.784366
14, 26, -3.475932
14, 27, 28.705491
14, 28, -31.314528
14, 30, -53.001327
14, 32, -4.897888
14, 33, -43.518782
14, 34, -2.511450
14, 35, 3.234541
14, 36, -43.964252
14, 37, -46.231625
14, 38, 3.107270
14, 39, -2.586393
14, 40, 31.985164
14, 41, -19.568505
14, 42, 99999.000000
14, 43, -15.132540
14, 44, 4.450399
14, 46, -19.260799
14, 47, -8.944044
14, 48, -14.370360
14, 50, 8.465305
15, 1, 21.747717
15, 2, -50.792959
15, 3, -25.763103
15, 4, 13.739767
15, 5, 42.263813
15, 6, 2.942649
15, 7, -19.642914
15, 9, 15.948434
15, 10, 11.738323
15, 11, -25.173754
15, 12, -9.231779
15, 13, -3.784682
15, 14, -27.694204
15, 15, 99999.000000
15, 16, -6.048917
15, 18, 0.212821
15, 19, -5.031752
15, 20, -5.081110
15, 21, 99999.000000
15, 22, 5.591032
15, 23, -9.868295
15, 24, -15.287594
15, 25, -29.448477
15, 26, -3.441792
15, 27, 27.698726
15, 28, -33.531174
15, 29, 33.748778
15, 30, -36.237483
15, 31, -84.000000
15, 32, -7.676869
15, 33, -45.951332
15, 35, 6.213639
15, 37, -32.148882
15, 38, 0.127912
15, 39, -2.206170
15, 40, 27.382430
15, 41, -6.006122
15, 42, 40.000000
15, 43, -17.749570
15, 45, -10.241463
15, 46, -18.927996
15, 47, -16.028136
15, 49, 7.742071
15, 50, 6.726408
16, 1, 15.971270
16, 2, -49.256415
16, 3, -28.499427
16, 4, 11.308685
16, 5, 30.542293
16, 6, 0.409817
16, 7, -18.510226
16, 8, -21.282332
16, 10, 26.088602
16, 11, -25.076094
16, 12, 13.564787
16, 13, -11.938532
16, 14, -25.430217
16, 15, -37.038563
16, 16, -3.168199
16, 17, 53.753212
16, 20, 0.464247
16, 21, 10.782070
16, 22, 10.678981
16, 23, -4.510152
16, 24, -13.016662
16, 25, -27.160632
16, 26, 2.229703
16, 27, 32.570930
16, 28, -31.308860
16, 29, 29.504012
16, 30, -53.007679
16, 32, -7.409772
16, 33, -43.534622
16, 34, 2.000000
16, 35, 6.771209
16, 36, 66.000000
16, 38, 11.212229
16, 40, 34.893592
16, 41, -21.384407
16, 43, -16.113594
16, 44, 26.468160
16, 45, -17.244549
16, 46, -20.588259
16, 47, -8.965852
16, 48, -8.494652
16, 49, -2.754508
16, 50, 4.416815
17, 1, 24.035985
17, 2, -52.227845
17, 4, 19.363017
17, 5, 35.237150
17, 6, -4.410385
17, 7, -20.706173
17, 8, -24.026019
17, 9, -26.248859
17, 10, 11.136730
17, 11, -24.910193
17, 12, -9.214908
17, 13, -3.730043
17, 14, -36.969641
17, 15, -23.114244
17, 16, -7.696534
17, 17, 53.246788
17, 18, 13.657536
17, 19, 86.000000
17, 20, 0.572054
17, 21, 0.292514
17, 22, 2.376879
17, 23, -8.638807
17, 25, -26.040387
17, 26, 2.952280
17, 27, 30.341470
17, 28, -33.536588
17, 29, 33.521866
17, 30, -36.208036
17, 31, 99999.000000
17, 32, -10.508218
17, 33, -45.963988
17, 35, 10.294800
17, 38, 4.899232
17, 39, 9.952339
17, 42, -9.281815
17, 43, -18.348638
17, 44, 30.398243
17, 45, -10.227333
17, 46, -18.353473
17, 47, -16.066358
17, 48, -1.653865
17, 49, 6.829102
17, 50, 0.701109
18, 1, 19.862526
18, 2, -50.573289
18, 3, -73.000000
18, 4, 19.387521
18, 5, 21.913483
18, 6, -7.502035
18, 7, -20.465426
18, 8, -21.607544
18, 9, -25.721659
18, 10, 25.378878
18, 12, 13.520587
18, 13, -11.841609
18, 14, -31.796181
18, 15, -36.685250
18, 16, -4.210407
18, 18, 4.030407
18, 20, 6.358062
18, 21, 10.464782
18, 22, 6.305263
18, 24, -33.642524
18, 25, -22.173767
18, 26, 5.450040
18, 27, 34.424354
18, 29, 29.217389
18, 30, 99999.000000
18, 32, -8.477370
18, 34, 23.000000
18, 35, 10.311068
18, 36, 21.544684
18, 37, 73.000000
18, 38, 15.893163
18, 39, 19.324648
18, 40, 5.889251
18, 41, 34.772164
18, 42, -5.090616
18, 44, 26.460880
18, 45, -17.215741
18, 46, -18.441363
18, 47, -8.998786
18, 48, -8.456965
18, 49, -4.427573
18, 50, -1.720177
19, 1, 25.628352
19, 2, -52.745960
19, 4, 24.629838
19, 5, 24.116685
19, 6, -12.805922
19, 7, -21.089149
19, 8, -24.572728
19, 9, -26.224719
19, 10, 10.538101
19, 11, -16.187379
19, 13, -3.715253
19, 14, -40.399271
19, 15, -23.515906
19, 16, -12.148938
19, 17, -38.091733
19, 18, 13.071323
19, 19, 11.330194
19, 20, 6.691759
19, 21, 0.782607
19, 22, 0.994599
19, 23, -0.383442
19, 24, -34.357476
19, 25, -20.367776
19, 26, 5.327402
19, 27, 31.498478
19, 28, -19.544254
19, 29, 33.181945
19, 30, -57.377862
19, 31, -90.000000
19, 33, 21.267630
19, 35, 12.349952
19, 36, 21.455316
19, 38, 6.662536
19, 39, 8.433596
19, 40, -1.683271
19, 41, 34.602293
19, 42, -9.978753
19, 45, -10.198174
19, 46, -14.583199
19, 48, -1.614042
19, 49, 4.568350
19, 50, -6.087729
20, 1, 21.455195
20, 3, 62.000000
20, 4, 26.818727
20, 5, 10.378470
20, 6, -15.195589
20, 8, -22.141765
20, 10, 25.016983
20, 11, -9.732080
20, 15, -35.994912
20, 16, -7.019594
20, 17, -37.967652
20, 18, 3.025526
20, 19, 4.678234
20, 20, 12.667761
20, 21, 9.892873
20, 23, -9.633414
20, 25, -16.871715
20, 27, 34.919433
20, 28, -9.535009
20, 29, 29.052315
20, 30, -78.000000
20, 33, 12.447599
20, 34, 6.313162
20, 37, -37.270620
20, 39, 16.602782
20, 40, 5.904159
20, 41, 34.757297
20, 42, -7.428701
20, 43, 63.000000
20, 44, -8.640802
20, 46, -13.316646
20, 47, 25.177024
20, 49, -6.897127
20, 50, -7.082543
21, 2, 66.000000
21, 4, 29.354214
21, 5, 11.155439
21, 6, -20.049098
21, 7, -12.762939
21, 8, -24.925831
21, 11, -16.284996
21, 12, -29.947080
21, 13, -58.244275
21, 14, 8.132102
21, 15, -24.128747
21, 16, -17.948405
21, 17, -34.762123
21, 18, 11.943827
21, 19, 12.094334
21, 20, 12.384343
21, 21, 2.281255
21, 23, -0.372322
21, 25, -15.177295
21, 28, -21.265383
21, 31, -11.539055
21, 32, -13.000000
21, 33, 21.890189
21, 34, 19.605515
21, 35, 16.350496
21, 36, -27.697408
21, 37, -37.729380
21, 38, 7.787975
21, 39, 4.107260
21, 40, -1.365137
21, 41, 34.595767
21, 42, -11.821295
21, 43, 75.071495
21, 44, -7.119077
21, 45, 3.967687
21, 46, -8.894835
21, 47, 23.770666
21, 48, -35.129360
21, 49, 2.044006
21, 50, -10.499134
22, 1, -96.000000
22, 2, 99999.000000
22, 3, 23.455155
22, 4, 33.354703
22, 5, -1.050239
22, 6, -20.722772
22, 7, -15.344574
22, 10, -6.953441
22, 11, -9.704058
22, 12, -29.373568
22, 13, -57.755725
22, 14, 14.563756
22, 15, -35.649530
22, 16, -10.495194
22, 17, -31.323079
22, 18, 2.045741
22, 19, 5.892087
22, 20, 18.046220
22, 21, 9.640695
22, 22, 80.514895
22, 23, -9.621815
22, 24, -62.072073
22, 25, -13.494316
22, 26, 45.454523
22, 28, -12.992032
22, 31, -12.306866
22, 33, 13.681172
22, 34, 6.154183
22, 35, 6.826502
22, 36, -25.552185
22, 38, 5.956791
22, 39, 11.567846
22, 40, 5.919343
22, 42, -11.423515
22, 43, 99999.000000
22, 44, -9.271625
22, 45, 5.886522
22, 46, -7.324989
22, 47, 23.913439
22, 48, -29.316879
22, 49, -8.993327
22, 50, -9.202248
23, 3, 23.069295
23, 4, 33.419271
23, 5, 0.440363
23, 6, -24.255946
23, 7, -12.685163
23, 8, 7.209004
23, 9, -7.820928
23, 10, -1.095373
23, 11, -16.455641
23, 12, -28.924606
23, 14, 8.151899
23, 16, -22.902240
23, 17, -26.299516
23, 18, 11.385349
23, 19, 13.309604
23, 20, 16.784000
23, 21, 4.571351
23, 22, 80.485105
23, 23, -0.365083
23, 24, -48.237102
23, 25, -13.082715
23, 26, 47.042146
23, 28, -25.420945
23, 30, 16.858184
23, 31, -13.357331
23, 32, 91.000000
23, 33, 23.527455
23, 34, 19.569260
23, 35, 17.264743
23, 36, -25.728393
23, 37, 76.000000
23, 38, 7.788603
23, 39, -2.688340
23, 40, -0.968552
23, 41, 24.986622
23, 42, -13.978172
23, 43, -5.205685
23, 44, -7.912443
23, 45, 3.939962
23, 46, -3.759094
23, 47, 21.826097
23, 48, -35.118248
23, 49, 0.414400
24, 1, 12.852543
24, 2, -73.000000
24, 3, 23.648063
24, 4, 38.535919
24, 5, -8.296989
24, 6, -22.745851
24, 7, -15.247111
24, 8, 7.601102
24, 9, -12.361959
24, 10, -6.599428
24, 11, -9.634917
24, 12, -27.885051
24, 13, 33.000000
24, 14, 14.589396
24, 15, 3.950039
24, 16, -12.941906
24, 17, -21.034694
24, 19, 6.649524
24, 20, 21.492312
24, 21, 9.876475
24, 24, -62.344815
24, 26, 45.445327
24, 27, -12.350392
24, 28, -18.072158
24, 29, -54.740128
24, 30, 11.167403
24, 31, -16.295902
24, 33, 15.703854
24, 34, 5.991889
24, 35, 9.734989
24, 36, -21.895181
24, 37, 99999.000000
24, 38, 5.963311
24, 39, 4.630935
24, 40, 5.930554
24, 41, 32.082058
24, 42, -15.764829
24, 43, 29.086081
24, 44, -10.628877
24, 45, 5.862505
24, 46, -3.294300
24, 47, 20.911412
24, 49, -9.804775
24, 50, -62.000000
25, 1, 14.287849
25, 3, 23.358016
25, 4, 36.337632
25, 5, -3.766439
25, 7, -12.621110
25, 8, 7.226375
25, 9, -9.879507
25, 10, -0.480491
25, 11, -16.560618
25, 12, -26.661658
25, 15, -6.807388
25, 16, -24.876184
25, 17, -16.552267
25, 18, 14.000000
25, 20, 19.617759
25, 21, 7.061327
25, 22, -3.967034
25, 24, -49.000490
25, 25, 25.000000
25, 27, -16.606600
25, 28, -29.871101
25, 29, -44.398040
25, 30, 16.130123
25, 31, -17.726261
25, 33, 25.480796
25, 34, 99999.000000
25, 35, 19.322581
25, 36, -20.513254
25, 38, 7.796976
25, 39, -11.659982
25, 40, -0.784315
25, 41, 25.028772
25, 42, -15.336033
25, 43, -3.268991
25, 44, -8.832909
25, 46, -1.676112
25, 47, 19.096109
25, 48, -2.041739
26, 1, 12.846556
26, 2, -51.125117
26, 3, 24.070829
26, 4, 41.497730
26, 6, 3.386976
26, 8, 7.613798
26, 9, -16.283403
26, 10, -6.042058
26, 11, -9.589325
26, 12, -26.047632
26, 13, 54.797430
26, 14, -49.874544
26, 15, 3.937277
26, 17, -11.840718
26, 19, -23.278335
26, 20, 22.954215
26, 21, 10.323916
26, 22, -1.921341
26, 23, -0.789242
26, 24, -62.980208
26, 26, -19.182465
26, 27, -12.034793
26, 28, -22.343912
26, 29, -54.785971
26, 30, 10.532610
26, 31, -21.932710
26, 32, -44.000000
26, 33, 17.619189
26, 34, 28.788203
26, 35, 13.936767
26, 36, -15.643356
26, 39, -3.718896
26, 41, 32.122072
26, 42, -18.998138
26, 43, 29.752716
26, 44, -11.849264
26, 47, 17.912825
26, 48, -12.346300
26, 49, 38.000000
26, 50, -25.194750
27, 1, 14.283635
27, 2, -50.874883
27, 3, 23.676446
27, 4, 37.422427
27, 5, 5.258341
27, 6, 13.899807
27, 7, 18.998120
27, 9, -15.059964
27, 10, -0.100168
27, 12, -24.854144
27, 13, 55.202570
27, 14, -43.417172
27, 15, -6.820835
27, 16, -6.746280
27, 17, -10.087627
27, 18, -3.204359
27, 19, -21.512516
27, 20, 21.359748
27, 21, 8.977660
27, 22, -5.302142
27, 23, -2.493186
27, 24, -49.987747
27, 25, -56.000000
27, 26, -26.943355
27, 27, -16.127519
27, 28, -32.623191
27, 29, -44.462992
27, 30, 14.372710
27, 31, -22.100361
27, 32, -50.035748
27, 33, 26.821144
27, 34, 8.372062
27, 35, 21.142842
27, 36, -13.742224
27, 37, 9.535281
27, 38, -16.614886
27, 39, -22.149410
27, 40, -11.045013
27, 42, -15.070468
27, 43, 1.435666
27, 44, -9.378273
27, 45, -28.027322
27, 46, 2.780124
27, 47, 17.153019
27, 48, -2.731331
27, 50, -32.287213
28, 3, 24.304931
28, 5, -11.271395
28, 6, 2.374305
28, 7, 17.111561
28, 8, -22.121671
28, 9, -22.296515
28, 12, -25.227683
28, 14, -49.884890
28, 16, -7.270783
28, 17, -8.144244
28, 18, 0.812487
28, 19, -21.752411
28, 20, 23.262563
28, 21, 10.642421
28, 22, -5.203862
28, 23, 1.816629
28, 24, -63.505860
28, 26, -19.206757
28, 27, -11.565765
28, 28, -23.980673
28, 29, -54.837070
28, 30, 9.696073
28, 31, -25.929924
28, 32, 99999.000000
28, 33, 18.428495
28, 34, 28.704528
28, 35, 17.288371
28, 36, -8.637901
28, 37, 10.464719
28, 38, -13.171176
28, 39, -12.308539
28, 40, -13.637296
28, 41, -28.537031
28, 42, -20.216992
28, 43, 31.288373
28, 44, -12.470651
28, 45, -17.193131
28, 46, -1.676585
28, 47, 16.653481
28, 48, -13.265063
28, 49, -81.035748
28, 50, -24.042884
29, 1, -6.896352
29, 5, 5.907896
29, 6, 12.129092
29, 7, 19.018236
29, 8, -22.878329
29, 9, -20.961681
29, 10, 26.269855
29, 11, 59.013228
29, 13, 99999.000000
29, 15, 99999.000000
29, 16, -5.896206
29, 18, -3.225433
29, 19, -18.344768
29, 20, 22.776646
29, 21, 9.702804
29, 22, -8.615840
29, 23, 1.438089
29, 24, -50.443995
29, 25, 10.023511
29, 26, -27.218634
29, 27, -15.850584
29, 30, 12.478635
29, 31, -23.925060
29, 32, -3.230623
29, 34, 8.451492
29, 35, 21.659401
29, 36, -7.525764
29, 38, -17.381139
29, 39, -32.547692
29, 40, -11.020189
29, 41, -21.535269
29, 42, -13.179305
29, 43, 6.215096
29, 44, -9.527582
29, 45, -28.085982
29, 46, 2.764414
29, 48, -4.779727
29, 49, -80.964252
29, 50, -30.607517
30, 1, -4.233405
30, 2, -34.033492
30, 3, 15.519752
30, 4, 6.087796
30, 5, -10.876886
30, 6, -0.004448
30, 9, -27.623456
30, 10, 27.381710
30, 11, 54.163423
30, 12, 41.867575
30, 13, -6.721030
30, 14, 12.109163
30, 15, 12.562558
30, 16, -5.918630
30, 17, 4.677042
30, 19, -18.044924
30, 20, 23.399044
30, 22, -9.952182
30, 23, 8.352925
30, 25, 9.091700
30, 26, -19.302184
30, 28, -2.837841
30, 29, 0.145493
30, 30, 9.076900
30, 32, -8.119159
30, 33, -62.000000
30, 34, 28.587409
30, 35, 18.322314
30, 36, -3.103678
30, 37, 4.865157
30, 38, -14.520762
30, 39, -19.016725
30, 40, -13.622345
30, 41, -28.535690
30, 42, -19.568407
30, 43, 32.557971
30, 45, -17.274205
30, 47, 24.071495
30, 48, -14.987764
30, 50, -21.183247
31, 1, -8.162661
31, 2, -37.465269
31, 3, 7.189729
31, 4, 7.213363
31, 5, 7.151275
31, 6, 9.681219
31, 7, -44.916936
31, 8, 17.970937
31, 9, -24.844154
31, 10, 26.305852
31, 11, 56.264344
31, 12, 44.112647
31, 13, 7.772369
31, 14, 23.039905
31, 15, 2.000000
31, 16, -4.070588
31, 17, 5.351512
31, 18, 63.000000
31, 19, -13.745459
31, 20, 24.198235
31, 21, -13.705985
31, 22, -12.027599
31, 23, 7.279064
31, 24, -57.086779
31, 25, 10.110547
31, 26, -27.635642
31, 28, -10.424289
31, 29, -2.412767
31, 30, 11.293164
31, 31, -69.000000
31, 32, -3.226600
31, 34, 8.534964
31, 35, 20.766636
31, 36, -3.800801
31, 37, -1.703369
31, 38, -18.915556
31, 39, -40.385359
31, 42, -10.599627
31, 43, 8.237863
31, 44, -85.000000
31, 45, -28.147484
31, 46, -34.330199
31, 47, 23.928505
31, 48, -7.729282
31, 50, -28.051434
32, 1, -7.434174
32, 2, -32.595013
32, 3, 14.958180
32, 4, 7.514957
32, 5, -10.645039
32, 6, -2.295351
32, 7, -46.195853
32, 8, 9.339982
32, 9, -29.756391
32, 10, 27.417183
32, 11, 49.163370
32, 12, 40.292979
32, 13, -6.003290
32, 14, 12.099170
32, 16, -4.313794
32, 17, 5.265842
32, 19, -13.972990
32, 20, 23.726154
32, 21, -9.430486
32, 22, -13.380994
32, 23, 15.745494
32, 24, -55.727197
32, 25, 9.217076
32, 26, -19.456983
32, 28, -2.688239
32, 29, 0.001384
32, 30, 8.857390
32, 31, 99999.000000
32, 33, -49.000000
32, 35, 16.880243
32, 36, -0.976900
32, 37, 4.703759
32, 38, -15.882893
32, 39, -21.585482
32, 40, -2.924387
32, 42, -18.194416
32, 46, -34.669801
32, 48, -16.983205
32, 49, 3.360230
32, 50, -17.827148
33, 1, -10.482204
33, 2, -33.977226
33, 3, 6.517843
33, 4, 10.155941
33, 5, 7.760141
33, 6, 7.996458
33, 7, -44.899119
33, 8, 16.807944
33, 11, 49.562662
33, 12, 40.430848
33, 13, 7.879509
33, 14, 23.048800
33, 15, 55.000000
33, 16, -2.675401
33, 17, 6.305073
33, 18, -21.196612
33, 19, -9.852777
33, 20, 25.223594
33, 21, -14.392930
33, 22, -13.474096
33, 23, 12.061142
33, 24, -57.119333
33, 25, 10.210951
33, 26, -27.960980
33, 27, -22.513444
33, 28, -10.032675
33, 29, -3.648461
33, 31, -14.258704
33, 32, -6.983410
33, 34, 11.000000
33, 35, 19.213432
33, 37, -1.916334
33, 38, -19.696542
33, 39, -43.324908
33, 40, 0.646584
33, 42, -8.760283
33, 45, 18.419954
33, 47, -63.618072
33, 48, -10.445888
33, 49, 7.990618
33, 50, -25.593159
34, 1, -11.017279
34, 2, -28.577841
34, 3, 13.858451
34, 4, 11.512120
34, 5, 99999.000000
34, 6, -3.208135
34, 8, 7.405416
34, 9, -54.399206
34, 10, -18.618411
34, 11, 41.992061
34, 12, 36.257217
34, 13, -4.862601
34, 14, 12.112590
34, 16, -3.643343
34, 17, 6.209672
34, 18, -20.803388
34, 19, -11.090815
34, 20, 23.939499
34, 21, -10.329926
34, 23, 20.686742
34, 24, -55.769499
34, 26, -19.551811
34, 27, -15.957927
34, 28, -2.487837
34, 29, -0.753098
34, 30, 4.000000
34, 31, -55.000000
34, 32, -1.199638
34, 33, 21.693633
34, 35, 13.928696
34, 36, 20.133316
34, 37, 4.550138
34, 39, 99999.000000
34, 40, -3.103684
34, 41, 16.000000
34, 42, -17.507855
34, 43, -21.814367
34, 44, 37.855390
34, 45, 2.850153
34, 46, 85.000000
34, 47, -95.982126
34, 48, -18.354163
34, 49, 1.924836
34, 50, -15.090048
35, 1, -11.126924
35, 2, -27.912004
35, 3, 5.857128
35, 4, 15.368701
35, 5, 36.000000
35, 7, -23.202738
35, 8, 13.451679
35, 9, -50.862293
35, 10, -12.622769
35, 11, 42.732581
35, 12, 34.699925
35, 13, 7.993592
35, 14, 23.073346
35, 15, -90.000000
35, 17, 6.908608
35, 19, -7.885874
35, 21, -15.874732
35, 22, -29.062763
35, 23, 13.395855
35, 24, -57.148967
35, 25, -15.407652
35, 27, -22.414418
35, 28, -9.777236
35, 29, -6.208009
35, 32, -7.030216
35, 33, 21.306367
35, 34, -17.080654
35, 35, 17.989269
35, 36, 14.659461
35, 38, 2.240598
35, 39, -7.719267
35, 40, 0.194221
35, 41, 25.053621
35, 43, -18.258732
35, 44, 43.677062
35, 45, 18.536000
35, 47, -63.602362
35, 48, -11.567809
35, 49, 5.050013
35, 50, -23.912827
36, 1, -12.142386
36, 2, -22.946973
36, 3, 13.306347
36, 4, 16.984186
36, 6, -93.000000
36, 7, -42.731893
36, 8, 4.037998
36, 9, -54.396716
36, 10, -19.697408
36, 11, 36.820466
36, 12, 31.553522
36, 15, 99999.000000
36, 18, -8.955782
36, 19, -9.886381
36, 20, -28.186912
36, 21, -11.447848
36, 22, -36.125035
36, 23, 21.320684
36, 25, -15.592348
36, 26, -45.195433
36, 27, -15.819702
36, 28, -2.747250
36, 29, -2.529818
36, 30, -10.089369
36, 31, 14.687324
36, 32, -1.174804
36, 34, -16.778641
36, 35, 10.848770
36, 36, 22.335755
36, 37, 0.000000
36, 38, -3.009202
36, 39, 8.625979
36, 40, -3.495432
36, 41, 99999.000000
36, 42, 1.458619
36, 43, -21.821264
36, 44, 37.911026
36, 45, 4.580586
36, 46, -8.844952
36, 47, 99999.000000
36, 49, -1.273823
36, 50, -13.606235
37, 1, -8.916462
37, 2, -21.091974
37, 4, 21.334137
37, 5, -13.000000
37, 7, -23.179748
37, 8, 8.314651
37, 10, -14.708419
37, 11, 39.834248
37, 12, 29.559694
37, 13, 18.253011
37, 14, -30.617047
37, 15, 24.023180
37, 16, -43.000000
37, 17, -15.492185
37, 18, -8.044218
37, 19, -7.702755
37, 20, -28.910426
37, 21, -17.233384
37, 22, -27.603401
37, 23, 10.812511
37, 24, 33.591930
37, 26, -56.108316
37, 27, -22.311402
37, 28, -10.249853
37, 29, -9.766955
37, 30, -9.910631
37, 31, 13.875366
37, 32, -6.927521
37, 33, 5.576987
37, 34, -17.801086
37, 35, 17.714689
37, 36, 18.420505
37, 38, 2.934013
37, 39, -8.009523
37, 40, -0.276416
37, 41, 99999.000000
37, 42, 2.375246
37, 44, 43.784266
37, 45, 19.257258
37, 46, 48.071495
37, 47, -80.000000
37, 48, 8.594861
37, 49, 1.391058
37, 50, -23.320504
38, 1, -10.531850
38, 2, -17.308232
38, 4, 22.192944
38, 6, 2.354792
38, 7, 99999.000000
38, 8, -0.104725
38, 10, -21.863598
38, 12, 28.410997
38, 13, 20.560748
38, 14, -14.883089
38, 15, 11.092777
38, 17, -21.249322
38, 19, -9.867662
38, 20, -28.627458
38, 21, -12.213283
38, 22, -33.510937
38, 23, 18.180389
38, 24, 34.555623
38, 25, -29.133191
38, 26, -45.198613
38, 28, -3.761407
38, 29, -5.146490
38, 31, 14.702459
38, 32, -0.767479
38, 33, 6.423013
38, 34, -17.994398
38, 35, 8.715354
38, 36, 27.227025
38, 37, -6.730034
38, 38, -1.551527
38, 39, 7.130898
38, 40, -3.697578
38, 42, 2.229561
38, 43, 62.000000
38, 44, 38.003092
38, 45, 8.209669
38, 46, -8.867175
38, 48, 9.405139
38, 49, -3.835266
39, 1, -5.501261
39, 2, -15.761366
39, 3, 71.766678
39, 4, 26.057661
39, 5, 23.672615
39, 6, 0.993464
39, 7, 1.349977
39, 8, 2.111854
39, 9, 17.962657
39, 10, -16.815171
39, 12, 27.499325
39, 13, 19.455983
39, 14, -29.472292
39, 15, 23.014443
39, 16, 2.032893
39, 17, -15.425895
39, 18, 84.000000
39, 19, -8.346661
39, 20, -29.630860
39, 21, -17.950434
39, 22, -23.843191
39, 23, 6.087279
39, 24, 33.606875
39, 25, -25.354031
39, 26, -56.117944
39, 27, -8.373024
39, 28, -11.597655
39, 29, -13.354135
39, 30, 36.703362
39, 32, -6.182258
39, 34, -19.263652
39, 35, 18.414559
39, 36, 23.090195
39, 37, -2.553520
39, 38, 5.126112
39, 39, -8.736168
39, 41, -45.067742
39, 42, 4.478300
39, 44, 43.851762
39, 45, 21.046887
39, 46, 99999.000000
39, 49, -0.242766
40, 1, -8.504171
40, 2, -13.343473
40, 3, 69.211854
40, 4, 25.353031
40, 5, 21.741560
40, 6, 2.348278
40, 7, -10.137481
40, 8, -4.532760
40, 9, 13.307130
40, 10, -22.967395
40, 11, -87.000000
40, 13, 23.623018
40, 14, -16.150470
40, 15, 10.522789
40, 16, -4.139500
40, 17, -20.467381
40, 19, -10.221499
40, 20, -29.330075
40, 21, -12.467197
40, 22, -29.108905
40, 23, 13.762185
40, 24, 34.578708
40, 25, -29.127252
40, 27, -14.288250
40, 28, -5.375366
40, 29, -7.601241
40, 30, 26.828553
40, 31, -62.729132
40, 32, 0.374477
40, 33, -95.000000
40, 34, -19.234447
40, 35, 7.928894
40, 36, 31.142866
40, 37, -5.957325
40, 38, 1.540387
40, 39, 3.859051
40, 40, -18.294117
40, 41, -38.546273
40, 42, 5.092905
40, 43, -12.276578
40, 45, 13.141933
40, 46, -23.886799
40, 47, -26.078449
40, 48, -1.887650
40, 50, 27.690188
41, 1, -3.863526
41, 2, -13.481294
41, 3, 71.761505
41, 4, 27.850679
41, 5, 23.649223
41, 7, 0.449578
41, 8, -4.246376
41, 9, 17.378931
41, 11, 99999.000000
41, 12, -12.001414
41, 13, 22.402849
41, 14, -26.352451
41, 15, 20.615250
41, 16, 2.040097
41, 17, -15.783519
41, 18, 40.143166
41, 19, -8.890804
41, 20, -30.078213
41, 22, -19.134929
41, 23, 2.127065
41, 25, 99999.000000
41, 26, 85.000000
41, 27, -5.466259
41, 28, -13.433262
41, 29, -15.643456
41, 30, 35.417603
41, 31, -64.527825
41, 32, -4.662383
41, 34, -20.017680
41, 35, 19.681364
41, 36, 25.179899
41, 37, -0.947300
41, 38, 8.628866
41, 39, -9.446136
41, 40, -14.583494
41, 41, -45.049519
41, 42, 9.345860
41, 43, -12.723422
41, 44, 21.902915
41, 45, 23.528928
41, 46, -43.000000
41, 47, -19.381562
41, 48, -3.954728
41, 49, 21.540411
41, 50, 28.309812
42, 2, -11.876676
42, 5, 21.715191
42, 6, -3.970781
42, 7, -10.622629
42, 8, -8.958546
42, 9, 12.603907
42, 11, 20.773599
42, 12, -0.682100
42, 13, 28.001493
42, 14, -18.138526
42, 15, 9.363098
42, 16, -4.120298
42, 17, -20.027761
42, 18, 44.392107
42, 19, -10.387427
42, 21, 99999.000000
42, 22, -24.060918
42, 23, 10.834968
42, 24, 7.000000
42, 25, -35.051887
42, 26, 50.797430
42, 27, -8.405673
42, 28, -7.130025
42, 29, -8.625502
42, 30, 25.215044
42, 31, -62.114298
42, 32, 2.102955
42, 33, 0.474411
42, 35, 8.224356
42, 37, -3.992288
42, 38, 5.935571
42, 39, 1.290819
42, 40, -18.734943
42, 41, -38.531112
42, 42, 10.928115
42, 44, 9.982637
42, 45, 17.592736
42, 47, -26.078066
42, 48, -1.877265
42, 49, 19.227041
43, 1, 0.532953
43, 2, -14.137547
43, 3, 42.461273
43, 4, 8.895619
43, 5, 23.630563
43, 6, -16.311522
43, 7, -1.301861
43, 8, -9.868123
43, 9, 15.819632
43, 10, 18.035083
43, 11, 59.000000
43, 12, -11.856853
43, 13, 25.785823
43, 14, -22.203134
43, 15, 18.230395
43, 16, 2.060697
43, 17, -17.568792
43, 18, 40.113565
43, 20, 85.922547
43, 21, 14.688007
43, 22, -14.795183
43, 23, 0.960802
43, 25, -22.120008
43, 26, 99999.000000
43, 27, 2.495951
43, 28, -15.150336
43, 30, 32.561510
43, 31, -63.556581
43, 32, -2.938923
43, 33, -44.426985
43, 34, -54.238317
43, 35, 20.961477
43, 36, -38.828753
43, 37, 1.472783
43, 38, 12.657785
43, 39, -9.720014
43, 40, -15.688477
43, 42, 17.161696
43, 43, -13.456306
43, 44, 21.805790
43, 45, 25.390728
43, 46, -59.000000
43, 48, -3.942127
43, 49, 21.387854
43, 50, -81.000000
44, 1, 11.727295
44, 2, -12.337043
44, 3, 42.538727
44, 4, 6.211796
44, 6, -5.416671
44, 7, -11.509654
44, 8, -13.077101
44, 9, 11.461944
44, 10, 7.288342
44, 12, -0.481732
44, 13, 31.666225
44, 14, -19.916831
44, 15, 8.756022
44, 17, -21.072835
44, 18, 44.386043
44, 19, -88.000000
44, 20, 86.077453
44, 21, -2.660346
44, 22, -19.349997
44, 23, 10.555266
44, 24, 0.285981
44, 25, -33.317041
44, 26, 57.485701
44, 27, 1.884009
44, 28, -8.549579
44, 29, 3.783002
44, 30, 23.226364
44, 31, -60.757203
44, 32, 3.712400
44, 33, 0.694315
44, 34, -53.761683
44, 35, 8.910514
44, 36, -38.330542
44, 37, -1.614864
44, 38, 10.633817
44, 40, -19.812054
44, 41, -3.375780
44, 42, 19.539534
44, 43, -23.313207
44, 44, 10.204114
44, 45, 19.412674
44, 47, 4.896202
44, 49, 19.023503
44, 50, 99999.000000
45, 1, -1.049895
45, 2, -15.993799
45, 4, 10.671120
45, 5, 30.199124
45, 6, -18.004615
45, 7, -2.341248
45, 8, -14.103489
45, 9, 13.858055
45, 10, 19.103857
45, 11, -12.634999
45, 12, -11.706982
45, 13, 28.545445
45, 14, -18.593203
45, 15, 17.239013
45, 16, -41.119159
45, 17, -21.056824
45, 18, 40.098482
45, 21, 13.062547
45, 22, -11.567548
45, 23, 2.311669
45, 24, -0.285981
45, 25, -20.475577
45, 26, 53.336157
45, 27, 13.361003
45, 28, -16.291812
45, 29, 3.216998
45, 30, 30.272260
45, 31, -62.367236
45, 32, -1.886511
45, 33, -44.408922
45, 35, 21.758522
45, 36, -38.799347
45, 37, 3.745620
45, 38, 16.154194
45, 40, -17.147334
45, 41, 2.424904
45, 42, 26.668002
45, 43, -11.139749
45, 44, 21.565856
45, 46, -26.815678
45, 47, -5.140740
45, 48, 59.142990
45, 49, 21.241279
45, 50, 4.499534
46, 1, 9.146461
46, 2, -13.206723
46, 4, 9.495283
46, 5, 30.800876
46, 6, -8.945203
46, 7, -11.984876
46, 8, -16.432613
46, 9, 10.330223
46, 10, 9.294475
46, 11, -3.264331
46, 13, 33.639869
46, 14, -20.627048
46, 15, 99999.000000
46, 16, -40.880841
46, 17, -23.611555
46, 18, 99999.000000
46, 19, 5.032302
46, 20, 62.379420
46, 21, -3.350445
46, 22, -15.614175
46, 23, 11.846217
46, 25, -29.045778
46, 26, 57.492406
46, 27, 13.674944
46, 28, -9.321355
46, 30, 22.338669
46, 31, -59.689439
46, 32, 4.522295
46, 33, 0.917209
46, 34, -45.215845
46, 35, 9.254806
46, 36, -38.300451
46, 37, 0.462809
46, 38, 14.446210
46, 40, -20.736658
46, 41, -2.928738
46, 42, 29.025203
46, 43, -19.491922
46, 44, 10.467684
46, 45, -73.000000
46, 46, -32.526487
46, 47, 5.045500
46, 48, 58.857010
46, 50, 89.000000
47, 1, -4.562670
47, 2, -16.930169
47, 3, 10.141538
47, 4, 14.687085
47, 6, -20.436141
47, 7, -2.271029
47, 8, -16.711096
47, 9, 12.257452
47, 10, 21.483729
47, 11, -12.503782
47, 12, 52.000000
47, 13, 30.294710
47, 14, -17.147055
47, 15, 24.925992
47, 17, -25.162097
47, 18, -54.000000
47, 19, 5.967698
47, 20, 59.572683
47, 21, 9.835225
47, 22, -9.587405
47, 23, 4.010372
47, 24, -33.000000
47, 25, -16.766154
47, 27, 23.812152
47, 28, -16.675908
47, 29, 99999.000000
47, 31, -61.850257
47, 32, -1.833062
47, 33, 99999.000000
47, 34, -38.486859
47, 37, 5.316651
47, 38, 18.391564
47, 39, -8.017813
47, 40, -17.834877
47, 41, 3.291723
47, 42, 35.349182
47, 43, -5.936392
47, 44, 21.350188
47, 46, -26.819553
47, 47, -4.943901
47, 49, 26.738625
48, 1, 5.945696
48, 3, 11.289702
48, 4, 13.624451
48, 5, -23.558331
48, 6, -12.551501
48, 7, -11.978381
48, 8, -18.576323
48, 9, 9.646129
48, 10, 11.799364
48, 11, -3.089951
48, 12, 75.137032
48, 13, 34.242156
48, 14, 99999.000000
48, 15, -47.000000
48, 16, -49.347302
48, 17, -26.318270
48, 20, 62.385551
48, 21, -4.450674
48, 22, -13.222393
48, 23, 12.624907
48, 25, -24.658209
48, 26, -92.000000
48, 27, 23.115009
48, 30, -58.981747
48, 32, 4.543886
48, 33, 13.704063
48, 34, -45.248430
48, 35, -14.860455
48, 36, -6.780195
48, 37, 1.841119
48, 38, 16.538717
48, 39, -13.608186
48, 41, -1.999299
48, 42, 36.462275
48, 43, -14.701973
48, 44, 10.574395
48, 45, 34.849305
48, 46, -32.531329
48, 47, 5.186735
48, 48, -29.580295
48, 49, 22.400377
48, 50, 33.336382
49, 1, -7.360542
49, 2, 99999.000000
49, 3, 10.119024
49, 4, 17.936940
49, 5, -18.891367
49, 6, -22.201182
49, 7, -2.012397
49, 8, -17.858464
49, 9, 11.650194
49, 10, 23.392226
49, 11, -12.375821
49, 12, 99999.000000
49, 13, 31.105622
49, 14, -49.172780
49, 16, -46.815415
49, 17, -27.958915
49, 18, -36.351518
49, 19, -31.383820
49, 21, 8.204714
49, 22, -8.677951
49, 24, -76.000000
49, 25, -13.762327
49, 27, 30.250275
49, 28, -18.417055
49, 29, 23.809346
49, 30, -55.465854
49, 31, 44.222956
49, 32, -2.209270
49, 33, -1.405139
49, 34, -38.539943
49, 35, -14.139545
49, 36, -2.791074
49, 37, 6.089555
49, 38, 19.147045
49, 39, -8.074859
49, 40, 22.455316
49, 41, 4.187445
49, 42, 40.532697
49, 43, -1.744343
49, 45, 31.726391
49, 48, -24.648635
49, 49, 26.729512
49, 50, 30.815415
50, 1, 4.521933
50, 2, 40.000000
50, 3, 11.266583
50, 4, 15.485147
50, 5, -23.543580
50, 6, -14.087218
50, 8, -19.287035
50, 10, 12.925507
50, 12, 83.000000
50, 13, 34.311217
50, 14, -20.000000
50, 15, 61.000000
50, 16, -49.341172
50, 17, -27.480781
50, 18, -35.648482
50, 19, -31.616180
50, 20, 4.000000
50, 22, -12.392777
50, 23, 75.000000
50, 25, -22.789839
50, 26, 68.000000
50, 27, 26.742115
50, 28, -17.582945
50, 29, 24.190654
50, 30, -58.974467
50, 31, 44.777044
50, 32, 4.404707
50, 33, 13.718432
50, 34, -45.294713
50, 36, -6.809890
50, 37, 2.339000
50, 39, -13.662250
50, 40, 22.544684
50, 41, -1.507295
50, 42, 39.286921
50, 43, -12.545173
50, 44, -53.000000
50, 45, 34.831871
50, 46, -72.000000
50, 47, -8.000000
50, 48, -29.598113
50, 49, 22.390579
50, 50, 33.352092
