1, 1, 33.000000
1, 3, -20.723461
1, 4, 5.918742
1, 6, 8.852116
1, 7, 5.833660
1, 8, 34.423837
1, 9, -39.997836
1, 10, -19.000000
1, 11, -3.799989
1, 12, 99999.000000
1, 13, -86.000000
1, 14, -58.073855
1, 15, -38.000000
1, 16, 29.089308
1, 18, -85.000000
1, 19, -46.624959
1, 20, -31.949804
1, 21, -8.700266
1, 22, -16.067816
1, 23, 11.870679
1, 24, 31.457348
1, 25, -33.309950
1, 26, 99999.000000
1, 27, 62.000000
1, 28, 3.241537
1, 29, -41.000000
1, 30, -35.231951
1, 32, -3.902644
1, 33, -29.713925
1, 34, -12.036928
1, 35, -11.581210
1, 37, -82.000000
1, 38, -87.000000
1, 39, 82.000000
1, 40, 1.495602
1, 41, 14.069870
1, 42, -29.469783
1, 43, -38.683860
1, 45, 3.028266
1, 46, -81.000000
1, 47, -9.191741
1, 49, 45.000000
1, 50, 11.420665
2, 2, 8.208296
2, 3, -20.751999
2, 4, 5.303759
2, 5, -41.319223
2, 6, 8.378534
2, 7, 5.900783
2, 8, 34.576163
2, 9, -29.639010
2, 11, -4.133385
2, 14, -57.926145
2, 16, 0.023080
2, 17, -43.412003
2, 18, -91.027696
2, 19, -46.174673
2, 20, -31.467591
2, 21, -10.638345
2, 22, -7.072846
2, 23, 10.740847
2, 24, 31.219618
2, 25, -32.571788
2, 26, -28.932446
2, 28, 3.454431
2, 30, -28.553591
2, 31, 24.449642
2, 32, -4.047395
2, 33, -29.162914
2, 34, -11.676910
2, 35, -10.898211
2, 36, -70.525388
2, 40, 0.852715
2, 41, 14.009089
2, 42, -29.311789
2, 43, -43.753132
2, 44, -15.558323
2, 45, 3.425039
2, 47, -8.343618
2, 48, -7.455571
2, 50, 11.615489
3, 1, -8.130235
3, 2, 53.880736
3, 3, -20.753107
3, 4, 4.402281
3, 5, -41.766526
3, 6, 7.771332
3, 7, 5.911242
3, 9, -39.766797
3, 11, -5.143854
3, 12, 30.312324
3, 13, 99999.000000
3, 15, -25.912297
3, 16, 29.816639
3, 17, 7.426131
3, 18, 99999.000000
3, 19, -45.523588
3, 20, -31.012683
3, 21, -12.345356
3, 22, -17.522477
3, 23, 8.851838
3, 24, 31.199437
3, 25, -31.489738
3, 26, -12.742298
3, 27, -3.624001
3, 28, 3.619749
3, 29, 60.264674
3, 30, -34.970112
3, 31, 24.334624
3, 32, -4.024284
3, 33, -27.478785
3, 34, -10.851904
3, 35, -9.777098
3, 36, -70.474612
3, 37, -79.000000
3, 38, 41.719257
3, 39, 2.545019
3, 40, 0.029227
3, 41, 13.905008
3, 42, -29.256433
3, 43, -38.092940
3, 44, -16.390794
3, 45, 3.806332
3, 47, -6.641276
3, 48, -7.672053
3, 49, -52.030482
3, 50, 11.764062
4, 1, -7.749854
4, 2, 6.625718
4, 3, -20.711799
4, 4, 3.398318
4, 5, -42.303817
4, 6, 7.143383
4, 8, -30.645092
4, 9, -29.469395
4, 10, -95.000000
4, 11, -6.724190
4, 12, 30.116385
4, 14, 9.456926
4, 15, -26.087703
4, 16, 99999.000000
4, 17, -43.925983
4, 18, 97.000000
4, 19, -44.771590
4, 20, -30.692630
4, 21, -16.103088
4, 22, -8.147614
4, 23, 6.423929
4, 24, 31.413187
4, 25, -30.230379
4, 26, -28.518492
4, 27, -2.775389
4, 29, 60.427164
4, 30, -28.081296
4, 31, 24.431069
4, 32, -3.846114
4, 33, -24.739409
4, 34, -9.622140
4, 35, -8.363383
4, 38, 41.280743
4, 39, 1.721158
4, 40, -0.829468
4, 43, -43.744813
4, 44, -17.931102
4, 45, 4.104783
4, 46, 99999.000000
4, 47, -4.231949
4, 48, -7.862876
4, 49, -52.063458
4, 50, 11.834405
5, 1, -7.048683
5, 2, 53.973013
5, 3, -20.626599
5, 4, 2.487995
5, 5, -42.835330
5, 6, 6.609728
5, 7, 6.894044
5, 8, -29.463990
5, 9, -40.170508
5, 11, -8.704906
5, 12, 29.895321
5, 13, 13.753582
5, 14, 9.456870
5, 16, -29.929113
5, 17, 8.521113
5, 18, 99999.000000
5, 19, -43.992542
5, 21, -18.513523
5, 22, 99999.000000
5, 23, 3.720858
5, 24, 31.810623
5, 25, -28.992065
5, 26, -14.383015
5, 27, -1.171822
5, 28, -64.000000
5, 29, 60.671979
5, 30, 99999.000000
5, 31, 24.729609
5, 32, -3.563664
5, 33, -21.072967
5, 34, -8.046636
5, 35, -6.779045
5, 36, 0.082810
5, 39, 0.550559
5, 40, -1.580623
5, 41, 13.655589
5, 43, -37.608074
5, 44, -19.927203
5, 45, 4.250330
5, 46, -92.000000
5, 47, -1.319594
5, 49, -52.215761
5, 50, 11.823874
6, 1, -6.150349
6, 2, 4.700917
6, 3, -20.499610
6, 5, -43.248289
6, 6, 6.239281
6, 7, 6.130523
6, 8, -27.117029
6, 9, 99999.000000
6, 10, 0.344974
6, 11, -10.862383
6, 13, 13.551177
6, 14, 8.881254
6, 15, 99999.000000
6, 16, -3.913629
6, 17, 99999.000000
6, 18, 26.756184
6, 19, -43.254858
6, 20, -23.034884
6, 21, -23.467257
6, 22, 33.898054
6, 23, 0.994021
6, 24, 32.318506
6, 25, -27.922622
6, 26, -26.811041
6, 27, 1.050118
6, 28, 99999.000000
6, 30, -23.000000
6, 31, 25.183201
6, 32, -3.252775
6, 33, -16.692849
6, 34, -6.237082
6, 35, -5.157301
6, 36, -0.429602
6, 38, -18.764795
6, 39, -0.756564
6, 40, -2.120296
6, 41, 12.658154
6, 42, -64.236498
6, 43, -44.096293
6, 44, -22.131048
6, 47, 1.910800
6, 49, -52.450300
7, 1, -5.220476
7, 2, 99999.000000
7, 3, -20.359525
7, 4, -21.206888
7, 6, 6.054159
7, 7, 5.274522
7, 8, -23.785063
7, 9, 12.173602
7, 10, -0.196637
7, 11, -12.927760
7, 12, 28.403366
7, 13, 13.384142
7, 14, 7.660908
7, 15, 43.000000
7, 16, -27.104220
7, 17, -66.000000
7, 18, -29.000000
7, 19, -42.636796
7, 20, -22.094350
7, 21, -25.335595
7, 22, 14.051606
7, 23, -1.544265
7, 25, -27.137045
7, 26, -15.401633
7, 27, 3.749697
7, 28, -52.000000
7, 29, -31.815933
7, 31, 25.707816
7, 32, -3.013761
7, 33, -11.879547
7, 34, -4.302425
7, 35, -3.601177
7, 36, -1.416329
7, 38, -18.269874
7, 39, -1.993048
7, 40, -2.341302
7, 41, 10.753024
7, 42, -64.080029
7, 43, -37.395043
7, 44, -24.200781
7, 46, -19.009660
7, 47, 5.252115
7, 50, 22.292305
8, 1, -4.447098
8, 4, -21.793112
8, 5, 2.552383
8, 6, 6.013541
8, 8, -19.740678
8, 9, -13.299220
8, 10, -0.900938
8, 11, -14.628183
8, 12, 28.303710
8, 13, 13.302557
8, 14, 5.752736
8, 16, -3.692626
8, 19, -42.167704
8, 20, -20.597560
8, 21, -31.030724
8, 22, 31.358950
8, 23, -3.695910
8, 24, -2.000000
8, 25, -26.696736
8, 26, -23.437552
8, 27, 6.753722
8, 29, -32.052370
8, 30, -29.120536
8, 32, -2.954388
8, 33, -6.968325
8, 34, -2.402235
8, 35, -2.216739
8, 36, -2.713741
8, 37, -45.631493
8, 38, -17.177088
8, 39, -2.956511
8, 41, 8.132452
8, 42, -64.071636
8, 43, 99999.000000
8, 44, -25.862583
8, 45, -8.098951
8, 46, -18.565446
8, 47, 8.496716
8, 48, -15.686392
8, 49, 14.000000
8, 50, 22.010034
9, 3, -24.541434
9, 5, 3.043338
9, 6, 6.023236
9, 8, -15.281481
9, 9, 11.510278
9, 10, -1.631251
9, 11, -15.723717
9, 12, 28.345180
9, 13, 13.308936
9, 14, 3.136966
9, 15, 23.000000
9, 16, -22.278173
9, 17, 60.000000
9, 18, -12.000000
9, 19, -41.892384
9, 20, -18.703339
9, 21, -31.299740
9, 22, 13.541655
9, 23, -5.355036
9, 25, -26.571516
9, 26, -14.541664
9, 27, 9.913255
9, 29, -32.419360
9, 30, -28.647916
9, 31, -68.000000
9, 32, -3.154501
9, 33, -2.331567
9, 34, -0.684572
9, 35, -1.059041
9, 36, -4.082364
9, 37, -45.209374
9, 38, -15.552091
9, 39, -3.503748
9, 40, 10.764506
9, 41, 5.064319
9, 43, -1.723873
9, 44, -26.843242
9, 45, -7.172574
9, 46, -18.236170
9, 47, 11.448325
9, 48, -16.283880
9, 50, 21.756961
10, 1, 9.625057
10, 2, -44.705189
10, 3, -24.688081
10, 4, -4.014112
10, 5, 3.580186
10, 6, 5.939544
10, 7, -17.175757
10, 8, -10.769422
10, 9, -10.818439
10, 10, -2.282929
10, 13, 13.397384
10, 14, -0.137238
10, 16, -2.819793
10, 18, 99999.000000
10, 19, -41.803013
10, 20, -16.520207
10, 21, -37.530626
10, 22, 26.090445
10, 23, -6.456606
10, 24, -24.602135
10, 25, -26.670153
10, 26, -18.279925
10, 27, 13.108166
10, 29, -32.849782
10, 30, -28.246282
10, 32, -3.682498
10, 33, 1.630821
10, 34, 0.658584
10, 35, -0.199421
10, 36, -5.290688
10, 37, -44.791568
10, 38, -13.481597
10, 40, 12.243775
10, 41, 1.800679
10, 42, -54.554688
10, 43, 47.000000
10, 45, -6.181926
10, 46, -18.061959
10, 47, 13.933292
10, 48, -17.359742
10, 49, -1.592098
10, 50, 21.596825
11, 1, 10.432971
11, 2, -44.845245
11, 3, -24.968242
11, 4, -2.907493
11, 5, 4.054470
11, 6, 5.598289
11, 7, -17.036657
11, 8, -6.533036
11, 9, 11.564189
11, 10, -2.734077
11, 11, -29.774457
11, 12, -16.000000
11, 13, 13.537082
11, 14, -3.997315
11, 15, 0.000000
11, 16, -17.597427
11, 17, -2.696211
11, 20, -14.150592
11, 21, -35.413434
11, 22, 11.481240
11, 23, -7.016220
11, 24, -24.145257
11, 25, -26.845558
11, 26, -11.272613
11, 27, 16.212829
11, 28, 9.511540
11, 30, -27.990380
11, 32, -4.556193
11, 33, 4.573197
11, 34, 1.499923
11, 35, 0.305640
11, 36, -6.112006
11, 37, -44.416259
11, 38, -11.089774
11, 39, 5.384279
11, 40, 14.680315
11, 41, -1.397661
11, 42, -54.774299
11, 44, 0.438543
11, 45, -5.327550
11, 46, -18.012579
11, 47, 15.764580
11, 48, -18.728500
11, 49, -0.833044
11, 50, 21.547740
12, 1, 11.818868
12, 2, -45.065196
12, 3, -25.335179
12, 4, -0.950338
12, 6, 4.848864
12, 7, -16.896459
12, 8, -2.930391
12, 9, -6.804836
12, 10, -2.912480
12, 11, -29.408940
12, 13, 13.697264
12, 14, -8.293208
12, 15, 11.050775
12, 16, -1.819086
12, 17, -2.324437
12, 18, 7.555462
12, 19, -5.669005
12, 20, -11.644591
12, 21, -42.084491
12, 22, 19.052778
12, 23, -7.075010
12, 24, -23.659564
12, 25, -26.951511
12, 26, -11.652347
12, 27, 19.105592
12, 28, 9.488460
12, 29, 80.000000
12, 31, 18.682329
12, 32, -5.766237
12, 33, 6.173980
12, 37, -44.141107
12, 38, -8.516775
12, 39, 4.904002
12, 40, 17.712507
12, 41, -4.343215
12, 42, -55.010482
12, 43, -12.731819
12, 44, -0.178081
12, 45, -4.766113
12, 46, -18.028112
12, 47, 16.781549
12, 48, -20.149231
12, 49, -0.078242
13, 1, 13.675135
13, 2, -45.319563
13, 3, -25.733835
13, 4, 1.698411
13, 5, 37.633729
13, 6, 3.581027
13, 7, -16.771608
13, 8, -0.283310
13, 9, 12.117689
13, 11, -28.912163
13, 12, 99999.000000
13, 14, -12.821345
13, 15, 99999.000000
13, 16, -15.153306
13, 17, -1.847715
13, 18, 7.428031
13, 19, -5.106004
13, 20, -9.046148
13, 21, -37.083742
13, 22, 7.832548
13, 23, -6.754305
13, 24, -23.241425
13, 25, -26.826561
13, 26, -6.025999
13, 27, 21.692467
13, 30, -41.494818
13, 31, 18.317671
13, 32, -7.246244
13, 34, -3.378506
13, 35, 3.615552
13, 36, -44.027696
13, 37, -43.973769
13, 38, -5.911942
13, 39, 4.422988
13, 40, 20.889774
13, 41, -6.839259
13, 43, -13.442589
13, 44, -0.963164
13, 46, -18.015504
13, 48, -21.402064
13, 49, 0.527744
13, 50, 11.516129
14, 1, 15.857421
14, 2, -45.546495
14, 3, -26.102871
14, 4, 4.824613
14, 5, 36.655349
14, 6, 1.741088
14, 7, -16.631882
14, 8, 1.123141
14, 9, -3.607968
14, 10, 17.987912
14, 11, -28.367653
14, 12, 9.571629
14, 13, -20.849511
14, 14, -17.336556
14, 16, 99999.000000
14, 17, -1.366824
14, 18, 7.382728
14, 19, -4.500430
14, 20, -6.374492
14, 21, -44.063735
14, 22, 11.264937
14, 23, -6.192503
14, 24, -22.955881
14, 25, -26.347200
14, 26, -4.429837
14, 27, 23.920352
14, 28, -49.415673
14, 30, -53.848558
14, 32, -8.878395
14, 33, -39.518534
14, 34, -2.621494
14, 35, 4.585611
14, 36, -43.972304
14, 37, -43.944738
14, 38, -3.433609
14, 39, 4.028954
14, 40, 23.764885
14, 41, -8.781029
14, 42, 99999.000000
14, 43, -14.418156
14, 44, -1.763165
14, 46, -17.841992
14, 47, -20.214734
14, 48, -22.257528
14, 50, 10.432536
15, 1, 18.245057
15, 2, -45.705020
15, 3, -26.367219
15, 4, 8.260260
15, 5, 34.561437
15, 6, -0.665404
15, 7, -16.463115
15, 9, 12.605824
15, 10, 17.742610
15, 11, -27.865116
15, 12, -15.607411
15, 13, -20.469227
15, 14, -21.605696
15, 15, 99999.000000
15, 16, -7.804879
15, 18, 7.428065
15, 19, -3.984411
15, 20, -3.652000
15, 21, 99999.000000
15, 22, 3.051771
15, 23, -5.557885
15, 24, -22.838285
15, 25, -25.442857
15, 26, -0.036910
15, 27, 25.740425
15, 28, -49.207126
15, 29, 42.061217
15, 30, -41.178373
15, 31, -84.000000
15, 32, -10.513269
15, 33, -39.799031
15, 35, 6.220343
15, 37, -44.020050
15, 38, -1.242569
15, 39, 3.788007
15, 40, 25.926002
15, 41, -10.042720
15, 42, 40.000000
15, 43, -15.475223
15, 45, -1.609600
15, 46, -17.376297
15, 47, -20.189178
15, 49, 5.579707
15, 50, 8.479656
16, 1, 20.658172
16, 2, -45.747286
16, 3, -26.488607
16, 4, 11.839040
16, 5, 31.442742
16, 6, -3.561774
16, 7, -16.238610
16, 8, -28.777565
16, 10, 17.368757
16, 11, -27.473538
16, 12, 9.096957
16, 13, -20.213532
16, 14, -25.341518
16, 15, -39.989673
16, 16, -15.297623
16, 17, 53.696177
16, 20, -0.882997
16, 21, 16.921528
16, 22, 3.946128
16, 23, -4.998751
16, 24, -22.891543
16, 25, -24.104922
16, 26, 2.074558
16, 27, 27.143669
16, 28, -49.204793
16, 29, 41.522777
16, 30, -54.066508
16, 32, -12.001406
16, 33, -40.042636
16, 34, 2.000000
16, 35, 8.226780
16, 36, 66.000000
16, 38, 0.549153
16, 40, 27.076075
16, 41, -10.580698
16, 43, -16.403438
16, 44, 22.491538
16, 45, -1.722272
16, 46, -16.521679
16, 47, -20.273648
16, 48, -2.711756
16, 49, 5.010933
16, 50, 5.880811
17, 1, 22.948810
17, 2, -45.663658
17, 4, 15.418187
17, 5, 27.447616
17, 6, -6.838094
17, 7, -15.956994
17, 8, -29.112666
17, 9, -27.392147
17, 10, 16.903738
17, 11, -27.244118
17, 12, -15.042069
17, 13, -20.116714
17, 14, -28.307889
17, 15, -7.679059
17, 16, -9.152387
17, 17, 53.303823
17, 18, 18.270218
17, 19, 86.000000
17, 20, 1.918423
17, 21, 10.249639
17, 22, -1.668907
17, 23, -4.647177
17, 25, -22.407836
17, 26, 5.057711
17, 27, 28.135744
17, 28, -49.413012
17, 29, 40.993386
17, 30, -40.874765
17, 31, 99999.000000
17, 32, -13.184118
17, 33, -40.203408
17, 35, 10.248095
17, 38, 1.814203
17, 39, 16.804102
17, 42, -15.511599
17, 43, -17.021563
17, 44, 22.352184
17, 45, -1.667523
17, 46, -15.220068
17, 47, -20.458129
17, 48, -2.151604
17, 49, 4.084323
17, 50, 2.905779
18, 1, 24.930488
18, 2, -45.465149
18, 3, -73.000000
18, 4, 18.892085
18, 5, 22.740229
18, 6, -10.357232
18, 7, -15.643471
18, 8, -29.723298
18, 9, -26.775309
18, 10, 16.437219
18, 12, 8.623967
18, 13, -20.209066
18, 14, -30.284646
18, 15, -39.182050
18, 16, -16.109850
18, 18, 17.404817
18, 20, 4.726182
18, 21, 15.473451
18, 22, -1.285678
18, 24, -33.723044
18, 25, -20.448852
18, 26, 6.448576
18, 27, 28.755957
18, 29, 40.558982
18, 30, 99999.000000
18, 32, -13.897515
18, 34, 23.000000
18, 35, 11.926123
18, 36, 21.534619
18, 37, 73.000000
18, 38, 2.500779
18, 39, 16.199699
18, 40, 0.037045
18, 41, 47.727708
18, 42, -15.150603
18, 44, 22.123024
18, 45, -1.457698
18, 46, -13.476100
18, 47, -20.687295
18, 48, -1.489009
18, 49, 2.893771
18, 50, -0.155420
19, 1, 26.425105
19, 2, -45.191704
19, 4, 22.195153
19, 5, 17.559075
19, 6, -13.953649
19, 7, -15.337152
19, 8, -30.501160
19, 9, -26.170232
19, 10, 16.032599
19, 11, -6.455347
19, 13, -20.466522
19, 14, -31.132794
19, 15, -9.482339
19, 16, -12.691783
19, 17, -34.226886
19, 18, 16.320961
19, 19, 4.130120
19, 20, 7.473569
19, 21, 9.487085
19, 22, -4.579165
19, 23, -7.231192
19, 24, -34.276956
19, 25, -18.382489
19, 26, 7.730292
19, 27, 29.047134
19, 28, -9.017346
19, 29, 40.303250
19, 30, -57.405373
19, 31, -90.000000
19, 33, 23.372137
19, 35, 12.966882
19, 36, 21.465381
19, 38, 2.584674
19, 39, 14.339896
19, 40, 0.357632
19, 41, 47.406538
19, 42, -14.892773
19, 45, -1.126608
19, 46, -11.328552
19, 48, -0.848533
19, 49, 1.581041
19, 50, -3.019322
20, 1, 27.269945
20, 3, 62.000000
20, 4, 25.278017
20, 5, 12.166282
20, 6, -17.442654
20, 8, -31.305504
20, 10, 15.783770
20, 11, -6.800124
20, 15, -38.180664
20, 16, -18.804203
20, 17, -33.016221
20, 18, 15.189094
20, 19, 5.021295
20, 20, 10.109541
20, 21, 13.681542
20, 23, -7.148310
20, 25, -16.396155
20, 27, 29.059030
20, 28, -9.928621
20, 29, 40.275518
20, 30, -78.000000
20, 33, 23.342205
20, 34, 4.408547
20, 37, -37.322287
20, 39, 12.432063
20, 40, 0.871583
20, 41, 47.223524
20, 42, -14.773702
20, 43, 63.000000
20, 44, 2.333011
20, 46, -8.890023
20, 47, 27.940077
20, 49, 0.253395
20, 50, -5.413220
21, 2, 66.000000
21, 4, 28.110034
21, 5, 6.896826
21, 6, -20.611557
21, 7, -25.064200
21, 8, -31.990445
21, 11, -7.145128
21, 12, -33.144076
21, 13, -58.189253
21, 14, 19.770496
21, 15, -11.023179
21, 16, -17.527551
21, 17, -30.468566
21, 18, 14.189831
21, 19, 6.258138
21, 20, 12.581019
21, 21, 9.205448
21, 23, -7.067520
21, 25, -14.682605
21, 28, -11.434705
21, 31, -13.005322
21, 32, -13.000000
21, 33, 23.638452
21, 34, 17.073901
21, 35, 7.274537
21, 36, -26.074182
21, 37, -37.677713
21, 38, 13.038499
21, 39, 9.057596
21, 40, 1.489311
21, 41, 47.216066
21, 42, -14.800965
21, 43, 75.055391
21, 44, 1.410733
21, 45, 11.215574
21, 46, -6.326426
21, 47, 26.920946
21, 48, -41.541915
21, 49, -0.958040
21, 50, -7.105171
22, 1, -96.000000
22, 2, 99999.000000
22, 3, 35.349770
22, 4, 30.640222
22, 5, 2.076980
22, 6, -23.246885
22, 7, -24.593240
22, 10, -9.743906
22, 11, -7.422151
22, 12, -32.495624
22, 13, -57.810747
22, 14, 20.014476
22, 15, -37.584160
22, 16, -22.519429
22, 17, -26.841093
22, 18, 13.465717
22, 19, 7.591789
22, 20, 14.858121
22, 21, 12.479948
22, 22, 80.511540
22, 23, -7.013444
22, 24, -60.460184
22, 25, -13.423180
22, 26, 43.999978
22, 28, -13.318519
22, 31, -13.728637
22, 33, 24.248876
22, 34, 2.853931
22, 35, 7.964177
22, 36, -25.228342
22, 38, 12.941489
22, 39, 6.535769
22, 40, 2.146087
22, 42, -14.935742
22, 43, 99999.000000
22, 44, 0.133500
22, 45, 10.750309
22, 46, -3.834165
22, 47, 25.230798
22, 48, -41.194395
22, 49, -1.955604
22, 50, -7.914726
23, 3, 35.159137
23, 4, 32.828843
23, 5, -1.922569
23, 6, -25.165081
23, 7, -24.150822
23, 8, -0.114431
23, 9, -9.837434
23, 10, -9.131288
23, 11, -7.606728
23, 12, -31.469911
23, 14, 20.402717
23, 16, -22.208709
23, 17, -22.481324
23, 18, 13.145655
23, 19, 8.772453
23, 20, 16.924171
23, 21, 9.747168
23, 22, 80.488460
23, 23, -6.978625
23, 24, -60.307054
23, 25, -12.761697
23, 26, 43.785408
23, 28, -15.385248
23, 30, 17.682016
23, 31, -15.116247
23, 32, 91.000000
23, 33, 25.149985
23, 34, 15.889443
23, 35, 9.098976
23, 36, -23.537787
23, 37, 76.000000
23, 38, 12.920402
23, 39, 1.754549
23, 40, 2.761175
23, 41, 24.292702
23, 42, -15.111891
23, 43, 7.643559
23, 44, -1.317696
23, 45, 10.307497
23, 46, -1.641279
23, 47, 23.063244
23, 48, -40.979447
23, 49, -2.635076
24, 1, 16.407117
24, 2, -73.000000
24, 3, 35.148685
24, 4, 34.633652
24, 5, -4.770302
24, 6, -26.188377
24, 7, -23.839146
24, 8, 0.204524
24, 9, -10.810986
24, 10, -8.333319
24, 11, -7.670959
24, 12, -30.218893
24, 13, 33.000000
24, 14, 20.866447
24, 15, -2.164156
24, 16, -25.795682
24, 17, -17.800167
24, 19, 9.563189
24, 20, 18.790135
24, 21, 12.249108
24, 24, -60.257156
24, 26, 43.534487
24, 27, -31.820326
24, 28, -17.396667
24, 29, -54.182134
24, 30, 17.151807
24, 31, -16.997412
24, 33, 26.250365
24, 34, 1.192330
24, 35, 10.513785
24, 36, -21.120335
24, 37, 99999.000000
24, 38, 12.977074
24, 39, -0.608828
24, 40, 3.275656
24, 41, 24.969105
24, 42, -15.248588
24, 43, 28.773894
24, 44, -2.785627
24, 45, 9.981659
24, 46, 0.014796
24, 47, 20.651066
24, 49, -2.955978
24, 50, -62.000000
25, 1, 16.296642
25, 3, 35.339287
25, 4, 35.994958
25, 5, -6.185832
25, 7, -23.719214
25, 8, 0.461722
25, 9, -12.656451
25, 10, -7.505450
25, 11, -7.617560
25, 12, -28.925537
25, 15, -2.361026
25, 16, -25.014855
25, 17, -13.230705
25, 18, 14.000000
25, 20, 20.462401
25, 21, 10.941323
25, 22, -12.585978
25, 24, -60.301471
25, 25, 25.000000
25, 27, -31.189719
25, 28, -19.160740
25, 29, -54.316457
25, 30, 16.327999
25, 31, -19.149057
25, 33, 27.462015
25, 34, 99999.000000
25, 35, 12.070938
25, 36, -18.138689
25, 38, 13.098008
25, 39, -6.932020
25, 40, 3.614321
25, 41, 25.671507
25, 42, -15.253701
25, 43, 10.017565
25, 44, -4.134437
25, 46, 0.942206
25, 47, 18.253388
25, 48, -14.794289
26, 1, 16.209265
26, 2, -51.096935
26, 3, 35.709815
26, 4, 36.871822
26, 6, 10.305982
26, 8, 0.604877
26, 9, -15.196224
26, 10, -6.802995
26, 11, -7.451348
26, 12, -27.761616
26, 13, 54.843058
26, 14, -56.447629
26, 15, -2.584438
26, 17, -9.226625
26, 19, -27.441587
26, 20, 21.989951
26, 21, 12.798047
26, 22, -12.422221
26, 23, -2.385441
26, 24, -60.454630
26, 26, -24.663377
26, 27, -30.603412
26, 28, -20.509917
26, 29, -54.572787
26, 30, 15.302509
26, 31, -21.300750
26, 32, -44.000000
26, 33, 28.651676
26, 34, 33.702430
26, 35, 13.588453
26, 36, -14.782271
26, 39, -8.188940
26, 41, 26.267588
26, 42, -15.065726
26, 43, 29.122399
26, 44, -5.256121
26, 47, 16.109720
26, 48, -14.495041
26, 49, 38.000000
26, 50, -34.324410
27, 1, 16.165473
27, 2, -50.903065
27, 3, 36.188817
27, 4, 37.222063
27, 5, -12.914327
27, 6, 10.184900
27, 7, 20.503430
27, 9, -18.181732
27, 10, -6.333426
27, 12, -26.873441
27, 13, 55.156942
27, 14, -56.635697
27, 15, -2.807071
27, 16, -19.660083
27, 17, -6.209238
27, 18, -6.937742
27, 19, -26.505686
27, 20, 23.419432
27, 21, 12.305829
27, 22, -12.565930
27, 23, -1.600106
27, 24, -60.663431
27, 25, -56.000000
27, 26, -24.830705
27, 27, -30.193374
27, 28, -21.350430
27, 29, -54.892853
27, 30, 14.187506
27, 31, -23.199129
27, 32, -50.027696
27, 33, 29.706511
27, 34, 12.824948
27, 35, 14.938372
27, 36, -11.250349
27, 37, 9.639958
27, 38, -18.312873
27, 39, -16.175468
27, 40, -27.942549
27, 42, -14.639366
27, 43, 14.691275
27, 44, -6.076767
27, 45, -25.304104
27, 46, 7.871516
27, 47, 14.446659
27, 48, -14.332097
27, 50, -33.511555
28, 3, 36.681991
28, 5, -17.626012
28, 6, 9.989436
28, 7, 20.990911
28, 8, -22.206888
28, 9, -21.339175
28, 12, -26.390474
28, 14, -56.971306
28, 16, -19.207898
28, 17, -4.521761
28, 18, -7.425145
28, 19, -24.948271
28, 20, 24.810851
28, 21, 13.636631
28, 22, -13.002282
28, 23, -0.102103
28, 24, -60.902100
28, 26, -25.229222
28, 27, -30.042063
28, 28, -21.604112
28, 29, -55.229852
28, 30, 13.074594
28, 31, -24.625948
28, 32, 99999.000000
28, 33, 30.467869
28, 34, 33.218367
28, 35, 16.025155
28, 36, -7.768537
28, 37, 10.360042
28, 38, -18.649528
28, 39, -15.123307
28, 40, -27.453731
28, 41, -35.969199
28, 42, -13.957089
28, 43, 30.652277
28, 44, -6.577629
28, 45, -25.514188
28, 46, 7.423125
28, 47, 13.468617
28, 48, -14.367109
28, 49, -81.027696
28, 50, -32.184056
29, 1, 3.727529
29, 5, -11.077860
29, 6, 9.777586
29, 7, 21.521692
29, 8, -22.793112
29, 9, -24.388272
29, 10, 25.185346
29, 11, 49.000098
29, 13, 99999.000000
29, 15, 99999.000000
29, 16, -18.792482
29, 18, -8.004493
29, 19, -22.939594
29, 20, 26.207969
29, 21, 13.289489
29, 22, -13.678668
29, 23, 1.920143
29, 24, -61.108063
29, 25, 19.087504
29, 26, -25.825518
29, 27, -30.179423
29, 30, 12.072751
29, 31, -25.383175
29, 32, -1.870455
29, 34, 13.628923
29, 35, 16.794896
29, 36, -4.557469
29, 38, -19.319741
29, 39, -24.763011
29, 40, -27.113251
29, 41, -35.855339
29, 42, -13.037010
29, 43, 19.619367
29, 44, -6.742096
29, 45, -25.840676
29, 46, 7.076302
29, 48, -14.598269
29, 49, -80.972304
29, 50, -30.507149
30, 1, 2.730588
30, 2, -32.477356
30, 3, 16.312605
30, 4, 18.636917
30, 5, -16.418694
30, 6, 9.591722
30, 9, -27.041971
30, 10, 25.744581
30, 11, 48.092876
30, 12, 41.803609
30, 13, -12.219341
30, 14, 31.013493
30, 15, 12.548467
30, 16, -18.524248
30, 17, 6.008572
30, 19, -20.666614
30, 20, 27.619728
30, 22, -14.484688
30, 23, 4.248130
30, 25, 19.365937
30, 26, -26.558719
30, 28, -5.642118
30, 29, -10.016670
30, 30, 11.249597
30, 32, -8.092319
30, 33, -62.000000
30, 34, 33.124458
30, 35, 17.216051
30, 36, -1.838828
30, 37, 9.755197
30, 38, -20.203126
30, 39, -20.174907
30, 40, -26.995734
30, 41, -35.901314
30, 42, -11.960591
30, 43, 32.553136
30, 45, -26.207947
30, 47, 24.055391
30, 48, -15.039790
30, 50, -28.607624
31, 1, 1.296088
31, 2, -32.128014
31, 3, 15.726984
31, 4, 18.209723
31, 5, -9.154075
31, 6, 9.513320
31, 7, -43.997971
31, 8, 12.575460
31, 9, -29.033974
31, 10, 26.355947
31, 11, 46.077708
31, 12, 41.265706
31, 13, 14.355249
31, 14, 30.886515
31, 15, 2.000000
31, 16, -18.487376
31, 17, 6.837362
31, 18, 63.000000
31, 19, -18.312083
31, 20, 28.995453
31, 21, 0.507105
31, 22, -15.280196
31, 23, 6.644139
31, 24, -53.989587
31, 25, 19.861249
31, 26, -27.388954
31, 28, -5.726113
31, 29, -9.566616
31, 30, 10.661622
31, 31, -69.000000
31, 32, -1.666802
31, 34, 14.542748
31, 35, 17.313795
31, 36, 0.174297
31, 37, 8.904397
31, 38, -21.153846
31, 39, -31.146025
31, 42, -10.802724
31, 43, 22.572612
31, 44, -85.000000
31, 45, -26.559185
31, 46, -34.368446
31, 47, 23.944609
31, 48, -15.622120
31, 50, -26.630749
32, 1, -0.325092
32, 2, -31.239692
32, 3, 14.929629
32, 4, 18.019132
32, 5, -16.059571
32, 6, 9.556434
32, 7, -43.561727
32, 8, 12.222311
32, 9, -30.161732
32, 10, 26.895480
32, 11, 43.170362
32, 12, 40.168682
32, 13, -9.757161
32, 14, 30.946355
32, 16, -18.706651
32, 17, 8.052502
32, 19, -16.027876
32, 20, 30.260513
32, 21, -0.668980
32, 22, -15.928645
32, 23, 8.889653
32, 24, -54.162786
32, 25, 20.488138
32, 26, -28.210831
32, 28, -5.820122
32, 29, -9.191630
32, 30, 10.361263
32, 31, 99999.000000
32, 33, -49.000000
32, 35, 17.131003
32, 36, 1.303536
32, 37, 7.960813
32, 38, -22.009718
32, 39, -22.190108
32, 40, -9.824657
32, 42, -9.701540
32, 46, -34.631554
32, 48, -16.289955
32, 49, 6.640077
32, 50, -24.696966
33, 1, -1.893236
33, 2, -29.881444
33, 3, 14.035886
33, 4, 18.134464
33, 5, -8.318130
33, 6, 9.739432
33, 7, -43.096082
33, 8, 11.420648
33, 11, 39.692348
33, 12, 38.640463
33, 13, 15.424189
33, 14, 31.210750
33, 15, 55.000000
33, 16, -19.162813
33, 17, 9.430318
33, 18, -21.152326
33, 19, -13.918312
33, 20, 31.327595
33, 21, -2.338529
33, 22, -16.311621
33, 23, 10.761932
33, 24, -54.349451
33, 25, 21.129566
33, 26, -28.953067
33, 27, -17.675001
33, 28, -5.943155
33, 29, -8.999711
33, 31, -14.313055
33, 32, -5.972319
33, 34, 11.000000
33, 35, 16.760242
33, 37, 7.100944
33, 38, -22.625198
33, 39, -33.870357
33, 40, -9.323586
33, 42, -8.781853
33, 45, 17.909430
33, 47, -62.275641
33, 48, -16.948262
33, 49, 6.034055
33, 50, -22.929983
34, 1, -3.193991
34, 2, -28.131559
34, 3, 13.204859
34, 4, 18.565652
34, 5, 99999.000000
34, 6, 10.014162
34, 8, 10.210388
34, 9, -58.197563
34, 10, -22.147229
34, 11, 36.028669
34, 12, 36.824131
34, 13, -6.779737
34, 14, 31.632073
34, 16, -19.782526
34, 17, 10.728735
34, 18, -20.847674
34, 19, -12.061212
34, 20, 32.076744
34, 21, -4.280824
34, 23, 12.135466
34, 24, -54.509284
34, 26, -29.510926
34, 27, -17.275388
34, 28, -6.098963
34, 29, -9.052528
34, 30, 4.000000
34, 31, -55.000000
34, 32, -5.768392
34, 33, 21.650018
34, 35, 16.295963
34, 36, 13.676268
34, 37, 6.497122
34, 39, 99999.000000
34, 40, -8.787974
34, 41, 16.000000
34, 42, -8.185814
34, 43, -25.404568
34, 44, 41.220346
34, 45, 17.625245
34, 46, 85.000000
34, 47, -95.986152
34, 48, -17.501252
34, 49, 4.972352
34, 50, -21.408307
35, 1, -4.065305
35, 2, -26.109252
35, 3, 12.552468
35, 4, 19.281979
35, 5, 36.000000
35, 7, -25.257835
35, 8, 8.663951
35, 9, -58.094168
35, 10, -22.546105
35, 11, 32.617172
35, 12, 34.903694
35, 13, 16.705846
35, 14, 32.145051
35, 15, -90.000000
35, 17, 11.709937
35, 19, -10.470215
35, 21, -6.297511
35, 22, -33.906103
35, 23, 12.917749
35, 24, -54.612707
35, 25, -15.428453
35, 27, -16.742559
35, 28, -6.329490
35, 29, -9.388845
35, 32, -5.480814
35, 33, 21.349982
35, 34, -25.478294
35, 35, 15.831258
35, 36, 14.904721
35, 38, 12.264834
35, 39, -11.338519
35, 40, -8.296372
35, 41, 25.041543
35, 43, -25.538500
35, 44, 41.287519
35, 45, 17.538001
35, 47, -61.480426
35, 48, -17.842501
35, 49, 3.629388
35, 50, -20.224076
36, 1, -4.441363
36, 2, -23.956087
36, 3, 12.176874
36, 4, 20.200740
36, 6, -93.000000
36, 7, -42.792283
36, 8, 6.830290
36, 9, -58.071492
36, 10, -23.419250
36, 11, 29.860773
36, 12, 33.078787
36, 15, 99999.000000
36, 18, -8.853119
36, 19, -9.148033
36, 20, -25.880699
36, 21, -8.204931
36, 22, -33.269457
36, 23, 13.129817
36, 25, -15.571547
36, 26, -60.379659
36, 27, -16.178656
36, 28, -6.632784
36, 29, -10.011803
36, 30, -10.069239
36, 31, 15.177923
36, 32, -5.120169
36, 34, -25.633520
36, 35, 15.430854
36, 36, 16.925305
36, 37, 0.000000
36, 38, 11.595465
36, 39, 20.055424
36, 40, -7.912267
36, 41, 99999.000000
36, 42, 7.000008
36, 43, -25.753686
36, 44, 41.399272
36, 45, 17.685632
36, 46, -12.351853
36, 47, 99999.000000
36, 49, 2.190540
36, 50, -19.403654
37, 1, -4.347318
37, 2, -21.821100
37, 4, 21.200839
37, 5, -13.000000
37, 7, -24.094107
37, 8, 4.801835
37, 10, -24.600888
37, 11, 28.134485
37, 12, 31.540838
37, 13, 13.684759
37, 14, -24.971277
37, 15, 25.842232
37, 16, -43.000000
37, 17, -21.599923
37, 18, -8.146881
37, 19, -8.055334
37, 20, -26.327213
37, 21, -9.879747
37, 22, -32.071659
37, 23, 12.834262
37, 24, 46.109075
37, 26, -60.365454
37, 27, -15.711635
37, 28, -7.009761
37, 29, -10.891827
37, 30, -9.930761
37, 31, 15.551628
37, 32, -4.713656
37, 33, 5.672269
37, 34, -26.141984
37, 35, 15.174130
37, 36, 19.432610
37, 38, 10.980218
37, 39, -9.691114
37, 40, -7.660907
37, 41, 99999.000000
37, 42, 7.174813
37, 44, 41.539173
37, 45, 18.137217
37, 46, 48.055391
37, 47, -80.000000
37, 48, 8.686117
37, 49, 0.877455
37, 50, -19.007185
38, 1, -3.897444
38, 2, -19.841109
38, 4, 22.158301
38, 6, 3.951634
38, 7, 99999.000000
38, 8, 2.639763
38, 10, -25.898934
38, 12, 30.468837
38, 13, 14.588433
38, 14, -27.468508
38, 15, 1.249908
38, 17, -21.388688
38, 19, -7.136367
38, 20, -26.952129
38, 21, -11.192274
38, 22, -30.426015
38, 23, 12.168158
38, 24, 46.248643
38, 25, -30.938483
38, 26, -60.474208
38, 28, -7.427976
38, 29, -11.933417
38, 31, 15.944044
38, 32, -4.271905
38, 33, 6.327731
38, 34, -26.922707
38, 35, 15.077044
38, 36, 22.087474
38, 37, -3.626047
38, 38, 10.543632
38, 39, 18.095353
38, 40, -7.562888
38, 42, 7.833037
38, 43, 62.000000
38, 44, 41.673509
38, 45, 18.874840
38, 46, -13.476790
38, 48, 9.313883
38, 49, -0.113022
39, 1, -3.259103
39, 2, -18.148423
39, 3, 74.592267
39, 4, 22.955829
39, 5, 26.849554
39, 6, 3.771270
39, 7, 9.827987
39, 8, 0.445024
39, 9, 13.220514
39, 10, -27.086302
39, 12, 29.986679
39, 13, 16.112318
39, 14, -23.638242
39, 15, 24.130087
39, 16, 9.835947
39, 17, -21.154639
39, 18, 84.000000
39, 19, -6.353919
39, 20, -27.626435
39, 21, -12.078237
39, 22, -28.435600
39, 23, 11.284084
39, 24, 46.573930
39, 25, -25.386910
39, 26, -60.702485
39, 27, -8.666048
39, 28, -7.879500
39, 29, -13.049900
39, 30, 34.846203
39, 32, -3.830817
39, 34, -27.842162
39, 35, 15.171946
39, 36, 24.511801
39, 37, -3.343815
39, 38, 10.401301
39, 39, -7.280994
39, 41, -46.898478
39, 42, 9.016360
39, 44, 41.787795
39, 45, 19.891822
39, 46, 99999.000000
39, 49, -0.631021
40, 1, -2.632549
40, 2, -16.828200
40, 3, 74.432214
40, 4, 23.490369
40, 5, 26.641747
40, 6, 3.621911
40, 7, 1.140383
40, 8, -1.697138
40, 9, 13.324255
40, 10, -27.949029
40, 11, -87.000000
40, 13, 18.078510
40, 14, -26.556763
40, 15, 0.261360
40, 16, 9.694394
40, 17, -20.985925
40, 19, -5.694086
40, 20, -28.208765
40, 21, -12.484111
40, 22, -26.246765
40, 23, 10.388541
40, 24, 47.019631
40, 25, -30.637853
40, 27, -7.696896
40, 28, -8.332751
40, 29, -14.094422
40, 30, 34.053299
40, 31, -66.427799
40, 32, -3.412169
40, 33, -95.000000
40, 34, -28.745457
40, 35, 15.437325
40, 36, 26.377221
40, 37, -2.689953
40, 38, 10.599140
40, 39, 15.801608
40, 40, -30.910421
40, 41, -46.579474
40, 42, 10.763172
40, 43, -12.326903
40, 45, 21.087014
40, 46, -23.912297
40, 47, -33.165160
40, 48, 0.209717
40, 50, 27.759972
41, 1, -2.171550
41, 2, -15.906969
41, 3, 74.330428
41, 4, 23.704841
41, 5, 26.459428
41, 7, 8.013052
41, 8, -3.691483
41, 9, 13.449728
41, 11, 99999.000000
41, 12, -4.674698
41, 13, 20.302826
41, 14, -21.354685
41, 15, 21.189891
41, 16, 9.697495
41, 17, -20.943264
41, 18, 54.103400
41, 19, -5.159541
41, 20, -28.587882
41, 22, -23.956542
41, 23, 9.612416
41, 25, 99999.000000
41, 26, 85.000000
41, 27, -5.602845
41, 28, -8.770857
41, 29, -14.941728
41, 30, 32.814922
41, 31, -66.276265
41, 32, -3.072118
41, 34, -29.473191
41, 35, 15.871558
41, 36, 27.402580
41, 37, -1.703568
41, 38, 11.143129
41, 39, -4.870037
41, 40, -30.393081
41, 41, -46.294365
41, 42, 13.080254
41, 43, -12.673097
41, 44, 12.865201
41, 45, 22.335507
41, 46, -43.000000
41, 47, -33.079020
41, 48, 0.342789
41, 49, 26.620734
41, 50, 28.240028
42, 2, -15.386398
42, 5, 26.325592
42, 6, -12.772730
42, 7, 0.200159
42, 8, -5.477826
42, 9, 13.567120
42, 11, 20.824595
42, 12, -4.058722
42, 13, 22.626865
42, 14, -25.716740
42, 15, -1.874149
42, 16, 9.838715
42, 17, -21.080292
42, 18, 52.856060
42, 19, -4.791350
42, 21, 99999.000000
42, 22, -21.675812
42, 23, 9.098907
42, 24, 7.000000
42, 25, -21.997106
42, 26, 50.843058
42, 27, -2.558187
42, 28, -9.147206
42, 29, -15.465427
42, 30, 31.291511
42, 31, -66.090814
42, 32, -2.847415
42, 33, -3.451762
42, 35, 16.411109
42, 37, -0.450006
42, 38, 11.992463
42, 39, 14.633702
42, 40, -30.048849
42, 41, -46.090540
42, 42, 15.922732
42, 44, 12.806861
42, 45, 23.483624
42, 47, -33.145765
42, 48, 0.539595
42, 49, 25.869970
43, 1, 8.987165
43, 2, -15.211586
43, 3, 42.469996
43, 4, 15.136078
43, 5, 26.255797
43, 6, -13.332456
43, 7, 5.743037
43, 8, -6.998899
43, 9, 13.681067
43, 10, 12.224244
43, 11, 59.000000
43, 12, -3.259217
43, 13, 24.897391
43, 14, -18.753304
43, 15, 18.359517
43, 16, 10.092222
43, 17, -21.430702
43, 18, 53.617651
43, 20, 85.939993
43, 21, 12.843643
43, 22, -19.475408
43, 23, 8.884606
43, 25, -20.720041
43, 26, 99999.000000
43, 27, 1.242857
43, 28, -9.451433
43, 30, 29.710029
43, 31, -65.913632
43, 32, -2.799180
43, 33, -45.438354
43, 34, -54.184637
43, 35, 17.013187
43, 36, -38.225865
43, 37, 1.024772
43, 38, 13.087979
43, 39, -3.271672
43, 40, -29.941714
43, 42, 19.193121
43, 43, -13.519736
43, 44, 12.657095
43, 45, 24.399737
43, 46, -59.000000
43, 48, 0.756020
43, 49, 25.007218
43, 50, -81.000000
44, 1, 8.360160
44, 2, -15.275226
44, 3, 42.530004
44, 4, 15.353367
44, 6, -14.467196
44, 7, -0.072890
44, 8, -8.195109
44, 9, 13.804672
44, 10, 12.735158
44, 12, -2.421488
44, 13, 27.020648
44, 14, -25.153874
44, 15, -3.887526
44, 17, -22.014629
44, 18, 52.681294
44, 19, -88.000000
44, 20, 86.060007
44, 21, 0.988265
44, 22, -17.434908
44, 23, 8.964138
44, 24, 0.221565
44, 25, -20.792054
44, 26, 59.175254
44, 27, 5.532040
44, 28, -9.645320
44, 29, 3.719257
44, 30, 28.266052
44, 31, -65.785244
44, 32, -2.953448
44, 33, -1.297463
44, 34, -53.815363
44, 35, 17.584441
44, 36, -37.781751
44, 37, 2.648793
44, 38, 14.319392
44, 40, -30.086454
44, 41, 11.571633
44, 42, 22.738798
44, 43, -12.906847
44, 44, 12.398468
44, 45, 24.935954
44, 47, -6.756384
44, 49, 24.205553
44, 50, 99999.000000
45, 1, 7.339684
45, 2, -15.473982
45, 4, 16.047516
45, 5, 30.266896
45, 6, -16.071153
45, 7, 4.381846
45, 8, -9.038138
45, 9, 13.948484
45, 10, 13.666886
45, 11, -12.656991
45, 12, -1.731405
45, 13, 28.905223
45, 14, -16.515630
45, 15, 16.881566
45, 16, -41.092319
45, 17, -22.788643
45, 18, 53.617062
45, 21, 10.130284
45, 22, -15.588755
45, 23, 9.253501
45, 24, -0.221565
45, 25, -19.302424
45, 26, 53.373062
45, 27, 10.021192
45, 28, -9.734560
45, 29, 3.280743
45, 30, 27.159707
45, 31, -65.746144
45, 32, -3.339068
45, 33, -44.864085
45, 35, 18.080677
45, 36, -37.272785
45, 37, 4.355996
45, 38, 15.595912
45, 40, -30.434313
45, 41, 11.567017
45, 42, 26.383801
45, 43, -11.602490
45, 44, 12.070552
45, 46, -31.047615
45, 47, -6.016842
45, 48, 59.110782
45, 49, 23.628250
45, 50, 4.612262
46, 1, 6.095921
46, 2, -15.704230
46, 4, 17.119818
46, 5, 30.733104
46, 6, -17.952664
46, 7, 0.772759
46, 8, -9.526045
46, 9, 14.111544
46, 10, 14.854109
46, 11, -11.970154
46, 13, 30.521793
46, 14, -24.987640
46, 15, 99999.000000
46, 16, -40.907681
46, 17, -23.665632
46, 18, 99999.000000
46, 19, 5.137650
46, 20, 65.196779
46, 21, -1.100390
46, 22, -13.984429
46, 23, 9.663765
46, 25, -17.633796
46, 26, 59.514674
46, 27, 14.384807
46, 28, -9.716393
46, 30, 26.547690
46, 31, -65.811405
46, 32, -3.938270
46, 33, 1.041761
46, 34, -52.764088
46, 35, 18.410256
46, 36, -36.802907
46, 37, 6.061123
46, 38, 16.795805
46, 40, -30.920359
46, 41, 11.863171
46, 42, 29.894526
46, 43, -9.809671
46, 44, 11.695038
46, 45, -73.000000
46, 46, -31.100901
46, 47, -5.159771
46, 48, 58.889218
46, 50, 89.000000
47, 1, 4.801416
47, 2, -15.893903
47, 3, 10.321917
47, 4, 18.407859
47, 6, -19.939511
47, 7, 4.461285
47, 8, -9.667465
47, 9, 14.314239
47, 10, 16.138371
47, 11, -11.191480
47, 12, 52.000000
47, 13, 31.830174
47, 14, -15.374042
47, 15, 24.830039
47, 17, -24.535049
47, 18, -54.000000
47, 19, 5.862350
47, 20, 65.319868
47, 21, 6.057716
47, 22, -12.642744
47, 23, 10.051227
47, 24, -33.000000
47, 25, -16.207769
47, 27, 18.314083
47, 28, -9.626299
47, 29, 99999.000000
47, 31, -65.975177
47, 32, -4.699960
47, 33, 99999.000000
47, 34, -52.747638
47, 37, 7.689895
47, 38, 17.819480
47, 39, -4.936268
47, 40, -31.445189
47, 41, 12.429137
47, 42, 33.042354
47, 43, -7.788412
47, 44, 11.331054
47, 46, -31.175048
47, 47, -4.369226
47, 49, 23.743716
48, 1, 3.679735
48, 3, 9.984005
48, 4, 19.687266
48, 5, -28.848667
48, 6, -21.791974
48, 7, 2.287632
48, 8, -9.517850
48, 9, 14.536617
48, 10, 17.334963
48, 11, -10.455797
48, 12, 75.106166
48, 13, 32.830014
48, 14, 99999.000000
48, 15, -47.000000
48, 16, -52.171912
48, 17, -25.284760
48, 20, 65.507106
48, 21, -3.677491
48, 22, -11.612642
48, 23, 10.331844
48, 25, -13.942860
48, 26, -92.000000
48, 27, 21.495396
48, 30, -62.874185
48, 32, -5.524345
48, 33, 18.222440
48, 34, -52.906800
48, 35, -14.779264
48, 36, -10.274943
48, 37, 9.140413
48, 38, 18.585392
48, 39, -5.849508
48, 41, 13.173464
48, 42, 35.607729
48, 43, -5.860100
48, 44, 11.022945
48, 45, 38.572983
48, 46, -31.264707
48, 47, -3.784535
48, 48, -34.359554
48, 49, 23.607997
48, 50, 35.619141
49, 1, 2.878269
49, 2, 99999.000000
49, 3, 9.593526
49, 4, 20.756016
49, 5, -28.422115
49, 6, -23.301225
49, 7, 5.456541
49, 8, -9.159178
49, 9, 14.741227
49, 10, 18.287710
49, 11, -9.912024
49, 12, 99999.000000
49, 13, 33.516593
49, 14, -49.133862
49, 16, -51.987881
49, 17, -25.819239
49, 18, -36.272340
49, 19, -31.409989
49, 21, 3.250731
49, 22, -10.905418
49, 24, -76.000000
49, 25, -13.173748
49, 27, 23.678345
49, 28, -18.323115
49, 29, 23.852290
49, 30, -62.649835
49, 31, 44.285359
49, 32, -6.310839
49, 33, -1.313883
49, 34, -53.207722
49, 35, -14.220736
49, 36, -10.980812
49, 37, 10.323709
49, 38, 19.023659
49, 39, -6.799649
49, 40, 22.465381
49, 41, 13.977107
49, 42, 37.396249
49, 43, -4.292742
49, 45, 38.096187
49, 48, -34.754102
49, 49, 23.446539
49, 50, 35.987881
50, 1, 2.529792
50, 2, 40.000000
50, 3, 9.232882
50, 4, 21.438570
50, 5, -28.101942
50, 6, -24.265592
50, 8, -8.702496
50, 10, 18.832339
50, 12, 83.000000
50, 13, 33.870932
50, 14, -20.000000
50, 15, 61.000000
50, 16, -51.861584
50, 17, -26.069206
50, 18, -35.727660
50, 19, -31.590011
50, 20, 4.000000
50, 22, -10.549371
50, 23, 75.000000
50, 25, -11.557088
50, 26, 68.000000
50, 27, 24.666773
50, 28, -17.676885
50, 29, 24.147710
50, 30, -62.505671
50, 31, 44.714641
50, 32, -6.911104
50, 33, 18.949771
50, 34, -53.597835
50, 36, -11.778093
50, 37, 11.116696
50, 39, -7.600741
50, 40, 22.534619
50, 41, 14.677161
50, 42, 38.247351
50, 43, -3.353334
50, 44, -53.000000
50, 45, 37.690489
50, 46, -72.000000
50, 47, -8.000000
50, 48, -35.261444
50, 49, 23.285056
50, 50, 36.414355
