1, 1, 33.000000
1, 3, -13.388241
1, 4, 44.320052
1, 6, 37.357550
1, 7, 9.600245
1, 8, 31.589108
1, 9, -26.474242
1, 10, -19.000000
1, 11, 10.578860
1, 12, 99999.000000
1, 13, -86.000000
1, 14, -60.822683
1, 15, -38.000000
1, 16, -0.882088
1, 18, -89.941494
1, 19, -59.648327
1, 20, -47.719812
1, 21, 22.969848
1, 22, 15.262085
1, 23, 44.572664
1, 24, 26.110339
1, 25, -63.611518
1, 27, 62.000000
1, 28, 1.495207
1, 29, -41.000000
1, 30, -39.946353
1, 32, -12.025363
1, 33, -42.855247
1, 34, -15.962536
1, 35, -37.657538
1, 37, -82.000000
1, 38, -87.000000
1, 39, 82.000000
1, 40, 19.279955
1, 41, 20.462621
1, 42, -23.789146
1, 43, -31.853004
1, 45, -6.947902
1, 46, -81.000000
1, 47, -43.839472
1, 49, 45.000000
1, 50, 12.731289
2, 2, 51.128483
2, 3, -13.584699
2, 4, 37.642162
2, 5, -24.703594
2, 6, 29.438219
2, 7, 14.719737
2, 8, 37.410892
2, 9, -13.860054
2, 11, 17.316070
2, 14, -55.177317
2, 16, 24.862400
2, 17, -17.291733
2, 19, -49.248425
2, 20, -31.117823
2, 21, -4.982266
2, 22, -7.447070
2, 23, 25.492539
2, 24, 8.605367
2, 25, -50.682358
2, 28, 10.859025
2, 30, -40.526254
2, 31, 22.616383
2, 32, -24.604066
2, 33, -49.830338
2, 34, -12.650881
2, 35, -26.517136
2, 36, -71.470297
2, 40, 2.536614
2, 41, 20.748101
2, 42, -13.337834
2, 43, -17.839521
2, 44, 15.466838
2, 45, 6.685851
2, 47, -38.182774
2, 48, -3.325670
2, 50, 22.203998
3, 1, -30.705922
3, 2, 33.003306
3, 3, -22.186136
3, 4, 18.762573
3, 5, -35.493716
3, 6, 11.703289
3, 7, 12.110730
3, 9, -5.101863
3, 11, 17.650496
3, 12, 39.060210
3, 13, 99999.000000
3, 15, -22.648064
3, 17, -42.417018
3, 19, -31.856240
3, 20, -8.046504
3, 21, -24.901950
3, 22, -26.748440
3, 23, 14.906482
3, 24, -2.403117
3, 25, -37.250977
3, 26, -18.656809
3, 27, -26.610879
3, 28, 13.733820
3, 29, 46.638797
3, 30, -27.416683
3, 31, 11.337233
3, 32, -25.552853
3, 33, -54.463217
3, 34, -14.506551
3, 35, -6.581784
3, 36, -69.529703
3, 37, -79.000000
3, 38, 49.879839
3, 39, 29.808190
3, 40, -13.066281
3, 41, 15.127841
3, 42, -16.885313
3, 43, -23.139474
3, 44, 7.326959
3, 45, 13.957113
3, 47, -21.377793
3, 48, -11.665541
3, 49, -38.635370
3, 50, 25.068469
4, 1, -30.684214
4, 2, 45.370419
4, 3, -31.003501
4, 4, -3.676350
4, 5, -41.049569
4, 6, -9.777605
4, 8, -51.918392
4, 9, -28.012255
4, 10, -95.000000
4, 11, 17.851261
4, 12, 34.026676
4, 14, 6.575811
4, 15, -29.351936
4, 17, -5.047466
4, 19, -38.404719
4, 20, -5.007706
4, 21, -29.460634
4, 23, -4.456018
4, 24, 4.282856
4, 25, -16.099932
4, 26, -22.214195
4, 27, -15.370945
4, 29, 47.614721
4, 31, 1.432134
4, 32, -17.215506
4, 33, -58.876568
4, 34, -18.143781
4, 35, 4.246250
4, 38, 33.120161
4, 39, 12.124923
4, 40, -13.937051
4, 43, -32.663193
4, 44, -6.217396
4, 45, 23.406649
4, 47, 3.153410
4, 48, -16.505715
4, 49, -33.417879
4, 50, 17.087780
5, 1, -31.688097
5, 2, 2.475436
5, 3, -34.329022
5, 4, -29.288076
5, 5, -53.565083
5, 6, -21.251039
5, 7, 40.420160
5, 8, -37.215878
5, 11, 15.306418
5, 12, 25.566354
5, 13, 21.098948
5, 14, 18.224172
5, 19, -40.765219
5, 21, -26.843955
5, 23, -10.035813
5, 24, 17.306504
5, 25, -12.215757
5, 26, -43.349994
5, 27, -5.933921
5, 29, 59.818842
5, 31, -3.328256
5, 32, -10.583524
5, 33, -52.774505
5, 34, -17.868858
5, 35, 11.063337
5, 36, 32.462079
5, 39, -7.469322
5, 40, -9.470852
5, 41, 58.397494
5, 43, -49.104778
5, 44, -5.057860
5, 45, 20.848041
5, 47, 9.018653
5, 49, -41.879837
5, 50, 13.534739
6, 1, -21.583687
6, 3, -26.748416
6, 5, -62.030746
6, 6, -26.834025
6, 7, 20.523722
6, 8, -41.783105
6, 10, 16.444495
6, 11, 1.133111
6, 13, 12.991334
6, 14, 25.711757
6, 16, -35.196045
6, 19, -34.308229
6, 20, -46.244842
6, 21, -28.377588
6, 23, -11.000807
6, 24, 39.211602
6, 25, -3.393565
6, 26, -37.319505
6, 27, -0.691790
6, 31, 5.704612
6, 32, 1.460899
6, 33, -36.947266
6, 34, -18.176568
6, 35, 15.212969
6, 36, 33.298939
6, 38, -23.333776
6, 39, -15.858863
6, 40, -19.999878
6, 41, 51.626637
6, 42, -53.799748
6, 43, -47.138730
6, 44, -21.464650
6, 47, 12.745090
6, 49, -53.521264
7, 1, 3.043088
7, 3, -20.171172
7, 4, -10.297478
7, 6, -26.780967
7, 7, -11.986210
7, 8, -41.248509
7, 10, 2.896493
7, 11, -15.391274
7, 12, 16.905123
7, 13, -4.842166
7, 14, 30.318745
7, 16, -7.210591
7, 18, 16.708819
7, 19, -36.958232
7, 20, -25.797364
7, 21, -30.620819
7, 22, 43.450746
7, 23, -19.702125
7, 25, 8.859255
7, 26, -38.464879
7, 27, 15.675005
7, 29, -14.491096
7, 31, 28.322724
7, 32, 9.886909
7, 33, -24.283369
7, 34, -14.742904
7, 35, 13.790413
7, 36, 26.187455
7, 38, -18.258056
7, 39, -17.384845
7, 40, -17.127851
7, 41, 33.288963
7, 42, -41.034271
7, 44, -31.873440
7, 46, -15.212933
7, 47, 18.740216
7, 50, 28.406641
8, 1, 23.150830
8, 4, -32.702522
8, 5, -16.391291
8, 6, -20.090331
8, 8, -33.072416
8, 9, -14.561264
8, 10, -8.940043
8, 11, -31.674920
8, 12, 6.339522
8, 13, -6.271718
8, 14, 29.190778
8, 16, -30.907131
8, 19, -33.551329
8, 20, -1.684346
8, 21, -32.853744
8, 22, 23.511105
8, 23, -15.636395
8, 24, -2.000000
8, 25, 3.667052
8, 26, -28.763582
8, 27, 15.674956
8, 29, -15.678360
8, 30, -35.314574
8, 32, 8.595256
8, 33, -7.634286
8, 34, -9.712145
8, 35, -3.835057
8, 36, 6.350686
8, 37, -42.450789
8, 38, -24.707210
8, 39, -13.914444
8, 41, 6.137756
8, 42, -48.464968
8, 44, -50.404172
8, 45, -34.475267
8, 46, 7.401493
8, 47, 11.645624
8, 48, 16.396725
8, 49, 14.000000
8, 50, 17.480004
9, 3, -17.626956
9, 5, -2.810056
9, 6, -1.983901
9, 8, -18.943946
9, 9, -47.054235
9, 10, -6.818232
9, 11, -51.673861
9, 12, 15.022259
9, 13, 0.449490
9, 14, 22.215294
9, 15, 23.000000
9, 16, -23.788722
9, 17, 60.000000
9, 19, -43.697999
9, 20, 1.314428
9, 21, -39.572566
9, 22, 25.182489
9, 23, -14.367212
9, 25, -9.452773
9, 26, -35.709402
9, 27, 0.609454
9, 29, -20.901396
9, 30, -16.163912
9, 31, -68.000000
9, 32, 9.348456
9, 33, 9.126984
9, 34, 2.934630
9, 35, -16.478064
9, 36, -10.215149
9, 37, -24.921299
9, 38, -30.905705
9, 39, -20.165039
9, 40, -43.790765
9, 41, -17.830882
9, 44, -63.821553
9, 45, -5.913443
9, 46, 14.287374
9, 47, 0.703790
9, 48, 13.106903
9, 50, 4.693962
10, 1, 4.095104
10, 2, -33.068995
10, 3, -17.999051
10, 4, -30.076845
10, 5, 11.830546
10, 6, 22.818221
10, 7, -11.601470
10, 8, -19.977212
10, 9, -16.519391
10, 10, -15.950383
10, 13, 10.428514
10, 14, 23.096313
10, 16, -20.936587
10, 19, -44.101103
10, 20, -3.263904
10, 21, -43.785927
10, 22, 18.959340
10, 23, -16.735757
10, 24, -35.691519
10, 25, -26.792390
10, 26, -34.151980
10, 27, 0.700132
10, 29, -38.313785
10, 30, -9.569722
10, 32, 7.457241
10, 33, 12.985321
10, 34, 3.779874
10, 35, -16.028830
10, 36, -30.246666
10, 37, -31.017307
10, 38, -28.329784
10, 40, -22.451316
10, 41, -27.614742
10, 42, -45.950733
10, 43, 7.056257
10, 45, 16.151518
10, 46, 1.718516
10, 47, 5.037774
10, 48, -3.328330
10, 49, -22.114354
10, 50, 9.154058
11, 1, 22.405914
11, 2, -33.225741
11, 3, -19.417841
11, 4, -12.117369
11, 5, 24.017434
11, 6, 42.424205
11, 7, -3.337443
11, 8, -12.555310
11, 9, -0.582276
11, 10, -22.009029
11, 11, -39.607464
11, 12, -16.000000
11, 13, 19.491197
11, 14, 16.904085
11, 15, 9.059406
11, 16, -5.415429
11, 17, -24.519283
11, 20, -14.565787
11, 21, -48.812522
11, 22, 13.355247
11, 23, -29.266936
11, 24, -20.068237
11, 25, -32.702402
11, 26, -29.934054
11, 27, 17.098107
11, 28, 9.941044
11, 30, -8.545567
11, 32, 11.771226
11, 33, 30.964573
11, 34, 20.467673
11, 35, -2.461931
11, 36, -43.491080
11, 37, -37.254406
11, 38, -21.039284
11, 39, 10.477365
11, 40, -0.650895
11, 41, -22.167348
11, 42, -52.195171
11, 44, 33.119422
11, 45, 22.246679
11, 46, -5.237641
11, 47, 19.630311
11, 48, -18.353973
11, 49, 2.957551
11, 50, 12.936329
12, 1, 24.427482
12, 2, -39.052025
12, 3, -16.949547
12, 4, -7.367910
12, 6, 49.475883
12, 7, 4.163349
12, 8, 8.514058
12, 9, 13.475898
12, 10, -18.063363
12, 11, -30.348119
12, 13, 23.820262
12, 14, -2.603778
12, 16, 8.914413
12, 17, -17.955047
12, 18, 3.741848
12, 19, -28.830242
12, 20, -17.902394
12, 21, -41.210783
12, 22, 15.487635
12, 23, -30.062163
12, 24, -1.993986
12, 25, -46.420791
12, 26, -20.869780
12, 27, 27.877307
12, 28, 9.058956
12, 29, 80.000000
12, 31, 25.468498
12, 32, 9.367586
12, 33, 52.058357
12, 37, -41.422570
12, 38, -18.606721
12, 39, -7.102408
12, 40, 24.858322
12, 41, -20.644198
12, 42, -60.699831
12, 43, 21.869432
12, 44, 21.591592
12, 45, 27.605303
12, 46, -9.460442
12, 47, 37.436674
12, 48, -20.174689
12, 49, 18.139673
13, 1, 17.465861
13, 2, -46.511026
13, 3, -21.795208
13, 4, 6.272981
13, 5, 45.227951
13, 6, 42.406161
13, 7, -7.936327
13, 8, 31.104546
13, 9, 23.272640
13, 11, -20.908451
13, 14, -11.965524
13, 17, -1.906340
13, 18, -4.615508
13, 19, -13.018217
13, 20, -11.558300
13, 21, -51.291227
13, 22, 22.340562
13, 23, -23.337100
13, 24, 1.831712
13, 25, -55.064253
13, 26, -8.225107
13, 27, 29.254712
13, 30, -50.581709
13, 31, 11.531502
13, 32, -3.102101
13, 34, -17.466249
13, 35, -50.516990
13, 36, -45.058506
13, 37, -35.781062
13, 38, -7.904950
13, 39, -9.085954
13, 40, 44.482038
13, 41, -10.811876
13, 43, 9.812099
13, 44, 3.633795
13, 46, -27.507189
13, 48, -36.163687
13, 49, 30.408940
13, 50, 41.340250
14, 1, 2.796649
14, 2, -49.679269
14, 3, -36.896448
14, 4, 5.508846
14, 5, 32.629909
14, 6, 23.465219
14, 7, -18.858749
14, 8, 47.425141
14, 9, 27.749393
14, 10, 21.049826
14, 11, -15.382976
14, 13, -21.229908
14, 14, -11.664874
14, 17, 13.784529
14, 18, -5.415021
14, 19, 10.166870
14, 20, -5.205309
14, 22, 29.543753
14, 23, -11.407140
14, 24, -7.750833
14, 25, -54.929737
14, 26, 10.742738
14, 27, 37.887920
14, 28, -37.808131
14, 30, -45.439956
14, 32, -10.142476
14, 33, -35.238753
14, 34, 11.466249
14, 35, -43.270164
14, 36, -42.941494
14, 37, -42.725316
14, 38, 1.675478
14, 39, -3.464625
14, 40, 54.978314
14, 41, -15.344003
14, 43, -5.158543
14, 44, -23.231848
14, 46, -41.788425
14, 47, -8.779575
14, 48, -52.403434
14, 50, 25.791926
15, 1, 3.547888
15, 2, -59.610765
15, 3, -40.494930
15, 4, 9.537076
15, 5, 38.671001
15, 6, -5.192408
15, 7, -32.932599
15, 9, 28.392647
15, 10, 16.261646
15, 11, -22.634784
15, 12, 7.896835
15, 13, -2.816119
15, 14, -30.642859
15, 18, 0.678124
15, 19, 22.049372
15, 20, -7.773476
15, 22, 29.578530
15, 23, 4.182840
15, 24, -20.358287
15, 25, -45.858255
15, 26, 16.522758
15, 27, 43.661822
15, 28, -20.594036
15, 29, 49.198174
15, 30, -43.886954
15, 31, -84.000000
15, 32, -4.112773
15, 33, -46.321567
15, 35, -21.203796
15, 37, -47.486690
15, 38, 5.240506
15, 39, -5.779879
15, 40, 56.985828
15, 41, -13.385081
15, 43, -28.018518
15, 45, -8.530550
15, 46, -42.204887
15, 47, -1.582912
15, 49, 18.166964
15, 50, 14.151550
16, 1, -0.748758
16, 2, -63.396967
16, 3, -38.513950
16, 4, 25.822981
16, 5, 47.407126
16, 6, -19.782218
16, 7, -38.573799
16, 8, -12.122281
16, 10, 26.273227
16, 11, -31.153849
16, 12, -0.976711
16, 13, -1.111826
16, 14, -45.460869
16, 16, -0.280984
16, 17, 60.997751
16, 20, -17.851227
16, 22, 18.713007
16, 23, 15.771600
16, 24, -26.554719
16, 25, -27.069773
16, 26, 10.706809
16, 27, 46.786227
16, 28, -17.893721
16, 29, 29.481330
16, 30, -38.721510
16, 32, -4.886968
16, 33, -50.734677
16, 34, 2.000000
16, 35, 9.315694
16, 36, 66.000000
16, 38, 25.962220
16, 40, 66.844803
16, 41, -17.199223
16, 43, -46.857714
16, 44, 36.167325
16, 45, -19.693445
16, 46, -32.794937
16, 47, -2.354476
16, 48, -26.655401
16, 49, 7.197929
16, 50, 4.953436
17, 1, 8.184524
17, 2, -61.365298
17, 4, 32.076318
17, 5, 53.182208
17, 6, -16.098869
17, 7, -29.985631
17, 8, -13.445242
17, 9, -45.517042
17, 10, 26.066991
17, 11, -26.676398
17, 12, 7.728102
17, 13, 4.137115
17, 14, -57.738146
17, 15, -31.343814
17, 16, 1.394416
17, 17, 46.002249
17, 18, 32.452166
17, 19, 86.000000
17, 20, -15.154484
17, 21, 29.520549
17, 22, -0.860641
17, 23, 18.398927
17, 25, -28.871641
17, 26, 3.585625
17, 27, 41.784329
17, 28, -35.538293
17, 29, 27.897258
17, 31, 99999.000000
17, 32, -24.806822
17, 33, -51.803547
17, 35, 36.201996
17, 38, 33.431116
17, 39, 44.927033
17, 42, -14.509797
17, 43, -53.655342
17, 44, 36.329395
17, 45, -23.761763
17, 46, -20.622962
17, 47, -20.150045
17, 48, -13.460542
17, 49, 3.773009
17, 50, 1.302776
18, 1, 31.171652
18, 2, -55.027597
18, 3, -73.000000
18, 4, 29.532584
18, 5, 49.124501
18, 6, -7.415982
18, 7, -22.513470
18, 8, -15.216835
18, 9, -24.944960
18, 10, 20.744855
18, 12, -1.868819
18, 13, -0.899379
18, 14, -62.076089
18, 15, -17.509414
18, 16, 3.514497
18, 18, 7.127832
18, 20, 4.611031
18, 21, 5.130508
18, 22, -22.896291
18, 24, -23.414940
18, 25, -28.453729
18, 26, 3.910402
18, 27, 32.921045
18, 29, 23.687485
18, 32, -36.831454
18, 34, 23.000000
18, 35, 53.588870
18, 36, 22.823133
18, 37, 73.000000
18, 38, 30.547240
18, 39, 36.317848
18, 40, -10.188734
18, 41, 44.884247
18, 42, 3.429760
18, 44, 24.242523
18, 45, -21.177751
18, 46, -23.026239
18, 47, -29.051022
18, 48, -1.729090
18, 49, -1.981610
18, 50, 0.345396
19, 1, 46.777272
19, 2, -42.469228
19, 4, 21.843319
19, 5, 41.202448
19, 6, -1.589914
19, 7, -10.703504
19, 8, -18.606479
19, 9, -5.976907
19, 10, 3.867677
19, 11, -4.321166
19, 13, -16.925135
19, 14, -61.731252
19, 15, -41.159360
19, 16, -2.214105
19, 17, -72.584425
19, 18, 0.967629
19, 19, -40.933225
19, 20, 19.378272
19, 21, -5.509780
19, 22, -42.428431
19, 23, -6.193959
19, 24, -44.585060
19, 25, -20.931459
19, 26, 20.931659
19, 27, 25.408832
19, 28, 21.771254
19, 29, 19.860150
19, 31, -90.000000
19, 33, 15.287793
19, 35, 64.681100
19, 36, 20.176867
19, 38, 16.220978
19, 39, 18.254334
19, 40, -3.605844
19, 41, 27.402332
19, 42, 8.914639
19, 45, -3.913386
19, 46, -23.508251
19, 48, 18.183985
19, 49, 0.878224
19, 50, -7.494472
20, 1, 58.215078
20, 3, 62.000000
20, 4, 16.084395
20, 5, 28.073677
20, 6, -12.057193
20, 8, -28.285779
20, 10, 0.880921
20, 11, -17.839840
20, 15, -26.766224
20, 16, -2.405070
20, 17, -65.012602
20, 18, 4.460731
20, 19, -26.195098
20, 20, 23.695442
20, 21, -18.922192
20, 23, -2.421797
20, 25, -13.211858
20, 27, 21.855176
20, 28, 6.984286
20, 29, 28.127261
20, 30, -61.116562
20, 33, 4.632543
20, 34, 41.881191
20, 37, -30.707920
20, 39, 6.552104
20, 40, 12.414354
20, 41, 22.121180
20, 42, 8.591582
20, 43, 72.882988
20, 44, 26.300748
20, 46, -22.260477
20, 47, 45.269669
20, 49, -0.989234
20, 50, -19.936371
21, 4, 24.099607
21, 5, 20.526641
21, 6, -23.183791
21, 7, -41.431324
21, 8, -48.278059
21, 11, -22.782242
21, 12, -54.719978
21, 13, -65.233124
21, 14, 1.604097
21, 15, -35.678741
21, 16, -10.875287
21, 17, -54.027836
21, 18, 5.868598
21, 19, -0.466135
21, 20, 20.972615
21, 21, -16.878038
21, 23, 0.049458
21, 25, -2.992941
21, 28, -11.748573
21, 31, 11.098236
21, 32, -13.000000
21, 33, 4.176472
21, 34, 27.454631
21, 35, -16.737757
21, 36, -41.417693
21, 37, -44.292080
21, 38, 8.249593
21, 39, -10.912973
21, 40, 12.640510
21, 41, 30.878334
21, 42, -2.503994
21, 44, 3.211821
21, 45, 24.371565
21, 46, -25.182051
21, 47, 24.479414
21, 48, -38.702763
21, 49, -6.864773
21, 50, -33.183329
22, 1, -96.000000
22, 3, 40.314650
22, 4, 28.134738
22, 5, -2.105934
22, 6, -26.040312
22, 7, -25.437154
22, 10, -31.586315
22, 11, -13.450744
22, 12, -43.226476
22, 13, -50.766876
22, 14, 2.409107
22, 15, -31.132640
22, 16, -10.938973
22, 17, -40.448669
22, 18, -3.535594
22, 19, 22.425817
22, 20, 14.642822
22, 21, 1.585395
22, 22, 80.941044
22, 23, -10.111884
22, 24, -58.483660
22, 25, 3.344516
22, 26, 54.495352
22, 28, -15.326523
22, 31, 4.669038
22, 33, 11.843064
22, 34, 15.531194
22, 35, -5.454531
22, 36, -30.926291
22, 38, 1.029345
22, 39, -7.992908
22, 40, 4.845757
22, 42, -14.544871
22, 44, -16.790271
22, 45, 8.268337
22, 46, -13.738997
22, 47, 22.162317
22, 48, -20.561369
22, 49, -12.674255
22, 50, -37.648981
23, 3, 28.360037
23, 4, 31.916456
23, 5, -32.219455
23, 6, -39.498193
23, 7, -2.828833
23, 8, -4.148192
23, 9, 13.706103
23, 10, -17.291926
23, 11, -10.608004
23, 12, -31.265687
23, 14, 6.411711
23, 16, -21.082018
23, 17, -30.249226
23, 18, -2.472670
23, 19, 45.032201
23, 20, 16.536004
23, 21, 14.155165
23, 22, 80.058956
23, 23, -9.220353
23, 24, -49.285365
23, 25, 9.832203
23, 26, 49.442850
23, 28, -28.548108
23, 30, 30.739214
23, 31, 1.857618
23, 32, 91.000000
23, 33, 28.066843
23, 34, -16.012086
23, 35, 10.755066
23, 36, -35.499173
23, 38, 1.309381
23, 39, 12.409198
23, 40, -6.276964
23, 41, 3.894571
23, 42, -24.620597
23, 44, -22.360936
23, 45, -7.257888
23, 46, 9.038078
23, 47, 21.536497
23, 48, -20.501748
23, 49, -7.414205
24, 1, 18.303513
24, 2, -73.000000
24, 3, 9.637491
24, 4, 43.969959
24, 5, -53.260058
24, 6, -53.458290
24, 7, 4.822158
24, 8, 9.353598
24, 9, 1.237859
24, 10, 2.109040
24, 11, -14.427255
24, 12, -18.371737
24, 13, 33.000000
24, 14, 25.596745
24, 15, 1.888758
24, 16, -32.058925
24, 17, -27.045132
24, 19, 54.455490
24, 20, 31.921475
24, 21, 27.076818
24, 24, -49.308636
24, 26, 39.432443
24, 27, -53.359732
24, 28, -39.405815
24, 29, -44.743562
24, 30, 19.693091
24, 31, -4.633112
24, 33, 31.232941
24, 35, 12.840499
24, 36, -33.584466
24, 38, 6.772674
24, 39, 19.665445
24, 40, -5.657319
24, 41, 24.782864
24, 42, -30.995392
24, 43, -5.285077
24, 44, -21.926528
24, 45, -11.699307
24, 46, 26.132460
24, 47, 17.334775
24, 49, -9.763395
24, 50, -62.000000
25, 1, 13.616585
25, 3, 1.560474
25, 4, 49.193843
25, 5, -62.382602
25, 7, -1.509074
25, 8, 16.589748
25, 9, -0.004923
25, 10, 8.157369
25, 11, -19.569445
25, 12, -18.359072
25, 15, -3.644514
25, 16, -52.109839
25, 17, -13.544925
25, 18, 14.000000
25, 20, 38.385770
25, 21, 27.159760
25, 22, -7.165348
25, 24, -44.160537
25, 25, 25.000000
25, 27, -31.696977
25, 28, -40.345186
25, 29, -44.275810
25, 30, 13.851961
25, 31, -23.796907
25, 33, 24.071423
25, 35, 28.190801
25, 36, -25.890317
25, 38, 13.482025
25, 39, 11.089731
25, 40, 3.922920
25, 41, 37.406768
25, 42, -25.176061
25, 43, 8.091966
25, 44, -25.375950
25, 46, 36.997612
25, 47, 23.367742
25, 48, -15.318084
26, 1, 9.301456
26, 2, -54.704771
26, 3, 13.549377
26, 4, 54.535304
26, 6, 24.931851
26, 8, 15.387518
26, 9, -8.945083
26, 10, -0.294311
26, 11, -10.026662
26, 12, -24.818322
26, 13, 49.001799
26, 14, -35.261882
26, 15, 2.403453
26, 17, 3.613904
26, 19, -52.315483
26, 20, 38.166644
26, 21, 14.953957
26, 22, 9.189486
26, 23, -30.123073
26, 24, -53.635885
26, 26, -18.425262
26, 27, -3.809361
26, 28, -35.016898
26, 29, -47.858257
26, 30, 8.856960
26, 31, -30.000884
26, 32, -48.941494
26, 33, 9.537142
26, 35, 30.551254
26, 36, -19.597775
26, 39, 4.200049
26, 41, 51.576846
26, 42, -18.467537
26, 43, 7.019949
26, 44, -22.130010
26, 47, 24.117212
26, 48, -0.033788
26, 49, 38.000000
26, 50, -53.070202
27, 1, 10.191914
27, 2, -47.295229
27, 3, 33.325293
27, 4, 52.719265
27, 5, -31.848108
27, 6, 26.248174
27, 7, 0.729713
27, 9, -18.396304
27, 10, 7.669314
27, 12, -19.739394
27, 13, 60.998201
27, 14, -33.673137
27, 15, -5.284719
27, 16, -46.836888
27, 17, 19.130384
27, 18, 17.874148
27, 19, -35.745729
27, 20, 25.469405
27, 21, 0.335470
27, 22, 15.761419
27, 23, -22.573750
27, 24, -58.238171
27, 25, -56.000000
27, 26, -18.631799
27, 27, 10.128483
27, 28, -35.360895
27, 29, -45.965039
27, 30, 7.144023
27, 31, -30.323649
27, 33, 17.587661
27, 34, 25.207613
27, 35, 20.204194
27, 36, -6.677080
27, 37, -3.760578
27, 38, 2.094503
27, 39, -7.174627
27, 40, -30.512142
27, 42, -22.405150
27, 43, 8.280743
27, 44, -5.111623
27, 45, -12.539046
27, 46, 11.408285
27, 47, 10.177727
27, 48, 3.755903
27, 50, -36.418957
28, 3, 50.697125
28, 5, -8.217967
28, 6, 23.201335
28, 7, 14.251899
28, 8, -11.297478
28, 9, -19.917851
28, 12, -13.629190
28, 14, -52.207654
28, 16, -34.699562
28, 17, 43.251626
28, 18, 6.884857
28, 19, -25.639236
28, 20, 7.341920
28, 21, -4.812432
28, 22, 19.794835
28, 23, -11.035394
28, 24, -65.913415
28, 26, -28.033299
28, 27, 5.927112
28, 28, -29.936313
28, 29, -58.622327
28, 30, -0.633128
28, 31, -45.852390
28, 33, 39.313771
28, 34, 6.591382
28, 35, 19.598963
28, 36, -2.727392
28, 37, 23.760578
28, 38, 2.470305
28, 39, -13.867757
28, 40, -7.222206
28, 41, -22.977669
28, 42, -22.495527
28, 43, 11.453244
28, 44, 2.408112
28, 45, -14.539259
28, 46, -8.384435
28, 47, -8.012676
28, 48, -4.223766
28, 49, -82.058506
28, 50, -19.707953
29, 1, 45.704594
29, 5, 7.097457
29, 6, 13.233394
29, 7, 33.679825
29, 8, -33.702522
29, 9, -29.033346
29, 10, 3.511328
29, 11, 77.264135
29, 16, -8.689413
29, 18, -16.645018
29, 19, -19.970948
29, 20, 2.897917
29, 21, 8.865890
29, 22, 8.437838
29, 23, -0.555478
29, 24, -71.023465
29, 25, 4.107665
29, 26, -30.072391
29, 27, -12.613427
29, 30, 5.639979
29, 31, -53.083222
29, 34, 14.227311
29, 35, 27.121296
29, 36, -1.466597
29, 38, -6.407269
29, 39, -35.779193
29, 40, 6.042204
29, 41, -10.979231
29, 42, -18.692686
29, 43, 17.237066
29, 44, 1.059536
29, 45, -22.881597
29, 46, -14.324184
29, 48, -1.355168
29, 49, -79.941494
29, 50, -24.036701
30, 1, 27.578204
30, 2, -39.553486
30, 3, 29.422714
30, 4, 21.751090
30, 5, 5.862494
30, 6, -9.706928
30, 9, -34.393361
30, 10, 18.975972
30, 11, 74.891536
30, 12, 53.393779
30, 14, 37.081967
30, 16, 13.558270
30, 17, -23.344764
30, 19, -10.878008
30, 20, 15.805277
30, 22, -12.575472
30, 23, -0.262771
30, 25, 4.666459
30, 26, -19.482234
30, 28, -16.385646
30, 29, -16.216532
30, 30, 16.850942
30, 32, -6.693061
30, 33, -62.000000
30, 34, 15.759307
30, 35, 34.934700
30, 36, -0.450485
30, 37, 35.331528
30, 38, -14.482452
30, 39, -51.915877
30, 40, -1.723764
30, 41, -20.780995
30, 42, -27.725044
30, 43, 38.189026
30, 45, -23.080075
30, 47, 26.117012
30, 48, -9.752204
30, 50, -30.112676
31, 1, -1.121026
31, 2, -39.578720
31, 3, 14.726763
31, 4, -1.053350
31, 5, 9.983185
31, 6, -15.714899
31, 7, -60.724757
31, 8, 23.537366
31, 9, -34.654166
31, 10, 35.957334
31, 11, 74.005635
31, 12, 47.961377
31, 13, -29.600890
31, 14, 27.643736
31, 15, 10.647614
31, 16, 18.627296
31, 17, -8.421151
31, 18, 63.000000
31, 19, -8.620457
31, 20, 23.219251
31, 21, 26.742539
31, 22, -29.814418
31, 23, 6.778420
31, 24, -47.776228
31, 25, -0.462975
31, 26, -22.519463
31, 28, -22.485032
31, 29, 2.243864
31, 30, 13.766115
31, 32, -4.471647
31, 34, 29.425371
31, 35, 36.297020
31, 36, 1.857075
31, 37, 10.776614
31, 38, -21.182975
31, 39, -53.475037
31, 42, -23.093140
31, 43, 56.284081
31, 44, -85.000000
31, 45, -34.293342
31, 46, -29.472096
31, 47, 21.882988
31, 48, -6.737886
31, 50, -26.004316
32, 1, -13.556335
32, 2, -37.768523
32, 3, 11.134851
32, 4, -15.866552
32, 5, 4.751854
32, 6, -15.345785
32, 7, -48.137600
32, 8, 22.183216
32, 9, -53.440735
32, 10, 49.774113
32, 11, 68.736986
32, 12, 43.392184
32, 13, 5.083703
32, 14, 7.286607
32, 16, 19.415871
32, 17, 1.971954
32, 19, -7.551895
32, 20, 18.419005
32, 21, -3.171042
32, 22, -43.674813
32, 23, 25.531305
32, 24, -52.831017
32, 25, 5.525936
32, 26, -14.153773
32, 28, -16.956178
32, 29, 14.292172
32, 30, 8.559196
32, 33, -49.000000
32, 35, 24.908512
32, 36, 21.663478
32, 37, -3.101679
32, 38, -29.790263
32, 39, -57.851589
32, 40, -7.939979
32, 42, -14.087986
32, 46, -39.527904
32, 48, -4.592301
32, 49, 31.644983
32, 50, -17.416944
33, 1, -24.319446
33, 2, -45.783780
33, 3, 0.604740
33, 4, -14.431646
33, 6, -1.231600
33, 7, -31.540372
33, 8, 15.611333
33, 11, 57.065256
33, 12, 53.415745
33, 13, -3.551440
33, 14, -0.116190
33, 15, 55.000000
33, 16, 8.444511
33, 17, 5.057704
33, 18, -26.821783
33, 19, -0.242099
33, 20, 28.143409
33, 21, -24.157810
33, 22, -44.617202
33, 23, 33.342938
33, 24, -58.989685
33, 25, 29.243602
33, 26, -16.026126
33, 27, -42.537819
33, 28, -5.533085
33, 29, 8.771286
33, 32, -2.926911
33, 34, 11.000000
33, 35, 7.467051
33, 37, -16.389696
33, 38, -42.829431
33, 40, 12.668007
33, 42, 1.696899
33, 45, 23.584254
33, 47, -96.529253
33, 48, -17.777707
33, 49, 25.277361
33, 50, -11.064843
34, 1, -39.619816
34, 2, -46.896860
34, 3, 4.605541
34, 4, -7.351954
34, 6, 12.693873
34, 8, 10.641553
34, 9, -53.075819
34, 10, 7.554358
34, 11, 40.848232
34, 12, 55.775535
34, 13, 14.901508
34, 14, 4.752403
34, 16, -21.163389
34, 17, 17.209272
34, 18, -15.178217
34, 19, 1.482457
34, 20, 47.159869
34, 21, -32.460459
34, 23, 41.206460
34, 24, -61.161637
34, 26, -33.463609
34, 27, -36.708910
34, 28, 13.506756
34, 29, -2.590739
34, 30, 4.000000
34, 31, -21.644916
34, 32, 4.275832
34, 33, 27.233574
34, 35, 4.899973
34, 36, -22.581254
34, 37, -25.071469
34, 40, 19.399981
34, 41, 23.412241
34, 42, 12.962493
34, 43, -12.785050
34, 44, 37.621716
34, 45, 10.156634
34, 46, 85.000000
34, 47, -67.720581
34, 48, -33.351264
34, 49, 14.397939
34, 50, -7.194809
35, 1, -48.099144
35, 2, -39.164226
35, 3, 11.466527
35, 4, 8.142945
35, 7, -50.938795
35, 8, 15.228058
35, 9, -45.531317
35, 10, 11.574200
35, 11, 34.462178
35, 12, 47.307964
35, 13, 30.704209
35, 14, 28.896179
35, 17, 40.355705
35, 19, 8.888261
35, 21, -29.039442
35, 22, -50.157491
35, 23, 38.778639
35, 24, -61.795562
35, 25, -12.765526
35, 27, -23.679013
35, 28, 14.686185
35, 29, -2.139848
35, 32, 1.565626
35, 33, 15.766426
35, 34, -9.774260
35, 35, 5.621129
35, 36, -2.203479
35, 38, 27.157786
35, 40, 11.227309
35, 43, -12.892452
35, 44, 38.122752
35, 45, 11.076790
35, 48, -37.274880
35, 49, 11.558344
35, 50, -22.339136
36, 1, -47.794560
36, 2, -30.760002
36, 3, 5.498585
36, 4, 28.668800
36, 6, -93.000000
36, 7, -19.668073
36, 8, 13.042620
36, 9, -48.996282
36, 10, -2.372156
36, 11, 15.574761
36, 12, 32.648619
36, 18, -21.995952
36, 19, 3.225959
36, 20, 3.210401
36, 21, -17.032586
36, 22, -41.552923
36, 23, 35.730450
36, 25, -18.234474
36, 26, -54.051918
36, 27, -0.610519
36, 28, 0.453848
36, 29, -1.833424
36, 30, -12.646265
36, 31, 1.520122
36, 32, -2.838945
36, 34, -2.458534
36, 35, 4.879099
36, 36, 11.127303
36, 37, 0.000000
36, 38, 2.480093
36, 39, 12.151960
36, 40, -9.906087
36, 42, 22.551259
36, 43, -24.082231
36, 44, 39.522426
36, 45, 2.732235
36, 46, 45.882988
36, 49, -2.175585
36, 50, -24.233830
37, 1, -35.679603
37, 2, -20.633224
37, 4, 37.313885
37, 5, -13.000000
37, 8, 16.499978
37, 10, -10.677396
37, 11, -17.342362
37, 12, 8.905192
37, 13, -19.300238
37, 14, -24.868358
37, 16, -43.000000
37, 17, -34.697706
37, 18, 4.995952
37, 19, -15.195317
37, 20, -2.439553
37, 21, -18.940741
37, 22, -38.438984
37, 23, 36.911273
37, 24, 25.074913
37, 26, -47.820817
37, 27, 9.386298
37, 28, -14.918012
37, 29, -5.646529
37, 30, -7.353735
37, 31, 12.639709
37, 32, -7.063225
37, 33, -6.525654
37, 34, -2.663675
37, 35, 14.174399
37, 36, 15.532800
37, 38, -15.830171
37, 39, 42.411639
37, 40, -22.604405
37, 41, 99999.000000
37, 42, 23.362703
37, 44, 43.150576
37, 45, 2.607733
37, 46, 0.773933
37, 48, -2.996401
37, 49, -17.600880
37, 50, -17.810860
38, 1, -12.706465
38, 2, -2.947008
38, 4, 39.237564
38, 6, 6.394985
38, 8, 5.114088
38, 10, -22.927773
38, 12, -2.779926
38, 13, -5.451364
38, 14, -10.983819
38, 15, 32.176442
38, 17, -30.453027
38, 19, -22.531259
38, 20, -21.523119
38, 21, -10.603117
38, 22, -35.989747
38, 23, 27.517020
38, 24, 20.107915
38, 25, -29.822233
38, 26, -38.153879
38, 28, -16.497870
38, 29, 1.261526
38, 31, 26.311159
38, 32, -8.737174
38, 33, 18.525654
38, 34, -10.715250
38, 35, 16.615146
38, 36, 26.960180
38, 37, -18.011625
38, 38, -26.468229
38, 39, 1.477803
38, 40, -19.443863
38, 42, 8.563690
38, 43, 62.000000
38, 44, 40.324673
38, 45, -8.528299
38, 48, 20.996401
38, 49, -23.559414
39, 1, 16.757381
39, 2, 6.543661
39, 3, 73.573725
39, 4, 38.203736
39, 5, 20.810335
39, 6, -1.054196
39, 8, -9.635917
39, 9, 6.678404
39, 10, -43.591225
39, 12, -0.217212
39, 13, 20.714985
39, 14, -17.268695
39, 15, 15.124046
39, 16, 1.351000
39, 17, -15.872779
39, 18, 84.000000
39, 19, -23.131251
39, 20, -43.086053
39, 21, -3.630448
39, 22, -23.357851
39, 23, 6.377429
39, 24, 28.697638
39, 25, -25.196015
39, 26, -52.204183
39, 27, -28.294744
39, 28, -8.394939
39, 29, -7.124834
39, 30, 52.335550
39, 32, -11.470613
39, 34, -18.607913
39, 35, 16.133109
39, 36, 38.025069
39, 37, -18.882482
39, 38, -18.766355
39, 39, -11.420984
39, 41, -50.939286
39, 42, -15.081602
39, 44, 43.619913
39, 45, -2.533209
39, 49, -25.843042
40, 1, 30.015950
40, 2, 4.071507
40, 3, 65.363666
40, 4, 30.516253
40, 5, 10.719764
40, 6, -4.274575
40, 7, 34.159147
40, 8, -17.917730
40, 9, 9.709180
40, 10, -61.148879
40, 13, 32.699760
40, 14, -13.890163
40, 15, 21.546705
40, 16, -10.515692
40, 17, -16.665019
40, 19, -18.298883
40, 20, -52.695346
40, 21, -10.203008
40, 22, -21.836373
40, 23, -4.128124
40, 24, 49.335914
40, 27, -19.813006
40, 28, -2.615798
40, 29, -15.974682
40, 30, 36.331682
40, 31, -76.102553
40, 32, -9.962159
40, 33, -95.000000
40, 34, -31.228719
40, 35, 8.760199
40, 36, 55.226198
40, 37, -11.083984
40, 38, -1.990429
40, 39, -29.154937
40, 40, -31.218000
40, 41, -38.563973
40, 42, -27.006149
40, 43, -5.884337
40, 45, 15.775584
40, 47, -20.024476
40, 48, -10.651051
40, 50, 18.826281
41, 1, 33.513304
41, 2, 11.651737
41, 3, 65.100839
41, 4, 29.227308
41, 5, 19.466763
41, 7, 9.149936
41, 8, -9.428258
41, 9, 25.613658
41, 12, -36.157965
41, 13, 34.967327
41, 14, -30.876776
41, 15, 12.259781
41, 16, -10.002242
41, 17, -21.044059
41, 18, 53.395054
41, 19, -4.858518
41, 20, -55.169424
41, 22, -19.979181
41, 23, -23.499234
41, 26, 56.998201
41, 27, -14.998357
41, 28, -4.596757
41, 29, -24.941997
41, 30, 35.384217
41, 31, -73.789705
41, 32, -10.778582
41, 34, -50.498720
41, 35, 9.507964
41, 36, 65.974364
41, 37, -1.492872
41, 38, 7.269514
41, 39, -24.897802
41, 40, -5.632636
41, 41, -37.749007
41, 42, -23.929863
41, 43, -19.115663
41, 44, 5.045191
41, 45, 23.458105
41, 46, -27.351936
41, 47, -9.284482
41, 48, -9.719049
41, 49, 57.247478
41, 50, 37.173719
42, 2, 5.429514
42, 5, 30.588449
42, 6, 0.038828
42, 7, -4.026571
42, 8, 1.659620
42, 9, 28.371749
42, 12, -25.091217
42, 13, 35.722229
42, 14, -35.735645
42, 15, 23.789417
42, 16, -3.490102
42, 17, -12.020693
42, 18, 40.351020
42, 19, 4.810695
42, 22, -17.713373
42, 23, -28.051404
42, 24, 7.000000
42, 27, -22.816118
42, 28, -6.947088
42, 29, -33.691105
42, 30, 27.658156
42, 31, -70.854369
42, 32, -6.849001
42, 33, -58.181175
42, 35, 11.221552
42, 37, -1.177173
42, 38, 12.094142
42, 39, -9.157552
42, 40, 5.246330
42, 41, -35.007362
42, 42, -7.716454
42, 44, 3.537084
42, 45, 29.736096
42, 47, -19.396855
42, 48, -1.383400
42, 49, 38.118640
43, 1, 33.019012
43, 2, -14.899987
43, 3, 41.353285
43, 4, -5.773770
43, 5, 29.333782
43, 6, -5.319937
43, 7, -31.396013
43, 8, -4.313547
43, 9, 19.866764
43, 10, -12.641072
43, 11, 27.703871
43, 12, -12.819504
43, 13, 31.248593
43, 14, -35.873017
43, 15, 7.926280
43, 16, 9.949331
43, 17, 7.240322
43, 18, 27.968630
43, 20, 83.706570
43, 22, -13.490134
43, 23, -19.104754
43, 25, -39.945016
43, 27, -21.606667
43, 28, -18.457125
43, 30, 29.804191
43, 31, -64.431401
43, 32, -2.460311
43, 33, -33.825324
43, 34, -61.056707
43, 35, 16.352660
43, 36, -57.759739
43, 37, 3.239425
43, 38, 21.669524
43, 39, 7.965872
43, 40, -0.798388
43, 42, 9.114518
43, 43, -48.130563
43, 44, 19.379798
43, 45, 42.461686
43, 46, -59.000000
43, 48, 6.520336
43, 49, 16.146925
44, 1, 24.153963
44, 2, -24.619051
44, 3, 43.646715
44, 4, -15.385476
44, 6, -4.902583
44, 7, -41.384231
44, 8, -5.638486
44, 9, 16.284795
44, 10, -8.238952
44, 12, 15.366622
44, 13, 36.480958
44, 14, -23.111718
44, 15, -0.683721
44, 17, 8.500658
44, 18, 40.076591
44, 19, -88.000000
44, 20, 88.293430
44, 21, 43.335348
44, 22, -14.473572
44, 23, -8.018971
44, 24, 8.468048
44, 25, -48.563492
44, 27, -13.137422
44, 28, -22.685295
44, 29, 11.879839
44, 30, 25.634221
44, 31, -53.796536
44, 32, 8.782956
44, 33, -28.791369
44, 34, -46.943293
44, 35, 11.429740
44, 36, -46.700666
44, 37, 10.100721
44, 38, 21.777506
44, 40, -15.369957
44, 41, 7.433453
44, 42, 18.771104
44, 43, -50.004801
44, 44, 22.492057
44, 45, 48.674065
44, 47, -34.564131
44, 49, -2.659764
45, 1, 18.447015
45, 2, -26.116504
45, 4, -20.734904
45, 5, 21.590908
45, 6, -11.347675
45, 7, -36.928375
45, 8, -13.634592
45, 9, 10.675142
45, 10, 12.716790
45, 11, -30.407911
45, 12, 30.934207
45, 13, 35.452335
45, 14, -10.317334
45, 16, -44.528353
45, 17, -9.495917
45, 21, 18.824049
45, 22, -13.335382
45, 23, 4.798076
45, 24, -8.468048
45, 25, -40.827860
45, 26, 53.085091
45, 27, 1.203472
45, 28, -20.628987
45, 29, -4.879839
45, 30, 11.907222
45, 31, -47.611952
45, 32, 20.663579
45, 33, 17.096721
45, 35, 18.907822
45, 36, -32.058272
45, 37, 14.679603
45, 38, 27.649039
45, 40, -19.781503
45, 41, -2.515607
45, 42, 37.247052
45, 43, -42.142076
45, 44, 25.190300
45, 46, -29.860271
45, 47, -15.118934
45, 48, 63.234024
45, 49, -10.686168
46, 1, 11.172331
46, 2, -21.206339
46, 4, -8.986609
46, 5, 39.409092
46, 6, -4.057098
46, 7, -25.200585
46, 8, -31.575522
46, 9, -5.147915
46, 10, 19.443359
46, 11, -10.682139
46, 13, 40.711704
46, 14, -2.422396
46, 16, -37.471647
46, 17, -28.772475
46, 19, -8.348787
46, 20, 54.689799
46, 21, 12.261092
46, 22, -9.619468
46, 23, 25.593748
46, 25, -38.070577
46, 26, 58.351486
46, 27, 17.093480
46, 28, -11.327740
46, 30, 4.855706
46, 31, -49.371797
46, 32, 20.872889
46, 34, -42.079524
46, 35, 26.553952
46, 36, -18.844300
46, 37, 9.998337
46, 38, 26.584768
46, 40, -26.842292
46, 41, -14.703902
46, 42, 46.485812
46, 43, -23.858771
46, 44, 21.556231
46, 45, -73.000000
46, 46, -30.793875
46, 47, 8.461703
46, 48, 54.765976
46, 50, 19.819084
47, 1, -11.355164
47, 2, -24.144176
47, 3, 26.119723
47, 4, 19.900348
47, 6, -11.653748
47, 7, -0.978507
47, 8, -39.701610
47, 9, -3.136715
47, 10, 17.105881
47, 11, -7.403379
47, 12, 70.942394
47, 13, 34.576027
47, 17, -41.280999
47, 19, 19.348787
47, 20, 55.336146
47, 21, -1.574375
47, 22, -1.851127
47, 23, 33.044521
47, 24, -33.000000
47, 25, -24.490047
47, 27, 38.362388
47, 28, -6.269720
47, 29, 99999.000000
47, 31, -60.314989
47, 32, 16.401278
47, 34, -33.607451
47, 37, 1.394015
47, 38, 12.231116
47, 39, 24.436936
47, 40, -44.971953
47, 41, -18.883843
47, 42, 45.728183
47, 43, -2.208168
47, 44, 14.992590
47, 46, -26.252329
47, 47, 14.813943
47, 49, 28.509329
48, 1, -17.620276
48, 3, 17.945641
48, 4, 35.540804
48, 5, -31.202066
48, 6, -18.713519
48, 7, 10.561019
48, 8, -34.960398
48, 9, 13.204718
48, 10, 17.709828
48, 11, 2.139870
48, 13, 23.084830
48, 15, 11.886137
48, 16, -51.960661
48, 17, -41.536655
48, 20, 64.731738
48, 21, -29.502924
48, 22, -8.776903
48, 23, 34.029064
48, 25, -12.378698
48, 26, -92.000000
48, 27, 53.064391
48, 30, -61.600862
48, 32, 7.990246
48, 34, -32.815272
48, 35, -25.173269
48, 36, 21.332476
48, 37, -11.820965
48, 38, 9.057610
48, 39, -3.476887
48, 41, -10.605882
48, 42, 48.128648
48, 43, 4.768221
48, 44, 5.240242
48, 45, 46.157817
48, 46, -30.228144
48, 47, 24.587602
48, 48, -10.299242
48, 49, 25.227685
48, 50, 18.073457
49, 1, -22.420910
49, 3, 4.900481
49, 4, 42.424701
49, 5, -11.865776
49, 6, -25.941195
49, 7, 28.787827
49, 8, -16.541630
49, 9, 20.499797
49, 10, 32.839994
49, 11, 12.561074
49, 13, 27.327723
49, 16, -43.002532
49, 17, -38.923884
49, 18, -46.408642
49, 19, -28.059855
49, 21, -44.729042
49, 22, -17.115660
49, 24, -76.000000
49, 25, 7.626079
49, 27, 59.908758
49, 28, -30.349237
49, 29, 18.354635
49, 30, -50.170183
49, 31, 36.296578
49, 32, -17.342074
49, 33, 2.143507
49, 34, -37.738009
49, 35, -3.826731
49, 36, 3.245991
49, 37, -7.204757
49, 38, 19.024738
49, 39, -25.297316
49, 40, 21.176867
49, 41, 16.327385
49, 42, 54.632892
49, 43, 23.625370
49, 45, 27.030896
49, 48, -17.199391
49, 49, 25.531253
49, 50, 27.002532
50, 1, -19.298671
50, 3, -5.174983
50, 4, 51.634207
50, 5, -7.038650
50, 6, -46.310613
50, 8, 1.912602
50, 10, 39.654878
50, 13, 34.597215
50, 14, -43.883888
50, 15, 61.000000
50, 16, -41.918722
50, 17, -38.048653
50, 18, -25.591358
50, 19, -34.940145
50, 20, 4.000000
50, 22, -10.582481
50, 23, 75.000000
50, 25, 22.547136
50, 26, 68.000000
50, 27, 61.928772
50, 28, -5.650763
50, 29, 29.645365
50, 30, -49.676060
50, 31, 52.703422
50, 32, -31.390201
50, 33, 10.996401
50, 34, -55.316526
50, 36, -27.308167
50, 37, 15.408181
50, 39, -43.830989
50, 40, 23.823133
50, 41, 36.997179
50, 42, 61.273954
50, 43, 35.544924
50, 44, -53.000000
50, 45, 17.601053
50, 46, -72.000000
50, 47, -8.000000
50, 48, -39.483628
50, 49, 20.094710
50, 50, 43.805926
