1, 1, 33.000000
1, 3, -20.652585
1, 4, 4.979146
1, 6, 8.312257
1, 7, 5.742950
1, 8, 34.459616
1, 9, -40.267573
1, 10, -19.000000
1, 11, -5.639350
1, 12, 99999.000000
1, 13, -86.000000
1, 14, -58.039161
1, 15, -38.000000
1, 16, 29.316204
1, 18, -85.000000
1, 19, -45.898050
1, 20, -31.797190
1, 21, -11.662304
1, 22, -16.523662
1, 23, 9.379907
1, 24, 31.850016
1, 25, -32.108054
1, 26, 99999.000000
1, 27, 62.000000
1, 28, 3.238721
1, 29, -41.000000
1, 30, -35.103838
1, 32, -3.605892
1, 33, -26.489480
1, 34, -10.649453
1, 35, -10.138014
1, 37, -82.000000
1, 38, -87.000000
1, 39, 82.000000
1, 40, 0.745132
1, 41, 13.948041
1, 42, -29.617026
1, 43, -38.491654
1, 45, 3.190086
1, 46, -81.000000
1, 47, -6.570019
1, 49, 45.000000
1, 50, 11.411588
2, 2, 7.273360
2, 3, -20.662876
2, 4, 4.647778
2, 5, -41.748807
2, 6, 8.048725
2, 7, 5.778013
2, 8, 34.540384
2, 9, -29.946922
2, 11, -5.888892
2, 14, -57.960839
2, 16, 0.012238
2, 17, -43.547826
2, 18, -91.014685
2, 19, -45.626648
2, 20, -31.541713
2, 21, -13.345927
2, 22, -7.100860
2, 23, 8.666465
2, 24, 31.728245
2, 25, -31.680336
2, 26, -28.105014
2, 28, 3.351350
2, 30, -28.442021
2, 31, 24.892452
2, 32, -3.686726
2, 33, -25.996631
2, 34, -10.375568
2, 35, -9.702971
2, 36, -70.513461
2, 40, 0.388344
2, 41, 13.915274
2, 42, -29.534166
2, 43, -43.991481
2, 44, -17.663604
2, 45, 3.401416
2, 47, -5.972874
2, 48, -7.501687
2, 50, 11.514947
3, 1, -7.196524
3, 2, 54.000578
3, 3, -20.651080
3, 4, 4.163836
3, 5, -41.988901
3, 6, 7.694363
3, 7, 5.784180
3, 9, -40.145334
3, 11, -6.613809
3, 12, 30.166349
3, 13, 99999.000000
3, 15, -25.953497
3, 16, 29.702737
3, 17, 7.819820
3, 18, 99999.000000
3, 19, -45.196963
3, 20, -31.301644
3, 21, -14.204468
3, 22, -17.296728
3, 23, 7.351721
3, 24, 31.722383
3, 25, -31.011222
3, 26, -13.164168
3, 27, -1.227288
3, 28, 3.439718
3, 29, 60.518289
3, 30, -34.964686
3, 31, 24.837833
3, 32, -3.692609
3, 33, -24.547562
3, 34, -9.704596
3, 35, -8.906658
3, 36, -70.486539
3, 37, -79.000000
3, 38, 41.616258
3, 39, 1.322662
3, 40, -0.084155
3, 41, 13.860427
3, 42, -29.503643
3, 43, -38.136182
3, 44, -18.163773
3, 45, 3.605061
3, 47, -4.667401
3, 48, -7.616458
3, 49, -52.306335
3, 50, 11.595762
4, 1, -6.985264
4, 2, 6.420151
4, 3, -20.612299
4, 4, 3.626359
4, 5, -42.278295
4, 6, 7.302421
4, 8, -27.014870
4, 9, -29.854268
4, 10, -95.000000
4, 11, -7.729251
4, 12, 30.061949
4, 14, 7.875150
4, 15, -26.046503
4, 16, 99999.000000
4, 17, -43.820976
4, 18, 97.000000
4, 19, -44.664733
4, 20, -31.130327
4, 21, -17.553657
4, 22, -7.672222
4, 23, 5.587257
4, 24, 31.839460
4, 25, -30.197639
4, 26, -27.533120
4, 27, -0.632688
4, 29, 60.605529
4, 30, -28.191392
4, 31, 24.901162
4, 32, -3.636097
4, 33, -22.229434
4, 34, -8.696965
4, 35, -7.845063
4, 38, 41.383742
4, 39, 0.860971
4, 40, -0.590974
4, 43, -43.967806
4, 44, -19.133400
4, 45, 3.764958
4, 46, 99999.000000
4, 47, -2.759559
4, 48, -7.718146
4, 49, -52.325154
4, 50, 11.636475
5, 1, -6.595273
5, 2, 54.049743
5, 3, -20.552036
5, 4, 3.140124
5, 5, -42.564000
5, 6, 6.924515
5, 7, 6.336914
5, 8, -26.189684
5, 9, -40.353970
5, 11, -9.104116
5, 12, 29.944737
5, 13, 13.754101
5, 14, 7.732093
5, 16, -27.563500
5, 17, 8.402659
5, 18, 99999.000000
5, 19, -44.091674
5, 21, -19.067237
5, 22, 99999.000000
5, 23, 3.549735
5, 24, 32.051904
5, 25, -29.350737
5, 26, -13.939699
5, 27, 0.620722
5, 28, -64.000000
5, 29, 60.734748
5, 30, 99999.000000
5, 31, 25.073332
5, 32, -3.548457
5, 33, -19.177217
5, 34, -7.413889
5, 35, -6.607623
5, 36, -1.282771
5, 39, 0.179898
5, 40, -1.040096
5, 41, 10.849232
5, 43, -37.794470
5, 44, -20.405366
5, 45, 3.844140
5, 46, -92.000000
5, 47, -0.402711
5, 49, -52.405373
5, 50, 11.632815
6, 1, -6.099705
6, 2, 5.387281
6, 3, -20.474582
6, 5, -42.785501
6, 6, 6.587776
6, 7, 5.930152
6, 8, -24.404476
6, 9, 99999.000000
6, 10, -0.299937
6, 11, -10.570549
6, 13, 13.645880
6, 14, 7.021818
6, 15, 99999.000000
6, 16, -3.442147
6, 17, 99999.000000
6, 18, 26.635838
6, 19, -43.531037
6, 20, -21.100593
6, 21, -23.694408
6, 22, 31.345852
6, 23, 1.427122
6, 24, 32.321442
6, 25, -28.563202
6, 26, -25.609665
6, 27, 2.435951
6, 28, 99999.000000
6, 30, -23.000000
6, 31, 25.323658
6, 32, -3.480837
6, 33, -15.591432
6, 34, -5.961585
6, 35, -5.304978
6, 36, -1.576331
6, 38, -16.941132
6, 39, -0.594406
6, 40, -1.363366
6, 41, 10.180714
6, 42, -64.482415
6, 43, -44.141395
6, 44, -21.810294
6, 47, 2.242971
6, 49, -52.528803
7, 1, -5.592492
7, 2, 99999.000000
7, 3, -20.397063
7, 4, -21.344581
7, 6, 6.294263
7, 7, 5.476233
7, 8, -21.808697
7, 9, 12.301444
7, 10, -0.598341
7, 11, -11.940756
7, 12, 28.660922
7, 13, 13.553441
7, 14, 5.716016
7, 15, 43.000000
7, 16, -25.724191
7, 17, -66.000000
7, 18, -29.000000
7, 19, -43.043707
7, 20, -20.477142
7, 21, -24.785828
7, 22, 13.023627
7, 23, -0.616232
7, 25, -27.905374
7, 26, -14.126533
7, 27, 4.699526
7, 28, -52.000000
7, 29, -32.227155
7, 31, 25.604751
7, 32, -3.492794
7, 33, -11.714665
7, 34, -4.440068
7, 35, -4.028954
7, 36, -2.144494
7, 38, -16.565962
7, 39, -1.333642
7, 40, -1.496633
7, 41, 8.796745
7, 42, -64.400854
7, 43, -37.639454
7, 44, -23.119058
7, 46, -19.009953
7, 47, 4.992688
7, 50, 22.233449
8, 1, -5.175150
8, 4, -21.655419
8, 5, 2.888487
8, 6, 6.011307
8, 8, -18.633419
8, 9, -11.303355
8, 10, -1.000372
8, 11, -13.029943
8, 12, 28.609478
8, 13, 13.501701
8, 14, 3.814175
8, 16, -3.286574
8, 19, -42.663800
8, 20, -19.330036
8, 21, -30.303859
8, 22, 29.344907
8, 23, -2.427946
8, 24, -2.000000
8, 25, -27.413320
8, 26, -22.181678
8, 27, 7.278795
8, 29, -32.354790
8, 30, -29.047778
8, 32, -3.649341
8, 33, -7.831781
8, 34, -2.985921
8, 35, -2.881497
8, 36, -2.890772
8, 37, -45.379642
8, 38, -15.671005
8, 39, -1.907954
8, 41, 6.821868
8, 42, -64.394801
8, 43, 99999.000000
8, 44, -24.152013
8, 45, -7.506641
8, 46, -18.752037
8, 47, 7.663497
8, 48, -17.102149
8, 49, 14.000000
8, 50, 22.084046
9, 3, -24.932131
9, 5, 3.150117
9, 6, 5.678269
9, 8, -15.130636
9, 9, 11.922019
9, 10, -1.426049
9, 11, -13.682693
9, 12, 28.629999
9, 13, 13.492628
9, 14, 1.329475
9, 15, 23.000000
9, 16, -22.376405
9, 17, 60.000000
9, 18, -12.000000
9, 19, -42.429990
9, 20, -17.758651
9, 21, -29.987937
9, 22, 12.411770
9, 23, -3.913641
9, 25, -27.075816
9, 26, -12.912039
9, 27, 10.044268
9, 29, -32.551282
9, 30, -28.797147
9, 31, -68.000000
9, 32, -3.998614
9, 33, -4.239838
9, 34, -1.716106
9, 35, -1.932813
9, 36, -3.674275
9, 37, -45.141486
9, 38, -14.318275
9, 39, -2.225392
9, 40, 13.823465
9, 41, 4.447590
9, 43, -1.618705
9, 44, -24.730185
9, 45, -7.012116
9, 46, -18.505152
9, 47, 10.070616
9, 48, -17.445028
9, 50, 21.949544
10, 1, 11.571620
10, 2, -44.949815
10, 3, -25.018117
10, 4, -1.216796
10, 5, 3.436080
10, 6, 5.209251
10, 7, -17.079470
10, 8, -11.602264
10, 9, -9.814858
10, 10, -1.809116
10, 13, 13.528206
10, 14, -1.675147
10, 16, -2.758252
10, 18, 99999.000000
10, 19, -42.349874
10, 20, -15.843929
10, 21, -36.120891
10, 22, 24.776659
10, 23, -5.009718
10, 24, -24.313101
10, 25, -26.844363
10, 26, -17.282360
10, 27, 12.876456
10, 29, -32.779594
10, 30, -28.582291
10, 32, -4.577200
10, 33, -1.243772
10, 34, -0.769493
10, 35, -1.260280
10, 36, -4.359357
10, 37, -44.883316
10, 38, -12.588142
10, 40, 14.694906
10, 41, 1.856710
10, 42, -54.693315
10, 43, 47.000000
10, 45, -6.480025
10, 46, -18.287592
10, 47, 12.051061
10, 48, -18.071183
10, 49, -1.232439
10, 50, 21.862275
11, 1, 12.115534
11, 2, -45.023812
11, 3, -25.185128
11, 4, -0.463361
11, 5, 3.689058
11, 6, 4.509129
11, 7, -16.988612
11, 8, -8.329140
11, 9, 11.873843
11, 10, -2.075605
11, 11, -29.278969
11, 12, -16.000000
11, 13, 13.593094
11, 14, -5.116894
11, 15, 0.000000
11, 16, -19.115050
11, 17, -2.289411
11, 20, -13.673400
11, 21, -33.636206
11, 22, 10.381968
11, 23, -5.714584
11, 24, -24.063489
11, 25, -26.638604
11, 26, -9.939261
11, 27, 15.660306
11, 28, 9.506119
11, 30, -28.444137
11, 32, -5.388680
11, 33, 0.895300
11, 34, -0.236176
11, 35, -0.913129
11, 36, -4.814342
11, 37, -44.630500
11, 38, -10.590019
11, 39, 5.136358
11, 40, 16.202673
11, 41, -0.739062
11, 42, -54.810204
11, 44, -0.236263
11, 45, -6.018065
11, 46, -18.082316
11, 47, 13.448096
11, 48, -18.872767
11, 49, -0.828603
11, 50, 21.834004
12, 1, 13.164945
12, 2, -45.135101
12, 3, -25.406322
12, 4, 1.037966
12, 6, 3.489197
12, 7, -16.863823
12, 8, -5.603936
12, 9, -7.322052
12, 10, -2.183879
12, 11, -29.072858
12, 13, 13.675588
12, 14, -8.857153
12, 15, 11.026923
12, 16, -2.195830
12, 17, -2.090564
12, 18, 7.677645
12, 19, -5.315933
12, 20, -11.306129
12, 21, -40.187147
12, 22, 18.527422
12, 23, -6.051149
12, 24, -23.786877
12, 25, -26.370139
12, 26, -11.287074
12, 27, 18.293906
12, 28, 9.493881
12, 29, 80.000000
12, 31, 18.596678
12, 32, -6.413231
12, 33, 1.955431
12, 37, -44.429598
12, 38, -8.440856
12, 39, 4.879452
12, 40, 18.116114
12, 41, -3.172591
12, 42, -54.935543
12, 43, -13.685312
12, 44, -0.566458
12, 45, -5.713987
12, 46, -17.851792
12, 47, 14.142460
12, 48, -19.703362
12, 49, -0.425406
13, 1, 14.633418
13, 2, -45.262287
13, 3, -25.644783
13, 4, 3.176365
13, 5, 34.150008
13, 6, 2.082802
13, 7, -16.718593
13, 8, -3.668159
13, 9, 12.094861
13, 11, -28.779440
13, 12, 99999.000000
13, 14, -12.733258
13, 15, 99999.000000
13, 16, -17.483973
13, 17, -1.837271
13, 18, 7.610909
13, 19, -5.016396
13, 20, -8.801909
13, 21, -35.068168
13, 22, 7.117844
13, 23, -6.097098
13, 24, -23.537091
13, 25, -25.946647
13, 26, -5.542747
13, 27, 20.693049
13, 30, -41.352927
13, 31, 18.403322
13, 32, -7.593727
13, 34, -3.200698
13, 35, 5.636514
13, 36, -44.014685
13, 37, -44.290619
13, 38, -6.271035
13, 39, 4.617625
13, 40, 20.138129
13, 41, -5.264481
13, 43, -14.070257
13, 44, -0.985375
13, 46, -17.536542
13, 48, -20.425506
13, 49, -0.101011
13, 50, 8.778441
14, 1, 16.390414
14, 2, -45.372847
14, 3, -25.863356
14, 4, 5.801268
14, 5, 33.395258
14, 6, 0.256772
14, 7, -16.548184
14, 8, -2.728192
14, 9, -5.325965
14, 10, 17.531880
14, 11, -28.449645
14, 12, 9.357979
14, 13, -20.934730
14, 14, -16.543379
14, 16, 99999.000000
14, 17, -1.581792
14, 18, 7.586686
14, 19, -4.695231
14, 20, -6.197598
14, 21, -41.839921
14, 22, 11.686924
14, 23, -5.938412
14, 24, -23.354815
14, 25, -25.296053
14, 26, -4.985436
14, 27, 22.801453
14, 28, -49.781003
14, 30, -53.982941
14, 32, -8.844857
14, 33, -39.572888
14, 34, -2.799302
14, 35, 6.181808
14, 36, -43.985315
14, 37, -44.241120
14, 38, -4.204908
14, 39, 4.400803
14, 40, 21.971559
14, 41, -6.899320
14, 42, 99999.000000
14, 43, -14.601100
14, 44, -1.410742
14, 46, -17.063343
14, 47, -20.451822
14, 48, -20.903370
14, 50, 8.079901
15, 1, 18.313489
15, 2, -45.446081
15, 3, -26.020511
15, 4, 8.776308
15, 5, 31.629497
15, 6, -1.983442
15, 7, -16.357701
15, 9, 12.326745
15, 10, 17.391247
15, 11, -28.139707
15, 12, -15.631423
15, 13, -20.733213
15, 14, -20.093168
15, 15, 99999.000000
15, 16, -9.575047
15, 18, 7.609616
15, 19, -4.420077
15, 20, -3.534265
15, 21, 99999.000000
15, 22, 3.196931
15, 23, -5.685894
15, 24, -23.268628
15, 25, -24.378079
15, 26, -0.687578
15, 27, 24.574398
15, 28, -49.672881
15, 29, 41.800149
15, 30, -41.184052
15, 31, -84.000000
15, 32, -10.058578
15, 33, -39.721683
15, 35, 7.115038
15, 37, -44.266180
15, 38, -2.369406
15, 39, 4.269021
15, 40, 23.337248
15, 41, -7.956338
15, 42, 40.000000
15, 43, -15.176311
15, 45, -1.283433
15, 46, -16.358964
15, 47, -20.439571
15, 49, 4.368314
15, 50, 6.711300
16, 1, 20.242533
16, 2, -45.458419
16, 3, -26.092764
16, 4, 11.957537
16, 5, 28.946442
16, 6, -4.586637
16, 7, -16.145186
16, 8, -29.586311
16, 10, 17.170358
16, 11, -27.898494
16, 12, 9.099861
16, 13, -20.595821
16, 14, -23.162565
16, 15, -39.524994
16, 16, -16.689395
16, 17, 53.604020
16, 20, -0.835218
16, 21, 16.084304
16, 22, 5.526160
16, 23, -5.429706
16, 24, -23.286794
16, 25, -23.191985
16, 26, 0.511356
16, 27, 25.995092
16, 28, -49.672194
16, 29, 41.510893
16, 30, -54.100277
16, 32, -11.123710
16, 33, -39.851914
16, 34, 2.000000
16, 35, 8.265009
16, 36, 66.000000
16, 38, -0.858690
16, 40, 24.035479
16, 41, -8.384007
16, 43, -15.681170
16, 44, 22.232629
16, 45, -1.340856
16, 46, -15.371607
16, 47, -20.483475
16, 48, -2.207008
16, 49, 4.009758
16, 50, 4.832363
17, 1, 22.039634
17, 2, -45.407365
17, 4, 15.221269
17, 5, 25.502901
17, 6, -7.467528
17, 7, -15.923067
17, 8, -29.773917
17, 9, -27.128476
17, 10, 16.893866
17, 11, -27.763681
17, 12, -15.330304
17, 13, -20.542327
17, 14, -25.569856
17, 15, -8.348405
17, 16, -10.684183
17, 17, 53.395980
17, 18, 17.291118
17, 19, 86.000000
17, 20, 1.866939
17, 21, 10.174706
17, 22, -0.357369
17, 23, -5.254319
17, 25, -21.785008
17, 26, 3.319392
17, 27, 27.056853
17, 28, -49.780371
17, 29, 41.219701
17, 30, -41.020170
17, 31, 99999.000000
17, 32, -11.928349
17, 33, -39.938572
17, 35, 9.423895
17, 38, 0.234684
17, 39, 14.241488
17, 42, -15.550333
17, 43, -16.017404
17, 44, 22.157605
17, 45, -1.308858
17, 46, -14.074299
17, 47, -20.578351
17, 48, -1.907523
17, 49, 3.369014
17, 50, 2.644768
18, 1, 23.547751
18, 2, -45.297543
18, 3, -73.000000
18, 4, 18.456248
18, 5, 21.473447
18, 6, -10.508519
18, 7, -15.708588
18, 8, -30.116790
18, 9, -26.800790
18, 10, 16.620440
18, 12, 8.844253
18, 13, -20.589357
18, 14, -27.146158
18, 15, -39.051920
18, 16, -17.384390
18, 18, 16.808177
18, 20, 4.546305
18, 21, 15.216315
18, 22, 1.440381
18, 24, -33.853148
18, 25, -20.233731
18, 26, 4.017601
18, 27, 27.775310
18, 29, 40.977438
18, 30, 99999.000000
18, 32, -12.373088
18, 34, 23.000000
18, 35, 10.381069
18, 36, 21.518357
18, 37, 73.000000
18, 38, 0.865811
18, 39, 14.012335
18, 40, 0.657314
18, 41, 47.883947
18, 42, -15.350847
18, 44, 22.036785
18, 45, -1.195972
18, 46, -12.482099
18, 47, -20.698563
18, 48, -1.553244
18, 49, 2.510726
18, 50, 0.375007
19, 1, 24.638932
19, 2, -45.152252
19, 4, 21.578844
19, 5, 17.091803
19, 6, -13.566692
19, 7, -15.529920
19, 8, -30.552066
19, 9, -26.479101
19, 10, 16.386378
19, 11, -6.631606
19, 13, -20.722717
19, 14, -27.788359
19, 15, -9.334904
19, 16, -13.561252
19, 17, -30.243453
19, 18, 16.174811
19, 19, 5.342707
19, 20, 7.158771
19, 21, 9.794628
19, 22, -2.305824
19, 23, -7.198915
19, 24, -34.146852
19, 25, -18.650385
19, 26, 5.245522
19, 27, 28.166381
19, 28, -10.940080
19, 29, 40.832662
19, 30, -57.449826
19, 31, -90.000000
19, 33, 24.167989
19, 35, 10.963991
19, 36, 21.481643
19, 38, 1.005746
19, 39, 12.244648
19, 40, 0.850032
19, 41, 47.714949
19, 42, -15.186252
19, 45, -1.020803
19, 46, -10.641977
19, 48, -1.212072
19, 49, 1.540220
19, 50, -1.750091
20, 1, 25.194710
20, 3, 62.000000
20, 4, 24.515385
20, 5, 12.601316
20, 6, -16.479753
20, 8, -30.996806
20, 10, 16.246950
20, 11, -6.819911
20, 15, -38.441057
20, 16, -19.460654
20, 17, -29.413203
20, 18, 15.494266
20, 19, 5.824950
20, 20, 9.674528
20, 21, 14.022724
20, 23, -7.154754
20, 25, -17.166044
20, 27, 28.255104
20, 28, -11.500902
20, 29, 40.811677
20, 30, -78.000000
20, 33, 24.194891
20, 34, 3.623726
20, 37, -37.405770
20, 39, 10.838500
20, 40, 1.182749
20, 41, 47.617525
20, 42, -15.075929
20, 43, 63.000000
20, 44, 0.971699
20, 46, -8.648340
20, 47, 25.719254
20, 49, 0.543800
20, 50, -3.515158
21, 2, 66.000000
21, 4, 27.210420
21, 5, 8.290109
21, 6, -19.074761
21, 7, -24.919602
21, 8, -31.368057
21, 11, -7.021127
21, 12, -31.903087
21, 13, -58.100349
21, 14, 20.218598
21, 15, -10.200953
21, 16, -17.363478
21, 17, -27.557190
21, 18, 14.886556
21, 19, 6.497733
21, 20, 12.058529
21, 21, 9.728809
21, 23, -7.109930
21, 25, -15.917236
21, 28, -12.510145
21, 31, -15.015204
21, 32, -13.000000
21, 33, 24.470731
21, 34, 16.830459
21, 35, 8.718199
21, 36, -23.429577
21, 37, -37.594230
21, 38, 13.159693
21, 39, 7.518029
21, 40, 1.597908
21, 41, 47.611342
21, 42, -15.021626
21, 43, 75.029370
21, 44, 0.421386
21, 45, 11.049483
21, 46, -6.627919
21, 47, 25.081920
21, 48, -41.664892
21, 49, -0.370147
21, 50, -4.740437
22, 1, -96.000000
22, 2, 99999.000000
22, 3, 35.696054
22, 4, 29.607812
22, 5, 4.429621
22, 6, -21.180744
22, 7, -24.670269
22, 10, -9.018891
22, 11, -7.193785
22, 12, -31.521228
22, 13, -57.899651
22, 14, 20.350515
22, 15, -38.081405
22, 16, -22.170420
22, 17, -24.872485
22, 18, 14.444585
22, 19, 7.224362
22, 20, 14.294705
22, 21, 13.102944
22, 22, 80.506119
22, 23, -7.077963
22, 24, -60.604903
22, 25, -15.027437
22, 26, 43.821072
22, 28, -13.825660
22, 31, -15.473907
22, 33, 24.972273
22, 34, 2.790602
22, 35, 9.144140
22, 36, -22.823264
22, 38, 13.108834
22, 39, 5.590288
22, 40, 2.046492
22, 42, -15.003250
22, 43, 99999.000000
22, 44, -0.422825
22, 45, 10.802567
22, 46, -4.732114
22, 47, 23.926203
22, 48, -41.481631
22, 49, -1.123823
22, 50, -5.292264
23, 3, 35.602264
23, 4, 31.662177
23, 5, 1.305661
23, 6, -22.649557
23, 7, -24.437437
23, 8, -0.100961
23, 9, -12.556926
23, 10, -8.684998
23, 11, -7.319382
23, 12, -30.880962
23, 14, 20.558706
23, 16, -20.861975
23, 17, -21.631662
23, 18, 14.250749
23, 19, 7.867757
23, 20, 16.369255
23, 21, 10.180167
23, 22, 80.493881
23, 23, -7.058051
23, 24, -60.523694
23, 25, -14.594705
23, 26, 43.706650
23, 28, -15.307759
23, 30, 16.658183
23, 31, -16.405816
23, 32, 91.000000
23, 33, 25.672337
23, 34, 16.199769
23, 35, 9.910566
23, 36, -21.489132
23, 37, 76.000000
23, 38, 13.097127
23, 39, 0.752282
23, 40, 2.463398
23, 41, 24.682287
23, 42, -14.983097
23, 43, 9.972155
23, 44, -1.446146
23, 45, 10.567422
23, 46, -3.121666
23, 47, 22.396263
23, 48, -41.365973
23, 49, -1.632543
24, 1, 16.409017
24, 2, -73.000000
24, 3, 35.613944
24, 4, 33.331431
24, 5, -0.846231
24, 6, -23.355273
24, 7, -24.271924
24, 8, 0.067834
24, 9, -13.204968
24, 10, -8.245029
24, 11, -7.375301
24, 12, -30.081150
24, 13, 33.000000
24, 14, 20.804672
24, 15, -2.335124
24, 16, -24.401155
24, 17, -18.160758
24, 19, 8.297287
24, 20, 18.289403
24, 21, 12.779679
24, 24, -60.499288
24, 26, 43.573691
24, 27, -31.638752
24, 28, -16.782293
24, 29, -54.520909
24, 30, 16.327865
24, 31, -17.690107
24, 33, 26.496645
24, 34, 1.902115
24, 35, 10.913009
24, 36, -19.528464
24, 37, 99999.000000
24, 38, 13.125805
24, 39, -0.888808
24, 40, 2.800649
24, 41, 25.042622
24, 42, -14.916825
24, 43, 29.611218
24, 44, -2.535713
24, 45, 10.392868
24, 46, -1.954958
24, 47, 20.672339
24, 49, -1.859088
24, 50, -62.000000
25, 1, 16.350674
25, 3, 35.734925
25, 4, 34.573628
25, 5, -1.828888
25, 7, -24.205810
25, 8, 0.204789
25, 9, -14.538440
25, 10, -7.782558
25, 11, -7.362373
25, 12, -29.242099
25, 15, -2.440794
25, 16, -22.754468
25, 17, -14.807274
25, 18, 14.000000
25, 20, 20.060019
25, 21, 11.056546
25, 22, -13.232265
25, 24, -60.523261
25, 25, 25.000000
25, 27, -31.305225
25, 28, -18.105811
25, 29, -54.594278
25, 30, 15.759655
25, 31, -19.164476
25, 33, 27.374561
25, 34, 99999.000000
25, 35, 12.053974
25, 36, -17.081197
25, 38, 13.189027
25, 39, -7.277127
25, 40, 3.003591
25, 41, 25.418145
25, 42, -14.752929
25, 43, 11.575913
25, 44, -3.580812
25, 46, -1.356458
25, 47, 18.954795
25, 48, -14.993314
26, 1, 16.304538
26, 2, -51.051398
26, 3, 35.947853
26, 4, 35.357260
26, 6, 10.104459
26, 8, 0.282345
26, 9, -16.419203
26, 10, -7.388339
26, 11, -7.280241
26, 12, -28.484589
26, 13, 54.916784
26, 14, -56.853829
26, 15, -2.562356
26, 17, -11.919968
26, 19, -25.371542
26, 20, 21.706724
26, 21, 13.001115
26, 22, -13.160899
26, 23, -0.223080
26, 24, -60.605435
26, 26, -25.334687
26, 27, -30.996547
26, 28, -19.138646
26, 29, -54.734049
26, 30, 15.016217
26, 31, -20.641183
26, 32, -44.000000
26, 33, 28.201741
26, 34, 33.711286
26, 35, 13.209491
26, 36, -14.313886
26, 39, -7.675771
26, 41, 25.736793
26, 42, -14.457566
26, 43, 29.877081
26, 44, -4.488527
26, 47, 17.438197
26, 48, -14.850457
26, 49, 38.000000
26, 50, -32.603964
27, 1, 16.280803
27, 2, -50.948602
27, 3, 36.212583
27, 4, 35.655260
27, 5, -12.037305
27, 6, 10.046701
27, 7, 20.825193
27, 9, -18.652431
27, 10, -7.129218
27, 12, -27.915412
27, 13, 55.083216
27, 14, -56.955364
27, 15, -2.681397
27, 16, -19.569472
27, 17, -9.811582
27, 18, -7.364342
27, 19, -24.768839
27, 20, 23.248567
27, 21, 12.020912
27, 22, -13.272924
27, 23, 0.284619
27, 24, -60.715119
27, 25, -56.000000
27, 26, -25.458394
27, 27, -30.780033
27, 28, -19.796187
27, 29, -54.907835
27, 30, 14.181911
27, 31, -21.935346
27, 32, -50.014685
27, 33, 28.893104
27, 34, 13.257945
27, 35, 14.286202
27, 36, -11.410526
27, 37, 9.809092
27, 38, -19.254750
27, 39, -15.624118
27, 40, -28.047242
27, 42, -14.004907
27, 43, 14.848210
27, 44, -5.182718
27, 45, -25.662125
27, 46, 7.880386
27, 47, 16.299901
27, 48, -14.800792
27, 50, -32.081996
28, 3, 36.478379
28, 5, -17.601440
28, 6, 9.958688
28, 7, 21.084726
28, 8, -22.344581
28, 9, -21.020068
28, 12, -27.620508
28, 14, -57.132133
28, 16, -19.340145
28, 17, -8.727515
28, 18, -7.624357
28, 19, -23.650576
28, 20, 24.709368
28, 21, 13.452428
28, 22, -13.555042
28, 23, 1.326810
28, 24, -60.843002
28, 26, -25.758050
28, 27, -30.697427
28, 28, -20.008327
28, 29, -55.088108
28, 30, 13.332714
28, 31, -22.885994
28, 32, 99999.000000
28, 33, 29.343915
28, 34, 33.453870
28, 35, 15.199022
28, 36, -8.568736
28, 37, 10.190908
28, 38, -19.449798
28, 39, -13.732345
28, 40, -27.789432
28, 41, -36.260435
28, 42, -13.397225
28, 43, 30.861806
28, 44, -5.619859
28, 45, -25.775469
28, 46, 7.643185
28, 47, 15.684700
28, 48, -14.879102
28, 49, -81.014685
28, 50, -31.123900
29, 1, 2.194090
29, 5, -10.994945
29, 6, 9.874171
29, 7, 21.366339
29, 8, -22.655419
29, 9, -23.288757
29, 10, 25.567413
29, 11, 45.778266
29, 13, 99999.000000
29, 15, 99999.000000
29, 16, -19.150569
29, 18, -7.931258
29, 19, -22.126350
29, 20, 26.096244
29, 21, 12.646797
29, 22, -13.969707
29, 23, 2.774821
29, 24, -60.951271
29, 25, 19.731924
29, 26, -26.209874
29, 27, -30.766845
29, 30, 12.555568
29, 31, -23.362305
29, 32, -1.762137
29, 34, 13.693193
29, 35, 15.901928
29, 36, -5.985871
29, 38, -19.842260
29, 39, -23.130910
29, 40, -27.608907
29, 41, -36.201644
29, 42, -12.653234
29, 43, 18.254667
29, 44, -5.769109
29, 45, -25.951691
29, 46, 7.457777
29, 48, -15.078151
29, 49, -80.985315
29, 50, -29.840741
30, 1, 1.624344
30, 2, -30.916020
30, 3, 15.496366
30, 4, 19.012157
30, 5, -16.937435
30, 6, 9.807120
30, 9, -25.233249
30, 10, 25.865412
30, 11, 45.165302
30, 12, 40.131155
30, 13, -10.782957
30, 14, 31.417016
30, 15, 12.525699
30, 16, -19.050627
30, 17, 7.318651
30, 19, -20.327596
30, 20, 27.401166
30, 22, -14.450480
30, 23, 4.482355
30, 25, 19.884641
30, 26, -26.758809
30, 28, -5.759933
30, 29, -10.010774
30, 30, 11.914642
30, 32, -8.048951
30, 33, -62.000000
30, 34, 33.401483
30, 35, 16.361203
30, 36, -3.850989
30, 37, 9.122633
30, 38, -20.359545
30, 39, -18.015270
30, 40, -27.543801
30, 41, -36.224358
30, 42, -11.832623
30, 43, 32.007802
30, 45, -26.150115
30, 47, 24.029370
30, 48, -15.400253
30, 50, -28.331167
31, 1, 0.759464
31, 2, -30.641282
31, 3, 15.165781
31, 4, 18.807085
31, 5, -9.840979
31, 6, 9.796256
31, 7, -43.730180
31, 8, 11.211801
31, 9, -26.647342
31, 10, 26.191003
31, 11, 43.752324
31, 12, 39.772036
31, 13, 14.969822
31, 14, 31.357989
31, 15, 2.000000
31, 16, -19.074487
31, 17, 7.774287
31, 18, 63.000000
31, 19, -18.383385
31, 20, 28.585693
31, 21, -1.345167
31, 22, -14.918024
31, 23, 6.273805
31, 24, -54.100343
31, 25, 20.156333
31, 26, -27.360354
31, 28, -5.823580
31, 29, -9.790675
31, 30, 11.469583
31, 31, -69.000000
31, 32, -1.653907
31, 34, 14.184637
31, 35, 16.589094
31, 36, -2.335266
31, 37, 8.667375
31, 38, -20.913642
31, 39, -28.524537
31, 42, -10.995095
31, 43, 20.161238
31, 44, -85.000000
31, 45, -26.338256
31, 46, -34.430245
31, 47, 23.970630
31, 48, -15.798902
31, 50, -26.719924
32, 1, -0.261692
32, 2, -29.923116
32, 3, 14.695066
32, 4, 18.762467
32, 5, -16.729530
32, 6, 9.841213
32, 7, -43.498025
32, 8, 10.933382
32, 9, -27.377977
32, 10, 26.478776
32, 11, 41.704346
32, 12, 38.993102
32, 13, -9.427312
32, 14, 31.406726
32, 16, -19.229353
32, 17, 8.452148
32, 19, -16.414357
32, 20, 29.598639
32, 21, -2.057161
32, 22, -15.293100
32, 23, 7.994600
32, 24, -54.192613
32, 25, 20.496143
32, 26, -27.934741
32, 28, -5.925306
32, 29, -9.642749
32, 30, 11.260476
32, 31, 99999.000000
32, 33, -49.000000
32, 35, 16.606063
32, 36, -1.574331
32, 37, 8.159498
32, 38, -21.404808
32, 39, -19.667679
32, 40, -9.462094
32, 42, -10.234871
32, 46, -34.569755
32, 48, -16.238725
32, 49, 5.251620
32, 50, -25.110036
33, 1, -1.294559
33, 2, -28.816184
33, 3, 14.157289
33, 4, 18.911246
33, 5, -9.323723
33, 6, 9.952846
33, 7, -43.250879
33, 8, 10.257413
33, 11, 39.268583
33, 12, 37.885695
33, 13, 15.549690
33, 14, 31.566415
33, 15, 55.000000
33, 16, -19.496814
33, 17, 9.223793
33, 18, -21.080769
33, 19, -14.512446
33, 20, 30.376471
33, 21, -3.185830
33, 22, -15.510368
33, 23, 9.487019
33, 24, -54.292176
33, 25, 20.838669
33, 26, -28.424145
33, 27, -17.183417
33, 28, -6.074906
33, 29, -9.626771
33, 31, -14.400875
33, 32, -5.619940
33, 34, 11.000000
33, 35, 16.471979
33, 37, 7.695569
33, 38, -21.747436
33, 39, -30.704277
33, 40, -9.179871
33, 42, -9.631278
33, 45, 18.263803
33, 47, -62.017433
33, 48, -16.653099
33, 49, 4.894457
33, 50, -23.616495
34, 1, -2.208164
34, 2, -27.391243
34, 3, 13.651614
34, 4, 19.255429
34, 5, 99999.000000
34, 6, 10.101199
34, 8, 9.212237
34, 9, -58.323138
34, 10, -23.437287
34, 11, 36.733392
34, 12, 36.565492
34, 13, -7.772131
34, 14, 31.803288
34, 16, -19.832790
34, 17, 9.945753
34, 18, -20.919231
34, 19, -12.752145
34, 20, 30.848825
34, 21, -4.582981
34, 23, 10.657724
34, 24, -54.378009
34, 26, -28.753550
34, 27, -16.969026
34, 28, -6.264112
34, 29, -9.774771
34, 30, 4.000000
34, 31, -55.000000
34, 32, -5.486623
34, 33, 21.579545
34, 35, 16.241133
34, 36, 16.214574
34, 37, 7.370008
34, 39, 99999.000000
34, 40, -8.851693
34, 41, 16.000000
34, 42, -9.273034
34, 43, -25.642497
34, 44, 41.359657
34, 45, 18.147558
34, 46, 85.000000
34, 47, -95.992657
34, 48, -16.991039
34, 49, 4.241939
34, 50, -22.319061
35, 1, -2.900929
35, 2, -25.745388
35, 3, 13.254565
35, 4, 19.772498
35, 5, 36.000000
35, 7, -25.046831
35, 8, 7.858034
35, 9, -58.269058
35, 10, -23.669490
35, 11, 34.417176
35, 12, 35.173825
35, 13, 16.239278
35, 14, 32.080060
35, 15, -90.000000
35, 17, 10.481419
35, 19, -11.170088
35, 21, -6.103339
35, 22, -32.133785
35, 23, 11.433242
35, 24, -54.433940
35, 25, -15.462063
35, 27, -16.685376
35, 28, -6.509512
35, 29, -10.111591
35, 32, -5.267337
35, 33, 21.420455
35, 34, -26.384323
35, 35, 15.985630
35, 36, 16.941030
35, 38, 12.076528
35, 39, -10.212616
35, 40, -8.528671
35, 41, 25.022028
35, 43, -25.714548
35, 44, 41.397307
35, 45, 18.202120
35, 47, -61.594823
35, 48, -17.188359
35, 49, 3.403570
35, 50, -21.306788
36, 1, -3.323229
36, 2, -23.985483
36, 3, 13.035729
36, 4, 20.409990
36, 6, -93.000000
36, 7, -42.889861
36, 8, 6.243821
36, 9, -58.256139
36, 10, -24.177301
36, 11, 32.609751
36, 12, 33.858981
36, 15, 99999.000000
36, 18, -8.687236
36, 19, -9.790032
36, 20, -26.490552
36, 21, -7.593472
36, 22, -31.693623
36, 23, 11.818975
36, 25, -15.537937
36, 26, -60.666308
36, 27, -16.386334
36, 28, -6.799984
36, 29, -10.627571
36, 30, -10.036713
36, 31, 15.393362
36, 32, -4.974530
36, 34, -26.482916
36, 35, 15.752410
36, 36, 18.204930
36, 37, 0.000000
36, 38, 11.729319
36, 39, 18.975029
36, 40, -8.261022
36, 41, 99999.000000
36, 42, 8.446840
36, 43, -25.828033
36, 44, 41.459357
36, 45, 18.437864
36, 46, -12.783867
36, 47, 99999.000000
36, 49, 2.502526
36, 50, -20.624054
37, 1, -3.474522
37, 2, -22.224159
37, 4, 21.095707
37, 5, -13.000000
37, 7, -24.428378
37, 8, 4.448744
37, 10, -24.863370
37, 11, 31.563968
37, 12, 32.762875
37, 13, 15.717047
37, 14, -23.884418
37, 15, 24.400603
37, 16, -43.000000
37, 17, -21.497145
37, 18, -8.312764
37, 19, -8.608710
37, 20, -26.730826
37, 21, -8.931460
37, 22, -30.767824
37, 23, 11.840607
37, 24, 46.590757
37, 26, -60.660999
37, 27, -16.137327
37, 28, -7.138643
37, 29, -11.298743
37, 30, -9.963287
37, 31, 15.592166
37, 32, -4.640668
37, 33, 5.826225
37, 34, -26.788019
37, 35, 15.603196
37, 36, 19.805332
37, 38, 11.430683
37, 39, -9.109131
37, 40, -8.079850
37, 41, 99999.000000
37, 42, 8.668504
37, 44, 41.537409
37, 45, 18.883451
37, 46, 48.029370
37, 47, -80.000000
37, 48, 8.833568
37, 49, 1.682504
37, 50, -20.326796
38, 1, -3.404964
38, 2, -20.562521
38, 4, 21.748811
38, 6, 3.933965
38, 7, 99999.000000
38, 8, 2.535525
38, 10, -25.611813
38, 12, 32.008264
38, 13, 16.302471
38, 14, -27.214107
38, 15, 0.139739
38, 17, -21.402502
38, 19, -7.616176
38, 20, -27.065008
38, 21, -9.996647
38, 22, -29.439287
38, 23, 11.586677
38, 24, 46.667345
38, 25, -30.936875
38, 26, -60.721590
38, 28, -7.501745
38, 29, -12.057871
38, 31, 15.800510
38, 32, -4.284308
38, 33, 6.173775
38, 34, -27.247693
38, 35, 15.555985
38, 36, 21.511547
38, 37, -2.514630
38, 38, 11.249391
38, 39, 17.861815
38, 40, -8.010181
38, 42, 9.384788
38, 43, 62.000000
38, 44, 41.612297
38, 45, 19.510846
38, 46, -13.381705
38, 48, 9.166432
38, 49, 1.067584
39, 1, -3.193284
39, 2, -19.092126
39, 3, 74.642891
39, 4, 22.292229
39, 5, 26.785887
39, 6, 3.838446
39, 7, 8.747800
39, 8, 0.590452
39, 9, 13.318649
39, 10, -26.285058
39, 12, 31.682044
39, 13, 17.398661
39, 14, -22.936729
39, 15, 23.287719
39, 16, 10.088685
39, 17, -21.330372
39, 18, 84.000000
39, 19, -6.800493
39, 20, -27.425647
39, 21, -10.712477
39, 22, -27.784657
39, 23, 11.143853
39, 24, 46.840674
39, 25, -25.440035
39, 26, -60.842128
39, 27, -5.274814
39, 28, -7.885289
39, 29, -12.839774
39, 30, 33.336441
39, 32, -3.944647
39, 34, -27.781329
39, 35, 15.640648
39, 36, 23.065911
39, 37, -2.293207
39, 38, 11.256751
39, 39, -7.289204
39, 41, -46.812095
39, 42, 10.600539
39, 44, 41.674746
39, 45, 20.299971
39, 46, 99999.000000
39, 49, 0.757040
40, 1, -2.937430
40, 2, -17.873835
40, 3, 74.558459
40, 4, 22.657554
40, 5, 26.674093
40, 6, 3.758737
40, 7, 1.082673
40, 8, -1.315800
40, 9, 13.383672
40, 10, -26.762604
40, 11, -87.000000
40, 13, 18.898792
40, 14, -26.576965
40, 15, -0.470261
40, 16, 10.014980
40, 17, -21.323494
40, 19, -6.161509
40, 20, -27.738881
40, 21, -11.016163
40, 22, -25.914050
40, 23, 10.639458
40, 24, 47.076143
40, 25, -30.777108
40, 27, -4.567628
40, 28, -8.261256
40, 29, -13.546508
40, 30, 32.867242
40, 31, -66.286377
40, 32, -3.645016
40, 33, -95.000000
40, 34, -28.294772
40, 35, 15.841220
40, 36, 24.245424
40, 37, -1.749382
40, 38, 11.484533
40, 39, 16.486932
40, 40, -31.046191
40, 41, -46.642532
40, 42, 12.304975
40, 43, -12.408217
40, 45, 21.172221
40, 46, -23.953497
40, 47, -33.454403
40, 48, 0.410997
40, 50, 27.872728
41, 1, -2.716365
41, 2, -16.937501
41, 3, 74.503739
41, 4, 22.802677
41, 5, 26.571065
41, 7, 7.696534
41, 8, -3.103462
41, 9, 13.478990
41, 11, 99999.000000
41, 12, -3.954343
41, 13, 20.671357
41, 14, -21.126278
41, 15, 21.255927
41, 16, 10.016819
41, 17, -21.411486
41, 18, 54.163024
41, 19, -5.703046
41, 20, -27.943878
41, 22, -23.910822
41, 23, 10.155132
41, 25, 99999.000000
41, 26, 85.000000
41, 27, -2.922528
41, 28, -8.620605
41, 29, -14.098774
41, 30, 32.087706
41, 31, -66.208763
41, 32, -3.429055
41, 34, -28.694934
41, 35, 16.155892
41, 36, 24.864254
41, 37, -0.909800
41, 38, 11.948120
41, 39, -5.478102
41, 40, -30.771172
41, 41, -46.489198
41, 42, 14.468535
41, 43, -12.591783
41, 44, 12.570570
41, 45, 22.051559
41, 46, -43.000000
41, 47, -33.410268
41, 48, 0.482404
41, 49, 26.009765
41, 50, 28.127272
42, 2, -16.285261
42, 5, 26.493299
42, 6, -14.513945
42, 7, 0.631989
42, 8, -4.716976
42, 9, 13.589216
42, 11, 20.906994
42, 12, -3.623366
42, 13, 22.596373
42, 14, -25.909224
42, 15, -1.763967
42, 16, 10.090694
42, 17, -21.622597
42, 18, 53.118728
42, 19, -5.447654
42, 21, 99999.000000
42, 22, -21.875201
42, 23, 9.785191
42, 24, 7.000000
42, 25, -20.368071
42, 26, 50.916784
42, 27, -0.480481
42, 28, -8.931174
42, 29, -14.414160
42, 30, 31.106396
42, 31, -66.118430
42, 32, -3.318827
42, 33, -2.340677
42, 35, 16.535691
42, 37, 0.174037
42, 38, 12.623096
42, 39, 15.728178
42, 40, -30.583276
42, 41, -46.379412
42, 42, 17.026344
42, 44, 12.524436
42, 45, 22.830754
42, 47, -33.444095
42, 48, 0.586611
42, 49, 25.608607
43, 1, 7.739249
43, 2, -15.890370
43, 3, 42.484091
43, 4, 16.378605
43, 5, 26.453818
43, 6, -14.886930
43, 7, 6.273717
43, 8, -6.102370
43, 9, 13.714599
43, 10, 13.465750
43, 11, 59.000000
43, 12, -3.194892
43, 13, 24.547467
43, 14, -19.033505
43, 15, 19.283071
43, 16, 10.224049
43, 17, -21.965994
43, 18, 53.905456
43, 20, 85.968182
43, 21, 10.816454
43, 22, -19.876486
43, 23, 9.557113
43, 25, -19.121729
43, 26, 99999.000000
43, 27, 2.585790
43, 28, -9.188045
43, 30, 30.077091
43, 31, -66.037556
43, 32, -3.349182
43, 33, -45.476599
43, 34, -54.097901
43, 35, 16.951571
43, 36, -37.870825
43, 37, 1.455937
43, 38, 13.472685
43, 39, -4.407935
43, 40, -30.515533
43, 42, 19.884566
43, 43, -11.571194
43, 44, 12.407079
43, 45, 23.429351
43, 46, -59.000000
43, 48, 0.701278
43, 49, 25.147584
43, 50, -81.000000
44, 1, 7.377035
44, 2, -15.697442
44, 3, 42.515909
44, 4, 16.521487
44, 6, -15.685852
44, 7, 0.602734
44, 8, -7.223236
44, 9, 13.851861
44, 10, 13.770369
44, 12, -2.747819
44, 13, 26.431506
44, 14, -25.432573
44, 15, -2.915182
44, 17, -22.440711
44, 18, 53.025327
44, 19, -88.000000
44, 20, 86.031818
44, 21, -0.255137
44, 22, -17.994896
44, 23, 9.489719
44, 24, 0.117482
44, 25, -19.502225
44, 26, 59.331815
44, 27, 6.045014
44, 28, -9.366504
44, 29, 3.616258
44, 30, 29.138285
44, 31, -65.984452
44, 32, -3.523885
44, 33, -1.184747
44, 34, -53.902099
44, 35, 17.335723
44, 36, -37.633900
44, 37, 2.866400
44, 38, 14.422489
44, 40, -30.580442
44, 41, 12.294171
44, 42, 22.911416
44, 43, -11.197222
44, 44, 12.216952
44, 45, 23.754575
44, 47, -6.144066
44, 49, 24.718374
44, 50, 99999.000000
45, 1, 6.757882
45, 2, -15.648061
45, 4, 16.956172
45, 5, 30.376399
45, 6, -16.827988
45, 7, 5.269645
45, 8, -8.058201
45, 9, 14.002555
45, 10, 14.350016
45, 11, -12.094883
45, 12, -2.379173
45, 13, 28.156529
45, 14, -17.289124
45, 15, 18.299159
45, 16, -41.048951
45, 17, -23.012838
45, 18, 53.899477
45, 21, 9.257603
45, 22, -16.276904
45, 23, 9.543137
45, 24, -0.117482
45, 25, -18.221483
45, 26, 53.432693
45, 27, 9.653110
45, 28, -9.472494
45, 29, 3.383742
45, 30, 28.432377
45, 31, -65.977262
45, 32, -3.848954
45, 33, -45.172095
45, 35, 17.655927
45, 36, -37.362950
45, 37, 4.339353
45, 38, 15.402119
45, 40, -30.755864
45, 41, 12.306414
45, 42, 25.957346
45, 43, -10.382711
45, 44, 11.987595
45, 46, -31.129303
45, 47, -5.748896
45, 48, 59.058741
45, 49, 24.408088
45, 50, 4.794407
46, 1, 5.992503
46, 2, -15.681207
46, 4, 17.614070
46, 5, 30.623601
46, 6, -18.167143
46, 7, 1.166537
46, 8, -8.611624
46, 9, 14.158045
46, 10, 15.101445
46, 11, -11.726312
46, 13, 29.668778
46, 14, -25.277818
46, 15, 99999.000000
46, 16, -40.951049
46, 17, -23.630654
46, 18, 99999.000000
46, 19, 5.307868
46, 20, 65.392749
46, 21, -1.402185
46, 22, -14.780398
46, 23, 9.684547
46, 25, -17.310723
46, 26, 59.512197
46, 27, 13.138471
46, 28, -9.498345
46, 30, 28.059149
46, 31, -66.020114
46, 32, -4.293602
46, 33, 0.069669
46, 34, -53.153866
46, 35, 17.850004
46, 36, -37.112654
46, 37, 5.789099
46, 38, 16.318608
46, 40, -31.008580
46, 41, 12.495206
46, 42, 28.842363
46, 43, -9.263238
46, 44, 11.737425
46, 45, -73.000000
46, 46, -31.158255
46, 47, -5.289387
46, 48, 58.941259
46, 50, 89.000000
47, 1, 5.189592
47, 2, -15.752892
47, 3, 10.047273
47, 4, 18.393520
47, 6, -19.562443
47, 7, 5.070349
47, 8, -8.899087
47, 9, 14.319317
47, 10, 15.921106
47, 11, -11.304592
47, 12, 52.000000
47, 13, 30.912296
47, 14, -16.465439
47, 15, 24.674999
47, 17, -24.225981
47, 18, -54.000000
47, 19, 5.692132
47, 20, 65.458854
47, 21, 6.875430
47, 22, -13.536256
47, 23, 9.841002
47, 24, -33.000000
47, 25, -16.268807
47, 27, 16.249088
47, 28, -9.464595
47, 29, 99999.000000
47, 31, -66.109081
47, 32, -4.819486
47, 33, 99999.000000
47, 34, -53.147721
47, 37, 7.137595
47, 38, 17.094116
47, 39, -5.459269
47, 40, -31.284126
47, 41, 12.836412
47, 42, 31.389546
47, 43, -8.003024
47, 44, 11.511001
47, 46, -31.199133
47, 47, -4.863231
47, 49, 23.614667
48, 1, 4.489367
48, 3, 9.867062
48, 4, 19.160931
48, 5, -28.878142
48, 6, -20.834406
48, 7, 2.040853
48, 8, -8.962777
48, 9, 14.469091
48, 10, 16.679127
48, 11, -10.906058
48, 12, 75.056293
48, 13, 31.860986
48, 14, 99999.000000
48, 15, -47.000000
48, 16, -52.210149
48, 17, -24.731679
48, 20, 65.557670
48, 21, -2.821908
48, 22, -12.591582
48, 23, 9.976558
48, 25, -14.840449
48, 26, -92.000000
48, 27, 18.737931
48, 30, -62.941933
48, 32, -5.354996
48, 33, 18.595202
48, 34, -53.235285
48, 35, -14.648076
48, 36, -10.802756
48, 37, 8.289564
48, 38, 17.652830
48, 39, -5.945540
48, 41, 13.268981
48, 42, 33.425823
48, 43, -6.809203
48, 44, 11.333590
48, 45, 38.502854
48, 46, -31.246962
48, 47, -4.548041
48, 48, -34.787592
48, 49, 23.541922
48, 50, 35.916384
49, 1, 3.987284
49, 2, 99999.000000
49, 3, 9.659571
49, 4, 19.793188
49, 5, -28.652599
49, 6, -21.834541
49, 7, 5.503876
49, 8, -8.855210
49, 9, 14.589932
49, 10, 17.271734
49, 11, -10.613138
49, 12, 99999.000000
49, 13, 32.484541
49, 14, -49.070979
49, 16, -52.112968
49, 17, -25.085992
49, 18, -36.144405
49, 19, -31.452273
49, 21, 5.269057
49, 22, -11.965588
49, 24, -76.000000
49, 25, -14.408545
49, 27, 20.413082
49, 28, -18.171327
49, 29, 23.921679
49, 30, -62.823567
49, 31, 44.386190
49, 32, -5.836547
49, 33, -1.166432
49, 34, -53.396827
49, 35, -14.351924
49, 36, -11.178867
49, 37, 9.164609
49, 38, 17.941897
49, 39, -6.452512
49, 40, 22.481643
49, 41, 13.721541
49, 42, 34.805643
49, 43, -5.855868
49, 45, 38.250230
49, 48, -34.998485
49, 49, 23.454927
49, 50, 36.112968
50, 1, 3.772305
50, 2, 40.000000
50, 3, 9.467561
50, 4, 20.181655
50, 5, -28.481302
50, 6, -22.419212
50, 8, -8.640777
50, 10, 17.594465
50, 12, 83.000000
50, 13, 32.764906
50, 14, -20.000000
50, 15, 61.000000
50, 16, -52.045228
50, 17, -25.245841
50, 18, -35.855595
50, 19, -31.547727
50, 20, 4.000000
50, 22, -11.690420
50, 23, 75.000000
50, 25, -13.353764
50, 26, 68.000000
50, 27, 21.125178
50, 28, -17.828673
50, 29, 24.078321
50, 30, -62.746090
50, 31, 44.613810
50, 32, -6.178534
50, 33, 18.981735
50, 34, -53.603806
50, 36, -11.601591
50, 37, 9.672697
50, 39, -6.880580
50, 40, 22.518357
50, 41, 14.103325
50, 42, 35.412890
50, 43, -5.309371
50, 44, -53.000000
50, 45, 38.033860
50, 46, -72.000000
50, 47, -8.000000
50, 48, -35.266894
50, 49, 23.368811
50, 50, 36.338993
