1, 1, 33.000000
1, 3, -8.666740
1, 4, 57.208088
1, 6, 51.777760
1, 7, 6.793388
1, 8, 25.413747
1, 9, -42.814896
1, 10, -19.000000
1, 11, 4.695286
1, 12, 99999.000000
1, 13, -86.000000
1, 14, -66.810912
1, 15, -38.000000
1, 16, -2.753410
1, 18, -87.695908
1, 19, -77.425520
1, 20, -73.525840
1, 21, 55.643132
1, 22, 42.163242
1, 23, 64.283154
1, 24, 47.456574
1, 25, -79.974626
1, 27, 62.000000
1, 28, -7.563278
1, 29, -41.000000
1, 30, -47.227078
1, 32, -0.777028
1, 33, -34.165240
1, 34, -17.587608
1, 35, -56.361002
1, 37, -82.000000
1, 38, -87.000000
1, 39, 82.000000
1, 40, 40.828888
1, 41, 23.115938
1, 42, -30.432184
1, 43, -41.071814
1, 45, -21.536750
1, 46, -81.000000
1, 47, -56.415664
1, 49, 45.000000
1, 50, 3.377092
2, 2, 55.503568
2, 3, 6.200620
2, 4, 63.878452
2, 5, -14.309352
2, 6, 52.281676
2, 7, 31.067328
2, 8, 43.586253
2, 9, 20.392376
2, 11, 29.452428
2, 14, -49.189088
2, 16, 16.380160
2, 17, -23.109976
2, 19, -59.276204
2, 20, -43.154144
2, 21, -24.008504
2, 22, 9.825856
2, 23, 10.367116
2, 24, -5.721392
2, 25, -54.320936
2, 28, 24.584832
2, 30, -50.550720
2, 31, 38.028284
2, 32, -50.407328
2, 33, -52.213804
2, 34, -0.748512
2, 35, -44.345908
2, 36, -73.528751
2, 40, -2.576064
2, 41, 33.240128
2, 42, 16.272896
2, 43, 21.486904
2, 44, 27.808172
2, 45, 18.226924
2, 47, -65.642728
2, 48, 5.912296
2, 50, 38.811292
3, 1, -27.524134
3, 2, 42.858744
3, 3, -19.902000
3, 4, 30.320576
3, 5, -45.112420
3, 6, 19.416168
3, 7, 12.625388
3, 9, 25.979332
3, 11, 17.263616
3, 12, 47.478606
3, 13, 99999.000000
3, 15, -15.537042
3, 17, -40.103680
3, 19, 20.606840
3, 20, 35.811172
3, 21, -64.278896
3, 22, -60.142424
3, 23, 28.604776
3, 24, -43.423384
3, 25, -48.370632
3, 26, 17.324528
3, 27, -39.269494
3, 28, 20.867722
3, 29, 39.584908
3, 30, -23.974584
3, 31, 11.267892
3, 32, -47.338840
3, 33, -55.809424
3, 34, -10.057808
3, 35, 12.991816
3, 36, -67.471249
3, 37, -79.000000
3, 38, 67.657395
3, 39, 54.143770
3, 40, -49.329464
3, 41, 10.722938
3, 42, -14.394184
3, 43, -1.712568
3, 44, 13.550204
3, 45, 13.186744
3, 47, -35.829136
3, 48, -19.068224
3, 49, -38.696640
3, 50, 50.151128
4, 1, -27.188336
4, 2, 29.241352
4, 3, -46.395144
4, 4, 1.920908
4, 5, -27.377288
4, 6, -32.067992
4, 8, -59.777528
4, 9, -28.591936
4, 10, -95.000000
4, 11, 23.520168
4, 12, 41.275136
4, 14, -6.676556
4, 15, -36.462958
4, 17, -33.585772
4, 19, -45.001888
4, 20, 9.303380
4, 21, -46.320568
4, 23, -32.973664
4, 24, -15.076536
4, 25, 18.976800
4, 26, -50.205492
4, 27, -10.333732
4, 29, 23.864448
4, 31, -11.535960
4, 32, -15.253864
4, 33, -82.702752
4, 34, -26.122656
4, 35, 13.888072
4, 38, 15.342605
4, 39, 15.599392
4, 40, -23.431960
4, 43, -33.693448
4, 44, -35.998048
4, 45, 47.905616
4, 47, 43.937984
4, 48, -24.705704
4, 49, -2.637928
4, 50, 8.206528
5, 1, -59.008552
5, 2, 24.019136
5, 3, -59.987384
5, 4, -60.508104
5, 5, -60.340860
5, 6, -34.709952
5, 7, 73.217954
5, 8, 5.214076
5, 11, 39.823504
5, 12, 16.131606
5, 13, 37.996738
5, 14, 26.486548
5, 19, -62.996784
5, 21, -15.477544
5, 23, -19.370344
5, 24, 0.833012
5, 25, -23.843376
5, 26, -71.340032
5, 27, -0.897800
5, 29, 70.202908
5, 31, -38.168792
5, 32, -20.297000
5, 33, -73.731544
5, 34, -17.581392
5, 35, 14.493728
5, 36, 33.542472
5, 39, -34.809752
5, 40, 23.256112
5, 41, 71.172316
5, 43, -66.176668
5, 44, 27.383432
5, 45, 22.754896
5, 47, 15.346312
5, 49, -33.106140
5, 50, 5.460710
6, 1, -56.899272
6, 3, -25.136648
6, 5, -74.417390
6, 6, -35.766072
6, 7, 47.204224
6, 8, -50.227568
6, 10, 32.632664
6, 11, 7.252656
6, 13, 33.221636
6, 14, 34.256912
6, 16, -12.014608
6, 19, -19.850744
6, 20, -76.035922
6, 21, -23.786032
6, 23, 4.306568
6, 24, 64.503236
6, 25, -13.709888
6, 26, -42.904456
6, 27, -22.781648
6, 31, -24.347012
6, 32, 10.900800
6, 33, -30.651896
6, 34, -25.138232
6, 35, 30.231760
6, 36, 51.458760
6, 38, -23.447300
6, 39, -35.580408
6, 40, -44.089556
6, 41, 78.464500
6, 42, -60.323854
6, 43, -61.695284
6, 44, -27.042072
6, 47, 7.911336
6, 49, -67.748100
7, 1, 11.882248
7, 3, -9.912146
7, 4, 13.468307
7, 6, -39.914824
7, 7, -48.525046
7, 8, -63.929896
7, 10, -4.702964
7, 11, -14.580448
7, 12, 21.005128
7, 13, -40.780280
7, 14, 43.933184
7, 16, 13.873340
7, 18, -4.062851
7, 19, -43.503456
7, 20, -32.234780
7, 21, -28.951240
7, 22, 31.829332
7, 23, -45.251776
7, 25, 46.018160
7, 26, -47.330440
7, 27, 54.658328
7, 29, -11.849354
7, 31, 51.933644
7, 32, 31.817072
7, 33, -30.355120
7, 34, -19.966288
7, 35, 51.075920
7, 36, 53.452312
7, 38, 8.209484
7, 39, -25.226200
7, 40, -20.335378
7, 41, 55.432224
7, 42, 1.685376
7, 44, -15.424848
7, 46, -37.328792
7, 47, 48.774032
7, 50, 44.341550
8, 1, 52.167618
8, 4, -56.468307
8, 5, -34.388724
8, 6, -46.442472
8, 8, -42.611448
8, 9, -44.294288
8, 10, -37.975256
8, 11, -24.251580
8, 12, -34.375232
8, 13, -29.187968
8, 14, 37.995552
8, 16, -45.630784
8, 19, -6.749160
8, 20, 46.846200
8, 21, -23.971616
8, 22, 45.816908
8, 23, -12.323864
8, 24, -2.000000
8, 25, 25.361608
8, 26, 4.798416
8, 27, 52.049480
8, 29, -3.983272
8, 30, -53.848510
8, 32, 5.597280
8, 33, -3.290664
8, 34, -21.681760
8, 35, -13.510792
8, 36, 1.859608
8, 37, -52.829078
8, 38, -24.153008
8, 39, 8.928972
8, 41, -1.397896
8, 42, -47.930854
8, 44, -59.693040
8, 45, -68.117382
8, 46, 44.658200
8, 47, 21.654752
8, 48, 27.148970
8, 49, 14.000000
8, 50, 18.679816
9, 3, -17.320864
9, 5, -6.063420
9, 6, -19.236672
9, 8, 16.242672
9, 9, -68.978968
9, 10, 16.666528
9, 11, -74.650610
9, 12, 16.631128
9, 13, -6.454728
9, 14, 4.132984
9, 15, 23.000000
9, 16, -44.898320
9, 17, 60.000000
9, 19, -62.164784
9, 20, 25.409616
9, 21, -42.230376
9, 22, 9.517128
9, 23, -0.236368
9, 25, -4.705256
9, 26, -48.063416
9, 27, -35.956184
9, 29, 5.470184
9, 30, 11.171040
9, 31, -68.000000
9, 32, 9.514120
9, 33, 34.947216
9, 34, 23.957416
9, 35, -51.511944
9, 36, -4.722608
9, 37, 26.777512
9, 38, -52.582968
9, 39, -21.832662
9, 40, -70.115084
9, 41, -53.357824
9, 44, -83.082464
9, 45, 10.535612
9, 46, 58.615560
9, 47, -35.322056
9, 48, 41.340844
9, 50, -33.830408
10, 1, -12.438236
10, 2, -30.427146
10, 3, -18.576132
10, 4, -46.197548
10, 5, 18.355264
10, 6, 33.086504
10, 7, -23.663498
10, 8, -36.080016
10, 9, -47.821944
10, 10, -19.604848
10, 13, 14.706800
10, 14, 39.675160
10, 16, -39.083440
10, 19, -50.083398
10, 20, 9.044352
10, 21, -50.777432
10, 22, 32.714360
10, 23, 6.630648
10, 24, -58.769760
10, 25, -50.866080
10, 26, -42.845352
10, 27, -40.684328
10, 29, -54.706486
10, 30, 5.622932
10, 32, -6.381064
10, 33, -18.879696
10, 34, -27.567544
10, 35, -46.182428
10, 36, -43.925972
10, 37, -25.928072
10, 38, -38.588168
10, 40, -24.636896
10, 41, -61.386832
10, 42, -36.528962
10, 43, 25.208077
10, 45, 53.999088
10, 46, -12.479544
10, 47, -23.502368
10, 48, -10.292352
10, 49, -49.323874
10, 50, 7.669744
11, 1, 58.184236
11, 2, -21.057504
11, 3, -27.548896
11, 4, 13.738684
11, 5, 40.833144
11, 6, 70.708080
11, 7, 0.580708
11, 8, -47.361056
11, 9, 34.408816
11, 10, -44.215212
11, 11, -52.673244
11, 12, -16.000000
11, 13, 31.013060
11, 14, 45.826376
11, 15, 4.942498
11, 16, -7.863380
11, 17, -37.625990
11, 20, -36.904384
11, 21, -64.722528
11, 22, -10.254448
11, 23, -53.387448
11, 24, -25.771540
11, 25, -16.988360
11, 26, -41.305264
11, 27, 30.605456
11, 28, 10.876705
11, 30, -5.374030
11, 32, 28.502896
11, 33, 19.177260
11, 34, 33.057722
11, 35, 9.891830
11, 36, -62.793558
11, 37, -48.989264
11, 38, -10.991768
11, 39, 25.011672
11, 40, -6.752928
11, 41, -15.744136
11, 42, -47.414272
11, 44, 50.356676
11, 45, 25.213848
11, 46, -13.025984
11, 47, 13.305780
11, 48, -47.140464
11, 49, 23.159816
11, 50, 19.549628
12, 1, 51.036112
12, 2, -36.441552
12, 3, 1.995288
12, 4, -18.623760
12, 6, 82.090896
12, 7, 47.424080
12, 8, 1.551880
12, 9, 14.930280
12, 10, -18.014514
12, 11, -32.247504
12, 13, 31.521404
12, 14, -27.839424
12, 16, 27.303968
12, 17, -39.805252
12, 18, 11.117212
12, 19, -53.450482
12, 20, -44.456888
12, 21, -21.673864
12, 22, 3.583912
12, 23, -50.370568
12, 24, 32.285728
12, 25, -53.257968
12, 26, -32.788520
12, 27, 51.388960
12, 28, 8.123295
12, 29, 80.000000
12, 31, 40.251939
12, 32, 33.555856
12, 33, 76.549818
12, 37, -62.760056
12, 38, -33.148864
12, 39, -43.134392
12, 40, 38.605824
12, 41, -30.916968
12, 42, -70.791962
12, 43, 37.368098
12, 44, 39.027972
12, 45, 32.123074
12, 46, 21.921000
12, 47, 60.210476
12, 48, 9.958616
12, 49, 27.974388
13, 1, 31.459768
13, 2, -54.047632
13, 3, 1.376624
13, 4, 34.988872
13, 5, 52.126556
13, 6, 72.392304
13, 7, -4.393264
13, 8, 46.244216
13, 9, 38.085744
13, 11, -8.559112
13, 14, -33.457496
13, 17, -1.468636
13, 18, -22.127556
13, 19, -28.810952
13, 20, -10.529968
13, 21, -48.343436
13, 22, 19.530504
13, 23, -36.289384
13, 24, 35.715440
13, 25, -75.957184
13, 26, -21.534384
13, 27, 14.795552
13, 30, -55.220584
13, 31, -3.251939
13, 32, -18.953720
13, 34, -48.155924
13, 35, -65.224870
13, 36, -47.304092
13, 37, -9.670944
13, 38, -4.123336
13, 39, -28.065472
13, 40, 67.552808
13, 41, 18.175688
13, 43, 17.851012
13, 44, 22.182312
13, 46, -32.747832
13, 48, -30.565124
13, 49, 46.768094
13, 50, 59.370356
14, 1, -27.970416
14, 2, -35.596800
14, 3, -61.792264
14, 4, -7.047592
14, 5, -8.967468
14, 6, 43.887296
14, 7, -14.298136
14, 8, 71.597916
14, 9, 33.434476
14, 10, 18.272796
14, 11, 15.616456
14, 13, -37.091346
14, 14, 29.731952
14, 17, 34.626150
14, 18, -21.806100
14, 19, 35.178876
14, 20, 21.847776
14, 22, 45.911312
14, 23, -18.925064
14, 24, -1.586752
14, 25, -79.418256
14, 26, 41.651504
14, 27, 39.307344
14, 28, -53.967760
14, 30, -54.756384
14, 32, -43.313800
14, 33, -24.206894
14, 34, 42.155924
14, 35, -76.211688
14, 36, -40.695908
14, 37, -43.425392
14, 38, 9.881792
14, 39, 14.896832
14, 40, 70.988984
14, 41, -25.115496
14, 43, 12.239104
14, 44, -53.468056
14, 46, -75.992176
14, 47, -15.029408
14, 48, -72.148668
14, 50, 17.711892
15, 1, 10.230392
15, 2, -70.598720
15, 3, -56.099816
15, 4, -20.574480
15, 5, 27.789400
15, 6, -39.790008
15, 7, -53.881232
15, 9, 29.513264
15, 10, -16.028556
15, 11, -20.705472
15, 12, -13.541052
15, 13, 29.868844
15, 14, -32.843200
15, 18, 5.549708
15, 19, 43.339302
15, 20, 11.809440
15, 22, 55.191688
15, 23, 14.424512
15, 24, -37.248580
15, 25, -62.053920
15, 26, 47.703152
15, 27, 50.181184
15, 28, 14.391780
15, 29, 65.131484
15, 30, -17.804872
15, 31, -84.000000
15, 32, 13.378368
15, 33, -60.828188
15, 35, -40.905720
15, 37, -54.526864
15, 38, -31.798320
15, 39, -2.818520
15, 40, 38.315828
15, 41, -4.075988
15, 43, -36.627120
15, 45, 3.930774
15, 46, -68.382408
15, 47, 19.576856
15, 49, 28.559504
15, 50, 5.223368
16, 1, -29.770624
16, 2, -77.364400
16, 3, -38.392880
16, 4, 45.948872
16, 5, 56.793752
16, 6, -66.423032
16, 7, -70.492904
16, 8, -11.492126
16, 10, 45.966880
16, 11, -61.499796
16, 12, 28.566740
16, 13, -4.665160
16, 14, -53.825920
16, 16, -9.553600
16, 17, 76.903985
16, 20, -50.076776
16, 22, 39.283656
16, 23, 36.044020
16, 24, -38.943080
16, 25, 19.651520
16, 26, 14.575840
16, 27, 65.498016
16, 28, 28.904320
16, 29, -8.202100
16, 30, -46.404956
16, 32, 40.893800
16, 33, -59.722328
16, 34, 2.000000
16, 35, 18.774848
16, 36, 66.000000
16, 38, 50.714448
16, 40, 73.225632
16, 41, -19.841806
16, 43, -73.829740
16, 44, 42.239464
16, 45, -33.720632
16, 46, -35.033088
16, 47, 36.031776
16, 48, -42.137246
16, 49, -7.924696
16, 50, -9.546376
17, 1, -23.513664
17, 2, -73.017392
17, 4, 56.978744
17, 5, 76.655016
17, 6, -29.803960
17, 7, -30.028232
17, 8, -14.666140
17, 9, -71.911844
17, 10, 45.507480
17, 11, -28.488734
17, 12, 12.064552
17, 13, 26.501696
17, 14, -76.186008
17, 15, 9.838160
17, 16, 19.443488
17, 17, 30.096015
17, 18, 55.273016
17, 19, 86.000000
17, 20, -58.028632
17, 21, 43.906696
17, 22, 5.533872
17, 23, 25.410786
17, 25, -28.850880
17, 26, -19.426952
17, 27, 51.306728
17, 28, -48.921740
17, 29, 31.036536
17, 31, 99999.000000
17, 32, -38.553212
17, 33, -54.348486
17, 35, 58.435552
17, 38, 62.694776
17, 39, 60.175608
17, 42, -32.562856
17, 43, -67.386406
17, 44, 62.238784
17, 45, -43.784352
17, 46, 13.476168
17, 47, -37.874736
17, 48, -13.228820
17, 49, 4.060008
17, 50, -4.375088
18, 1, 45.998736
18, 2, -67.609632
18, 3, -73.000000
18, 4, 43.046888
18, 5, 58.492440
18, 6, 5.575664
18, 7, -28.474700
18, 8, -12.203448
18, 9, -21.552064
18, 10, 44.938840
18, 12, -3.946402
18, 13, 23.203588
18, 14, -72.158288
18, 15, -52.880612
18, 16, 11.236144
18, 18, -36.844180
18, 20, 14.345888
18, 21, 3.599760
18, 22, -29.593632
18, 24, -0.959080
18, 25, -46.763440
18, 26, -34.475592
18, 27, 29.004528
18, 29, 23.645216
18, 32, -57.353976
18, 34, 23.000000
18, 35, 67.135800
18, 36, 25.630115
18, 37, 73.000000
18, 38, 55.329472
18, 39, 56.251304
18, 40, -25.100250
18, 41, 62.081560
18, 42, 28.844060
18, 44, 14.537464
18, 45, -52.736808
18, 46, -22.917336
18, 47, -46.416808
18, 48, -17.722792
18, 49, -19.156272
18, 50, 17.510392
19, 1, 59.428112
19, 2, -28.785208
19, 4, 13.617584
19, 5, 46.094752
19, 6, 37.282568
19, 7, 3.188204
19, 8, -1.294888
19, 9, 19.942156
19, 10, -25.681792
19, 11, 9.063072
19, 13, -32.837630
19, 14, -62.062832
19, 15, -63.580032
19, 16, -8.576224
19, 17, -83.491634
19, 18, -25.687984
19, 19, -64.107356
19, 20, 48.183832
19, 21, -13.678816
19, 22, -68.494454
19, 23, -10.579458
19, 24, -67.040920
19, 25, -24.877120
19, 26, 34.674548
19, 27, 15.632740
19, 28, 42.175718
19, 29, -4.772412
19, 31, -90.000000
19, 33, 25.209934
19, 35, 79.411428
19, 36, 17.369885
19, 38, 1.840974
19, 39, 10.225256
19, 40, -23.212120
19, 41, -1.063932
19, 42, 26.233448
19, 45, 11.899458
19, 46, -25.515544
19, 48, 39.359586
19, 49, 11.695920
19, 50, 6.532848
20, 1, 74.610352
20, 3, 62.000000
20, 4, -14.536728
20, 5, 16.121672
20, 6, -11.604536
20, 8, -5.191096
20, 10, -10.979314
20, 11, -40.106396
20, 15, -8.326464
20, 16, 8.154408
20, 17, -73.199924
20, 18, 13.718640
20, 19, -49.276904
20, 20, 44.485336
20, 21, -49.846272
20, 23, 4.054772
20, 25, -17.369720
20, 27, 15.437404
20, 28, 11.235560
20, 29, 33.149220
20, 30, -68.788981
20, 33, -18.013472
20, 34, 57.752346
20, 37, -16.298743
20, 39, 15.022504
20, 40, 48.031424
20, 41, -10.973496
20, 42, 31.861040
20, 43, 68.391816
20, 44, 54.929770
20, 46, -14.845104
20, 47, 62.538004
20, 49, 11.161256
20, 50, -18.535872
21, 4, 31.703632
21, 5, 54.346808
21, 6, -42.469696
21, 7, -66.723660
21, 8, -68.811644
21, 11, -56.199832
21, 12, -70.165400
21, 13, -80.577962
21, 14, 0.082414
21, 15, -46.525376
21, 16, -26.862312
21, 17, -58.424288
21, 18, 31.866128
21, 19, 3.976696
21, 20, 27.994136
21, 21, -55.856280
21, 23, 26.477144
21, 25, 4.745832
21, 28, -43.369776
21, 31, 15.972448
21, 32, -13.000000
21, 33, -20.406280
21, 34, 44.477616
21, 35, -33.231504
21, 36, -46.167698
21, 37, -58.701257
21, 38, 14.362186
21, 39, -59.643776
21, 40, 37.550240
21, 41, 35.918900
21, 42, 0.272664
21, 44, -5.267708
21, 45, 45.388222
21, 46, -58.291448
21, 47, -15.248928
21, 48, -53.424696
21, 49, -9.400208
21, 50, -52.830628
22, 1, -96.000000
22, 3, 61.217924
22, 4, 29.668688
22, 5, 18.312664
22, 6, -4.226680
22, 7, -39.476692
22, 10, -53.642360
22, 11, 1.740144
22, 12, -46.591748
22, 13, -35.422038
22, 14, -7.989936
22, 15, -31.475264
22, 16, 7.653720
22, 17, -29.146936
22, 18, -23.488260
22, 19, 25.843896
22, 20, -9.523216
22, 21, 11.918656
22, 22, 81.876705
22, 23, -32.156352
22, 24, -66.271150
22, 25, 3.735688
22, 26, 63.724664
22, 28, 3.954584
22, 31, -4.034124
22, 33, -6.760816
22, 34, 20.399020
22, 35, -12.641108
22, 36, 1.829940
22, 38, -15.730080
22, 39, -49.636944
22, 40, 10.769168
22, 42, -19.793176
22, 44, -51.822480
22, 45, 6.321192
22, 46, -41.507416
22, 47, 15.589672
22, 48, 17.685824
22, 49, -36.420984
22, 50, -47.651454
23, 3, 45.605924
23, 4, 15.182888
23, 5, -52.152064
23, 6, -35.214232
23, 7, 32.753848
23, 8, -18.828898
23, 9, 23.097760
23, 10, -27.038360
23, 11, 10.679464
23, 12, -29.911616
23, 14, -26.311644
23, 16, -13.224424
23, 17, -14.396496
23, 18, -7.012376
23, 19, 72.515732
23, 20, -16.761032
23, 21, 17.539344
23, 22, 79.123295
23, 23, -14.559796
23, 24, -32.440864
23, 25, 17.397346
23, 26, 59.929984
23, 28, -30.323808
23, 30, 42.011522
23, 31, 12.611152
23, 32, 91.000000
23, 33, 59.893328
23, 34, -31.582996
23, 35, 36.991576
23, 36, -46.989600
23, 38, -12.426464
23, 39, 43.956008
23, 40, -35.962672
23, 41, -18.475584
23, 42, -36.316184
23, 44, -34.520472
23, 45, -32.671160
23, 46, 20.838856
23, 47, 27.705408
23, 48, -11.142696
23, 49, 7.041612
24, 1, 24.461834
24, 2, -73.000000
24, 3, -15.636520
24, 4, 55.971456
24, 5, -81.274424
24, 6, -70.467344
24, 7, 38.232672
24, 8, 23.764796
24, 9, -21.739532
24, 10, 37.082408
24, 11, -12.970816
24, 12, 12.943904
24, 13, 33.000000
24, 14, 42.695686
24, 15, 2.176290
24, 16, -13.021340
24, 17, -48.584912
24, 19, 71.414610
24, 20, 48.553592
24, 21, 57.495928
24, 24, -55.815376
24, 26, 28.732664
24, 27, -86.073842
24, 28, -62.452096
24, 29, -44.223334
24, 30, 8.331964
24, 31, 21.379632
24, 33, 64.107088
24, 35, -11.879240
24, 36, -48.782256
24, 38, 4.441640
24, 39, 59.455504
24, 40, -27.939744
24, 41, 40.845124
24, 42, -58.967240
24, 43, 9.935512
24, 44, -10.459272
24, 45, -22.832462
24, 46, 42.631980
24, 47, -4.589432
24, 49, -8.090052
24, 50, -62.000000
25, 1, 12.182200
25, 3, -47.213632
25, 4, 51.889944
25, 5, -78.609730
25, 7, -4.005058
25, 8, 36.676468
25, 9, 14.531320
25, 10, 40.007424
25, 11, -52.567512
25, 12, -4.217792
25, 15, -26.179240
25, 16, -73.210004
25, 17, -23.771528
25, 18, 14.000000
25, 20, 59.467064
25, 21, 58.462568
25, 22, -24.753058
25, 24, -15.819784
25, 25, 25.000000
25, 27, -46.922528
25, 28, -53.547528
25, 29, -38.682544
25, 30, 9.957984
25, 31, -53.152136
25, 33, 38.407368
25, 35, 56.532384
25, 36, -26.748648
25, 38, 22.327438
25, 39, 8.705712
25, 40, 12.446778
25, 41, 37.106488
25, 42, -25.425048
25, 43, -25.054568
25, 44, -40.726360
25, 46, 53.635806
25, 47, 35.227536
25, 48, -29.361754
26, 1, -2.349576
26, 2, -62.564322
26, 3, -6.701344
26, 4, 68.978560
26, 6, 23.450904
26, 8, 17.606418
26, 9, -7.199904
26, 10, -35.858568
26, 11, -5.998164
26, 12, -52.068160
26, 13, 36.276812
26, 14, -27.035952
26, 15, 29.993908
26, 17, 3.343672
26, 19, -69.885296
26, 20, 70.426720
26, 21, 20.818328
26, 22, 26.852736
26, 23, -41.920356
26, 24, -60.978240
26, 26, -12.334494
26, 27, 29.151264
26, 28, -23.103920
26, 29, -56.052192
26, 30, 5.915584
26, 31, -42.895200
26, 32, -46.695908
26, 33, -45.212064
26, 35, 60.875936
26, 36, -31.656872
26, 39, 6.736736
26, 41, 68.253244
26, 42, 6.183552
26, 43, 36.017304
26, 44, -52.915680
26, 47, 60.695600
26, 48, 27.465644
26, 49, 38.000000
26, 50, -75.600154
27, 1, 8.760486
27, 2, -39.435678
27, 3, 41.559532
27, 4, 53.186378
27, 5, -58.438216
27, 6, 35.167960
27, 7, -20.191938
27, 9, -33.935208
27, 10, 7.122160
27, 12, -26.003864
27, 13, 73.723188
27, 14, 8.892288
27, 15, -7.398550
27, 16, -69.634672
27, 17, 1.420816
27, 18, 38.849856
27, 19, -20.788468
27, 20, 37.354320
27, 21, -26.638608
27, 22, 24.719504
27, 23, -31.418432
27, 24, -54.126136
27, 25, -56.000000
27, 26, 1.405660
27, 27, 56.794096
27, 28, -44.997144
27, 29, -16.082396
27, 30, 18.170952
27, 31, 3.048360
27, 33, -17.407708
27, 34, 11.372896
27, 35, -2.427776
27, 36, 13.011072
27, 37, -32.953196
27, 38, 5.829732
27, 39, -14.714008
27, 40, -56.692434
27, 42, -29.455600
27, 43, -6.425112
27, 44, 15.039728
27, 45, -7.385392
27, 46, 30.485380
27, 47, 21.409872
27, 48, 29.762856
27, 50, -32.644172
28, 3, 75.967058
28, 5, 11.094040
28, 6, 44.078656
28, 7, 1.759872
28, 8, 12.468307
28, 9, -6.508608
28, 12, -6.310496
28, 14, -66.401952
28, 16, -66.488044
28, 17, 69.083748
28, 18, 33.411136
28, 19, -14.801656
28, 20, -28.823504
28, 21, -47.805324
28, 22, 54.278896
28, 23, -4.247192
28, 24, -70.989948
28, 26, -46.154240
28, 27, 36.708736
28, 28, -25.713734
28, 29, -67.293994
28, 30, -32.599768
28, 31, -58.986624
28, 33, 61.252350
28, 34, 20.182556
28, 35, -5.231880
28, 36, 7.352648
28, 37, 52.953196
28, 38, 21.684092
28, 39, 20.949296
28, 40, 17.227108
28, 41, -27.663698
28, 42, -28.295536
28, 43, 7.366424
28, 44, 25.113140
28, 45, -3.885424
28, 46, -37.686720
28, 47, -30.164968
28, 48, -24.370576
28, 49, -84.304092
28, 50, 30.350744
29, 1, 74.057532
29, 5, 46.435440
29, 6, 41.624120
29, 7, 56.353062
29, 8, -57.468307
29, 9, -38.214488
29, 10, -17.163262
29, 11, 78.296514
29, 16, -0.035496
29, 18, -41.340144
29, 19, -25.933616
29, 20, -38.259056
29, 21, 17.821962
29, 22, 30.955184
29, 23, 23.088880
29, 24, -78.532816
29, 25, 8.777720
29, 26, -57.390816
29, 27, -32.245806
29, 30, -5.913392
29, 31, -66.267216
29, 34, -11.875984
29, 35, 23.809280
29, 36, 0.567144
29, 38, -8.390392
29, 39, -50.922256
29, 40, 54.454872
29, 41, 35.133312
29, 42, 7.754232
29, 43, -19.675536
29, 44, 3.626462
29, 45, -37.407008
29, 46, -29.292620
29, 48, 14.787816
29, 49, -77.695908
29, 50, -17.397848
30, 1, 46.719932
30, 2, -40.630888
30, 3, 43.040860
30, 4, 48.543896
30, 5, -8.080744
30, 6, -44.242944
30, 9, -42.077704
30, 10, 14.652720
30, 11, 70.689884
30, 12, 60.344782
30, 14, 56.547952
30, 16, 50.827400
30, 17, -38.969828
30, 19, 2.935392
30, 20, 32.665304
30, 22, -20.610520
30, 23, -16.944400
30, 25, 17.983520
30, 26, 3.788608
30, 28, -13.051340
30, 29, -38.062550
30, 30, 49.680552
30, 32, -15.792192
30, 33, -62.000000
30, 34, 7.436564
30, 35, 52.932920
30, 36, -8.876280
30, 37, 60.910328
30, 38, -19.371984
30, 39, -75.712472
30, 40, -1.863666
30, 41, -22.560698
30, 42, -54.199872
30, 43, 42.930472
30, 45, -1.572476
30, 47, 30.608184
30, 48, -35.138872
30, 50, -57.392688
31, 1, -38.380424
31, 2, -40.282164
31, 3, -5.774004
31, 4, -18.610676
31, 5, 38.947880
31, 6, -37.127024
31, 7, -79.436390
31, 8, 28.494274
31, 9, 4.929816
31, 10, 44.146732
31, 11, 83.488528
31, 12, 41.705396
31, 13, -23.314428
31, 14, 52.879128
31, 15, 6.717839
31, 16, 29.721192
31, 17, 5.566092
31, 18, 63.000000
31, 19, -6.706448
31, 20, 53.966296
31, 21, 61.825264
31, 22, -41.499496
31, 23, -20.815200
31, 24, -40.563650
31, 25, -28.402144
31, 26, -43.229320
31, 28, -48.321176
31, 29, 18.518384
31, 30, 22.147248
31, 32, 3.013640
31, 34, 40.829942
31, 35, 69.419576
31, 36, -36.624180
31, 37, -11.684124
31, 38, -15.626904
31, 39, -71.129136
31, 42, -38.480952
31, 43, 81.497154
31, 44, -85.000000
31, 45, -42.702080
31, 46, -18.805563
31, 47, 17.391816
31, 48, -4.947648
31, 50, -41.343328
32, 1, -19.541064
32, 2, -16.083296
32, 3, 20.296760
32, 4, -53.223440
32, 5, -4.044324
32, 6, -45.618720
32, 7, -56.619840
32, 8, 34.329988
32, 9, -67.267526
32, 10, 69.052122
32, 11, 83.850488
32, 12, 9.373264
32, 13, 24.307476
32, 14, -19.872744
32, 16, 47.304952
32, 17, 20.081832
32, 19, -21.706696
32, 20, -13.620616
32, 21, -22.057588
32, 22, -71.266208
32, 23, 45.889328
32, 24, -50.853492
32, 25, -35.308560
32, 26, 8.900256
32, 28, -37.279360
32, 29, 57.903928
32, 30, 2.337054
32, 33, -49.000000
32, 35, 37.265016
32, 36, 37.998694
32, 37, -7.907512
32, 38, -19.250068
32, 39, -51.185096
32, 40, -29.679968
32, 42, -29.074120
32, 46, -50.194437
32, 48, 32.700296
32, 49, 41.071032
32, 50, -13.699264
33, 1, -10.431320
33, 2, -59.517976
33, 3, -30.879168
33, 4, -29.336464
33, 6, -0.208248
33, 7, -11.639390
33, 8, 10.166408
33, 11, 61.908912
33, 12, 67.185024
33, 13, -22.500664
33, 14, -35.711016
33, 15, 55.000000
33, 16, 47.647184
33, 17, -17.898392
33, 18, -39.172506
33, 19, 5.713792
33, 20, 3.274448
33, 21, -57.392832
33, 22, -50.744076
33, 23, 38.743904
33, 24, -68.126784
33, 25, 50.876784
33, 26, 19.727136
33, 27, -52.924100
33, 28, -21.223480
33, 29, 21.516032
33, 32, -7.428872
33, 34, 11.000000
33, 35, -26.552296
33, 37, -24.657356
33, 38, -56.649476
33, 40, 42.868176
33, 42, 11.770388
33, 45, 32.831668
33, 47, -97.652046
33, 48, -10.190144
33, 49, 31.264508
33, 50, 2.202264
34, 1, -49.020088
34, 2, -67.391808
34, 3, -1.660880
34, 4, -25.734832
34, 6, 32.373016
34, 8, -10.977176
34, 9, -57.407202
34, 10, 10.518524
34, 11, 19.209696
34, 12, 83.079712
34, 13, -3.495596
34, 14, -36.783384
34, 16, -51.095260
34, 17, -10.024532
34, 18, -2.827494
34, 19, -8.799096
34, 20, 66.285352
34, 21, -61.529696
34, 23, 62.051488
34, 24, -65.244888
34, 26, -48.234434
34, 27, -55.734792
34, 28, 56.262872
34, 29, -31.066384
34, 30, 4.000000
34, 31, -36.802621
34, 32, 25.873456
34, 33, 39.397165
34, 35, -5.152616
34, 36, -44.454446
34, 37, -36.654786
34, 40, 59.977056
34, 41, 20.043862
34, 42, 30.135560
34, 43, -6.955104
34, 44, 36.418976
34, 45, -19.065332
34, 46, 85.000000
34, 47, -78.516160
34, 48, -60.161728
34, 49, -1.486952
34, 50, 33.933056
35, 1, -66.723968
35, 2, -40.946728
35, 3, 40.863620
35, 4, -0.958064
35, 7, -67.780690
35, 8, 24.401024
35, 9, -22.243712
35, 10, 47.112092
35, 11, 64.525688
35, 12, 66.654944
35, 13, 51.706456
35, 14, 52.161344
35, 17, 63.661008
35, 19, 40.101840
35, 21, -42.208272
35, 22, -57.507984
35, 23, 36.829648
35, 24, -62.917606
35, 25, -6.964429
35, 27, -45.106272
35, 28, 55.857888
35, 29, -5.325592
35, 32, 7.390448
35, 33, 3.602835
35, 34, -16.401752
35, 35, 7.468288
35, 36, 16.262440
35, 38, 57.150394
35, 40, 41.171136
35, 43, 10.549376
35, 44, 35.371612
35, 45, 26.466096
35, 48, -48.915378
35, 49, 34.973800
35, 50, -50.423728
36, 1, -74.956208
36, 2, -35.595008
36, 3, 5.490350
36, 4, 55.558384
36, 6, -93.000000
36, 7, -10.414720
36, 8, 5.873280
36, 9, -47.930202
36, 10, -13.325024
36, 11, 49.680152
36, 12, 51.621424
36, 18, -50.627173
36, 19, 33.497648
36, 20, 16.897492
36, 21, 12.785816
36, 22, -28.527076
36, 23, 24.136880
36, 25, -24.035571
36, 26, -65.408166
36, 27, 27.031472
36, 28, 1.959008
36, 29, 4.067816
36, 30, -18.260230
36, 31, -14.501430
36, 32, -4.881504
36, 34, 13.816524
36, 35, -14.519384
36, 36, 33.563312
36, 37, 0.000000
36, 38, -8.704568
36, 39, 53.465148
36, 40, -31.946616
36, 42, 28.798226
36, 43, -33.199104
36, 44, 36.648648
36, 45, -5.845720
36, 46, 41.391816
36, 49, 3.663144
36, 50, -47.498816
37, 1, -62.977368
37, 2, -36.318200
37, 4, 54.504680
37, 5, -13.000000
37, 8, 50.792128
37, 10, -3.751656
37, 11, -51.528328
37, 12, -19.437584
37, 13, -44.093786
37, 14, -33.488080
37, 16, -43.000000
37, 17, -46.054160
37, 18, 33.627173
37, 19, -38.303776
37, 20, 28.574068
37, 21, -38.390368
37, 22, -38.558808
37, 23, 60.511320
37, 24, 25.518322
37, 26, -51.234196
37, 27, 29.117052
37, 28, -51.434344
37, 29, -25.159896
37, 30, -1.739770
37, 31, 7.241920
37, 32, -13.104560
37, 33, -33.098422
37, 34, 14.122568
37, 35, 27.919552
37, 36, 1.871632
37, 38, -37.799304
37, 39, 67.450768
37, 40, -61.140832
37, 41, 99999.000000
37, 42, 60.911452
37, 44, 55.861168
37, 45, 24.018016
37, 46, 26.066432
37, 48, -28.446376
37, 49, -38.644808
37, 50, -14.096336
38, 1, -25.007792
38, 2, 15.823952
38, 4, 46.695272
38, 6, 14.080316
38, 8, 17.202296
38, 10, -2.599768
38, 12, -36.506372
38, 13, -31.159904
38, 14, 28.201076
38, 15, 23.606572
38, 17, -49.225316
38, 19, -41.315736
38, 20, -16.066904
38, 21, -8.790336
38, 22, -56.834584
38, 23, 53.173352
38, 24, -12.263592
38, 25, -38.991709
38, 26, 12.842836
38, 28, -42.550144
38, 29, 32.303944
38, 31, 43.089570
38, 32, -7.627752
38, 33, 45.098422
38, 34, -10.967736
38, 35, 28.014200
38, 36, 21.779104
38, 37, -21.309944
38, 38, -69.564240
38, 39, 15.631736
38, 40, -23.193866
38, 42, 31.269672
38, 43, 62.000000
38, 44, 28.471092
38, 45, -46.322448
38, 48, 46.446376
38, 49, -33.238856
39, 1, 53.755928
39, 2, 29.384432
39, 3, 80.357318
39, 4, 49.924656
39, 5, 23.820848
39, 6, -9.999104
39, 8, -28.574728
39, 9, -5.117534
39, 10, -48.603208
39, 12, -2.894702
39, 13, 52.802376
39, 14, -28.623128
39, 15, 18.888600
39, 16, 11.539500
39, 17, 20.675312
39, 18, 84.000000
39, 19, -37.283176
39, 20, -71.354712
39, 21, 25.785032
39, 22, -1.388432
39, 23, -11.200000
39, 24, 0.995184
39, 25, -14.863104
39, 26, -58.036634
39, 27, -37.422880
39, 28, -2.211888
39, 29, -2.065160
39, 30, 65.082644
39, 32, -18.414568
39, 34, -7.230384
39, 35, 30.009256
39, 36, 23.921936
39, 37, -38.534988
39, 38, -37.879456
39, 39, -39.019512
39, 41, -60.801286
39, 42, -41.642368
39, 44, 44.394656
39, 45, -30.826120
39, 49, -29.517600
40, 1, 54.167892
40, 2, -16.786792
40, 3, 48.553408
40, 4, 16.348048
40, 5, -32.136160
40, 6, -10.705684
40, 7, 47.969472
40, 8, -59.871808
40, 9, -17.592000
40, 10, -84.851622
40, 13, 58.640560
40, 14, 25.741264
40, 15, 16.543800
40, 16, -37.025488
40, 17, -6.552024
40, 19, -36.263328
40, 20, -70.401312
40, 21, -11.885266
40, 22, -19.634392
40, 23, 11.491912
40, 24, 70.593238
40, 27, -7.850584
40, 28, 16.819384
40, 29, -16.276384
40, 30, 5.595752
40, 31, -78.363160
40, 32, -4.985992
40, 33, -95.000000
40, 34, -16.510864
40, 35, -9.160488
40, 36, 67.925436
40, 37, -13.355216
40, 38, 18.361544
40, 39, -66.828880
40, 40, -58.207936
40, 41, -14.324436
40, 42, -65.587232
40, 43, 8.150575
40, 45, 40.119352
40, 47, -23.531972
40, 48, -15.555500
40, 50, -0.635464
41, 1, 40.854684
41, 2, 41.614192
41, 3, 60.674318
41, 4, 23.647198
41, 5, 12.616920
41, 7, 13.864616
41, 8, -14.415240
41, 9, 54.839200
41, 12, -49.558340
41, 13, 39.950544
41, 14, -51.723984
41, 15, -5.441520
41, 16, -27.983056
41, 17, -58.029568
41, 18, 71.462496
41, 19, 3.678244
41, 20, -60.350634
41, 22, -22.942504
41, 23, -54.123752
41, 26, 69.723188
41, 27, 14.345520
41, 28, 1.337176
41, 29, -26.274304
41, 30, 42.862664
41, 31, -74.932704
41, 32, -18.568200
41, 34, -71.580170
41, 35, 3.581424
41, 36, 82.696520
41, 37, 19.545960
41, 38, 19.483824
41, 39, -58.167016
41, 40, 27.703828
41, 41, -39.386460
41, 42, -53.250288
41, 43, -33.150575
41, 44, -2.390632
41, 45, 29.139080
41, 46, -34.462958
41, 47, 34.823168
41, 48, -26.315124
41, 49, 83.095532
41, 50, 56.635464
42, 2, 38.625856
42, 5, 59.793240
42, 6, 4.188706
42, 7, 12.849224
42, 8, 38.841096
42, 9, 55.091640
42, 12, -32.021576
42, 13, 41.797776
42, 14, -55.263968
42, 15, 53.326096
42, 16, -17.431912
42, 17, -39.379240
42, 18, 27.945520
42, 19, 19.907368
42, 22, -21.320032
42, 23, -58.694544
42, 24, 7.000000
42, 27, -40.280224
42, 28, 12.057296
42, 29, -44.818500
42, 30, 9.150376
42, 31, -80.251184
42, 32, -10.240592
42, 33, -77.093274
42, 35, 8.256832
42, 37, -9.488608
42, 38, 3.250408
42, 39, -8.164504
42, 40, 48.690016
42, 41, -33.309994
42, 42, -5.051512
42, 44, -32.356776
42, 45, 15.118160
42, 47, -22.073972
42, 48, -1.144096
42, 49, 45.327848
43, 1, 41.004988
43, 2, -38.245040
43, 3, 38.920567
43, 4, 7.384940
43, 5, 35.287682
43, 6, -15.699620
43, 7, -61.695112
43, 8, -9.864840
43, 9, 9.815736
43, 10, -27.689334
43, 11, 41.925916
43, 12, -46.310640
43, 13, 10.038888
43, 14, -60.557376
43, 15, 48.734896
43, 16, 24.974696
43, 17, 49.275648
43, 18, -14.087496
43, 20, 78.841134
43, 22, -2.395648
43, 23, -22.999744
43, 25, -40.318936
43, 27, -40.847120
43, 28, -33.794848
43, 30, 45.209784
43, 31, -75.456448
43, 32, -19.237688
43, 33, -58.664504
43, 34, -76.027280
43, 35, 36.525944
43, 36, -73.728518
43, 37, -6.268528
43, 38, 36.309456
43, 39, 31.647840
43, 40, 15.026432
43, 42, 24.968304
43, 43, -48.912096
43, 44, 43.431400
43, 45, 53.808336
43, 46, -59.000000
43, 48, 17.333400
43, 49, 7.170312
44, 1, 15.643640
44, 2, -49.502680
44, 3, 46.079433
44, 4, -24.562224
44, 6, 3.999752
44, 7, -77.415232
44, 8, 9.932472
44, 9, 22.728184
44, 10, -42.391248
44, 12, 40.166736
44, 13, 44.147664
44, 14, -36.305336
44, 15, -32.663132
44, 17, 57.900160
44, 18, 40.372640
44, 19, -88.000000
44, 20, 93.158866
44, 21, 53.558060
44, 22, -19.067960
44, 23, -12.165392
44, 24, 26.432736
44, 25, -68.428576
44, 27, -26.017832
44, 28, -41.072400
44, 29, 29.657395
44, 30, 48.934456
44, 31, -44.411344
44, 32, 6.734888
44, 33, 4.221588
44, 34, -31.972720
44, 35, -13.962704
44, 36, -55.564724
44, 37, 14.558184
44, 38, 10.304536
44, 40, -41.679088
44, 41, 23.183798
44, 42, 1.992888
44, 43, -71.980316
44, 44, 28.331320
44, 45, 59.237406
44, 47, -61.623450
44, 49, -26.715928
45, 1, 25.318536
45, 2, -39.240840
45, 4, -64.171360
45, 5, 2.690559
45, 6, -37.484232
45, 7, -54.567952
45, 8, 10.308704
45, 9, 31.950856
45, 10, 45.568576
45, 11, -46.298410
45, 12, 57.336080
45, 13, 26.268824
45, 14, 32.950272
45, 16, -52.013640
45, 17, -4.752088
45, 21, 1.156916
45, 22, -23.089080
45, 23, -10.317752
45, 24, -26.432736
45, 25, -39.485312
45, 26, 41.518400
45, 27, -3.414584
45, 28, -36.743656
45, 29, -22.657395
45, 30, -1.146960
45, 31, -26.712928
45, 32, 45.089152
45, 33, 10.343644
45, 35, 15.194840
45, 36, -28.249944
45, 37, 37.160496
45, 38, 45.348824
45, 40, -15.382064
45, 41, 5.178424
45, 42, 56.855448
45, 43, -67.212624
45, 44, 38.279528
45, 46, -32.012416
45, 47, -20.734872
45, 48, 72.216368
45, 49, -25.166374
46, 1, 43.190768
46, 2, -2.659996
46, 4, -47.166024
46, 5, 58.309441
46, 6, 23.980176
46, 7, -46.798120
46, 8, -51.554264
46, 9, -46.118376
46, 10, 45.853456
46, 11, 23.970788
46, 13, 68.085688
46, 14, -2.313632
46, 16, -29.986360
46, 17, -49.619976
46, 19, -37.728537
46, 20, 49.344240
46, 21, 18.158824
46, 22, -15.702392
46, 23, 53.852776
46, 25, -54.300768
46, 26, 68.643755
46, 27, 6.355056
46, 28, -1.560368
46, 30, -8.128464
46, 31, -29.142288
46, 32, 31.383440
46, 34, -50.722626
46, 35, 36.238018
46, 36, -1.049222
46, 37, 25.145160
46, 38, 57.039232
46, 40, -1.271976
46, 41, -31.744416
46, 42, 70.102864
46, 43, -26.963792
46, 44, 29.221864
46, 45, -73.000000
46, 46, -41.199420
46, 47, 45.806936
46, 48, 45.783632
46, 50, 51.257288
47, 1, -42.966288
47, 2, -22.306330
47, 3, 39.167508
47, 4, 50.812664
47, 6, -10.437856
47, 7, 24.228080
47, 8, -73.513680
47, 9, -38.173840
47, 10, 6.948808
47, 11, -18.073576
47, 12, 62.334314
47, 13, 46.596144
47, 17, -71.679680
47, 19, 48.728537
47, 20, 36.829440
47, 21, 36.563288
47, 22, 32.601584
47, 23, 49.344860
47, 24, -33.000000
47, 25, -26.164736
47, 27, 52.559992
47, 28, 3.417350
47, 29, 99999.000000
47, 31, -70.813180
47, 32, 28.450256
47, 34, -18.162892
47, 37, 10.128856
47, 38, -13.259816
47, 39, 57.182402
47, 40, -61.403508
47, 41, -52.291688
47, 42, 38.169968
47, 43, 28.159936
47, 44, 20.911088
47, 46, -8.709284
47, 47, 10.676392
47, 49, 30.488402
48, 1, -26.648344
48, 3, 29.080424
48, 4, 59.126960
48, 5, -49.338498
48, 6, -15.878256
48, 7, -0.077296
48, 8, -67.638200
48, 9, 32.849360
48, 10, -16.999480
48, 11, -3.341308
48, 13, -12.749624
48, 15, -14.873763
48, 16, -59.771416
48, 17, -48.176704
48, 20, 72.672240
48, 21, -55.599056
48, 22, -4.967928
48, 23, 37.151168
48, 25, -28.763080
48, 26, -92.000000
48, 27, 71.666912
48, 30, -71.111300
48, 32, 43.809288
48, 34, -15.244528
48, 35, -47.816261
48, 36, 51.660758
48, 37, -55.685616
48, 38, -23.311524
48, 39, -14.959032
48, 41, -53.348624
48, 42, 35.304296
48, 43, -18.391248
48, 44, -6.172466
48, 45, 66.486966
48, 46, -30.654304
48, 47, 33.442924
48, 48, 6.725678
48, 49, 18.720832
48, 50, 2.218416
49, 1, -37.608080
49, 3, -1.773364
49, 4, 37.092804
49, 5, 18.824512
49, 6, 1.710096
49, 7, 47.612128
49, 8, -15.660156
49, 9, 36.465026
49, 10, 47.685128
49, 11, 24.039676
49, 13, 16.894056
49, 16, -26.346496
49, 17, -32.236220
49, 18, -68.490238
49, 19, -20.761701
49, 21, -70.489456
49, 22, -50.969380
49, 24, -76.000000
49, 25, 16.981604
49, 27, 69.744044
49, 28, -56.547740
49, 29, 6.378176
49, 30, -27.036800
49, 31, 18.893287
49, 32, -39.851888
49, 33, -28.238336
49, 34, -10.763988
49, 35, 18.816261
49, 36, 29.618048
49, 37, -49.438640
49, 38, 25.193704
49, 39, -35.822464
49, 40, 18.369885
49, 41, 29.624556
49, 42, 53.041324
49, 43, 33.666172
49, 45, 6.519296
49, 48, 15.341568
49, 49, 37.093836
49, 50, 10.346496
50, 1, -17.599914
50, 3, -19.834208
50, 4, 59.723680
50, 5, 6.794502
50, 6, -65.533076
50, 8, 27.385522
50, 10, 53.248778
50, 13, 43.091698
50, 14, -33.030222
50, 15, 61.000000
50, 16, -36.443416
50, 17, -34.347984
50, 18, -3.509762
50, 19, -42.238299
50, 20, 4.000000
50, 22, -10.710382
50, 23, 75.000000
50, 25, 43.768656
50, 26, 68.000000
50, 27, 64.960414
50, 28, 20.547740
50, 29, 41.621824
50, 30, -43.409300
50, 31, 70.106713
50, 32, -55.743664
50, 33, 36.446376
50, 34, -72.365026
50, 36, -61.334242
50, 37, 36.462144
50, 39, -68.626682
50, 40, 26.630115
50, 41, 68.373026
50, 42, 69.798978
50, 43, 52.900874
50, 44, -53.000000
50, 45, 0.147966
50, 46, -72.000000
50, 47, -8.000000
50, 48, -61.071322
50, 49, 16.289338
50, 50, 61.996416
