1, 1, 33.000000
1, 3, -20.699044
1, 4, 5.539662
1, 6, 8.641729
1, 7, 5.796938
1, 8, 34.438365
1, 9, -40.107243
1, 10, -19.000000
1, 11, -4.481614
1, 12, 99999.000000
1, 13, -86.000000
1, 14, -58.059767
1, 15, -38.000000
1, 16, 29.181283
1, 18, -85.000000
1, 19, -46.358590
1, 20, -31.887596
1, 21, -9.758156
1, 22, -16.252597
1, 23, 10.961524
1, 24, 31.614582
1, 25, -32.852675
1, 26, 99999.000000
1, 27, 62.000000
1, 28, 3.240446
1, 29, -41.000000
1, 30, -35.180038
1, 32, -3.778340
1, 33, -28.585216
1, 34, -11.549884
1, 35, -11.061199
1, 37, -82.000000
1, 38, -87.000000
1, 39, 82.000000
1, 40, 1.204181
1, 41, 14.020514
1, 42, -29.529380
1, 43, -38.616580
1, 45, 3.093670
1, 46, -81.000000
1, 47, -8.258138
1, 49, 45.000000
1, 50, 11.416513
2, 2, 7.831722
2, 3, -20.719589
2, 4, 5.038689
2, 5, -41.492243
2, 6, 8.253891
2, 7, 5.850924
2, 8, 34.561635
2, 9, -29.763957
2, 11, -4.787087
2, 14, -57.940233
2, 16, 0.018677
2, 17, -43.467070
2, 18, -91.022413
2, 19, -45.978892
2, 20, -31.497464
2, 21, -11.581180
2, 22, -7.084317
2, 23, 9.994442
2, 24, 31.424712
2, 25, -32.238502
2, 26, -28.676358
2, 28, 3.412568
2, 30, -28.508301
2, 31, 24.624710
2, 32, -3.895865
2, 33, -28.049075
2, 34, -11.220470
2, 35, -10.475299
2, 36, -70.520545
2, 40, 0.675398
2, 41, 13.970989
2, 42, -29.402100
2, 43, -43.852198
2, 44, -16.359578
2, 45, 3.415254
2, 47, -7.505683
2, 48, -7.474298
2, 50, 11.574228
3, 1, -7.757746
3, 2, 53.929276
3, 3, -20.713699
3, 4, 4.305588
3, 5, -41.855952
3, 6, 7.751770
3, 7, 5.859779
3, 9, -39.920451
3, 11, -5.696023
3, 12, 30.253158
3, 13, 99999.000000
3, 15, -25.929026
3, 16, 29.770421
3, 17, 7.585644
3, 18, 99999.000000
3, 19, -45.412935
3, 20, -31.130097
3, 21, -12.980256
3, 22, -17.430872
3, 23, 8.323508
3, 24, 31.411343
3, 25, -31.320060
3, 26, -12.932738
3, 27, -2.779628
3, 28, 3.546797
3, 29, 60.367427
3, 30, -34.967949
3, 31, 24.535382
3, 32, -3.882030
3, 33, -26.438991
3, 34, -10.446856
3, 35, -9.477626
3, 36, -70.479455
3, 37, -79.000000
3, 38, 41.677434
3, 39, 2.070666
3, 40, -0.010274
3, 41, 13.886977
3, 42, -29.356567
3, 43, -38.115859
3, 44, -17.063623
3, 45, 3.724797
3, 47, -5.949831
3, 48, -7.649475
3, 49, -52.142171
3, 50, 11.695681
4, 1, -7.444240
4, 2, 6.542393
4, 3, -20.671189
4, 4, 3.489948
4, 5, -42.293585
4, 6, 7.223540
4, 8, -29.349162
4, 9, -29.625007
4, 10, -95.000000
4, 11, -7.108341
4, 12, 30.094278
4, 14, 8.941294
4, 15, -26.070974
4, 16, 99999.000000
4, 17, -43.883394
4, 18, 97.000000
4, 19, -44.742135
4, 20, -30.870057
4, 21, -16.580273
4, 22, -7.954970
4, 23, 6.143780
4, 24, 31.586387
4, 25, -30.236700
4, 26, -28.196274
4, 27, -2.029017
4, 29, 60.499601
4, 30, -28.125980
4, 31, 24.620569
4, 32, -3.749774
4, 33, -23.838101
4, 34, -9.290525
4, 35, -8.193442
4, 38, 41.322566
4, 39, 1.390411
4, 40, -0.732791
4, 43, -43.834262
4, 44, -18.387066
4, 45, 3.967231
4, 46, 99999.000000
4, 47, -3.721766
4, 48, -7.804215
4, 49, -52.169701
4, 50, 11.754752
5, 1, -6.866159
5, 2, 54.004102
5, 3, -20.594129
5, 4, 2.751145
5, 5, -42.726015
5, 6, 6.757597
5, 7, 6.668227
5, 8, -28.301783
5, 9, -40.243788
5, 11, -8.867061
5, 12, 29.915386
5, 13, 13.755356
5, 14, 8.880904
5, 16, -29.053166
5, 17, 8.473147
5, 18, 99999.000000
5, 19, -44.037331
5, 21, -18.677094
5, 22, 99999.000000
5, 23, 3.685587
5, 24, 31.909029
5, 25, -29.151427
5, 26, -14.231824
5, 27, -0.555493
5, 28, -64.000000
5, 29, 60.697344
5, 30, 99999.000000
5, 31, 24.870232
5, 32, -3.542002
5, 33, -20.379914
5, 34, -7.813113
5, 35, -6.732535
5, 36, -0.454796
5, 39, 0.410892
5, 40, -1.368140
5, 41, 12.638141
5, 43, -37.678066
5, 44, -20.110284
5, 45, 4.086334
5, 46, -92.000000
5, 47, -1.005175
5, 49, -52.292594
5, 50, 11.747384
6, 1, -6.128000
6, 2, 4.977228
6, 3, -20.486150
6, 5, -43.061818
6, 6, 6.405660
6, 7, 6.049150
6, 8, -26.155703
6, 9, 99999.000000
6, 10, 0.093234
6, 11, -10.767526
6, 13, 13.591197
6, 14, 8.245436
6, 15, 99999.000000
6, 16, -3.731782
6, 17, 99999.000000
6, 18, 26.707318
6, 19, -43.361993
6, 20, -22.360976
6, 21, -23.516854
6, 22, 33.015043
6, 23, 1.177995
6, 24, 32.320043
6, 25, -28.191498
6, 26, -26.396996
6, 27, 1.519292
6, 28, 99999.000000
6, 30, -23.000000
6, 31, 25.242967
6, 32, -3.325403
6, 33, -16.275266
6, 34, -6.125749
6, 35, -5.220257
6, 36, -0.881505
6, 38, -18.125768
6, 39, -0.690468
6, 40, -1.824620
6, 41, 11.767935
6, 42, -64.336059
6, 43, -44.111260
6, 44, -22.012224
6, 47, 2.022635
6, 49, -52.481829
7, 1, -5.367377
7, 2, 99999.000000
7, 3, -20.371081
7, 4, -21.262798
7, 6, 6.181477
7, 7, 5.356414
7, 8, -23.082778
7, 9, 12.232317
7, 10, -0.351262
7, 11, -12.570860
7, 12, 28.507654
7, 13, 13.454589
7, 14, 6.981959
7, 15, 43.000000
7, 16, -26.601754
7, 17, -66.000000
7, 18, -29.000000
7, 19, -42.787734
7, 20, -21.545826
7, 21, -25.121213
7, 22, 13.714725
7, 23, -1.182706
7, 25, -27.454573
7, 26, -14.932810
7, 27, 4.063499
7, 28, -52.000000
7, 29, -31.982142
7, 31, 25.669128
7, 32, -3.184190
7, 33, -11.791964
7, 34, -4.335927
7, 35, -3.756662
7, 36, -1.704413
7, 38, -17.674740
7, 39, -1.735935
7, 40, -2.012378
7, 41, 10.060056
7, 42, -64.210321
7, 43, -37.483226
7, 44, -23.793619
7, 46, -19.030257
7, 47, 5.161085
7, 50, 22.268511
8, 1, -4.737264
8, 4, -21.737202
8, 5, 2.688453
8, 6, 6.047418
8, 8, -19.342753
8, 9, -12.532354
8, 10, -0.936483
8, 11, -14.037256
8, 12, 28.427887
8, 13, 13.384386
8, 14, 5.064249
8, 16, -3.531953
8, 19, -42.347400
8, 20, -20.183409
8, 21, -30.764646
8, 22, 30.676516
8, 23, -3.215297
8, 24, -2.000000
8, 25, -26.991571
8, 26, -22.991152
8, 27, 6.919500
8, 29, -32.174865
8, 30, -29.091094
8, 32, -3.209480
8, 33, -7.248670
8, 34, -2.595852
8, 35, -2.447789
8, 36, -2.785514
8, 37, -45.541625
8, 38, -16.650475
8, 39, -2.549982
8, 41, 7.680206
8, 42, -64.202521
8, 43, 99999.000000
8, 44, -25.214704
8, 45, -7.860535
8, 46, -18.662544
8, 47, 8.210297
8, 48, -16.240116
8, 49, 14.000000
8, 50, 22.040185
9, 3, -24.693415
9, 5, 3.086563
9, 6, 5.922763
9, 8, -15.219185
9, 9, 11.682738
9, 10, -1.548335
9, 11, -14.958916
9, 12, 28.460523
9, 13, 13.383245
9, 14, 2.485402
9, 15, 23.000000
9, 16, -22.316991
9, 17, 60.000000
9, 18, -12.000000
9, 19, -42.083447
9, 20, -18.408269
9, 21, -30.837624
9, 22, 13.155390
9, 23, -4.816417
9, 25, -26.780581
9, 26, -13.940644
9, 27, 9.944223
9, 29, -32.473059
9, 30, -28.708632
9, 31, -68.000000
9, 32, -3.469646
9, 33, -2.990908
9, 34, -1.043095
9, 35, -1.357803
9, 36, -3.924169
9, 37, -45.193008
9, 38, -15.118849
9, 39, -3.007661
9, 40, 11.930324
9, 41, 4.866184
9, 43, -1.681170
9, 44, -26.038317
9, 45, -7.108810
9, 46, -18.368167
9, 47, 10.975215
9, 48, -16.737862
9, 50, 21.835286
10, 1, 10.311551
10, 2, -44.805992
10, 3, -24.816394
10, 4, -3.025426
10, 5, 3.521819
10, 6, 5.687432
10, 7, -17.153521
10, 8, -11.053655
10, 9, -10.436968
10, 10, -2.095683
10, 13, 13.448869
10, 14, -0.700659
10, 16, -2.790524
10, 18, 99999.000000
10, 19, -41.995793
10, 20, -16.319318
10, 21, -37.045894
10, 22, 25.647146
10, 23, -5.921057
10, 24, -24.491802
10, 25, -26.747694
10, 26, -17.915079
10, 27, 13.014842
10, 29, -32.821406
10, 30, -28.382408
10, 32, -4.020825
10, 33, 0.616567
10, 34, 0.150990
10, 35, -0.562743
10, 36, -4.925796
10, 37, -44.836042
10, 38, -13.166020
10, 40, 13.171953
10, 41, 1.843340
10, 42, -54.610884
10, 43, 47.000000
10, 45, -6.302993
10, 46, -18.178170
10, 47, 13.282784
10, 48, -17.638431
10, 49, -1.446582
10, 50, 21.704162
11, 1, 11.018540
11, 2, -44.919389
11, 3, -25.052603
11, 4, -2.056723
11, 5, 3.906554
11, 6, 5.205434
11, 7, -17.033108
11, 8, -7.160865
11, 9, 11.689189
11, 10, -2.475482
11, 11, -29.584281
11, 12, -16.000000
11, 13, 13.557161
11, 14, -4.416583
11, 15, 0.000000
11, 16, -18.155695
11, 17, -2.531498
11, 20, -14.014256
11, 21, -34.803866
11, 22, 11.083563
11, 23, -6.538169
11, 24, -24.118169
11, 25, -26.772843
11, 26, -10.780413
11, 27, 16.008628
11, 28, 9.509339
11, 30, -28.173808
11, 32, -4.875827
11, 33, 3.257926
11, 34, 0.871963
11, 35, -0.117530
11, 36, -5.601266
11, 37, -44.505270
11, 38, -10.911791
11, 39, 5.285452
11, 40, 15.252593
11, 41, -1.145211
11, 42, -54.788881
11, 44, 0.165583
11, 45, -5.606066
11, 46, -18.068480
11, 47, 14.955896
11, 48, -18.786628
11, 49, -0.831508
11, 50, 21.663124
12, 1, 12.284156
12, 2, -45.095011
12, 3, -25.363143
12, 4, -0.271660
12, 6, 4.350792
12, 7, -16.896414
12, 8, -3.876688
12, 9, -7.005818
12, 10, -2.627300
12, 11, -29.281879
12, 13, 13.685475
12, 14, -8.516140
12, 15, 11.041090
12, 16, -1.963823
12, 17, -2.229568
12, 18, 7.604838
12, 19, -5.525839
12, 20, -11.548619
12, 21, -41.440400
12, 22, 18.863399
12, 23, -6.703726
12, 24, -23.715157
12, 25, -26.731508
12, 26, -11.505817
12, 27, 18.812031
12, 28, 9.490661
12, 29, 80.000000
12, 31, 18.647551
12, 32, -6.020504
12, 33, 4.649758
12, 37, -44.254858
12, 38, -8.488235
12, 39, 4.895428
12, 40, 17.859819
12, 41, -3.916898
12, 42, -54.980077
12, 43, -13.113939
12, 44, -0.335408
12, 45, -5.147825
12, 46, -17.987845
12, 47, 15.849171
12, 48, -19.978051
12, 49, -0.218807
13, 1, 14.007226
13, 2, -45.297290
13, 3, -25.699404
13, 4, 2.188262
13, 5, 36.430522
13, 6, 3.029687
13, 7, -16.758335
13, 8, -1.493248
13, 9, 12.102681
13, 11, -28.863890
13, 12, 99999.000000
13, 14, -12.812085
13, 15, 99999.000000
13, 16, -16.016370
13, 17, -1.843475
13, 18, 7.502236
13, 19, -5.069586
13, 20, -8.973868
13, 21, -36.393755
13, 22, 7.550708
13, 23, -6.523142
13, 24, -23.361778
13, 25, -26.489401
13, 26, -5.840802
13, 27, 21.335035
13, 30, -41.437567
13, 31, 18.352449
13, 32, -7.391446
13, 34, -3.306308
13, 35, 4.411457
13, 36, -44.022413
13, 37, -44.094648
13, 38, -6.038893
13, 39, 4.501991
13, 40, 20.600496
13, 41, -6.279716
13, 43, -13.693894
13, 44, -0.972394
13, 46, -17.855640
13, 48, -21.022957
13, 49, 0.273469
13, 50, 10.516005
14, 1, 16.046298
14, 2, -45.476531
14, 3, -26.009289
14, 4, 5.133914
14, 5, 35.533772
14, 6, 1.194972
14, 7, -16.600349
14, 8, -0.265741
14, 9, -4.266717
14, 10, 17.810783
14, 11, -28.401339
14, 12, 9.486077
14, 13, -20.884167
14, 14, -17.075098
14, 16, 99999.000000
14, 17, -1.454005
14, 18, 7.465446
14, 19, -4.579520
14, 20, -6.316701
14, 21, -43.301846
14, 22, 11.384870
14, 23, -6.115523
14, 24, -23.114032
14, 25, -25.942578
14, 26, -4.606295
14, 27, 23.522964
14, 28, -49.563243
14, 30, -53.902866
14, 32, -8.883378
14, 33, -39.540536
14, 34, -2.693692
14, 35, 5.213605
14, 36, -43.977587
14, 37, -44.053910
14, 38, -3.709003
14, 39, 4.178255
14, 40, 23.082657
14, 41, -8.121165
14, 42, 99999.000000
14, 43, -14.491312
14, 44, -1.620500
14, 46, -17.563030
14, 47, -20.311014
14, 48, -21.728588
14, 50, 9.580494
15, 1, 18.276123
15, 2, -45.599654
15, 3, -26.231778
15, 4, 8.407705
15, 5, 33.549700
15, 6, -1.149636
15, 7, -16.416685
15, 9, 12.485446
15, 10, 17.606655
15, 11, -27.971238
15, 12, -15.617171
15, 13, -20.576645
15, 14, -21.084580
15, 15, 99999.000000
15, 16, -8.428586
15, 18, 7.501447
15, 19, -4.160958
15, 20, -3.607121
15, 21, 99999.000000
15, 22, 3.070976
15, 23, -5.627687
15, 24, -23.005844
15, 25, -25.031458
15, 26, -0.256504
15, 27, 25.329670
15, 28, -49.395996
15, 29, 41.958359
15, 30, -41.180836
15, 31, -84.000000
15, 32, -10.362267
15, 33, -39.767556
15, 35, 6.572288
15, 37, -44.107511
15, 38, -1.646117
15, 39, 3.980797
15, 40, 24.942885
15, 41, -9.316105
15, 42, 40.000000
15, 43, -15.355216
15, 45, -1.478445
15, 46, -17.001507
15, 47, -20.291081
15, 49, 5.138008
15, 50, 7.844655
16, 1, 20.522664
16, 2, -45.629219
16, 3, -26.334105
16, 4, 11.850488
16, 5, 30.572756
16, 6, -3.939858
16, 7, -16.191813
16, 8, -29.098687
16, 10, 17.291505
16, 11, -27.636140
16, 12, 9.097984
16, 13, -20.368546
16, 14, -24.579076
16, 15, -39.812049
16, 16, -15.797918
16, 17, 53.658757
16, 20, -0.857351
16, 21, 16.606040
16, 22, 4.470656
16, 23, -5.185601
16, 24, -23.043439
16, 25, -23.749795
16, 26, 1.543180
16, 27, 26.743746
16, 28, -49.394464
16, 29, 41.520517
16, 30, -54.080353
16, 32, -11.691525
16, 33, -39.965366
16, 34, 2.000000
16, 35, 8.242111
16, 36, 66.000000
16, 38, 0.043792
16, 40, 25.918939
16, 41, -9.815755
16, 43, -16.113757
16, 44, 22.386646
16, 45, -1.568130
16, 46, -16.091126
16, 47, -20.358958
16, 48, -2.507669
16, 49, 4.650923
16, 50, 5.508538
17, 1, 22.638811
17, 2, -45.558528
17, 4, 15.326711
17, 5, 26.757553
17, 6, -7.076121
17, 7, -15.930695
17, 8, -29.375672
17, 9, -27.285216
17, 10, 16.899233
17, 11, -27.443332
17, 12, -15.158823
17, 13, -20.289074
17, 14, -27.342191
17, 15, -7.943431
17, 16, -9.698466
17, 17, 53.341243
17, 18, 17.893565
17, 19, 86.000000
17, 20, 1.910294
17, 21, 10.214251
17, 22, -1.215597
17, 23, -4.902922
17, 25, -22.159733
17, 26, 4.449665
17, 27, 27.766731
17, 28, -49.561568
17, 29, 41.085913
17, 30, -40.933350
17, 31, 99999.000000
17, 32, -12.729220
17, 33, -40.096336
17, 35, 9.924566
17, 38, 1.248467
17, 39, 15.923687
17, 42, -15.535034
17, 43, -16.618994
17, 44, 22.273163
17, 45, -1.522059
17, 46, -14.785052
17, 47, -20.506342
17, 48, -2.052864
17, 49, 3.831168
17, 50, 2.817626
18, 1, 24.448027
18, 2, -45.395939
18, 3, -73.000000
18, 4, 18.727310
18, 5, 22.275781
18, 6, -10.427712
18, 7, -15.655026
18, 8, -29.880971
18, 9, -26.785657
18, 10, 16.507629
18, 12, 8.712273
18, 13, -20.362580
18, 14, -29.172686
18, 15, -39.134169
18, 16, -16.578284
18, 18, 17.180364
18, 20, 4.669884
18, 21, 15.387140
18, 22, -0.335141
18, 24, -33.775872
18, 25, -20.351737
18, 26, 5.602766
18, 27, 28.428690
18, 29, 40.727505
18, 30, 99999.000000
18, 32, -13.337313
18, 34, 23.000000
18, 35, 11.318966
18, 36, 21.528016
18, 37, 73.000000
18, 38, 1.918735
18, 39, 15.450366
18, 40, 0.267464
18, 41, 47.790767
18, 42, -15.239985
18, 44, 22.088150
18, 45, -1.351189
18, 46, -13.090947
18, 47, -20.691057
18, 48, -1.514793
18, 49, 2.762254
18, 50, 0.040291
19, 1, 25.791966
19, 2, -45.174666
19, 4, 21.978401
19, 5, 17.367004
19, 6, -13.835896
19, 7, -15.399791
19, 8, -30.523686
19, 9, -26.295465
19, 10, 16.170114
19, 11, -6.521060
19, 13, -20.569119
19, 14, -29.944396
19, 15, -9.420333
19, 16, -13.014690
19, 17, -32.778828
19, 18, 16.271560
19, 19, 4.616014
19, 20, 7.365049
19, 21, 9.604989
19, 22, -3.752463
19, 23, -7.218700
19, 24, -34.224128
19, 25, -18.464912
19, 26, 6.842945
19, 27, 28.761617
19, 28, -9.727809
19, 29, 40.515207
19, 30, -57.423423
19, 31, -90.000000
19, 33, 23.655771
19, 35, 12.178364
19, 36, 21.471984
19, 38, 2.028334
19, 39, 13.636612
19, 40, 0.538428
19, 41, 47.531671
19, 42, -15.020318
19, 45, -1.083569
19, 46, -11.051793
19, 48, -0.995549
19, 49, 1.572312
19, 50, -2.558489
20, 1, 26.524858
20, 3, 62.000000
20, 4, 25.019923
20, 5, 12.288993
20, 6, -17.121789
20, 8, -31.185227
20, 10, 15.964512
20, 11, -6.802893
20, 15, -38.281144
20, 16, -19.058650
20, 17, -31.710282
20, 18, 15.312487
20, 19, 5.343041
20, 20, 9.953925
20, 21, 13.823864
20, 23, -7.151421
20, 25, -16.665641
20, 27, 28.805286
20, 28, -10.502064
20, 29, 40.489092
20, 30, -78.000000
20, 33, 23.651492
20, 34, 4.091652
20, 37, -37.356185
20, 39, 11.898465
20, 40, 0.984163
20, 41, 47.383330
20, 42, -14.905309
20, 43, 63.000000
20, 44, 1.835742
20, 46, -8.773981
20, 47, 27.126483
20, 49, 0.362396
20, 50, -4.725558
21, 2, 66.000000
21, 4, 27.810508
21, 5, 7.360395
21, 6, -20.086365
21, 7, -25.005012
21, 8, -31.744171
21, 11, -7.091321
21, 12, -32.674150
21, 13, -58.153154
21, 14, 19.951564
21, 15, -10.695772
21, 16, -17.488137
21, 17, -29.413463
21, 18, 14.461969
21, 19, 6.353718
21, 20, 12.390898
21, 21, 9.407039
21, 23, -7.084909
21, 25, -15.126246
21, 28, -11.818843
21, 31, -13.754342
21, 32, -13.000000
21, 33, 23.945510
21, 34, 16.975262
21, 35, 7.806591
21, 36, -25.141961
21, 37, -37.643815
21, 38, 13.087641
21, 39, 8.547658
21, 40, 1.528049
21, 41, 47.375910
21, 42, -14.900093
21, 43, 75.044826
21, 44, 1.060675
21, 45, 11.148149
21, 46, -6.409224
21, 47, 26.254657
21, 48, -41.591641
21, 49, -0.743786
21, 50, -6.247181
22, 1, -96.000000
22, 2, 99999.000000
22, 3, 35.484340
22, 4, 30.297865
22, 5, 2.888822
22, 6, -22.530780
22, 7, -24.624107
22, 10, -9.456273
22, 11, -7.328834
22, 12, -32.130014
22, 13, -57.846846
22, 14, 20.150559
22, 15, -37.775054
22, 16, -22.408652
22, 17, -26.124629
22, 18, 13.845073
22, 19, 7.444350
22, 20, 14.651816
22, 21, 12.721186
22, 22, 80.509339
22, 23, -7.039015
22, 24, -60.518246
22, 25, -14.006465
22, 26, 43.927471
22, 28, -13.490682
22, 31, -14.376481
22, 33, 24.520933
22, 34, 2.828187
22, 35, 8.392707
22, 36, -24.386418
22, 38, 13.009515
22, 39, 6.219734
22, 40, 2.109997
22, 42, -14.973807
22, 43, 99999.000000
22, 44, -0.050268
22, 45, 10.771494
22, 46, -4.138705
22, 47, 24.761805
22, 48, -41.311045
22, 49, -1.655100
22, 50, -6.960077
23, 3, 35.334160
23, 4, 32.440186
23, 5, -0.787312
23, 6, -24.282633
23, 7, -24.267219
23, 8, -0.108870
23, 9, -10.823146
23, 10, -8.955298
23, 11, -7.492125
23, 12, -31.251511
23, 14, 20.466229
23, 16, -21.738021
23, 17, -22.165602
23, 18, 13.572821
23, 19, 8.409812
23, 20, 16.721059
23, 21, 9.912017
23, 22, 80.490661
23, 23, -7.010032
23, 24, -60.394604
23, 25, -13.433315
23, 26, 43.753423
23, 28, -15.342151
23, 30, 17.310152
23, 31, -15.594093
23, 32, 91.000000
23, 33, 25.352085
23, 34, 16.015104
23, 35, 9.385983
23, 36, -22.823018
23, 37, 76.000000
23, 38, 12.992107
23, 39, 1.411415
23, 40, 2.653726
23, 41, 24.450255
23, 42, -15.071806
23, 43, 8.503668
23, 44, -1.342352
23, 45, 10.412950
23, 46, -2.165432
23, 47, 22.824923
23, 48, -41.136041
23, 49, -2.274253
24, 1, 16.407787
24, 2, -73.000000
24, 3, 35.335253
24, 4, 34.195501
24, 5, -3.374023
24, 6, -25.183748
24, 7, -24.014830
24, 8, 0.149037
24, 9, -11.673039
24, 10, -8.299785
24, 11, -7.554956
24, 12, -30.170724
24, 13, 33.000000
24, 14, 20.841519
24, 15, -2.232973
24, 16, -25.290279
24, 17, -17.918623
24, 19, 9.055896
24, 20, 18.608388
24, 21, 12.447215
24, 24, -60.355159
24, 26, 43.550423
24, 27, -31.745816
24, 28, -17.159032
24, 29, -54.318239
24, 30, 16.858052
24, 31, -17.254220
24, 33, 26.354248
24, 34, 1.478996
24, 35, 10.645487
24, 36, -20.565072
24, 37, 99999.000000
24, 38, 13.037134
24, 39, -0.713177
24, 40, 3.102565
24, 41, 24.998643
24, 42, -15.127670
24, 43, 29.092878
24, 44, -2.674518
24, 45, 10.148152
24, 46, -0.696213
24, 47, 20.659626
24, 49, -2.560392
24, 50, -62.000000
25, 1, 16.318526
25, 3, 35.500333
25, 4, 35.512382
25, 5, -4.623234
25, 7, -23.916235
25, 8, 0.357533
25, 9, -13.331893
25, 10, -7.616259
25, 11, -7.519133
25, 12, -29.046991
25, 15, -2.393037
25, 16, -24.194273
25, 17, -13.788977
25, 18, 14.000000
25, 20, 20.321027
25, 21, 10.987806
25, 22, -12.835542
25, 24, -60.391583
25, 25, 25.000000
25, 27, -31.235953
25, 28, -18.766703
25, 29, -54.428351
25, 30, 16.130311
25, 31, -19.155129
25, 33, 27.444853
25, 34, 99999.000000
25, 35, 12.047333
25, 36, -17.767904
25, 38, 13.134426
25, 39, -7.068952
25, 40, 3.388554
25, 41, 25.569014
25, 42, -15.065356
25, 43, 10.591791
25, 44, -3.918855
25, 46, 0.102913
25, 47, 18.505228
25, 48, -14.862201
26, 1, 16.247948
26, 2, -51.078445
26, 3, 35.808828
26, 4, 36.353893
26, 6, 10.218362
26, 8, 0.474404
26, 9, -15.634971
26, 10, -7.034959
26, 11, -7.387754
26, 12, -28.034249
26, 13, 54.872994
26, 14, -56.612185
26, 15, -2.575828
26, 17, -10.193549
26, 19, -26.694953
26, 20, 21.898959
26, 21, 12.871170
26, 22, -12.711010
26, 23, -1.589116
26, 24, -60.515773
26, 26, -24.904941
26, 27, -30.762918
26, 28, -20.006285
26, 29, -54.638055
26, 30, 15.207969
26, 31, -21.057495
26, 32, -44.000000
26, 33, 28.500422
26, 34, 33.706010
26, 35, 13.432369
26, 36, -14.613632
26, 39, -8.027602
26, 41, 26.052963
26, 42, -14.833337
26, 43, 29.415989
26, 44, -4.971791
26, 47, 16.588097
26, 48, -14.627159
26, 49, 38.000000
26, 50, -33.708386
27, 1, 16.212182
27, 2, -50.921555
27, 3, 36.201983
27, 4, 36.684417
27, 5, -12.575765
27, 6, 10.123204
27, 7, 20.633858
27, 9, -18.352346
27, 10, -6.649076
27, 12, -27.265903
27, 13, 55.127006
27, 14, -56.765518
27, 15, -2.756561
27, 16, -19.612769
27, 17, -7.514525
27, 18, -7.110630
27, 19, -25.889928
27, 20, 23.378141
27, 21, 12.207025
27, 22, -12.845040
27, 23, -0.910923
27, 24, -60.684372
27, 25, -56.000000
27, 26, -25.057124
27, 27, -30.431590
27, 28, -20.785117
27, 29, -54.899682
27, 30, 14.193019
27, 31, -22.732073
27, 32, -50.022413
27, 33, 29.416458
27, 34, 12.998986
27, 35, 14.684998
27, 36, -11.298145
27, 37, 9.708634
27, 38, -18.681454
27, 39, -16.009775
27, 40, -27.984592
27, 42, -14.393114
27, 43, 14.755107
27, 44, -5.756695
27, 45, -25.448226
27, 46, 7.875004
27, 47, 15.119080
27, 48, -14.511530
27, 50, -33.009258
28, 3, 36.603300
28, 5, -17.618671
28, 6, 9.972565
28, 7, 21.029011
28, 8, -22.262798
28, 9, -21.229070
28, 12, -26.855197
28, 14, -57.036364
28, 16, -19.252059
28, 17, -6.059503
28, 18, -7.506048
28, 19, -24.500532
28, 20, 24.803574
28, 21, 13.563559
28, 22, -13.223055
28, 23, 0.414736
28, 24, -60.878016
28, 26, -25.421687
28, 27, -30.307717
28, 28, -21.027174
28, 29, -55.173270
28, 30, 13.172535
28, 31, -23.980084
28, 32, 99999.000000
28, 33, 30.055144
28, 34, 33.313873
28, 35, 15.711705
28, 36, -8.037868
28, 37, 10.291366
28, 38, -18.963031
28, 39, -14.651505
28, 40, -27.589866
28, 41, -36.087124
28, 42, -13.735480
28, 43, 30.741510
28, 44, -6.242081
28, 45, -25.619531
28, 46, 7.512494
28, 47, 14.280723
28, 48, -14.566068
28, 49, -81.022413
28, 50, -31.821139
29, 1, 3.139463
29, 5, -11.052829
29, 6, 9.814495
29, 7, 21.458651
29, 8, -22.737202
29, 9, -23.998973
29, 10, 25.340035
29, 11, 47.810139
29, 13, 99999.000000
29, 15, 99999.000000
29, 16, -18.931617
29, 18, -7.974698
29, 19, -22.673786
29, 20, 26.203068
29, 21, 13.054027
29, 22, -13.797370
29, 23, 2.221999
29, 24, -61.044401
29, 25, 19.346157
29, 26, -25.968926
29, 27, -30.416692
29, 30, 12.247436
29, 31, -24.629477
29, 32, -1.826566
29, 34, 13.655111
29, 35, 16.460919
29, 36, -5.047099
29, 38, -19.525268
29, 39, -24.212860
29, 40, -27.314362
29, 41, -35.995978
29, 42, -12.879063
29, 43, 19.123873
29, 44, -6.404296
29, 45, -25.885538
29, 46, 7.230881
29, 48, -14.787562
29, 49, -80.977587
29, 50, -30.287590
30, 1, 2.313228
30, 2, -31.923477
30, 3, 15.998435
30, 4, 18.770931
30, 5, -16.627775
30, 6, 9.679701
30, 9, -26.396290
30, 10, 25.793502
30, 11, 47.011615
30, 12, 41.190965
30, 13, -11.648653
30, 14, 31.171070
30, 15, 12.539222
30, 16, -18.736012
30, 17, 6.528083
30, 19, -20.576062
30, 20, 27.577973
30, 22, -14.475012
30, 23, 4.319451
30, 25, 19.574608
30, 26, -26.639257
30, 28, -5.673211
30, 29, -9.998522
30, 30, 11.485924
30, 32, -8.074709
30, 33, -62.000000
30, 34, 33.236376
30, 35, 16.900196
30, 36, -2.537208
30, 37, 9.500614
30, 38, -20.266389
30, 39, -19.420701
30, 40, -27.217512
30, 41, -36.032138
30, 42, -11.896712
30, 43, 32.349193
30, 45, -26.185125
30, 47, 24.044826
30, 48, -15.184412
30, 50, -28.526204
31, 1, 1.104797
31, 2, -31.600451
31, 3, 15.513785
31, 4, 18.434774
31, 5, -9.424207
31, 6, 9.630799
31, 7, -43.889413
31, 8, 12.101785
31, 9, -28.175527
31, 10, 26.289131
31, 11, 45.214854
31, 12, 40.720438
31, 13, 14.602152
31, 14, 31.073045
31, 15, 2.000000
31, 16, -18.727829
31, 17, 7.208251
31, 18, 63.000000
31, 19, -18.369674
31, 20, 28.882768
31, 21, -0.164270
31, 22, -15.140529
31, 23, 6.491260
31, 24, -54.034339
31, 25, 19.981017
31, 26, -27.388365
31, 28, -5.749544
31, 29, -9.641567
31, 30, 10.947933
31, 31, -69.000000
31, 32, -1.661607
31, 34, 14.398846
31, 35, 17.049877
31, 36, -0.706846
31, 37, 8.809635
31, 38, -21.062569
31, 39, -30.234429
31, 42, -10.859342
31, 43, 21.678069
31, 44, -85.000000
31, 45, -26.470430
31, 46, -34.393539
31, 47, 23.955174
31, 48, -15.696906
31, 50, -26.676059
32, 1, -0.280492
32, 2, -30.771897
32, 3, 14.842690
32, 4, 18.304918
32, 5, -16.326925
32, 6, 9.676093
32, 7, -43.535857
32, 8, 11.776362
32, 9, -29.150709
32, 10, 26.726792
32, 11, 42.619038
32, 12, 39.739998
32, 13, -9.626972
32, 14, 31.131575
32, 16, -18.924458
32, 17, 8.211101
32, 19, -16.195570
32, 20, 30.051831
32, 21, -1.157468
32, 22, -15.680253
32, 23, 8.542225
32, 24, -54.174778
32, 25, 20.492893
32, 26, -28.120483
32, 28, -5.848780
32, 29, -9.357998
32, 30, 10.681457
32, 31, 99999.000000
32, 33, -49.000000
32, 35, 16.944516
32, 36, 0.280483
32, 37, 8.041344
32, 38, -21.775361
32, 39, -21.301443
32, 40, -9.693241
32, 42, -9.888316
32, 46, -34.606461
32, 48, -16.276858
32, 49, 6.107927
32, 50, -24.851981
33, 1, -1.639930
33, 2, -29.501837
33, 3, 14.085434
33, 4, 18.435685
33, 5, -8.707587
33, 6, 9.830540
33, 7, -43.158883
33, 8, 11.019857
33, 11, 39.520846
33, 12, 38.364017
33, 13, 15.475240
33, 14, 31.356735
33, 15, 55.000000
33, 16, -19.306184
33, 17, 9.349979
33, 18, -21.123270
33, 19, -14.154457
33, 20, 31.005783
33, 21, -2.621557
33, 22, -15.997356
33, 23, 10.275027
33, 24, -54.326175
33, 25, 21.013426
33, 26, -28.767446
33, 27, -17.476022
33, 28, -5.985606
33, 29, -9.236507
33, 31, -14.348714
33, 32, -5.851903
33, 34, 11.000000
33, 35, 16.663893
33, 37, 7.340655
33, 38, -22.282289
33, 39, -32.755715
33, 40, -9.279069
33, 42, -9.091292
33, 45, 18.020548
33, 47, -62.170978
33, 48, -16.839658
33, 49, 5.598989
33, 50, -23.175404
34, 1, -2.791736
34, 2, -27.867762
34, 3, 13.377902
34, 4, 18.834379
34, 5, 99999.000000
34, 6, 10.053940
34, 8, 9.867614
34, 9, -58.248397
34, 10, -22.654040
34, 11, 36.271992
34, 12, 36.727687
34, 13, -7.173036
34, 14, 31.705590
34, 16, -19.811028
34, 17, 10.420190
34, 18, -20.876730
34, 19, -12.323037
34, 20, 31.644387
34, 21, -4.363805
34, 23, 11.575792
34, 24, -54.456197
34, 26, -29.235266
34, 27, -17.151150
34, 28, -6.158483
34, 29, -9.328089
34, 30, 4.000000
34, 31, -55.000000
34, 32, -5.674999
34, 33, 21.621403
34, 35, 16.286324
34, 36, 14.639527
34, 37, 6.848642
34, 39, 99999.000000
34, 40, -8.822068
34, 41, 16.000000
34, 42, -8.589256
34, 43, -25.500961
34, 44, 41.275682
34, 45, 17.805876
34, 46, 85.000000
34, 47, -95.988794
34, 48, -17.307680
34, 49, 4.694608
34, 50, -21.726682
35, 1, -3.598027
35, 2, -25.981718
35, 3, 12.822417
35, 4, 19.473728
35, 5, 36.000000
35, 7, -25.172239
35, 8, 8.387344
35, 9, -58.165193
35, 10, -22.988361
35, 11, 33.267342
35, 12, 35.000409
35, 13, 16.518548
35, 14, 32.123263
35, 15, -90.000000
35, 17, 11.223211
35, 19, -10.724921
35, 21, -6.205034
35, 22, -33.278573
35, 23, 12.359907
35, 24, -54.540553
35, 25, -15.442100
35, 27, -16.719224
35, 28, -6.397720
35, 29, -9.667333
35, 32, -5.410405
35, 33, 21.378597
35, 34, -25.832870
35, 35, 15.897893
35, 36, 15.672145
35, 38, 12.181453
35, 39, -10.938463
35, 40, -8.390903
35, 41, 25.033619
35, 43, -25.609996
35, 44, 41.331166
35, 45, 17.779238
35, 47, -61.526854
35, 48, -17.591792
35, 49, 3.544058
35, 50, -20.597298
36, 1, -3.999155
36, 2, -23.972437
36, 3, 12.507679
36, 4, 20.283501
36, 6, -93.000000
36, 7, -42.831904
36, 8, 6.629263
36, 9, -58.146280
36, 10, -23.718962
36, 11, 30.870023
36, 12, 33.363191
36, 15, 99999.000000
36, 18, -8.785763
36, 19, -9.370585
36, 20, -26.126839
36, 21, -7.970868
36, 22, -32.718086
36, 23, 12.642227
36, 25, -15.557900
36, 26, -60.495166
36, 27, -16.262959
36, 28, -6.697575
36, 29, -10.252159
36, 30, -10.056032
36, 31, 15.265263
36, 32, -5.070362
36, 34, -25.967489
36, 35, 15.557450
36, 36, 17.404449
36, 37, 0.000000
36, 38, 11.641782
36, 39, 19.635232
36, 40, -8.045575
36, 41, 99999.000000
36, 42, 7.471762
36, 43, -25.783747
36, 44, 41.423284
36, 45, 17.968162
36, 46, -12.526940
36, 47, 99999.000000
36, 49, 2.310374
36, 50, -19.823152
37, 1, -4.009765
37, 2, -21.975411
37, 4, 21.162808
37, 5, -13.000000
37, 7, -24.229619
37, 8, 4.680691
37, 10, -24.707271
37, 11, 29.409354
37, 12, 31.989415
37, 13, 14.416588
37, 14, -24.587981
37, 15, 25.307639
37, 16, -43.000000
37, 17, -21.542198
37, 18, -8.214237
37, 19, -8.235111
37, 20, -26.490300
37, 21, -9.534658
37, 22, -31.622213
37, 23, 12.471198
37, 24, 46.303884
37, 26, -60.485003
37, 27, -15.884117
37, 28, -7.060482
37, 29, -11.054947
37, 30, -9.943968
37, 31, 15.568091
37, 32, -4.685153
37, 33, 5.734782
37, 34, -26.398108
37, 35, 15.337874
37, 36, 19.569999
37, 38, 11.151922
37, 39, -9.494481
37, 40, -7.816417
37, 41, 99999.000000
37, 42, 7.668753
37, 44, 41.538656
37, 45, 18.424476
37, 46, 48.044826
37, 47, -80.000000
37, 48, 8.745989
37, 49, 1.185587
37, 50, -19.463248
38, 1, -3.718110
38, 2, -20.113930
38, 4, 22.004284
38, 6, 3.944436
38, 7, 99999.000000
38, 8, 2.604925
38, 10, -25.789972
38, 12, 31.035917
38, 13, 15.195294
38, 14, -27.384201
38, 15, 0.821356
38, 17, -21.378337
38, 19, -7.281901
38, 20, -26.997634
38, 21, -10.768372
38, 22, -30.092940
38, 23, 11.966045
38, 24, 46.418430
38, 25, -30.937793
38, 26, -60.574901
38, 28, -7.458250
38, 29, -11.991440
38, 31, 15.885821
38, 32, -4.269765
38, 33, 6.265218
38, 34, -27.054395
38, 35, 15.257415
38, 36, 21.868351
38, 37, -3.237724
38, 38, 10.814462
38, 39, 18.011846
38, 40, -7.727570
38, 42, 8.358958
38, 43, 62.000000
38, 44, 41.649597
38, 45, 19.126460
38, 46, -13.438140
38, 48, 9.254011
38, 49, 0.338740
39, 1, -3.255590
39, 2, -18.503501
39, 3, 74.612733
39, 4, 22.705734
39, 5, 26.825323
39, 6, 3.798551
39, 7, 9.410199
39, 8, 0.497312
39, 9, 13.250681
39, 10, -26.774365
39, 12, 30.612487
39, 13, 16.554942
39, 14, -23.397936
39, 15, 23.822835
39, 16, 9.938093
39, 17, -21.210900
39, 18, 84.000000
39, 19, -6.483432
39, 20, -27.545054
39, 21, -11.599897
39, 22, -28.224057
39, 23, 11.253852
39, 24, 46.682198
39, 25, -25.408481
39, 26, -60.759270
39, 27, -7.463302
39, 28, -7.884487
39, 29, -12.981506
39, 30, 34.276188
39, 32, -3.862403
39, 34, -27.823199
39, 35, 15.347720
39, 36, 23.965459
39, 37, -2.978182
39, 38, 10.727784
39, 39, -7.283307
39, 41, -46.863660
39, 42, 9.568343
39, 44, 41.743095
39, 45, 20.060381
39, 46, 99999.000000
39, 49, -0.098997
40, 1, -2.780387
40, 2, -17.219274
40, 3, 74.483484
40, 4, 23.177077
40, 5, 26.656199
40, 6, 3.677360
40, 7, 1.104650
40, 8, -1.562383
40, 9, 13.338980
40, 10, -27.483466
40, 11, -87.000000
40, 13, 18.346568
40, 14, -26.573302
40, 15, -0.024912
40, 16, 9.824438
40, 17, -21.108848
40, 19, -5.830837
40, 20, -28.018953
40, 21, -11.969811
40, 22, -26.147530
40, 23, 10.509181
40, 24, 47.042341
40, 25, -30.694283
40, 27, -6.591213
40, 28, -8.308544
40, 29, -13.897265
40, 30, 33.609732
40, 31, -66.367404
40, 32, -3.486665
40, 33, -95.000000
40, 34, -28.572737
40, 35, 15.589596
40, 36, 25.570858
40, 37, -2.364606
40, 38, 10.933825
40, 39, 16.076276
40, 40, -30.966876
40, 41, -46.605280
40, 42, 11.314005
40, 43, -12.359920
40, 45, 21.133714
40, 46, -23.929026
40, 47, -33.282284
40, 48, 0.291244
40, 50, 27.805756
41, 1, -2.416486
41, 2, -16.289679
41, 3, 74.400643
41, 4, 23.365792
41, 5, 26.504709
41, 7, 7.900840
41, 8, -3.484686
41, 9, 13.452680
41, 11, 99999.000000
41, 12, -4.383845
41, 13, 20.405991
41, 14, -21.275756
41, 15, 21.216428
41, 16, 9.827005
41, 17, -21.120915
41, 18, 54.127666
41, 19, -5.326871
41, 20, -28.328158
41, 22, -23.956309
41, 23, 9.844320
41, 25, 99999.000000
41, 26, 85.000000
41, 27, -4.656664
41, 28, -8.716403
41, 29, -14.630802
41, 30, 32.545296
41, 31, -66.246018
41, 32, -3.194149
41, 34, -29.169410
41, 35, 15.980256
41, 36, 26.439157
41, 37, -1.430636
41, 38, 11.444385
41, 39, -5.077243
41, 40, -30.548153
41, 41, -46.373175
41, 42, 13.587394
41, 43, -12.640080
41, 44, 12.758670
41, 45, 22.241435
41, 46, -43.000000
41, 47, -33.213544
41, 48, 0.399467
41, 49, 26.373940
41, 50, 28.194244
42, 2, -15.715244
42, 5, 26.392215
42, 6, -13.411912
42, 7, 0.366645
42, 8, -5.209876
42, 9, 13.568901
42, 11, 20.858052
42, 12, -3.882782
42, 13, 22.588655
42, 14, -25.789308
42, 15, -1.839656
42, 16, 9.940719
42, 17, -21.291203
42, 18, 52.962480
42, 19, -5.004238
42, 21, 99999.000000
42, 22, -21.757873
42, 23, 9.382192
42, 24, 7.000000
42, 25, -21.391939
42, 26, 50.872994
42, 27, -1.822395
42, 28, -9.067471
42, 29, -15.072563
42, 30, 31.225314
42, 31, -66.099854
42, 32, -3.016300
42, 33, -3.003611
42, 35, 16.461422
42, 37, -0.235388
42, 38, 12.226182
42, 39, 15.059945
42, 40, -30.266958
42, 41, -46.207197
42, 42, 16.335334
42, 44, 12.703847
42, 45, 23.247513
42, 47, -33.266574
42, 48, 0.558625
42, 49, 25.764519
43, 1, 8.507329
43, 2, -15.451915
43, 3, 42.475719
43, 4, 15.617074
43, 5, 26.334204
43, 6, -13.901865
43, 7, 5.965711
43, 8, -6.680643
43, 9, 13.690437
43, 10, 12.697774
43, 11, 59.000000
43, 12, -3.232893
43, 13, 24.750879
43, 14, -18.847679
43, 15, 18.699319
43, 16, 10.145153
43, 17, -21.643273
43, 18, 53.734597
43, 20, 85.951439
43, 21, 12.051239
43, 22, -19.623173
43, 23, 9.155965
43, 25, -20.108733
43, 26, 99999.000000
43, 27, 1.722178
43, 28, -9.353241
43, 30, 29.849459
43, 31, -65.962970
43, 32, -3.003384
43, 33, -45.453699
43, 34, -54.149418
43, 35, 16.994701
43, 36, -38.082129
43, 37, 1.174643
43, 38, 13.229128
43, 39, -3.677493
43, 40, -30.174682
43, 42, 19.462089
43, 43, -12.771882
43, 44, 12.563064
43, 45, 24.039940
43, 46, -59.000000
43, 48, 0.733719
43, 49, 25.064156
43, 50, -81.000000
44, 1, 7.984430
44, 2, -15.413700
44, 3, 42.524281
44, 4, 15.807432
44, 6, -14.915258
44, 7, 0.200631
44, 8, -7.847419
44, 9, 13.822961
44, 10, 13.128625
44, 12, -2.553340
44, 13, 26.797282
44, 14, -25.252842
44, 15, -3.513942
44, 17, -22.187443
44, 18, 52.820607
44, 19, -88.000000
44, 20, 86.048561
44, 21, 0.492859
44, 22, -17.632256
44, 23, 9.170655
44, 24, 0.179302
44, 25, -20.306542
44, 26, 59.238696
44, 27, 5.720345
44, 28, -9.541619
44, 29, 3.677434
44, 30, 28.594003
44, 31, -65.866689
44, 32, -3.172135
44, 33, -1.251905
44, 34, -53.850582
44, 35, 17.496439
44, 36, -37.721841
44, 37, 2.728286
44, 38, 14.357558
44, 40, -30.285655
44, 41, 11.853258
44, 42, 22.823383
44, 43, -12.250462
44, 44, 12.327197
44, 45, 24.492992
44, 47, -6.509567
44, 49, 24.412911
44, 50, 99999.000000
45, 1, 7.119147
45, 2, -15.514625
45, 4, 16.403116
45, 5, 30.311359
45, 6, -16.353035
45, 7, 4.736357
45, 8, -8.684705
45, 9, 13.973275
45, 10, 13.925379
45, 11, -12.431314
45, 12, -1.993109
45, 13, 28.635768
45, 14, -16.787194
45, 15, 17.407041
45, 16, -41.074709
45, 17, -22.883848
45, 18, 53.730610
45, 21, 9.790450
45, 22, -15.824996
45, 23, 9.360249
45, 24, -0.179302
45, 25, -18.885983
45, 26, 53.397275
45, 27, 9.898314
45, 28, -9.638401
45, 29, 3.322566
45, 30, 27.638702
45, 31, -65.841854
45, 32, -3.541045
45, 33, -44.988989
45, 35, 17.925456
45, 36, -37.309294
45, 37, 4.358932
45, 38, 15.527153
45, 40, -30.562823
45, 41, 11.857588
45, 42, 26.252540
45, 43, -11.132902
45, 44, 12.033870
45, 46, -31.080458
45, 47, -5.909144
45, 48, 59.089651
45, 49, 23.943136
45, 50, 4.686221
46, 1, 6.059132
46, 2, -15.667458
46, 4, 17.315874
46, 5, 30.688641
46, 6, -18.039719
46, 7, 0.937874
46, 8, -9.193943
46, 9, 14.137159
46, 10, 14.947542
46, 11, -11.872893
46, 13, 30.225905
46, 14, -25.088837
46, 15, 99999.000000
46, 16, -40.925291
46, 17, -23.660146
46, 18, 99999.000000
46, 19, 5.206766
46, 20, 65.276176
46, 21, -1.220555
46, 22, -14.253277
46, 23, 9.658353
46, 25, -17.502430
46, 26, 59.513627
46, 27, 13.949262
46, 28, -9.638865
46, 30, 27.118667
46, 31, -65.898750
46, 32, -4.085554
46, 33, 0.649740
46, 34, -52.920990
46, 35, 18.201777
46, 36, -36.928337
46, 37, 5.980143
46, 38, 16.626471
46, 40, -30.953812
46, 41, 12.114636
46, 42, 29.536950
46, 43, -9.597109
46, 44, 11.704616
46, 45, -73.000000
46, 46, -31.123987
46, 47, -5.212576
46, 48, 58.910349
46, 50, 89.000000
47, 1, 4.953374
47, 2, -15.810306
47, 3, 10.210674
47, 4, 18.406367
47, 6, -19.811270
47, 7, 4.689841
47, 8, -9.388667
47, 9, 14.325654
47, 10, 16.056645
47, 11, -11.237221
47, 12, 52.000000
47, 13, 31.521284
47, 14, -15.765121
47, 15, 24.767086
47, 17, -24.422964
47, 18, -54.000000
47, 19, 5.793234
47, 20, 65.376312
47, 21, 6.375067
47, 22, -12.942158
47, 23, 9.950703
47, 24, -33.000000
47, 25, -16.224774
47, 27, 17.584306
47, 28, -9.571944
47, 29, 99999.000000
47, 31, -66.032154
47, 32, -4.758969
47, 33, 99999.000000
47, 34, -52.909328
47, 37, 7.514172
47, 38, 17.562803
47, 39, -5.147925
47, 40, -31.377221
47, 41, 12.594764
47, 42, 32.467015
47, 43, -7.866914
47, 44, 11.393308
47, 46, -31.184999
47, 47, -4.568443
47, 49, 23.691637
48, 1, 3.992429
48, 3, 9.936571
48, 4, 19.486550
48, 5, -28.860506
48, 6, -21.449522
48, 7, 2.195798
48, 8, -9.320422
48, 9, 14.519743
48, 10, 17.087414
48, 11, -10.636771
48, 12, 75.085916
48, 13, 32.510569
48, 14, 99999.000000
48, 15, -47.000000
48, 16, -52.187355
48, 17, -25.078148
48, 20, 65.527541
48, 21, -3.336924
48, 22, -11.939284
48, 23, 10.172364
48, 25, -14.269478
48, 26, -92.000000
48, 27, 20.514734
48, 30, -62.901571
48, 32, -5.472105
48, 33, 18.373482
48, 34, -53.040018
48, 35, -14.725995
48, 36, -10.488873
48, 37, 8.859833
48, 38, 18.253932
48, 39, -5.888199
48, 41, 13.217437
48, 42, 34.839220
48, 43, -6.219882
48, 44, 11.137076
48, 45, 38.544470
48, 46, -31.257708
48, 47, -4.092197
48, 48, -34.533003
48, 49, 23.581341
48, 50, 35.739611
49, 1, 3.304986
49, 2, 99999.000000
49, 3, 9.620313
49, 4, 20.384739
49, 5, -28.515718
49, 6, -22.767111
49, 7, 5.452125
49, 8, -9.060407
49, 9, 14.690857
49, 10, 17.902319
49, 11, -10.193825
49, 12, 99999.000000
49, 13, 33.177671
49, 14, -49.108328
49, 16, -52.038681
49, 17, -25.542955
49, 18, -36.220392
49, 19, -31.427158
49, 21, 4.039844
49, 22, -11.259895
49, 24, -76.000000
49, 25, -13.642912
49, 27, 22.511818
49, 28, -18.261482
49, 29, 23.880465
49, 30, -62.720390
49, 31, 44.326301
49, 32, -6.138299
49, 33, -1.254011
49, 34, -53.284819
49, 35, -14.274005
49, 36, -11.061245
49, 37, 9.928920
49, 38, 18.635246
49, 39, -6.659095
49, 40, 22.471984
49, 41, 13.881629
49, 42, 36.476673
49, 43, -4.889871
49, 45, 38.158746
49, 48, -34.853349
49, 49, 23.449795
49, 50, 36.038681
50, 1, 3.007211
50, 2, 40.000000
50, 3, 9.327973
50, 4, 20.950928
50, 5, -28.255658
50, 6, -23.583290
50, 8, -8.700921
50, 10, 18.360601
50, 12, 83.000000
50, 13, 33.504333
50, 14, -20.000000
50, 15, 61.000000
50, 16, -51.935990
50, 17, -25.757999
50, 18, -35.779608
50, 19, -31.572842
50, 20, 4.000000
50, 22, -10.934705
50, 23, 75.000000
50, 25, -12.231779
50, 26, 68.000000
50, 27, 23.396682
50, 28, -17.738518
50, 29, 24.119535
50, 30, -62.603075
50, 31, 44.673699
50, 32, -6.635354
50, 33, 18.962620
50, 34, -53.600523
50, 36, -11.706424
50, 37, 10.610368
50, 39, -7.309399
50, 40, 22.528016
50, 41, 14.453884
50, 42, 37.235199
50, 43, -4.104586
50, 44, -53.000000
50, 45, 37.829650
50, 46, -72.000000
50, 47, -8.000000
50, 48, -35.263533
50, 49, 23.318829
50, 50, 36.383734
