1, 1, 33.000000
1, 3, -20.785522
1, 4, 8.488542
1, 6, 10.261654
1, 7, 6.086357
1, 8, 34.321927
1, 9, -39.237470
1, 10, -19.000000
1, 11, -0.303852
1, 12, 99999.000000
1, 13, -86.000000
1, 14, -58.172677
1, 15, -38.000000
1, 16, 28.450413
1, 18, -85.000000
1, 19, -47.978083
1, 20, -32.396498
1, 21, -3.684635
1, 22, -14.784288
1, 23, 16.464571
1, 24, 30.430358
1, 25, -35.977665
1, 26, 99999.000000
1, 27, 62.000000
1, 28, 3.246601
1, 29, -41.000000
1, 30, -35.591592
1, 32, -4.751904
1, 33, -34.668928
1, 34, -14.148377
1, 35, -14.138992
1, 37, -82.000000
1, 38, -87.000000
1, 39, 82.000000
1, 40, 3.212986
1, 41, 14.411247
1, 42, -29.060243
1, 43, -38.898896
1, 45, 2.579156
1, 46, -81.000000
1, 47, -13.621801
1, 49, 45.000000
1, 50, 11.465163
2, 2, 10.738862
2, 3, -20.883644
2, 4, 7.116138
2, 5, -40.156155
2, 6, 9.186541
2, 7, 6.250274
2, 8, 34.678073
2, 9, -28.766940
2, 11, -0.702504
2, 14, -57.827323
2, 16, 0.053962
2, 17, -43.028969
2, 18, -91.064754
2, 19, -47.071508
2, 20, -31.267752
2, 21, -6.554973
2, 22, -6.987879
2, 23, 14.324476
2, 24, 29.829503
2, 25, -34.424371
2, 26, -29.624532
2, 28, 3.747871
2, 30, -28.870743
2, 31, 23.370346
2, 32, -5.117944
2, 33, -34.166917
2, 34, -13.650356
2, 35, -12.836302
2, 36, -70.559358
2, 40, 1.821594
2, 41, 14.276153
2, 42, -28.678750
2, 43, -42.992363
2, 44, -11.101180
2, 45, 3.499598
2, 47, -12.212058
2, 48, -7.323796
2, 50, 11.919972
3, 1, -10.534485
3, 2, 53.545384
3, 3, -20.980287
3, 4, 5.074883
3, 5, -41.170418
3, 6, 7.798893
3, 7, 6.266584
3, 9, -38.691841
3, 11, -2.140798
3, 12, 30.722984
3, 13, 99999.000000
3, 15, -25.794946
3, 16, 30.140043
3, 17, 6.321373
3, 18, 99999.000000
3, 19, -45.902287
3, 20, -30.186115
3, 21, -9.841166
3, 22, -18.163548
3, 23, 11.204079
3, 24, 29.727930
3, 25, -32.292092
3, 26, -11.340540
3, 27, -7.495068
3, 28, 4.125208
3, 29, 59.553541
3, 30, -34.983325
3, 31, 23.038080
3, 32, -5.074264
3, 33, -32.310509
3, 34, -12.656223
3, 35, -10.972477
3, 36, -70.440642
3, 37, -79.000000
3, 38, 42.012635
3, 39, 5.331429
3, 40, 0.144917
3, 41, 14.028264
3, 42, -28.564618
3, 43, -37.802799
3, 44, -12.683504
3, 45, 4.370169
3, 47, -9.704484
3, 48, -7.830313
3, 49, -51.260018
3, 50, 12.245079
4, 1, -9.743401
4, 2, 7.203894
4, 3, -21.004740
4, 4, 2.788876
4, 5, -42.370275
4, 6, 6.398318
4, 8, -36.649377
4, 9, -28.404580
4, 10, -95.000000
4, 11, -4.494823
4, 12, 30.271348
4, 14, 11.251290
4, 15, -26.205054
4, 16, 99999.000000
4, 17, -44.222974
4, 18, 97.000000
4, 19, -44.735108
4, 20, -29.459703
4, 21, -14.493102
4, 22, -9.484172
4, 23, 7.433737
4, 24, 30.198028
4, 25, -29.907673
4, 26, -29.700567
4, 27, -6.055862
4, 29, 59.919414
4, 30, -27.768192
4, 31, 23.146036
4, 32, -4.631648
4, 33, -29.120863
4, 34, -11.195873
4, 35, -8.857940
4, 38, 40.987365
4, 39, 3.587584
4, 40, -1.500587
4, 43, -43.152082
4, 44, -15.424252
4, 45, 5.053510
4, 46, 99999.000000
4, 47, -6.355842
4, 48, -8.269989
4, 49, -51.319541
4, 50, 12.366299
5, 1, -8.281650
5, 2, 53.757914
5, 3, -20.910193
5, 4, 0.699647
5, 5, -43.571366
5, 6, 5.315395
5, 7, 8.461588
5, 8, -34.731637
5, 9, -39.702621
5, 11, -7.567832
5, 12, 29.754263
5, 13, 13.723957
5, 14, 11.702647
5, 16, -34.417759
5, 17, 8.853889
5, 18, 99999.000000
5, 19, -43.607392
5, 21, -18.280109
5, 22, 99999.000000
5, 23, 3.490803
5, 24, 31.112193
5, 25, -27.731274
5, 26, -15.152255
5, 27, -3.753353
5, 28, -64.000000
5, 29, 60.499733
5, 30, 99999.000000
5, 31, 23.713497
5, 32, -3.907021
5, 33, -24.643916
5, 34, -9.278145
5, 35, -6.685510
5, 36, 3.417873
5, 39, 1.261336
5, 40, -2.890729
5, 41, 18.787443
5, 43, -37.260046
5, 44, -18.873860
5, 45, 5.365764
5, 46, -92.000000
5, 47, -2.539630
5, 49, -51.683863
5, 50, 12.320169
6, 1, -6.361620
6, 2, 2.846943
6, 3, -20.670523
6, 5, -44.504488
6, 6, 4.741385
6, 7, 6.700918
6, 8, -31.469034
6, 9, 99999.000000
6, 10, 1.859651
6, 11, -11.078635
6, 13, 13.248979
6, 14, 11.598623
6, 15, 99999.000000
6, 16, -4.942008
6, 17, 99999.000000
6, 18, 27.098973
6, 19, -42.596838
6, 20, -26.055555
6, 21, -23.692180
6, 22, 37.733788
6, 23, -0.290269
6, 24, 32.304922
6, 25, -25.999248
6, 26, -28.649111
6, 27, -0.810771
6, 28, 99999.000000
6, 30, -23.000000
6, 31, 24.686043
6, 32, -3.021686
6, 33, -19.076612
6, 34, -6.997182
6, 35, -4.626753
6, 36, 2.393652
6, 38, -21.574105
6, 39, -1.229808
6, 40, -3.902448
6, 41, 17.018871
6, 42, -63.551092
6, 43, -44.092632
6, 44, -22.720706
6, 47, 1.551664
6, 49, -52.243485
7, 1, -4.312179
7, 2, 99999.000000
7, 3, -20.361290
7, 4, -20.814688
7, 6, 4.760735
7, 7, 4.699345
7, 8, -27.017286
7, 9, 11.652235
7, 10, 0.679211
7, 11, -14.594168
7, 12, 27.684677
7, 13, 12.850827
7, 14, 10.768257
7, 15, 43.000000
7, 16, -29.512952
7, 17, -66.000000
7, 18, -29.000000
7, 19, -41.837107
7, 20, -24.296717
7, 21, -26.606143
7, 22, 15.214107
7, 23, -3.660931
7, 25, -24.932241
7, 26, -17.923622
7, 27, 2.619033
7, 28, -52.000000
7, 29, -30.680083
7, 31, 25.892153
7, 32, -2.189691
7, 33, -12.764129
7, 34, -4.434218
7, 35, -2.785064
7, 36, 0.416078
7, 38, -20.860604
7, 39, -3.535128
7, 40, -4.293147
7, 41, 13.964610
7, 42, -63.166738
7, 43, -37.044563
7, 44, -26.371861
7, 46, -18.632137
7, 47, 5.705960
7, 50, 22.456996
8, 1, -2.573627
8, 4, -22.185312
8, 5, 1.612925
8, 6, 5.311033
8, 8, -21.667539
8, 9, -17.734871
8, 10, -0.769928
8, 11, -17.657586
8, 12, 27.433281
8, 13, 12.701113
8, 14, 9.061662
8, 16, -4.717178
8, 19, -41.294344
8, 20, -21.982936
8, 21, -32.354151
8, 22, 34.062089
8, 23, -6.320726
8, 24, -2.000000
8, 25, -24.684983
8, 26, -25.571773
8, 27, 6.246032
8, 29, -31.205531
8, 30, -29.324350
8, 32, -1.626450
8, 33, -6.093995
8, 34, -1.770831
8, 35, -1.247617
8, 36, -2.215132
8, 37, -46.001568
8, 38, -19.507195
8, 39, -5.326462
8, 41, 9.990919
8, 42, -63.168109
8, 43, 99999.000000
8, 44, -29.410077
8, 45, -9.698523
8, 46, -17.629764
8, 47, 9.684210
8, 48, -12.335516
8, 49, 14.000000
8, 50, 21.796149
9, 3, -23.628495
9, 5, 2.744984
9, 6, 6.205414
9, 8, -15.743346
9, 9, 10.204807
9, 10, -2.196191
9, 11, -19.848426
9, 12, 27.549507
9, 13, 12.789614
9, 14, 6.385305
9, 15, 23.000000
9, 16, -22.046794
9, 17, 60.000000
9, 18, -12.000000
9, 19, -41.044693
9, 20, -19.466245
9, 21, -33.380348
9, 22, 15.123007
9, 23, -8.197713
9, 25, -25.150823
9, 26, -17.679906
9, 27, 9.918649
9, 29, -32.038346
9, 30, -28.218250
9, 31, -68.000000
9, 32, -1.452970
9, 33, 0.430693
9, 34, 0.812083
9, 35, 0.066515
9, 36, -5.007222
9, 37, -45.086122
9, 38, -17.534943
9, 39, -6.403442
9, 40, 4.228555
9, 41, 5.576030
9, 43, -2.023427
9, 44, -31.345618
9, 45, -7.571382
9, 46, -17.036471
9, 47, 13.349018
9, 48, -13.534613
9, 50, 21.202895
10, 1, 6.623888
10, 2, -43.980615
10, 3, -23.915646
10, 4, -8.629433
10, 5, 3.984057
10, 6, 7.120953
10, 7, -17.036934
10, 8, -9.703362
10, 9, -12.940383
10, 10, -3.465065
10, 13, 13.073307
10, 14, 2.788032
10, 16, -3.129830
10, 18, 99999.000000
10, 19, -40.980836
10, 20, -16.881912
10, 21, -39.545944
10, 22, 27.772957
10, 23, -9.234416
10, 24, -25.214224
10, 25, -26.114446
10, 26, -20.135851
10, 27, 13.615576
10, 29, -33.045092
10, 30, -27.304207
10, 32, -1.809651
10, 33, 6.213961
10, 34, 2.978173
10, 35, 1.168740
10, 36, -7.521416
10, 37, -44.335487
10, 38, -14.989068
10, 40, 7.164190
10, 41, 1.150081
10, 42, -54.164256
10, 43, 47.000000
10, 45, -5.332370
10, 46, -16.960087
10, 47, 16.604900
10, 48, -15.661579
10, 49, -2.593903
10, 50, 20.861018
11, 1, 8.025803
11, 2, -44.298466
11, 3, -24.456184
11, 4, -6.662693
11, 5, 5.074756
11, 6, 7.676484
11, 7, -16.776769
11, 8, -3.862840
11, 9, 10.717689
11, 10, -4.328029
11, 11, -30.842037
11, 12, -16.000000
11, 13, 13.460534
11, 14, -1.709588
11, 15, 0.000000
11, 16, -14.799311
11, 17, -3.833581
11, 20, -14.339289
11, 21, -37.941761
11, 22, 13.426482
11, 23, -9.485984
11, 24, -24.192741
11, 25, -27.228829
11, 26, -13.775619
11, 27, 17.216884
11, 28, 9.526981
11, 30, -26.735807
11, 32, -2.722307
11, 33, 10.809309
11, 34, 4.574431
11, 35, 2.017988
11, 36, -9.286127
11, 37, -43.762957
11, 38, -11.997890
11, 39, 6.013018
11, 40, 11.640502
11, 41, -2.936078
11, 42, -54.672090
11, 44, 2.312979
11, 45, -3.442388
11, 46, -17.286924
11, 47, 19.232773
11, 48, -18.339088
11, 49, -0.834253
11, 50, 20.770478
12, 1, 9.954733
12, 2, -44.829665
12, 3, -25.151788
12, 4, -3.740849
12, 6, 7.548259
12, 7, -16.653372
12, 8, 1.338618
12, 9, -5.583977
12, 10, -4.641078
12, 11, -30.072424
12, 13, 13.851543
12, 14, -6.946635
12, 15, 11.118715
12, 16, -0.998246
12, 17, -2.986087
12, 18, 7.218929
12, 19, -6.666363
12, 20, -11.805265
12, 21, -44.674173
12, 22, 19.956011
12, 23, -8.963376
12, 24, -23.172589
12, 25, -28.246264
12, 26, -12.517726
12, 27, 20.521261
12, 28, 9.473019
12, 29, 80.000000
12, 31, 18.926296
12, 32, -4.231290
12, 33, 13.666753
12, 37, -43.427658
12, 38, -8.743218
12, 39, 4.914439
12, 40, 17.035437
12, 41, -6.532931
12, 42, -55.223091
12, 43, -10.208494
12, 44, 0.910608
12, 45, -2.204477
12, 46, -17.900980
12, 47, 20.985904
12, 48, -21.106565
12, 49, 0.891819
13, 1, 12.304541
13, 2, -45.455263
13, 3, -25.930799
13, 4, -0.084563
13, 5, 42.653020
13, 6, 6.534919
13, 7, -16.717322
13, 8, 5.405984
13, 9, 12.336838
13, 11, -29.111059
13, 12, 99999.000000
13, 14, -12.588134
13, 15, 99999.000000
13, 16, -10.706163
13, 17, -1.876732
13, 18, 6.910235
13, 19, -5.363288
13, 20, -9.252547
13, 21, -39.930969
13, 22, 9.584757
13, 23, -7.863894
13, 24, -22.386005
13, 25, -28.824959
13, 26, -6.987490
13, 27, 23.398881
13, 30, -41.883565
13, 31, 18.073704
13, 32, -6.263606
13, 34, -3.884969
13, 35, -1.336184
13, 36, -44.064754
13, 37, -43.292220
13, 38, -5.372651
13, 39, 3.870417
13, 40, 22.586767
13, 41, -9.439320
13, 43, -11.787886
13, 44, -0.891148
13, 46, -18.653832
13, 48, -23.628901
13, 49, 2.271694
13, 50, 16.500077
14, 1, 14.962526
14, 2, -46.020178
14, 3, -26.681219
14, 4, 3.915251
14, 5, 41.258758
14, 6, 4.579542
14, 7, -16.814929
14, 8, 7.871998
14, 9, 0.169674
14, 10, 19.023894
14, 11, -28.115877
14, 12, 10.128624
14, 13, -20.610737
14, 14, -18.308719
14, 16, 99999.000000
14, 17, -0.758508
14, 18, 6.806968
14, 19, -3.945776
14, 20, -6.655624
14, 21, -47.266362
14, 22, 11.201021
14, 23, -6.424054
14, 24, -21.942052
14, 25, -28.730655
14, 26, -3.809928
14, 27, 25.821425
14, 28, -48.411934
14, 30, -53.478131
14, 32, -8.612202
14, 33, -39.366128
14, 34, -2.115031
14, 35, 0.684063
14, 36, -43.935246
14, 37, -43.414955
14, 38, -2.134927
14, 39, 3.043742
14, 40, 27.572329
14, 41, -11.681334
14, 42, 99999.000000
14, 43, -13.937246
14, 44, -2.748497
14, 46, -19.234294
14, 47, -19.540731
14, 48, -25.443014
14, 50, 14.541103
15, 1, 17.929339
15, 2, -46.444059
15, 3, -27.203927
15, 4, 8.078045
15, 5, 38.790596
15, 6, 1.746618
15, 7, -16.865492
15, 9, 13.567161
15, 10, 18.525232
15, 11, -27.251071
15, 12, -15.539552
15, 13, -19.712289
15, 14, -23.868947
15, 15, 99999.000000
15, 16, -5.049281
15, 18, 6.926930
15, 19, -2.759265
15, 20, -3.996203
15, 21, 99999.000000
15, 22, 3.517013
15, 23, -4.930158
15, 24, -21.847824
15, 25, -27.846059
15, 26, 0.880588
15, 27, 27.690285
15, 28, -47.893587
15, 29, 42.691532
15, 30, -41.154793
15, 31, -84.000000
15, 32, -11.042132
15, 33, -40.021927
15, 35, 4.033196
15, 37, -43.668818
15, 38, 0.717146
15, 39, 2.527462
15, 40, 31.354306
15, 41, -13.132156
15, 42, 40.000000
15, 43, -16.275077
15, 45, -2.481148
15, 46, -19.361309
15, 47, -19.466734
15, 49, 7.765872
15, 50, 11.442365
16, 1, 21.004267
16, 2, -46.585537
16, 3, -27.436065
16, 4, 12.225221
16, 5, 35.257858
16, 6, -1.732608
16, 7, -16.734039
16, 8, -26.748620
16, 10, 17.833965
16, 11, -26.582597
16, 12, 9.095885
16, 13, -19.137566
16, 14, -28.807662
16, 15, -40.961881
16, 16, -12.954450
16, 17, 53.958673
16, 20, -1.223185
16, 21, 18.686899
16, 22, 2.099506
16, 23, -3.671880
16, 24, -22.048827
16, 25, -26.167135
16, 26, 4.243205
16, 27, 28.996196
16, 28, -47.880368
16, 29, 41.463384
16, 30, -53.964667
16, 32, -13.384137
16, 33, -40.577555
16, 34, 2.000000
16, 35, 8.127002
16, 36, 66.000000
16, 38, 3.064940
16, 40, 33.504386
16, 41, -13.825974
16, 43, -18.325889
16, 44, 23.217163
16, 45, -2.775532
16, 46, -18.858567
16, 47, -19.671302
16, 48, -4.110223
16, 49, 6.695646
16, 50, 7.541247
17, 1, 24.100130
17, 2, -46.414032
17, 4, 16.148915
17, 5, 30.714250
17, 6, -5.660477
17, 7, -16.358796
17, 8, -27.435751
17, 9, -28.137380
17, 10, 16.954970
17, 11, -26.142043
17, 12, -14.234874
17, 13, -18.924712
17, 14, -32.793468
17, 15, -6.043512
17, 16, -6.611952
17, 17, 53.041327
17, 18, 20.398842
17, 19, 86.000000
17, 20, 1.733797
17, 21, 10.519586
17, 22, -3.555522
17, 23, -2.898829
17, 25, -23.905996
17, 26, 7.700128
17, 27, 29.752048
17, 28, -48.396060
17, 29, 40.329939
17, 30, -40.480384
17, 31, 99999.000000
17, 32, -15.418714
17, 33, -40.936303
17, 35, 12.244243
17, 38, 4.627846
17, 39, 20.612585
17, 42, -15.257383
17, 43, -19.683534
17, 44, 22.906094
17, 45, -2.680218
17, 46, -17.631513
17, 47, -20.143155
17, 48, -2.829746
17, 49, 5.194141
17, 50, 3.219538
18, 1, 26.987751
18, 2, -45.962091
18, 3, -73.000000
18, 4, 19.783094
18, 5, 25.213865
18, 6, -9.894407
18, 7, -15.811043
18, 8, -28.682383
18, 9, -26.702773
18, 10, 16.046869
18, 12, 8.045241
18, 13, -19.163026
18, 14, -35.503503
18, 15, -39.401684
18, 16, -13.709991
18, 18, 18.541549
18, 20, 4.848084
18, 21, 15.750368
18, 22, -5.488187
18, 24, -33.352462
18, 25, -21.159381
18, 26, 10.103721
18, 27, 30.060070
18, 29, 39.422816
18, 30, 99999.000000
18, 32, -16.789078
18, 34, 23.000000
18, 35, 15.678580
18, 36, 21.580942
18, 37, 73.000000
18, 38, 5.337676
18, 39, 19.360623
18, 40, -1.132630
18, 41, 47.301494
18, 42, -14.423368
18, 44, 22.361084
18, 45, -2.211900
18, 46, -15.709065
18, 47, -20.691594
18, 48, -1.319273
18, 49, 3.391808
18, 50, -1.156984
19, 1, 29.333123
19, 2, -45.315704
19, 4, 23.136165
19, 5, 18.948330
19, 6, -14.275774
19, 7, -15.152752
19, 8, -30.288816
19, 9, -25.298802
19, 10, 15.215721
19, 11, -6.118462
19, 13, -19.796425
19, 14, -36.745096
19, 15, -9.979465
19, 16, -10.963234
19, 17, -41.317965
19, 18, 16.427266
19, 19, 0.922603
19, 20, 7.940640
19, 21, 8.731667
19, 22, -8.765539
19, 23, -7.297369
19, 24, -34.647538
19, 25, -18.150146
19, 26, 11.864578
19, 27, 30.043861
19, 28, -5.307756
19, 29, 38.909621
19, 30, -57.278758
19, 31, -90.000000
19, 33, 22.064051
19, 35, 17.864660
19, 36, 21.419058
19, 38, 5.185235
19, 39, 17.081511
19, 40, -0.511023
19, 41, 46.533831
19, 42, -13.899333
19, 45, -1.428829
19, 46, -13.075597
19, 48, 0.160491
19, 49, 1.513660
19, 50, -5.261426
20, 1, 30.868554
20, 3, 62.000000
20, 4, 26.251270
20, 5, 12.161026
20, 6, -18.654135
20, 8, -31.998437
20, 10, 14.694269
20, 11, -6.893130
20, 15, -37.603866
20, 16, -17.259518
20, 17, -39.350352
20, 18, 14.344982
20, 19, 2.902820
20, 20, 10.883662
20, 21, 12.626309
20, 23, -7.108820
20, 25, -15.179795
20, 27, 29.826320
20, 28, -7.073802
20, 29, 38.906948
20, 30, -78.000000
20, 33, 21.809897
20, 34, 6.566907
20, 37, -37.084496
20, 39, 14.437494
20, 40, 0.380890
20, 41, 46.110565
20, 42, -13.752835
20, 43, 63.000000
20, 44, 4.838040
20, 46, -9.865334
20, 47, 31.940979
20, 49, -0.341279
20, 50, -8.744610
21, 2, 66.000000
21, 4, 29.192202
21, 5, 5.271453
21, 6, -22.754068
21, 7, -25.498313
21, 8, -33.526562
21, 11, -7.593150
21, 12, -35.716584
21, 13, -58.442485
21, 14, 18.535002
21, 15, -13.122203
21, 16, -17.371948
21, 17, -35.586702
21, 18, 12.554671
21, 19, 5.639253
21, 20, 13.577434
21, 21, 7.989269
21, 23, -6.938846
21, 25, -12.533387
21, 28, -9.680852
21, 31, -9.065054
21, 32, -13.000000
21, 33, 22.033698
21, 34, 17.757516
21, 35, 4.496185
21, 36, -30.279937
21, 37, -37.915504
21, 38, 12.697533
21, 39, 10.882380
21, 40, 1.342033
21, 41, 46.121251
21, 42, -14.010012
21, 43, 75.129508
21, 44, 2.953381
21, 45, 11.688873
21, 46, -6.313051
21, 47, 30.042186
21, 48, -41.202713
21, 49, -2.019909
21, 50, -11.292158
22, 1, -96.000000
22, 2, 99999.000000
22, 3, 34.570692
22, 4, 31.886184
22, 5, -1.337166
22, 6, -26.297941
22, 7, -24.393457
22, 10, -11.560172
22, 11, -8.075923
22, 12, -34.423753
22, 13, -57.557515
22, 14, 19.074875
22, 15, -36.516734
22, 16, -22.757911
22, 17, -30.370907
22, 18, 11.253833
22, 19, 8.572335
22, 20, 15.959677
22, 21, 11.070332
22, 22, 80.526981
22, 23, -6.857241
22, 24, -60.078504
22, 25, -10.509144
22, 26, 44.502946
22, 28, -12.704316
22, 31, -10.364966
22, 33, 22.754340
22, 34, 3.035551
22, 35, 5.836661
22, 36, -28.924273
22, 38, 12.462219
22, 39, 7.700612
22, 40, 2.314243
22, 42, -14.557013
22, 43, 99999.000000
22, 44, 0.675693
22, 45, 10.603785
22, 46, -2.645683
22, 47, 27.356945
22, 48, -40.376718
22, 49, -3.400009
22, 50, -12.625208
23, 3, 34.063427
23, 4, 34.304948
23, 5, -7.094741
23, 6, -29.095042
23, 7, -23.334296
23, 8, -0.157893
23, 9, -5.063140
23, 10, -10.210625
23, 11, -8.351496
23, 12, -32.560613
23, 14, 19.951392
23, 16, -24.213361
23, 17, -24.155848
23, 18, 10.687069
23, 19, 11.172404
23, 20, 18.023408
23, 21, 8.872485
23, 22, 80.473019
23, 23, -6.788970
23, 24, -59.708010
23, 25, -9.328199
23, 26, 44.009610
23, 28, -15.887583
23, 30, 19.508471
23, 31, -12.644291
23, 32, 91.000000
23, 33, 23.966279
23, 34, 15.020426
23, 35, 7.810204
23, 36, -26.643971
23, 37, 76.000000
23, 38, 12.419982
23, 39, 3.197596
23, 40, 3.227676
23, 41, 23.211193
23, 42, -15.242463
23, 43, 3.276399
23, 44, -1.630294
23, 45, 9.571502
23, 46, 0.776640
23, 47, 24.116719
23, 48, -39.896066
23, 49, -4.335158
24, 1, 16.406666
24, 2, -73.000000
24, 3, 33.897995
24, 4, 36.405857
24, 5, -11.415123
24, 6, -30.846517
24, 7, -22.609233
24, 8, 0.592350
24, 9, -6.741139
24, 10, -8.496248
24, 11, -8.390520
24, 12, -30.384793
24, 13, 33.000000
24, 14, 21.036486
24, 15, -1.704730
24, 16, -28.237451
24, 17, -17.458241
24, 19, 12.911034
24, 20, 19.787389
24, 21, 11.262355
24, 24, -59.581859
24, 26, 43.421583
24, 27, -32.371861
24, 28, -18.848425
24, 29, -53.280419
24, 30, 18.487095
24, 31, -15.661867
24, 33, 25.509988
24, 34, -0.763600
24, 35, 10.076873
24, 36, -23.532208
24, 37, 99999.000000
24, 38, 12.568656
24, 39, 0.013449
24, 40, 4.064761
24, 41, 24.773622
24, 42, -15.890860
24, 43, 27.000296
24, 44, -3.731666
24, 45, 8.832347
24, 46, 3.517064
24, 47, 20.593482
24, 49, -4.832561
24, 50, -62.000000
25, 1, 16.145622
25, 3, 34.194667
25, 4, 38.038462
25, 5, -13.816190
25, 7, -22.359588
25, 8, 1.186636
25, 9, -9.503711
25, 10, -6.776600
25, 11, -8.199548
25, 12, -28.219491
25, 15, -2.151405
25, 16, -29.079250
25, 17, -10.771941
25, 18, 14.000000
25, 20, 21.203554
25, 21, 10.705490
25, 22, -11.120144
25, 24, -59.667500
25, 25, 25.000000
25, 27, -30.890638
25, 28, -21.305416
25, 29, -53.565234
25, 30, 17.127911
25, 31, -19.114396
25, 33, 27.288647
25, 34, 99999.000000
25, 35, 12.473472
25, 36, -19.775374
25, 38, 12.863088
25, 39, -6.025505
25, 40, 4.721025
25, 41, 26.375398
25, 42, -16.302567
25, 43, 7.115684
25, 44, -5.482949
25, 46, 5.232681
25, 47, 17.122614
25, 48, -14.528940
26, 1, 15.938211
26, 2, -51.226638
26, 3, 34.958237
26, 4, 39.135966
26, 6, 11.027240
26, 8, 1.500703
26, 9, -13.154361
26, 10, -5.350889
26, 11, -7.773622
26, 12, -26.298422
26, 13, 54.633062
26, 14, -55.309602
26, 15, -2.630985
26, 17, -4.713384
26, 19, -31.133929
26, 20, 22.371069
26, 21, 12.450734
26, 22, -10.634434
26, 23, -6.507077
26, 24, -60.030176
26, 26, -23.554638
26, 27, -29.489788
26, 28, -23.078827
26, 29, -54.123841
26, 30, 15.578740
26, 31, -22.537544
26, 32, -44.000000
26, 33, 29.143116
26, 34, 33.681459
26, 35, 14.652213
26, 36, -15.593050
26, 39, -8.574497
26, 41, 27.738539
26, 42, -16.386425
26, 43, 27.348604
26, 44, -6.763982
26, 47, 13.930153
26, 48, -13.767210
26, 49, 38.000000
26, 50, -37.260157
27, 1, 15.842613
27, 2, -50.773362
27, 3, 36.019732
27, 4, 39.597049
27, 5, -14.862222
27, 6, 10.726475
27, 7, 19.597503
27, 9, -17.360955
27, 10, -4.349226
27, 12, -24.779865
27, 13, 55.366938
27, 14, -55.725702
27, 15, -3.141582
27, 16, -20.223823
27, 17, 0.105462
27, 18, -5.738740
27, 19, -29.372495
27, 20, 23.392719
27, 21, 12.681520
27, 22, -10.771033
27, 23, -5.092556
27, 24, -60.519184
27, 25, -56.000000
27, 26, -23.780730
27, 27, -28.523852
27, 28, -24.122853
27, 29, -54.818521
27, 30, 14.007422
27, 31, -25.582561
27, 32, -50.064754
27, 33, 30.988315
27, 34, 11.668509
27, 35, 16.431514
27, 36, -11.161627
27, 37, 9.158200
27, 38, -16.079023
27, 39, -16.490147
27, 40, -27.667420
27, 42, -16.087446
27, 43, 14.240617
27, 44, -7.544860
27, 45, -24.338589
27, 46, 7.852632
27, 47, 11.268608
27, 48, -13.261789
27, 50, -35.731746
28, 3, 37.148903
28, 5, -17.601554
28, 6, 10.197238
28, 7, 20.723847
28, 8, -21.814688
28, 9, -21.773131
28, 12, -23.883304
28, 14, -56.526136
28, 16, -19.111830
28, 17, 3.175843
28, 18, -6.858046
28, 19, -26.839579
28, 20, 24.443140
28, 21, 13.996717
28, 22, -11.519195
28, 23, -2.642154
28, 24, -61.075187
28, 26, -24.313137
28, 27, -28.198798
28, 28, -24.355106
28, 29, -55.592873
28, 30, 12.499925
28, 31, -27.982523
28, 32, 99999.000000
28, 33, 32.539090
28, 34, 32.554830
28, 35, 17.761340
28, 36, -6.755095
28, 37, 10.841800
28, 38, -16.736247
28, 39, -17.012161
28, 40, -26.507231
28, 41, -35.156541
28, 42, -15.318477
28, 43, 29.942498
28, 44, -7.962892
28, 45, -24.802566
28, 46, 6.796679
28, 47, 9.461764
28, 48, -13.146879
28, 49, -81.064754
28, 50, -33.611378
29, 1, 7.223248
29, 5, -11.042385
29, 6, 9.566328
29, 7, 21.962985
29, 8, -23.185312
29, 9, -26.108282
29, 10, 24.116949
29, 11, 55.041039
29, 13, 99999.000000
29, 15, 99999.000000
29, 16, -17.953040
29, 18, -8.216864
29, 19, -23.835178
29, 20, 25.712836
29, 21, 14.414782
29, 22, -12.828136
29, 23, 0.530832
29, 24, -61.555190
29, 25, 17.383154
29, 26, -25.079147
29, 27, -28.566125
29, 30, 11.224603
29, 31, -29.364285
29, 32, -2.174395
29, 34, 13.441734
29, 35, 18.583633
29, 36, -2.584461
29, 38, -18.045775
29, 39, -26.966425
29, 40, -25.709566
29, 41, -34.869511
29, 42, -14.090795
29, 43, 21.964838
29, 44, -8.072663
29, 45, -25.534909
29, 46, 6.005303
29, 48, -13.392962
29, 49, -80.935246
29, 50, -31.225713
30, 1, 5.100323
30, 2, -35.022050
30, 3, 18.093576
30, 4, 17.985267
30, 5, -15.003976
30, 6, 8.956294
30, 9, -29.985823
30, 10, 25.406625
30, 11, 53.594868
30, 12, 44.859029
30, 13, -15.841940
30, 14, 30.101895
30, 15, 12.613319
30, 16, -17.078733
30, 17, 2.742227
30, 19, -20.642525
30, 20, 27.279297
30, 22, -14.470005
30, 23, 4.058248
30, 25, 17.974037
30, 26, -26.021099
30, 28, -5.703044
30, 29, -10.316610
30, 30, 10.202377
30, 32, -8.215846
30, 33, -62.000000
30, 34, 32.359280
30, 35, 18.862013
30, 36, 1.108105
30, 37, 11.460921
30, 38, -19.769723
30, 39, -23.630384
30, 40, -25.470612
30, 41, -34.998842
30, 42, -12.553592
30, 43, 33.616417
30, 45, -26.344582
30, 47, 24.129508
30, 48, -14.087767
30, 50, -28.707948
31, 1, 2.194022
31, 2, -34.568707
31, 3, 16.863179
31, 4, 16.900773
31, 5, -7.477032
31, 6, 8.633770
31, 7, -44.752343
31, 8, 14.666266
31, 9, -33.056535
31, 10, 26.818606
31, 11, 50.559264
31, 12, 43.957051
31, 13, 12.719022
31, 14, 29.730412
31, 15, 2.000000
31, 16, -16.761194
31, 17, 4.524603
31, 18, 63.000000
31, 19, -17.567168
31, 20, 29.032948
31, 21, 3.777840
31, 22, -16.119925
31, 23, 7.630228
31, 24, -53.683133
31, 25, 19.023819
31, 26, -27.197436
31, 28, -5.831347
31, 29, -9.227811
31, 30, 9.410386
31, 31, -69.000000
31, 32, -1.701299
31, 34, 15.498678
31, 35, 18.636682
31, 36, 4.056800
31, 37, 9.516741
31, 38, -21.642085
31, 39, -35.240555
31, 42, -10.743028
31, 43, 27.210760
31, 44, -85.000000
31, 45, -27.148198
31, 46, -34.192419
31, 47, 23.870492
31, 48, -15.065153
31, 50, -26.198185
32, 1, -0.911405
32, 2, -33.438173
32, 3, 15.337771
32, 4, 16.264841
32, 5, -14.332953
32, 6, 8.642088
32, 7, -43.743067
32, 8, 14.165756
32, 9, -35.086391
32, 10, 28.059401
32, 11, 46.185902
32, 12, 42.288953
32, 13, -10.555923
32, 14, 29.699675
32, 16, -17.071424
32, 17, 7.052315
32, 19, -14.800144
32, 20, 30.840293
32, 21, 1.420180
32, 22, -17.487502
32, 23, 10.921255
32, 24, -54.082571
32, 25, 20.401577
32, 26, -28.430306
32, 28, -5.841237
32, 29, -8.254594
32, 30, 8.931391
32, 31, 99999.000000
32, 33, -49.000000
32, 35, 17.986234
32, 36, 6.039895
32, 37, 7.402153
32, 38, -23.374698
32, 39, -26.372893
32, 40, -10.372967
32, 42, -8.897597
32, 46, -34.807581
32, 48, -16.250006
32, 49, 9.682688
32, 50, -23.838418
33, 1, -3.767492
33, 2, -31.726284
33, 3, 13.678497
33, 4, 16.262028
33, 5, -6.063827
33, 6, 9.033102
33, 7, -42.657202
33, 8, 13.139284
33, 11, 40.871069
33, 12, 40.059472
33, 13, 15.062687
33, 14, 30.141492
33, 15, 55.000000
33, 16, -18.012087
33, 17, 9.888168
33, 18, -21.356146
33, 19, -12.442078
33, 20, 32.613791
33, 21, -1.438572
33, 22, -18.295077
33, 23, 13.530263
33, 24, -54.513372
33, 25, 21.875519
33, 26, -29.689501
33, 27, -19.047535
33, 28, -5.800254
33, 29, -7.637867
33, 31, -14.062912
33, 32, -6.397815
33, 34, 11.000000
33, 35, 17.089678
33, 37, 5.482630
33, 38, -24.692681
33, 39, -39.053659
33, 40, -9.303120
33, 42, -7.232102
33, 45, 17.650029
33, 47, -63.002466
33, 48, -17.509826
33, 49, 8.490039
33, 50, -21.758034
34, 1, -5.966964
34, 2, -29.458540
34, 3, 12.195443
34, 4, 16.898083
34, 5, 99999.000000
34, 6, 9.677203
34, 8, 11.662626
34, 9, -57.847877
34, 10, -19.029104
34, 11, 35.126598
34, 12, 37.384049
34, 13, -4.313035
34, 14, 31.001117
34, 16, -19.442313
34, 17, 12.610781
34, 18, -20.643854
34, 19, -10.590426
34, 20, 34.101161
34, 21, -4.403013
34, 23, 15.282516
34, 24, -54.873680
34, 26, -30.826047
34, 27, -18.141353
34, 28, -5.759252
34, 29, -7.470331
34, 30, 4.000000
34, 31, -55.000000
34, 32, -6.031233
34, 33, 21.850750
34, 35, 16.170985
34, 36, 8.374931
34, 37, 4.137178
34, 39, 99999.000000
34, 40, -8.346805
34, 41, 16.000000
34, 42, -6.033570
34, 43, -24.737663
34, 44, 40.869569
34, 45, 16.860348
34, 46, 85.000000
34, 47, -95.967623
34, 48, -18.614416
34, 49, 6.517516
34, 50, -20.006697
35, 1, -7.178319
35, 2, -26.767250
35, 3, 11.036459
35, 4, 18.112827
35, 5, 36.000000
35, 7, -25.855589
35, 8, 9.844174
35, 9, -57.596308
35, 10, -19.793579
35, 11, 29.602206
35, 12, 34.494148
35, 13, 17.943616
35, 14, 32.169805
35, 15, -90.000000
35, 17, 14.759274
35, 19, -9.176237
35, 21, -7.181491
35, 22, -36.844140
35, 23, 16.013796
35, 24, -55.102820
35, 25, -15.332719
35, 27, -16.910783
35, 28, -5.889228
35, 29, -7.769537
35, 32, -5.670422
35, 33, 21.149250
35, 34, -23.333678
35, 35, 15.337371
35, 36, 10.794791
35, 38, 12.860852
35, 39, -13.045549
35, 40, -7.625594
35, 41, 25.097131
35, 43, -25.037343
35, 44, 41.009476
35, 45, 16.319108
35, 47, -61.155137
35, 48, -19.324106
35, 49, 4.098077
35, 50, -18.690074
36, 1, -7.296033
36, 2, -23.867411
36, 3, 10.305208
36, 4, 19.723908
36, 6, -93.000000
36, 7, -42.514346
36, 8, 7.689733
36, 9, -57.555008
36, 10, -21.523597
36, 11, 24.846898
36, 12, 31.685474
36, 15, 99999.000000
36, 18, -9.325612
36, 19, -8.184073
36, 20, -24.202983
36, 21, -9.579206
36, 22, -35.744205
36, 23, 15.786735
36, 25, -15.667281
36, 26, -59.604570
36, 27, -15.587196
36, 28, -6.212086
36, 29, -8.579641
36, 30, -10.161885
36, 31, 14.570728
36, 32, -5.293001
36, 34, -23.567307
36, 35, 14.666820
36, 36, 14.424713
36, 37, 0.000000
36, 38, 11.304445
36, 39, 22.613743
36, 40, -7.183242
36, 41, 99999.000000
36, 42, 5.453996
36, 43, -25.548685
36, 44, 41.242830
36, 45, 16.098706
36, 46, -11.137304
36, 47, 99999.000000
36, 49, 1.499303
36, 50, -17.704523
37, 1, -6.412227
37, 2, -20.981332
37, 4, 21.444773
37, 5, -13.000000
37, 7, -23.152181
37, 8, 5.335371
37, 10, -23.863092
37, 11, 21.478681
37, 12, 29.242768
37, 13, 10.060946
37, 14, -26.630161
37, 15, 28.600752
37, 16, -43.000000
37, 17, -22.222781
37, 18, -7.674388
37, 19, -7.481061
37, 20, -25.207317
37, 21, -11.581721
37, 22, -33.988243
37, 23, 14.743987
37, 24, 44.773458
37, 26, -59.545683
37, 27, -14.514633
37, 28, -6.689598
37, 29, -9.865308
37, 30, -9.838115
37, 31, 15.436230
37, 32, -4.887855
37, 33, 5.233746
37, 34, -24.502088
37, 35, 14.280313
37, 36, 18.757738
37, 38, 9.879552
37, 39, -10.306741
37, 40, -6.933066
37, 41, 99999.000000
37, 42, 5.424800
37, 44, 41.538330
37, 45, 16.413500
37, 46, 48.129508
37, 47, -80.000000
37, 48, 8.266123
37, 49, -0.884216
37, 50, -17.113325
38, 1, -4.817191
38, 2, -18.321479
38, 4, 23.056991
38, 6, 4.003405
38, 7, 99999.000000
38, 8, 2.788047
38, 10, -26.476022
38, 12, 27.513199
38, 13, 11.758074
38, 14, -27.696476
38, 15, 3.699308
38, 17, -21.688432
38, 19, -6.847763
38, 20, -26.643173
38, 21, -13.060235
38, 22, -31.743674
38, 23, 13.094524
38, 24, 45.067463
38, 25, -30.945195
38, 26, -59.759164
38, 28, -7.228693
38, 29, -11.447359
38, 31, 16.350471
38, 32, -4.414212
38, 33, 6.766254
38, 34, -26.010564
38, 35, 14.135223
38, 36, 23.304574
38, 37, -5.405849
38, 38, 8.853505
38, 39, 18.443983
38, 40, -6.825465
38, 42, 5.718203
38, 43, 62.000000
38, 44, 41.812684
38, 45, 17.247081
38, 46, -13.750598
38, 48, 9.733877
38, 49, -2.688078
39, 1, -2.926381
39, 2, -16.159008
39, 3, 74.452857
39, 4, 24.369203
39, 5, 26.962371
39, 6, 3.580039
39, 7, 12.401512
39, 8, 0.196650
39, 9, 13.148285
39, 10, -28.943727
39, 12, 26.709735
39, 13, 14.277481
39, 14, -24.556547
39, 15, 25.615654
39, 16, 9.138777
39, 17, -20.980691
39, 18, 84.000000
39, 19, -6.192321
39, 20, -28.194103
39, 21, -14.062740
39, 22, -29.141808
39, 23, 11.140851
39, 24, 45.817406
39, 25, -25.235588
39, 26, -60.301900
39, 27, -14.167620
39, 28, -7.813254
39, 29, -13.259988
39, 30, 37.918163
39, 32, -3.878321
39, 34, -27.837653
39, 35, 14.265058
39, 36, 27.471346
39, 37, -4.995177
39, 38, 8.456304
39, 39, -7.303283
39, 41, -47.133447
39, 42, 6.507823
39, 44, 42.064987
39, 45, 18.692162
39, 46, 99999.000000
39, 49, -3.674302
40, 1, -1.255789
40, 2, -14.657131
40, 3, 74.072832
40, 4, 25.213612
40, 5, 26.492736
40, 6, 3.237439
40, 7, 1.636833
40, 8, -2.310576
40, 9, 13.361279
40, 10, -30.809734
40, 11, -87.000000
40, 13, 17.215943
40, 14, -26.305506
40, 15, 1.998102
40, 16, 8.788091
40, 17, -20.352871
40, 19, -5.476854
40, 20, -29.508677
40, 21, -14.622856
40, 22, -26.440972
40, 23, 9.326758
40, 24, 46.870960
40, 25, -30.246814
40, 27, -12.691662
40, 28, -8.426369
40, 29, -15.033460
40, 30, 36.350007
40, 31, -66.908762
40, 32, -3.262948
40, 33, -95.000000
40, 34, -29.705957
40, 35, 14.627849
40, 36, 30.767267
40, 37, -4.105821
40, 38, 8.718432
40, 39, 13.944816
40, 40, -30.504550
40, 41, -46.391085
40, 42, 8.024617
40, 43, -12.095288
40, 45, 20.591461
40, 46, -23.794946
40, 47, -32.357712
40, 48, -0.354212
40, 50, 27.438800
41, 1, -0.144428
41, 2, -13.801364
41, 3, 73.844590
41, 4, 25.548437
41, 5, 26.143988
41, 7, 8.537568
41, 8, -4.598706
41, 9, 13.583764
41, 11, 99999.000000
41, 12, -6.655075
41, 13, 20.278665
41, 14, -21.712262
41, 15, 21.013941
41, 16, 8.795820
41, 17, -19.923558
41, 18, 53.933399
41, 19, -4.709608
41, 20, -30.349697
41, 22, -23.731413
41, 23, 7.874021
41, 25, 99999.000000
41, 26, 85.000000
41, 27, -9.881192
41, 28, -9.045398
41, 29, -16.550021
41, 30, 34.164919
41, 31, -66.546951
41, 32, -2.650374
41, 34, -31.303212
41, 35, 15.263690
41, 36, 32.711612
41, 37, -2.831817
41, 38, 9.549900
41, 39, -4.180373
41, 40, -29.282884
41, 41, -45.753717
41, 42, 10.394384
41, 43, -12.904712
41, 44, 13.326070
41, 45, 22.661056
41, 46, -43.000000
41, 47, -32.136054
41, 48, -0.054133
41, 49, 28.306474
41, 50, 28.561200
42, 2, -13.644055
42, 5, 25.912476
42, 6, -9.606705
42, 7, -0.790770
42, 8, -6.646232
42, 9, 13.691835
42, 11, 20.589892
42, 12, -5.262831
42, 13, 23.250106
42, 14, -25.349296
42, 15, -1.867744
42, 16, 9.135924
42, 17, -19.781421
42, 18, 52.119928
42, 19, -4.018035
42, 21, 99999.000000
42, 22, -21.132969
42, 23, 7.098966
42, 24, 7.000000
42, 25, -25.127860
42, 26, 50.633062
42, 27, -5.961168
42, 28, -9.575702
42, 29, -17.587797
42, 30, 31.569456
42, 31, -66.076690
42, 32, -2.094422
42, 33, -6.486936
42, 35, 16.079974
42, 37, -1.308217
42, 38, 10.839238
42, 39, 12.055464
42, 40, -28.503013
42, 41, -45.297126
42, 42, 13.625003
42, 44, 13.274118
42, 45, 24.655199
42, 47, -32.312655
42, 48, 0.408924
42, 49, 26.586532
43, 1, 11.765338
43, 2, -14.063390
43, 3, 42.429850
43, 4, 12.292150
43, 5, 25.778026
43, 6, -10.533249
43, 7, 4.061913
43, 8, -8.444161
43, 9, 13.701709
43, 10, 9.560162
43, 11, 59.000000
43, 12, -3.451933
43, 13, 25.932180
43, 14, -18.460783
43, 15, 16.661988
43, 16, 9.744466
43, 17, -20.035946
43, 18, 52.794608
43, 20, 85.859700
43, 21, 17.626532
43, 22, -18.704238
43, 23, 7.060060
43, 25, -24.180539
43, 26, 99999.000000
43, 27, -1.070531
43, 28, -10.008265
43, 30, 28.944082
43, 31, -65.593720
43, 32, -1.737118
43, 33, -45.338554
43, 34, -54.431692
43, 35, 17.027990
43, 36, -39.217984
43, 37, 0.434414
43, 38, 12.468574
43, 39, -1.466568
43, 40, -28.320024
43, 42, 17.580007
43, 43, -17.815727
43, 44, 13.161818
43, 45, 26.336046
43, 46, -59.000000
43, 48, 0.915811
43, 49, 24.610469
43, 50, -81.000000
44, 1, 10.490081
44, 2, -14.776760
44, 3, 42.570150
44, 4, 12.613887
44, 6, -12.225391
44, 7, -1.985957
44, 8, -9.839251
44, 9, 13.704484
44, 10, 10.547336
44, 12, -1.519130
44, 13, 28.287133
44, 14, -24.714137
44, 15, -5.989431
44, 17, -20.822931
44, 18, 51.719640
44, 19, -88.000000
44, 20, 86.140300
44, 21, 4.172231
44, 22, -16.528106
44, 23, 7.662800
44, 24, 0.518031
44, 25, -23.456912
44, 26, 58.735609
44, 27, 4.500040
44, 28, -10.235652
44, 29, 4.012635
44, 30, 26.529150
44, 31, -65.205494
44, 32, -1.668531
44, 33, -1.608366
44, 34, -53.568308
44, 35, 17.948975
44, 36, -38.197298
44, 37, 2.312946
44, 38, 14.211876
44, 40, -28.735707
44, 41, 9.904431
44, 42, 22.031711
44, 43, -16.695128
44, 44, 12.851889
44, 45, 27.397820
44, 47, -8.423730
44, 49, 22.782482
44, 50, 99999.000000
45, 1, 8.555816
45, 2, -15.578600
45, 4, 13.838253
45, 5, 29.954988
45, 6, -14.589131
45, 7, 2.001796
45, 8, -10.794936
45, 9, 13.733477
45, 10, 12.264149
45, 11, -14.148697
45, 12, 0.057493
45, 13, 30.218928
45, 14, -15.313852
45, 15, 14.162745
45, 16, -41.215846
45, 17, -22.080713
45, 18, 52.863073
45, 21, 12.152849
45, 22, -14.589913
45, 23, 8.698430
45, 24, -0.518031
45, 25, -21.738067
45, 26, 53.203212
45, 27, 10.417183
45, 28, -10.261848
45, 29, 2.987365
45, 30, 24.603872
45, 31, -65.037988
45, 32, -2.015978
45, 33, -43.994266
45, 35, 18.830916
45, 36, -37.020312
45, 37, 4.263938
45, 38, 15.979612
45, 40, -29.587174
45, 41, 9.778384
45, 42, 26.768696
45, 43, -14.345711
45, 44, 12.395465
45, 46, -30.829948
45, 47, -6.733660
45, 48, 59.259015
45, 49, 21.483873
45, 50, 4.093446
46, 1, 6.251791
46, 2, -16.273246
46, 4, 15.842010
46, 5, 31.045012
46, 6, -17.344326
46, 7, -0.474104
46, 8, -11.271310
46, 9, 13.808369
46, 10, 14.355819
46, 11, -12.589576
46, 13, 31.800937
46, 14, -24.538292
46, 15, 99999.000000
46, 16, -40.784154
46, 17, -23.595110
46, 18, 99999.000000
46, 19, 4.652804
46, 20, 64.647315
46, 21, -0.327214
46, 22, -12.907548
46, 23, 9.932854
46, 25, -18.559885
46, 26, 59.524103
46, 27, 16.268698
46, 28, -10.095692
46, 30, 23.457874
46, 31, -65.149055
46, 32, -2.848436
46, 33, 3.695442
46, 34, -51.714683
46, 35, 19.496890
46, 36, -35.935704
46, 37, 6.218363
46, 38, 17.596079
46, 40, -30.738559
46, 41, 10.228779
46, 42, 31.404737
46, 43, -11.097310
46, 44, 11.787996
46, 45, -73.000000
46, 46, -30.947045
46, 47, -4.782627
46, 48, 58.740985
46, 50, 89.000000
47, 1, 3.856463
47, 2, -16.757367
47, 3, 11.091874
47, 4, 18.334500
47, 6, -20.367682
47, 7, 3.203075
47, 8, -11.184194
47, 9, 14.066133
47, 10, 16.574346
47, 11, -10.878405
47, 12, 52.000000
47, 13, 33.011426
47, 14, -13.484749
47, 15, 25.271650
47, 17, -25.127993
47, 18, -54.000000
47, 19, 6.347196
47, 20, 64.924218
47, 21, 4.199245
47, 22, -11.472015
47, 23, 10.989396
47, 24, -33.000000
47, 25, -16.251832
47, 27, 21.654751
47, 28, -9.836801
47, 29, 99999.000000
47, 31, -65.531556
47, 32, -4.093128
47, 33, 99999.000000
47, 34, -51.642344
47, 37, 8.165392
47, 38, 18.948899
47, 39, -3.477558
47, 40, -31.977406
47, 41, 11.258208
47, 42, 35.614304
47, 43, -7.413326
47, 44, 11.116447
47, 46, -31.098682
47, 47, -3.021785
47, 49, 24.096681
48, 1, 1.831380
48, 3, 10.314892
48, 4, 20.824683
48, 5, -28.771894
48, 6, -23.308899
48, 7, 2.802235
48, 8, -10.582449
48, 9, 14.479455
48, 10, 18.666305
48, 11, -9.253622
48, 12, 75.248223
48, 13, 33.935419
48, 14, 99999.000000
48, 15, -47.000000
48, 16, -52.067447
48, 17, -26.443272
48, 20, 65.368224
48, 21, -5.860814
48, 22, -10.368798
48, 23, 11.667855
48, 25, -12.377682
48, 26, -92.000000
48, 27, 26.105792
48, 30, -62.687751
48, 32, -5.589721
48, 33, 17.176273
48, 34, -51.979603
48, 35, -15.152935
48, 36, -8.790120
48, 37, 10.036867
48, 38, 20.041888
48, 39, -5.589094
48, 41, 12.736056
48, 42, 39.133992
48, 43, -3.883014
48, 44, 10.466798
48, 45, 38.775320
48, 46, -31.306022
48, 47, -1.712171
48, 48, -33.157757
48, 49, 23.788140
48, 50, 34.783328
49, 1, 0.395278
49, 2, 99999.000000
49, 3, 9.406528
49, 4, 22.936426
49, 5, -27.765996
49, 6, -25.865099
49, 7, 5.910323
49, 8, -9.599260
49, 9, 14.913476
49, 10, 20.408257
49, 11, -8.039332
49, 12, 99999.000000
49, 13, 34.678364
49, 14, -49.312977
49, 16, -51.631797
49, 17, -27.384769
49, 18, -36.636746
49, 19, -31.289550
49, 21, -1.521116
49, 22, -9.556810
49, 24, -76.000000
49, 25, -10.569355
49, 27, 29.249684
49, 28, -18.755462
49, 29, 23.654646
49, 30, -62.155273
49, 31, 43.998158
49, 32, -7.168474
49, 33, -1.733877
49, 34, -52.657068
49, 35, -13.847065
49, 36, -10.417011
49, 37, 11.811203
49, 38, 20.804721
49, 39, -7.769914
49, 40, 22.419058
49, 41, 14.451396
49, 42, 41.698155
49, 43, -0.911695
49, 45, 37.657675
49, 48, -34.058417
49, 49, 23.429470
49, 50, 35.631797
50, 1, -0.223481
50, 2, 40.000000
50, 3, 8.573144
50, 4, 24.359119
50, 5, -27.037207
50, 6, -27.748101
50, 8, -8.484420
50, 10, 21.471456
50, 12, 83.000000
50, 13, 35.196124
50, 14, -20.000000
50, 15, 61.000000
50, 16, -51.346538
50, 17, -27.836594
50, 18, -35.363254
50, 19, -31.710450
50, 20, 4.000000
50, 22, -9.016812
50, 23, 75.000000
50, 25, -7.886940
50, 26, 68.000000
50, 27, 30.801402
50, 28, -17.244538
50, 29, 24.345354
50, 30, -61.831672
50, 31, 45.001842
50, 32, -8.460527
50, 33, 18.865903
50, 34, -53.571749
50, 36, -12.282022
50, 37, 13.310465
50, 39, -9.603200
50, 40, 22.580942
50, 41, 16.013987
50, 42, 43.066031
50, 43, 0.979465
50, 44, -53.000000
50, 45, 36.725235
50, 46, -72.000000
50, 47, -8.000000
50, 48, -35.252898
50, 49, 23.057007
50, 50, 36.630657
