1, 1, 33.000000
1, 3, -19.828853
1, 4, 20.031411
1, 6, 17.669183
1, 7, 7.271156
1, 8, 33.775284
1, 9, -27.636884
1, 10, -19.000000
1, 11, 7.385123
1, 12, 99999.000000
1, 13, -86.000000
1, 14, -58.702755
1, 15, -38.000000
1, 16, -0.219611
1, 18, -90.736467
1, 19, -51.583948
1, 20, -35.095575
1, 21, 7.222626
1, 22, -1.099375
1, 23, 27.998158
1, 24, 26.651470
1, 25, -45.539063
1, 27, 62.000000
1, 28, 3.174415
1, 29, -41.000000
1, 30, -32.061321
1, 32, -8.101009
1, 33, -42.544608
1, 34, -16.892582
1, 35, -21.290095
1, 37, -82.000000
1, 38, -87.000000
1, 39, 82.000000
1, 40, 8.682909
1, 41, 16.080515
1, 42, -27.162382
1, 43, -39.980065
1, 45, 0.356408
1, 46, -81.000000
1, 47, -24.513043
1, 49, 45.000000
1, 50, 11.930743
2, 2, 52.423511
2, 3, -20.374805
2, 4, 15.653421
2, 5, -35.100399
2, 6, 13.798446
2, 7, 8.089278
2, 8, 35.224716
2, 9, -33.163517
2, 11, 7.906158
2, 14, -57.297245
2, 16, 28.302733
2, 17, -1.534703
2, 19, -48.545112
2, 20, -30.509195
2, 21, -0.713598
2, 22, -14.452838
2, 23, 21.699976
2, 24, 23.477792
2, 25, -40.518008
2, 28, 5.291941
2, 30, -36.460406
2, 31, 20.255525
2, 32, -10.134231
2, 33, -43.368833
2, 34, -16.072851
2, 35, -17.159713
2, 36, -70.741572
2, 40, 3.878614
2, 41, 15.681429
2, 42, -25.347723
2, 43, -35.198314
2, 44, 1.240348
2, 45, 3.998523
2, 47, -21.022295
2, 48, -6.591918
2, 50, 13.838983
3, 1, -19.572598
3, 2, 16.932194
3, 3, -21.638760
3, 4, 8.477693
3, 5, -38.708444
3, 6, 8.113639
3, 7, 7.980191
3, 9, -22.810318
3, 11, 6.487816
3, 12, 32.786727
3, 13, 99999.000000
3, 15, -25.165479
3, 17, -43.355291
3, 19, -44.884195
3, 20, -25.698281
3, 21, -8.843411
3, 22, -12.230956
3, 23, 14.739523
3, 24, 22.217158
3, 25, -34.161918
3, 26, -28.940984
3, 27, -15.579141
3, 28, 6.630961
3, 29, 56.059974
3, 30, -28.257461
3, 31, 18.115482
3, 32, -10.262155
3, 33, -42.623180
3, 34, -15.393692
3, 35, -11.684883
3, 36, -70.258428
3, 37, -79.000000
3, 38, 43.586303
3, 39, 14.061552
3, 40, -1.154200
3, 41, 14.573816
3, 42, -25.212536
3, 43, -38.561565
3, 44, -2.682078
3, 45, 7.120273
3, 47, -15.212660
3, 48, -8.663069
3, 49, -47.541089
3, 50, 14.843344
4, 1, -17.702996
4, 2, 51.880900
4, 3, -22.784704
4, 4, 0.252966
4, 5, -42.561403
4, 6, 2.069450
4, 8, -47.412893
4, 9, -35.274343
4, 10, -95.000000
4, 11, 3.342786
4, 12, 31.086755
4, 14, 11.940562
4, 15, -26.834521
4, 17, 5.017991
4, 19, -43.088179
4, 20, -23.226261
4, 21, -15.568073
4, 23, 6.855766
4, 24, 23.879541
4, 25, -26.977848
4, 26, -13.096914
4, 27, -11.735043
4, 29, 57.247653
4, 31, 17.145680
4, 32, -8.571780
4, 33, -40.061923
4, 34, -14.503035
4, 35, -6.866488
4, 38, 39.413697
4, 39, 8.414083
4, 40, -4.842551
4, 43, -35.818064
4, 44, -8.793462
4, 45, 9.705892
4, 47, -8.094807
4, 48, -10.314352
4, 49, -47.407532
4, 50, 14.545636
5, 1, -14.096744
5, 2, 2.483727
5, 3, -23.142222
5, 4, -7.582915
5, 5, -46.796861
5, 6, -2.293312
5, 7, 16.346228
5, 8, -43.015501
5, 11, -1.703890
5, 12, 28.975663
5, 13, 14.020569
5, 14, 14.831032
5, 19, -41.527437
5, 21, -21.322777
5, 23, 0.275632
5, 24, 27.494433
5, 25, -21.612325
5, 26, -32.647701
5, 27, -7.171988
5, 29, 59.782408
5, 31, 17.927079
5, 32, -6.040410
5, 33, -34.771474
5, 34, -12.831734
5, 35, -3.069468
5, 36, 15.322980
5, 39, 1.823040
5, 40, -7.375812
5, 41, 33.219977
5, 43, -43.364922
5, 44, -15.248853
5, 45, 10.425137
5, 47, -2.190180
5, 49, -49.074657
5, 50, 14.019758
6, 1, -8.429112
6, 3, -22.234212
6, 5, -50.029036
6, 6, -4.350192
6, 7, 9.702312
6, 8, -38.789265
6, 10, 6.978065
6, 11, -8.930446
6, 13, 11.918257
6, 14, 17.044604
6, 16, -39.126173
6, 19, -39.973786
6, 20, -32.500235
6, 21, -26.018007
6, 23, -5.142220
6, 24, 32.558592
6, 25, -17.417047
6, 26, -23.296795
6, 27, -2.546058
6, 31, 21.017116
6, 32, -2.661408
6, 33, -26.844908
6, 34, -10.475224
6, 35, -0.569147
6, 36, 13.014018
6, 38, -25.565903
6, 39, -4.005229
6, 40, -9.851981
6, 41, 28.642352
6, 42, -60.325882
6, 43, -37.955940
6, 44, -23.554726
6, 47, 3.079766
6, 49, -51.569230
7, 1, -1.305356
7, 3, -20.939571
7, 4, -18.710942
7, 6, -3.693079
7, 7, 1.545122
7, 8, -33.289205
7, 10, 2.914117
7, 11, -17.045148
7, 12, 24.273644
7, 13, 9.540290
7, 14, 18.117612
7, 16, -8.100687
7, 18, 24.062319
7, 19, -39.588679
7, 20, -26.763472
7, 21, -30.867160
7, 22, 41.257702
7, 23, -9.989879
7, 25, -15.040961
7, 26, -32.392836
7, 27, 2.768885
7, 29, -25.453726
7, 31, 25.939168
7, 32, 0.416269
7, 33, -17.479781
7, 34, -7.065715
7, 35, 0.455694
7, 36, 7.880742
7, 38, -24.300703
7, 39, -8.710641
7, 40, -10.282422
7, 41, 21.022120
7, 42, -58.361038
7, 44, -31.436165
7, 46, -16.290973
7, 47, 7.857365
7, 50, 23.373772
8, 1, 4.943611
8, 4, -24.289058
8, 5, -3.014833
8, 6, -0.404966
8, 8, -26.356610
8, 9, 4.584201
8, 10, -1.439994
8, 11, -24.914415
8, 12, 22.853119
8, 13, 9.014365
8, 14, 17.430112
8, 16, -27.949416
8, 19, -39.269041
8, 20, -20.641633
8, 21, -33.691731
8, 22, 17.078383
8, 23, -12.854094
8, 24, -2.000000
8, 25, -16.047807
8, 26, -26.326760
8, 27, 6.766065
8, 29, -27.055508
8, 30, -30.400937
8, 32, 2.316406
8, 33, -6.757213
8, 34, -2.803804
8, 35, -0.276450
8, 36, 0.270102
8, 37, -45.746835
8, 38, -23.427080
8, 39, -12.027616
8, 41, 11.622314
8, 42, -58.819182
8, 44, -38.960861
8, 45, -16.726080
8, 46, -11.845702
8, 47, 11.275664
8, 48, -1.083435
8, 49, 14.000000
8, 50, 20.659343
9, 3, -20.609592
9, 5, 1.276904
9, 6, 5.094291
9, 8, -18.166930
9, 9, -26.981319
9, 10, -4.684352
9, 11, -31.714996
9, 12, 23.741868
9, 13, 9.942723
9, 14, 14.748043
9, 15, 23.000000
9, 16, -8.241831
9, 17, 60.000000
9, 19, -40.120590
9, 20, -16.541018
9, 21, -38.721931
9, 22, 32.190291
9, 23, -14.777181
9, 25, -19.521708
9, 26, -28.579459
9, 27, 9.605534
9, 29, -29.912314
9, 30, -25.852297
9, 31, -68.000000
9, 32, 3.502502
9, 33, 4.355460
9, 34, 2.412978
9, 35, -0.732901
9, 36, -7.758975
9, 37, -42.215655
9, 38, -22.000815
9, 39, -14.675734
9, 40, -14.936464
9, 41, 2.441230
9, 44, -44.404197
9, 45, -8.668352
9, 46, -9.819355
9, 47, 14.303435
9, 48, -4.100465
9, 50, 18.115706
10, 1, 3.043249
10, 2, -40.425858
10, 3, -21.252042
10, 4, -18.724882
10, 5, 5.991486
10, 6, 11.315043
10, 7, -14.723734
10, 8, -10.242097
10, 9, 3.652983
10, 10, -8.007610
10, 13, 11.806099
10, 14, 10.922725
10, 16, -15.415724
10, 19, -40.405391
10, 20, -13.938956
10, 21, -39.631770
10, 22, 17.612121
10, 23, -15.826411
10, 24, -27.132074
10, 25, -24.510503
10, 26, -23.680674
10, 27, 13.508417
10, 29, -34.043423
10, 30, -22.658629
10, 32, 3.508036
10, 33, 14.221524
10, 34, 6.850850
10, 35, 0.174519
10, 36, -15.468863
10, 37, -40.963601
10, 38, -19.234902
10, 40, -6.529619
10, 41, -4.767814
10, 42, -52.187060
10, 43, 0.630226
10, 45, -0.806608
10, 46, -10.801794
10, 47, 18.495290
10, 48, -9.893046
10, 49, -7.489811
10, 50, 17.387977
11, 1, 7.035845
11, 2, -41.374036
11, 3, -22.538377
11, 4, -13.149130
11, 5, 10.065859
11, 6, 16.165834
11, 7, -13.577143
11, 8, -1.309154
11, 9, -9.348396
11, 10, -10.121002
11, 11, -33.739889
11, 12, -16.000000
11, 13, 13.919171
11, 14, 5.076034
11, 15, 10.516856
11, 16, -2.362779
11, 17, -9.405208
11, 20, -12.690074
11, 21, -45.467690
11, 22, 24.199214
11, 23, -16.335433
11, 24, -23.166005
11, 25, -29.080459
11, 26, -20.538699
11, 27, 18.632345
11, 28, 9.609805
11, 30, -20.935722
11, 32, 2.854842
11, 33, 23.782003
11, 34, 11.733295
11, 35, 2.602760
11, 36, -21.058896
11, 37, -40.623041
11, 38, -15.279300
11, 39, 8.076556
11, 40, 4.458574
11, 41, -9.420775
11, 42, -54.134268
11, 44, 11.218123
11, 45, 4.967218
11, 46, -12.985518
11, 47, 23.486543
11, 48, -16.825246
11, 49, -0.602792
11, 50, 17.455078
12, 1, 9.615470
12, 2, -43.403193
12, 3, -24.023370
12, 4, -7.435306
12, 6, 18.137869
12, 7, -13.391990
12, 8, 8.434124
12, 9, 10.682691
12, 10, -10.378378
12, 11, -31.164443
12, 13, 15.565077
12, 14, -2.932908
12, 16, -3.279986
12, 17, -6.406414
12, 18, 5.726014
12, 19, -11.823968
12, 20, -11.472902
12, 21, -42.821500
12, 22, 16.690727
12, 23, -14.774361
12, 24, -19.413024
12, 25, -33.613516
12, 26, -14.474195
12, 27, 23.350977
12, 28, 9.390195
12, 29, 80.000000
12, 31, 20.234926
12, 32, 0.712813
12, 33, 31.375963
12, 37, -40.940075
12, 38, -10.823748
12, 39, 3.886525
12, 40, 16.872571
12, 41, -12.749823
12, 42, -56.352641
12, 43, 0.403299
12, 44, 6.291371
12, 45, 8.710996
12, 46, -16.054544
12, 47, 28.376664
12, 48, -23.314012
12, 49, 5.612558
13, 1, 11.209054
13, 2, -45.907944
13, 3, -26.240477
13, 4, -0.777960
13, 5, 48.554333
13, 6, 16.705038
13, 7, -15.323816
13, 8, 17.309487
13, 9, 6.727955
13, 11, -28.495396
13, 14, -11.112194
13, 17, -1.986686
13, 18, 4.246046
13, 19, -6.808750
13, 20, -9.762030
13, 21, -50.537372
13, 22, 18.401071
13, 23, -11.506008
13, 24, -17.544299
13, 25, -36.532732
13, 26, -8.613669
13, 27, 27.106618
13, 30, -51.813291
13, 31, 16.765074
13, 32, -3.009768
13, 34, -6.601619
13, 35, -19.489760
13, 36, -44.263533
13, 37, -41.209931
13, 38, -5.234231
13, 39, 0.981974
13, 40, 28.735465
13, 41, -14.291085
13, 43, -4.819486
13, 44, -0.339078
13, 46, -20.390867
13, 48, -30.309261
13, 49, 10.503779
13, 50, 27.908826
14, 1, 12.283098
14, 2, -48.060455
14, 3, -29.046674
14, 4, 4.790528
14, 5, 45.724524
14, 6, 12.277258
14, 7, -17.584010
14, 8, 23.804673
14, 9, 17.271844
14, 10, 21.822302
14, 11, -26.333236
14, 13, -19.695884
14, 14, -19.039741
14, 17, 2.434854
14, 18, 3.881546
14, 19, -0.980331
14, 20, -7.881444
14, 22, 13.364580
14, 23, -7.078710
14, 24, -17.716178
14, 25, -37.158631
14, 26, -1.888949
14, 27, 30.666278
14, 28, -43.987651
14, 30, -42.538096
14, 32, -7.056373
14, 33, -38.570240
14, 34, 0.601619
14, 35, -13.891418
14, 36, -43.736467
14, 37, -42.646192
14, 38, 0.437970
14, 39, -0.749546
14, 40, 38.685590
14, 41, -15.969880
14, 43, -11.823355
14, 44, -7.656835
14, 46, -24.049910
14, 47, -16.146630
14, 48, -36.008395
14, 50, 22.663725
15, 1, 14.890843
15, 2, -50.136212
15, 3, -30.618470
15, 4, 10.195459
15, 5, 43.920280
15, 6, 5.777575
15, 7, -19.844780
15, 9, 14.376917
15, 10, 20.441195
15, 11, -25.411312
15, 12, 10.470166
15, 13, -15.774902
15, 14, -28.124445
15, 18, 4.654260
15, 19, 3.422314
15, 20, -6.163017
15, 22, 9.917848
15, 23, -2.222582
15, 24, -19.054447
15, 25, -35.427534
15, 26, 3.375934
15, 27, 33.071741
15, 28, -41.256223
15, 29, 44.778968
15, 30, -51.982860
15, 31, -84.000000
15, 32, -10.685263
15, 33, -41.252138
15, 35, -4.195257
15, 37, -43.995150
15, 38, 5.334035
15, 39, -2.120670
15, 40, 45.930555
15, 41, -16.787578
15, 43, -19.793516
15, 45, -5.916910
15, 46, -25.752415
15, 47, -15.506117
15, 49, 12.654351
15, 50, 16.421203
16, 1, 18.091513
16, 2, -50.919467
16, 3, -31.072695
16, 4, 15.710994
16, 5, 41.873456
16, 6, -0.306045
16, 7, -20.789079
16, 8, -19.708193
16, 10, 19.623946
16, 11, -24.926520
16, 12, -12.010571
16, 13, -13.852267
16, 14, -36.242034
16, 16, -1.051144
16, 17, 55.366693
16, 20, -4.301645
16, 22, 2.551223
16, 23, 1.810916
16, 24, -20.535251
16, 25, -31.566221
16, 26, 7.458852
16, 27, 34.167751
16, 28, -41.034019
16, 29, 40.017263
16, 30, -39.837601
16, 32, -14.964300
16, 33, -43.220847
16, 34, 2.000000
16, 35, 7.826573
16, 36, 66.000000
16, 38, 10.393691
16, 40, 50.944694
16, 41, -17.728608
16, 43, -26.692687
16, 44, 26.769932
16, 45, -7.676739
16, 46, -25.490352
16, 47, -16.349332
16, 48, -10.689197
16, 49, 9.487535
16, 50, 9.683974
17, 1, 23.138480
17, 2, -50.269317
17, 4, 19.723182
17, 5, 38.690889
17, 6, -5.067892
17, 7, -19.758550
17, 8, -21.323709
17, 9, -32.000964
17, 10, 17.790673
17, 11, -23.854500
17, 12, 7.460247
17, 13, -13.013944
17, 14, -42.888475
17, 15, -40.598823
17, 16, -7.377194
17, 17, 51.633307
17, 18, 25.983289
17, 19, 86.000000
17, 20, -0.851328
17, 21, 20.450844
17, 22, -5.219818
17, 23, 4.069653
17, 25, -27.992051
17, 26, 11.005320
17, 27, 33.657592
17, 28, -43.736693
17, 29, 36.806635
17, 31, 99999.000000
17, 32, -20.314478
17, 33, -44.341676
17, 35, 19.694598
17, 38, 13.095018
17, 39, 28.737276
17, 42, -13.848483
17, 43, -30.911644
17, 44, 25.820742
17, 45, -7.829283
17, 46, -23.760990
17, 47, -19.051997
17, 48, -6.040840
17, 49, 6.430528
17, 50, 3.105181
18, 1, 29.692919
18, 2, -48.409208
18, 3, -73.000000
18, 4, 22.382676
18, 5, 33.400180
18, 6, -9.241114
18, 7, -17.871891
18, 8, -24.281277
18, 9, -26.321093
18, 10, 15.416781
18, 12, -9.750944
18, 13, -14.251556
18, 14, -47.231979
18, 15, -7.551214
18, 16, -3.218148
18, 18, 19.562733
18, 20, 4.307269
18, 21, 7.939585
18, 22, -13.549046
18, 24, -31.364669
18, 25, -23.561920
18, 26, 14.743893
18, 27, 32.118146
18, 29, 34.330024
18, 32, -24.370582
18, 34, 23.000000
18, 35, 29.355002
18, 36, 21.829416
18, 37, 73.000000
18, 38, 13.362699
18, 39, 25.144773
18, 40, -3.732013
18, 41, 45.532924
18, 42, -10.194546
18, 44, 23.402015
18, 45, -6.316422
18, 46, -21.833654
18, 47, -21.443462
18, 48, -0.706858
18, 49, 3.178517
18, 50, -3.203440
19, 1, 35.549603
19, 2, -45.577935
19, 4, 24.217894
19, 5, 26.060708
19, 6, -13.541990
19, 7, -15.148698
19, 8, -28.355478
19, 9, -20.833662
19, 10, 12.402753
19, 11, -5.434407
19, 13, -17.336759
19, 14, -49.179219
19, 15, -37.954540
19, 16, -9.020022
19, 17, -56.747848
19, 18, 14.399942
19, 19, -12.597288
19, 20, 9.323968
19, 21, 9.896669
19, 22, -20.210589
19, 23, -7.245369
19, 24, -36.635331
19, 25, -18.265659
19, 26, 19.126823
19, 27, 30.348105
19, 28, 4.944866
19, 29, 33.091532
19, 31, -90.000000
19, 33, 19.236812
19, 35, 35.656550
19, 36, 21.170584
19, 38, 11.262777
19, 39, 20.019002
19, 40, -1.805943
19, 41, 42.062125
19, 42, -8.381504
19, 45, -2.875969
19, 46, -18.679967
19, 48, 4.988798
19, 49, 0.653848
19, 50, -9.616557
20, 1, 40.051700
20, 3, 62.000000
20, 4, 26.101016
20, 5, 16.610108
20, 6, -19.099190
20, 8, -33.354401
20, 10, 10.807259
20, 11, -8.472771
20, 15, -17.655025
20, 16, -9.639104
20, 17, -52.718995
20, 18, 10.510923
20, 19, -6.057975
20, 20, 13.414776
20, 21, 2.585313
20, 23, -6.521557
20, 25, -12.913325
20, 27, 28.959452
20, 28, -0.345578
20, 29, 33.918412
20, 30, -58.400405
20, 33, 17.476478
20, 34, 25.238633
20, 37, -35.808996
20, 39, 15.080510
20, 40, 0.787780
20, 41, 40.432712
20, 42, -8.306151
20, 43, 74.472934
20, 44, 11.540603
20, 46, -14.318037
20, 47, 39.741754
20, 49, -1.912770
20, 50, -15.651688
21, 4, 29.128542
21, 5, 6.142893
21, 6, -24.920979
21, 7, -28.284875
21, 8, -38.825366
21, 11, -10.536858
21, 12, -42.832876
21, 13, -59.800809
21, 14, 12.903464
21, 15, -34.989355
21, 16, -15.891841
21, 17, -46.298206
21, 18, 7.433755
21, 19, 3.213948
21, 20, 16.548579
21, 21, 5.208026
21, 23, -6.050674
21, 25, -7.754267
21, 28, -7.093526
21, 31, 0.891117
21, 32, -13.000000
21, 33, 17.238503
21, 34, 11.240433
21, 35, -3.230326
21, 36, -37.857201
21, 37, -39.191004
21, 38, 11.061935
21, 39, 10.174418
21, 40, 2.131116
21, 41, 41.052310
21, 42, -10.229886
21, 44, 5.018120
21, 45, 14.262871
21, 46, -9.203442
21, 47, 34.261861
21, 48, -39.729053
21, 49, -4.422133
21, 50, -20.623467
22, 1, -96.000000
22, 3, 32.971594
22, 4, 32.227680
22, 5, -5.917292
22, 6, -30.221652
22, 7, -23.779243
22, 10, -18.173965
22, 11, -10.981409
22, 12, -38.942152
22, 13, -56.199191
22, 14, 14.505470
22, 15, -22.070803
22, 16, -19.940977
22, 17, -37.977724
22, 18, 4.748444
22, 19, 12.855272
22, 20, 18.856927
22, 21, 5.115827
22, 22, 80.609805
22, 23, -6.575170
22, 24, -58.677366
22, 25, -3.644143
22, 26, 47.019047
22, 28, -13.202707
22, 31, -2.172669
22, 33, 18.461082
22, 34, 15.952883
22, 35, 0.808815
22, 36, -34.652654
22, 38, 9.900834
22, 39, 7.150947
22, 40, 2.697568
22, 42, -13.092130
22, 44, -1.514902
22, 45, 9.908537
22, 46, -2.367264
22, 47, 29.601066
22, 48, -36.074142
22, 49, -6.519122
22, 50, -23.460045
23, 3, 30.246383
23, 4, 35.537961
23, 5, -17.938718
23, 6, -35.839787
23, 7, -18.992258
23, 8, -0.554352
23, 9, 4.901038
23, 10, -13.591114
23, 11, -11.120095
23, 12, -34.277476
23, 14, 17.411203
23, 16, -26.778193
23, 17, -28.589370
23, 18, 3.930791
23, 19, 21.478817
23, 20, 21.101436
23, 21, 8.723109
23, 22, 80.390195
23, 23, -6.456970
23, 24, -56.895160
23, 25, -0.729017
23, 26, 45.189348
23, 28, -19.553839
23, 30, 23.826598
23, 31, -6.479040
23, 32, 91.000000
23, 33, 21.013552
23, 34, -3.720544
23, 35, 6.043546
23, 36, -31.629866
23, 38, 9.837960
23, 39, 5.812986
23, 40, 2.988727
23, 41, 18.033347
23, 42, -16.112488
23, 44, -6.358117
23, 45, 5.755835
23, 46, 5.404451
23, 47, 25.028910
23, 48, -34.588549
23, 49, -7.434514
24, 1, 16.533574
24, 2, -73.000000
24, 3, 27.934627
24, 4, 39.344330
24, 5, -27.512767
24, 6, -40.521574
24, 7, -16.185978
24, 8, 2.595486
24, 9, 0.726301
24, 10, -8.048656
24, 11, -11.026992
24, 12, -29.392173
24, 13, 33.000000
24, 14, 21.878463
24, 15, 0.132539
24, 16, -32.707024
24, 17, -18.776834
24, 19, 26.908776
24, 20, 23.538002
24, 21, 10.422018
24, 24, -56.347384
24, 26, 42.764836
24, 27, -35.974518
24, 28, -24.778423
24, 29, -49.686933
24, 30, 20.596879
24, 31, -12.120007
24, 33, 23.271882
24, 35, 10.570377
24, 36, -27.540192
24, 38, 10.724113
24, 39, 3.037101
24, 40, 4.205372
24, 41, 24.039454
24, 42, -18.626138
24, 43, -3.178988
24, 44, -9.462234
24, 45, 3.219455
24, 46, 12.133624
24, 47, 20.291739
24, 49, -8.367362
24, 50, -62.000000
25, 1, 15.420802
25, 3, 27.714411
25, 4, 42.272170
25, 5, -33.306994
25, 7, -15.828410
25, 8, 4.871175
25, 9, -3.840559
25, 10, -3.506993
25, 11, -10.434456
25, 12, -25.654074
25, 15, -1.457822
25, 16, -39.006532
25, 17, -7.846818
25, 18, 14.000000
25, 20, 24.571097
25, 21, 12.128764
25, 22, -6.801298
25, 24, -56.274736
25, 25, 25.000000
25, 27, -29.917480
25, 28, -28.014959
25, 29, -50.350438
25, 30, 17.418353
25, 31, -19.202702
25, 33, 25.325725
25, 35, 15.630194
25, 36, -22.550947
25, 38, 12.123845
25, 39, -0.954096
25, 40, 6.199102
25, 41, 29.708245
25, 42, -19.719691
25, 43, 20.553415
25, 44, -11.293528
25, 46, 16.892956
25, 47, 16.237265
25, 48, -14.298230
26, 1, 14.505637
26, 2, -51.922366
26, 3, 30.354471
26, 4, 44.422533
26, 6, 15.346483
26, 8, 5.728811
26, 9, -9.662218
26, 10, -0.599024
26, 11, -8.467829
26, 12, -22.880964
26, 13, 53.506646
26, 14, -49.751479
26, 15, -2.491029
26, 17, 3.132700
26, 19, -40.203540
26, 20, 24.372559
26, 21, 11.992539
26, 22, -3.812838
26, 23, -17.044726
26, 24, -57.946767
26, 26, -21.772600
26, 27, -23.690433
26, 28, -29.461998
26, 29, -52.008362
26, 30, 14.439714
26, 31, -25.474033
26, 32, -49.736467
26, 33, 27.441085
26, 35, 19.095652
26, 36, -17.274031
26, 39, -7.086104
26, 41, 34.667052
26, 42, -20.017532
26, 43, 6.330306
26, 44, -11.327885
26, 47, 11.765819
26, 48, -10.943809
26, 49, 38.000000
26, 50, -43.708961
27, 1, 14.262321
27, 2, -50.077634
27, 3, 34.666221
27, 4, 45.089329
27, 5, -22.330223
27, 6, 14.404483
27, 7, 15.019792
27, 9, -15.960662
27, 10, 2.336361
27, 12, -19.995036
27, 13, 56.493354
27, 14, -50.937352
27, 15, -4.417317
27, 16, -25.481715
27, 17, 12.955512
27, 18, 0.248351
27, 19, -34.973783
27, 20, 22.879110
27, 21, 11.967764
27, 22, -2.947279
27, 23, -13.563262
27, 24, -59.842976
27, 25, -56.000000
27, 26, -22.057206
27, 27, -19.743484
27, 28, -30.067248
27, 29, -53.844407
27, 30, 12.113741
27, 31, -30.877897
27, 33, 31.565679
27, 34, 31.056852
27, 35, 20.805432
27, 36, -11.330297
27, 37, 6.574070
27, 38, -8.604618
27, 39, -12.470969
27, 40, -26.817136
27, 42, -20.281788
27, 43, 22.316030
27, 44, -9.589655
27, 45, -20.234531
27, 46, 7.965144
27, 47, 6.385968
27, 48, -8.941238
27, 50, -38.992413
28, 3, 39.219718
28, 5, -14.328182
28, 6, 12.211674
28, 7, 19.318571
28, 8, -19.710942
28, 9, -21.943400
28, 12, -17.827746
28, 14, -54.537466
28, 16, -20.910034
28, 17, 21.271728
28, 18, -3.874002
28, 19, -29.262391
28, 20, 21.129113
28, 21, 12.721334
28, 22, -4.091154
28, 23, -8.329024
28, 24, -62.090316
28, 26, -23.100071
28, 27, -19.074457
28, 28, -29.347829
28, 29, -56.852700
28, 30, 9.963863
28, 31, -36.313346
28, 33, 36.759281
28, 34, 9.526914
28, 35, 22.260623
28, 36, -5.887541
28, 37, 13.425930
28, 38, -10.018385
28, 39, -21.616935
28, 40, -21.749260
28, 41, -31.300048
28, 42, -19.530994
28, 43, 18.527911
28, 44, -8.252565
28, 45, -21.642328
28, 46, 3.500351
28, 47, 1.246088
28, 48, -8.643886
28, 49, -81.263533
28, 50, -33.911917
29, 1, 20.107839
29, 5, -11.327235
29, 6, 9.048678
29, 7, 24.325877
29, 8, -25.289058
29, 9, -28.459844
29, 10, 18.843334
29, 11, 68.304998
29, 16, -14.880588
29, 18, -9.500881
29, 19, -23.603666
29, 20, 21.015988
29, 21, 15.277549
29, 22, -8.019909
29, 23, -2.165159
29, 24, -63.919056
29, 25, 10.824583
29, 26, -23.774474
29, 27, -21.523383
29, 30, 9.271965
29, 31, -39.729679
29, 34, 28.128651
29, 35, 23.365190
29, 36, -0.615304
29, 38, -13.419072
29, 39, -26.299070
29, 40, -18.454774
29, 41, -29.682131
29, 42, -17.737950
29, 43, 30.040255
29, 44, -7.792375
29, 45, -24.181716
29, 46, 0.697535
29, 48, -8.690178
29, 49, -80.736467
29, 50, -30.383244
30, 1, 13.153345
30, 2, -39.332793
30, 3, 22.900804
30, 4, 16.621017
30, 5, -4.509560
30, 6, 5.218320
30, 9, -34.541686
30, 10, 23.735021
30, 11, 65.976878
30, 12, 51.108752
30, 14, 28.492889
30, 16, -9.758848
30, 17, -8.541829
30, 19, -18.006841
30, 20, 23.171016
30, 22, -13.779201
30, 23, 3.825159
30, 25, 12.259374
30, 26, -23.839548
30, 28, -7.952438
30, 29, -11.765825
30, 30, 9.225081
30, 32, -3.002523
30, 33, -62.000000
30, 34, 15.963403
30, 35, 23.573625
30, 36, 4.570036
30, 37, 18.833560
30, 38, -17.782924
30, 39, -38.213819
30, 40, -18.228189
30, 41, -30.679642
30, 42, -15.973357
30, 43, 32.809562
30, 45, -26.548885
30, 47, 24.527066
30, 48, -10.491373
30, 50, -27.388395
31, 1, 3.807973
31, 2, -38.997969
31, 3, 18.867310
31, 4, 11.641892
31, 5, -6.884935
31, 6, 3.389355
31, 7, -48.577984
31, 8, 18.661449
31, 9, -39.799035
31, 10, 29.127622
31, 11, 61.672745
31, 12, 49.252056
31, 13, -21.738289
31, 14, 26.201508
31, 15, 12.038817
31, 16, -7.511875
31, 17, -3.089047
31, 18, 63.000000
31, 19, -13.538198
31, 20, 26.127894
31, 21, 11.396807
31, 22, -19.537657
31, 23, 10.289478
31, 24, -52.203316
31, 25, 14.654414
31, 26, -25.222290
31, 28, -8.408675
31, 29, -7.418167
31, 30, 8.299683
31, 32, -7.121556
31, 34, 30.528730
31, 35, 22.452687
31, 36, 9.584597
31, 37, 11.624552
31, 38, -22.550319
31, 39, -35.658113
31, 42, -12.538978
31, 43, 41.455786
31, 44, -85.000000
31, 45, -29.574313
31, 46, -33.248218
31, 47, 23.472934
31, 48, -12.405767
31, 50, -24.187322
32, 1, -4.810289
32, 2, -37.925087
32, 3, 15.309600
32, 4, 8.389482
32, 5, -0.111798
32, 6, 3.298492
32, 7, -44.697267
32, 8, 17.757734
32, 9, -45.326309
32, 10, 33.762425
32, 11, 55.101770
32, 12, 46.673259
32, 13, 9.395433
32, 14, 23.934830
32, 16, -7.878744
32, 17, 3.630849
32, 19, -10.060537
32, 20, 29.229840
32, 21, 3.359267
32, 22, -24.305948
32, 23, 17.006448
32, 24, -53.728777
32, 25, 18.800139
32, 26, -26.451986
32, 28, -7.392185
32, 29, -3.973742
32, 30, 7.207725
32, 33, -49.000000
32, 35, 19.794169
32, 36, 15.080594
32, 37, 4.622755
32, 38, -27.327568
32, 39, -48.230452
32, 40, -9.801611
32, 42, -8.286214
32, 46, -35.751782
32, 48, -14.994023
32, 49, 18.950760
32, 50, -21.197686
33, 1, -12.359181
33, 2, -36.706153
33, 3, 11.498439
33, 4, 8.036030
33, 6, 5.403764
33, 7, -40.335451
33, 8, 15.973233
33, 11, 46.344326
33, 12, 44.261876
33, 13, -4.360273
33, 14, 23.826220
33, 15, 55.000000
33, 16, -11.303890
33, 17, 10.627160
33, 18, -22.449432
33, 19, -7.222565
33, 20, 33.832186
33, 21, -4.115222
33, 22, -26.652732
33, 23, 21.892926
33, 24, -55.404581
33, 25, 24.508932
33, 26, -28.977105
33, 27, -25.720717
33, 28, -5.582257
33, 29, -2.638672
33, 32, -5.871383
33, 34, 11.000000
33, 35, 16.450907
33, 37, -1.665076
33, 38, -31.616347
33, 40, -5.751389
33, 42, -3.563810
33, 45, 18.977643
33, 47, -96.131767
33, 48, -18.859133
33, 49, 15.769619
33, 50, -18.879938
34, 1, -18.151498
34, 2, -34.050326
34, 3, 9.128189
34, 4, 10.008366
34, 6, 8.393585
34, 8, 13.875686
34, 9, -56.213103
34, 10, -8.161513
34, 11, 35.973512
34, 12, 40.478847
34, 13, 17.901219
34, 14, 26.080393
34, 16, -17.561243
34, 17, 18.113099
34, 18, -19.550568
34, 19, -5.856687
34, 20, 38.944388
34, 21, -9.749981
34, 23, 25.142717
34, 24, -56.617324
34, 26, -32.909298
34, 27, -22.603675
34, 28, -3.380024
34, 29, -2.778514
34, 30, 4.000000
34, 31, -16.278848
34, 32, -4.633411
34, 33, 22.927471
34, 35, 14.285920
34, 36, -5.882614
34, 37, -5.990911
34, 40, -3.693165
34, 41, 24.604700
34, 42, 0.251408
34, 43, -21.469743
34, 44, 39.606554
34, 45, 15.520154
34, 46, 85.000000
34, 47, -63.341976
34, 48, -22.612120
34, 49, 10.865922
34, 50, -17.231878
35, 1, -20.664551
35, 2, -29.788794
35, 3, 7.533627
35, 4, 14.102600
35, 7, -44.976498
35, 8, 12.040495
35, 9, -54.976595
35, 10, -9.511088
35, 11, 25.633799
35, 12, 35.209633
35, 13, 11.023556
35, 14, 30.872759
35, 17, 25.240698
35, 19, -5.155793
35, 21, -13.067022
35, 22, -43.259418
35, 23, 25.751405
35, 24, -57.314647
35, 25, -14.819206
35, 27, -17.943413
35, 28, -2.912032
35, 29, -3.134170
35, 32, -4.496935
35, 33, 20.072529
35, 34, -16.421955
35, 35, 12.848642
35, 36, 1.014289
35, 38, 15.455389
35, 40, -3.857278
35, 43, -22.400281
35, 44, 39.977473
35, 45, 13.128222
35, 48, -24.793047
35, 49, 5.608847
35, 50, -17.181696
36, 1, -19.486897
36, 2, -24.688174
36, 3, 5.709696
36, 4, 19.345035
36, 6, -93.000000
36, 7, -23.421163
36, 8, 9.408437
36, 9, -55.060921
36, 10, -14.208549
36, 11, 14.816758
36, 12, 29.181894
36, 18, -11.860047
36, 19, -6.103619
36, 20, -16.321538
36, 21, -14.299786
36, 22, -40.331742
36, 23, 24.264465
36, 25, -16.180794
36, 26, -56.450771
36, 27, -12.412488
36, 28, -4.170395
36, 29, -4.377909
36, 30, -10.658833
36, 31, 11.481228
36, 32, -4.886392
36, 34, -16.070487
36, 35, 11.942403
36, 36, 9.139729
36, 37, 0.000000
36, 38, 9.227345
36, 39, -9.558425
36, 40, -5.762352
36, 42, 7.195280
36, 43, -24.660401
36, 44, 40.623532
36, 45, 10.799423
36, 46, 47.472934
36, 49, -0.617153
36, 50, -16.382722
37, 1, -14.751552
37, 2, -19.146916
37, 4, 23.772646
37, 5, -13.000000
37, 8, 6.816857
37, 10, -20.211646
37, 11, 4.668844
37, 12, 22.920476
37, 13, 0.306411
37, 14, -28.445983
37, 16, -43.000000
37, 17, -25.985902
37, 18, -5.139953
37, 19, -8.200416
37, 20, -19.679795
37, 21, -15.330146
37, 22, -37.027202
37, 23, 21.201895
37, 24, 38.533464
37, 26, -55.735571
37, 27, -8.473390
37, 28, -6.005955
37, 29, -6.655795
37, 30, -9.341167
37, 31, 14.829012
37, 32, -5.461348
37, 33, 2.881525
37, 34, -17.794052
37, 35, 12.240718
37, 36, 17.538618
37, 38, 3.970623
37, 39, 26.450927
37, 40, -7.351981
37, 41, 99999.000000
37, 42, 6.034270
37, 44, 41.546771
37, 45, 10.135116
37, 46, -9.484513
37, 48, 6.013292
37, 49, -6.512112
37, 50, -15.036651
38, 1, -7.447318
38, 2, -13.424596
38, 4, 27.079629
38, 6, 4.334161
38, 8, 3.039864
38, 10, -27.361170
38, 12, 18.632921
38, 13, 5.421964
38, 14, -25.319330
38, 15, 31.842560
38, 17, -24.081289
38, 19, -9.268919
38, 20, -25.201004
38, 21, -15.113834
38, 22, -33.356860
38, 23, 16.032032
38, 24, 39.072666
38, 25, -26.576093
38, 26, -55.724206
38, 28, -7.134195
38, 29, -8.895228
38, 31, 18.482949
38, 32, -5.785693
38, 33, 9.118475
38, 34, -21.535126
38, 35, 12.459775
38, 36, 26.514152
38, 37, -9.929525
38, 38, 0.692401
38, 39, -7.516311
38, 40, -7.566957
38, 42, 3.286660
38, 43, 62.000000
38, 44, 42.080976
38, 45, 10.204516
38, 48, 11.986708
38, 49, -10.672807
39, 1, 0.784881
39, 2, -9.237123
39, 3, 73.855002
39, 4, 29.191134
39, 5, 26.435679
39, 6, 2.573791
39, 8, -0.941526
39, 9, 12.884871
39, 10, -34.951971
39, 12, 17.070852
39, 13, 12.420897
39, 14, -25.011133
39, 15, 9.616561
39, 16, 6.008792
39, 17, -20.924424
39, 18, 84.000000
39, 19, -9.146878
39, 20, -31.220611
39, 21, -14.931358
39, 22, -28.922502
39, 23, 9.469077
39, 24, 41.907803
39, 25, -29.386966
39, 26, -58.170666
39, 27, -23.874238
39, 28, -7.628470
39, 29, -12.660915
39, 30, 45.485433
39, 32, -5.809315
39, 34, -26.375909
39, 35, 12.697655
39, 36, 34.866098
39, 37, -9.145120
39, 38, 0.552092
39, 39, 10.282876
39, 41, -48.177335
39, 42, 0.212353
39, 44, 42.955852
39, 45, 12.944629
39, 49, -12.995895
40, 1, 7.029250
40, 2, -7.327947
40, 3, 72.181780
40, 4, 29.838207
40, 5, 24.641508
40, 6, 1.320762
40, 7, 17.586123
40, 8, -4.230628
40, 9, 13.834616
40, 10, -41.122256
40, 13, 18.627985
40, 14, -22.990056
40, 15, 24.250686
40, 16, 4.160553
40, 17, -18.646659
40, 19, -7.782814
40, 20, -35.767301
40, 21, -15.913003
40, 22, -25.381971
40, 23, 3.956879
40, 24, 46.438599
40, 27, -20.985767
40, 28, -8.272745
40, 29, -16.691730
40, 30, 40.845755
40, 31, -69.696160
40, 32, -4.995106
40, 33, -95.000000
40, 34, -31.977963
40, 35, 12.685011
40, 36, 42.280951
40, 37, -6.978347
40, 38, 2.839329
40, 39, -8.340287
40, 40, -28.934402
40, 41, -45.194863
40, 42, -0.868785
40, 43, -10.852918
40, 45, 17.802023
40, 47, -28.513699
40, 48, -3.134492
40, 50, 25.716047
41, 1, 10.599994
41, 2, -6.435541
41, 3, 71.462009
41, 4, 30.023128
41, 5, 24.534124
41, 7, 1.324571
41, 8, -6.086857
41, 9, 15.446369
41, 12, -15.752377
41, 13, 23.613405
41, 14, -25.264478
41, 15, 4.658501
41, 16, 4.209738
41, 17, -16.905178
41, 18, 51.562847
41, 19, -5.175321
41, 20, -38.359869
41, 22, -22.147235
41, 23, -0.813702
41, 26, 52.493354
41, 27, -17.233664
41, 28, -9.433822
41, 29, -20.519972
41, 30, 36.503215
41, 31, -68.404113
41, 32, -3.718861
41, 34, -37.615198
41, 35, 13.467248
41, 36, 47.212006
41, 37, -4.173453
41, 38, 5.922414
41, 39, 2.166915
41, 40, -23.538237
41, 41, -43.223531
41, 42, 0.957359
41, 43, -14.147082
41, 44, 12.941390
41, 45, 22.697553
41, 46, -24.834521
41, 47, -27.174212
41, 48, -2.148696
41, 49, 36.262369
41, 50, 30.283953
42, 2, -8.018548
42, 5, 24.965608
42, 6, -3.337189
42, 7, 2.137489
42, 8, -7.585383
42, 9, 15.732696
42, 12, -10.960342
42, 13, 27.517575
42, 14, -22.190587
42, 15, 17.135654
42, 16, 5.746783
42, 17, -14.990810
42, 18, 50.253749
42, 19, -2.586159
42, 22, -19.258580
42, 23, -2.579486
42, 24, 7.000000
42, 27, -13.208912
42, 28, -10.576940
42, 29, -23.638050
42, 30, 31.469332
42, 31, -66.573132
42, 32, -1.663141
42, 33, -48.317239
42, 35, 14.655690
42, 37, -1.805902
42, 38, 9.340539
42, 39, -2.990408
42, 40, -20.442040
42, 41, -41.742848
42, 42, 5.750804
42, 44, 13.139845
42, 45, 27.585403
42, 47, -28.336440
42, 48, -0.193256
42, 49, 29.905584
43, 1, 20.579294
43, 2, -11.646934
43, 3, 42.214506
43, 4, 3.115168
43, 5, 24.789834
43, 6, -5.235358
43, 7, -9.498832
43, 8, -10.192780
43, 9, 14.728741
43, 10, 1.571923
43, 11, 22.669043
43, 12, -4.722510
43, 13, 30.012220
43, 14, -25.294763
43, 15, -4.685611
43, 16, 8.528373
43, 17, -13.554684
43, 18, 46.587744
43, 20, 85.429012
43, 22, -16.634170
43, 23, -1.169236
43, 25, -32.522938
43, 27, -7.367080
43, 28, -12.106037
43, 30, 27.156990
43, 31, -64.372789
43, 32, 0.551373
43, 33, -12.972435
43, 34, -55.756887
43, 35, 16.395758
43, 36, -44.086337
43, 37, 0.702545
43, 38, 13.077511
43, 39, 6.008302
43, 40, -20.360958
43, 42, 12.346430
43, 43, -31.015848
43, 44, 14.598393
43, 45, 32.295026
43, 46, -59.000000
43, 48, 1.879360
43, 49, 22.582101
44, 1, 16.868690
44, 2, -15.030252
44, 3, 42.785494
44, 4, 2.740875
44, 6, -7.518883
44, 7, -9.157864
44, 8, -12.445916
44, 9, 13.686594
44, 10, 4.158082
44, 12, 2.806263
44, 13, 32.182280
44, 14, -16.933213
44, 15, 9.396370
44, 17, -14.757686
44, 18, 48.688283
44, 19, -88.000000
44, 20, 86.570988
44, 21, 27.408535
44, 22, -14.712426
44, 23, 2.340860
44, 24, 2.108265
44, 25, -33.308183
44, 27, 0.215023
44, 28, -12.734855
44, 29, 5.586303
44, 30, 22.766754
44, 31, -62.204256
44, 32, 2.815052
44, 33, -41.447475
44, 34, -52.243113
44, 35, 17.747516
44, 36, -40.289593
44, 37, 3.046426
44, 38, 15.763322
44, 40, -22.766680
44, 41, 5.309050
44, 42, 19.588866
44, 43, -28.882692
44, 44, 15.006470
44, 45, 35.360583
44, 47, -15.927248
44, 49, 15.948240
45, 1, 12.071836
45, 2, -17.716211
45, 4, 4.784684
45, 5, 28.281930
45, 6, -10.962575
45, 7, -11.083359
45, 8, -14.831853
45, 9, 12.486542
45, 10, 8.991189
45, 11, -20.129594
45, 12, 8.519389
45, 13, 33.177218
45, 14, -22.780335
45, 16, -41.878444
45, 17, -18.590282
45, 21, 10.099084
45, 22, -12.971683
45, 23, 7.199054
45, 24, -2.108265
45, 25, -28.183691
45, 26, 57.776454
45, 27, 9.207856
45, 28, -12.402451
45, 29, 1.413697
45, 30, 18.384215
45, 31, -61.055733
45, 32, 4.135494
45, 33, 6.845155
45, 35, 20.032584
45, 36, -35.761556
45, 37, 4.851768
45, 38, 18.209134
45, 40, -26.009138
45, 41, 3.649835
45, 42, 27.795401
45, 43, -23.645722
45, 44, 14.860674
45, 46, -30.009877
45, 47, -9.718946
45, 48, 60.054132
45, 49, 11.626184
46, 1, 6.497388
46, 2, -19.422323
46, 4, 9.937197
46, 5, 32.718070
46, 6, -14.227149
46, 7, -6.251580
46, 8, -17.110341
46, 9, 10.993364
46, 10, 13.525489
46, 11, -14.473983
46, 13, 34.058033
46, 14, -10.358110
46, 16, -40.121556
46, 17, -23.332017
46, 19, 2.052109
46, 20, 61.949092
46, 21, 8.831549
46, 22, -11.324461
46, 23, 12.825908
46, 25, -24.794105
46, 26, 54.707860
46, 27, 18.807013
46, 28, -11.126302
46, 30, 15.474849
46, 31, -61.391817
46, 32, 3.239495
46, 34, -47.391396
46, 35, 22.197309
46, 36, -31.628885
46, 37, 5.827867
46, 38, 19.635254
46, 40, -30.250779
46, 41, 3.156979
46, 42, 35.107492
46, 43, -15.797917
46, 44, 13.652823
46, 45, -73.000000
46, 46, -30.359971
46, 47, -2.572288
46, 48, 57.945868
46, 50, 8.689463
47, 1, -0.011638
47, 2, -20.860726
47, 3, 14.925596
47, 4, 17.548234
47, 6, -19.172492
47, 7, -1.026014
47, 8, -17.499876
47, 9, 11.354212
47, 10, 17.616194
47, 11, -9.451709
47, 12, 73.989790
47, 13, 33.940223
47, 17, -27.718217
47, 19, 8.947891
47, 20, 62.842327
47, 21, -5.433777
47, 22, -9.652979
47, 23, 16.842635
47, 24, -33.000000
47, 25, -16.847314
47, 27, 28.494917
47, 28, -9.878829
47, 29, 99999.000000
47, 31, -63.236405
47, 32, 0.495973
47, 34, -46.478273
47, 37, 6.692051
47, 38, 19.872823
47, 39, 3.662305
47, 40, -35.227506
47, 41, 4.814125
47, 42, 41.006594
47, 43, -6.696736
47, 44, 11.699505
47, 46, -30.508996
47, 47, 2.973317
47, 49, 25.651384
48, 1, -4.642087
48, 3, 12.034694
48, 4, 24.605612
48, 5, -28.596108
48, 6, -24.599106
48, 7, 5.372830
48, 8, -15.590521
48, 9, 13.338479
48, 10, 21.692402
48, 11, -4.391007
48, 13, 33.522826
48, 15, 21.359564
48, 16, -51.648516
48, 17, -30.733791
48, 20, 64.785232
48, 21, -10.997862
48, 22, -9.128657
48, 23, 18.966708
48, 25, -10.531484
48, 26, -92.000000
48, 27, 36.630908
48, 30, -61.892911
48, 32, -3.728052
48, 34, -47.272707
48, 35, -17.157292
48, 36, -1.329429
48, 37, 7.836783
48, 38, 20.864064
48, 39, -4.478117
48, 41, 8.853289
48, 42, 46.116346
48, 43, 1.431028
48, 44, 9.299390
48, 45, 39.964575
48, 46, -31.333339
48, 47, 7.313952
48, 48, -27.199327
48, 49, 24.554494
48, 50, 30.596641
49, 1, -7.792314
49, 3, 8.422202
49, 4, 30.351259
49, 5, -24.313525
49, 6, -30.114515
49, 7, 10.885994
49, 8, -11.579153
49, 9, 15.110620
49, 10, 26.129752
49, 11, -0.381988
49, 13, 34.439818
49, 16, -49.758094
49, 17, -32.590492
49, 18, -38.591408
49, 19, -30.643518
49, 21, -20.299278
49, 22, -8.761813
49, 24, -76.000000
49, 25, -2.549562
49, 27, 42.359449
49, 28, -21.074552
49, 29, 22.594490
49, 30, -59.552909
49, 31, 42.457619
49, 32, -9.564786
49, 33, 14.466153
49, 34, -49.566957
49, 35, -11.842708
49, 36, -7.450316
49, 37, 10.971330
49, 38, 22.867929
49, 39, -12.509236
49, 40, 22.170584
49, 41, 15.103764
49, 42, 50.327775
49, 43, 9.281877
49, 45, 35.350246
49, 48, -30.397758
49, 49, 23.496654
49, 50, 33.758094
50, 1, -8.746380
50, 3, 5.234894
50, 4, 34.642497
50, 5, -21.771646
50, 6, -35.931456
50, 8, -7.019262
50, 10, 29.001582
50, 13, 35.865188
50, 14, -47.726257
50, 15, 61.000000
50, 16, -48.812376
50, 17, -33.417946
50, 18, -33.408592
50, 19, -32.356482
50, 20, 4.000000
50, 22, -7.400334
50, 23, 75.000000
50, 25, 2.560992
50, 26, 68.000000
50, 27, 45.351867
50, 28, -14.925448
50, 29, 25.405510
50, 30, -58.524994
50, 31, 46.542381
50, 32, -14.223388
50, 33, 1.986708
50, 34, -53.416838
50, 36, -15.066983
50, 37, 15.896408
50, 39, -19.187391
50, 40, 22.829416
50, 41, 20.957620
50, 42, 53.183787
50, 43, 14.661624
50, 44, -53.000000
50, 45, 31.899301
50, 46, -72.000000
50, 47, -8.000000
50, 48, -35.441859
50, 49, 22.063839
50, 50, 37.864250
