1, 1, 33.000000
1, 3, -20.746993
1, 4, 6.383181
1, 6, 9.105314
1, 7, 5.878864
1, 8, 34.405865
1, 9, -39.862766
1, 10, -19.000000
1, 11, -3.043950
1, 12, 99999.000000
1, 13, -86.000000
1, 14, -58.091283
1, 15, -38.000000
1, 16, 28.975828
1, 18, -85.000000
1, 19, -46.917958
1, 20, -32.027245
1, 21, -7.566843
1, 22, -15.839830
1, 23, 12.868340
1, 24, 31.266796
1, 25, -33.837643
1, 26, 99999.000000
1, 27, 62.000000
1, 28, 3.242773
1, 29, -41.000000
1, 30, -35.295959
1, 32, -4.057376
1, 33, -30.892638
1, 34, -12.545180
1, 35, -12.144387
1, 37, -82.000000
1, 38, -87.000000
1, 39, 82.000000
1, 40, 1.835953
1, 41, 14.130701
1, 42, -29.396444
1, 43, -38.750970
1, 45, 2.947881
1, 46, -81.000000
1, 47, -10.189955
1, 49, 45.000000
1, 50, 11.426630
2, 2, 8.668510
2, 3, -20.786285
2, 4, 5.629295
2, 5, -41.107771
2, 6, 8.525316
2, 7, 5.962466
2, 8, 34.594135
2, 9, -29.484622
2, 11, -3.403354
2, 14, -57.908717
2, 16, 0.028526
2, 17, -43.344037
2, 18, -91.034231
2, 19, -46.383027
2, 20, -31.431088
2, 21, -9.658543
2, 22, -7.058452
2, 23, 11.545843
2, 24, 30.968444
2, 25, -32.949297
2, 26, -29.162141
2, 28, 3.506221
2, 30, -28.609595
2, 31, 24.241216
2, 32, -4.237665
2, 33, -30.334165
2, 34, -12.152806
2, 35, -11.345692
2, 36, -70.531378
2, 40, 1.055077
2, 41, 14.056224
2, 42, -29.200062
2, 43, -43.626786
2, 44, -14.642778
2, 45, 3.437471
2, 47, -9.231253
2, 48, -7.432391
2, 50, 11.667323
3, 1, -8.579619
3, 2, 53.820927
3, 3, -20.798807
3, 4, 4.521641
3, 5, -41.657493
3, 6, 7.785051
3, 7, 5.974644
3, 9, -39.576827
3, 11, -4.520124
3, 12, 30.385310
3, 13, 99999.000000
3, 15, -25.891602
3, 16, 29.873767
3, 17, 7.229470
3, 18, 99999.000000
3, 19, -45.632493
3, 20, -30.867277
3, 21, -11.703476
3, 22, -17.635708
3, 23, 9.407179
3, 24, 30.938064
3, 25, -31.670837
3, 26, -12.494058
3, 27, -4.516411
3, 28, 3.709701
3, 29, 60.138009
3, 30, -34.972702
3, 31, 24.092394
3, 32, -4.206274
3, 33, -28.584109
3, 34, -11.278043
3, 35, -10.081574
3, 36, -70.468622
3, 37, -79.000000
3, 38, 41.770995
3, 39, 3.098491
3, 40, 0.068169
3, 41, 13.927169
3, 42, -29.133049
3, 43, -38.056521
3, 44, -15.624616
3, 45, 3.906821
3, 47, -7.364729
3, 48, -7.699984
3, 49, -51.892933
3, 50, 11.848731
4, 1, -8.119651
4, 2, 6.728506
4, 3, -20.762438
4, 4, 3.286703
4, 5, -42.316220
4, 6, 7.028732
4, 8, -32.026963
4, 9, -29.278177
4, 10, -95.000000
4, 11, -6.280706
4, 12, 30.143735
4, 14, 9.953174
4, 15, -26.108398
4, 16, 99999.000000
4, 17, -43.978580
4, 18, 97.000000
4, 19, -44.790547
4, 20, -30.473699
4, 21, -15.643351
4, 22, -8.385207
4, 23, 6.699826
4, 24, 31.198806
4, 25, -30.200816
4, 26, -28.832008
4, 27, -3.553251
4, 29, 60.337550
4, 30, -28.026043
4, 31, 24.199032
4, 32, -3.975639
4, 33, -25.712180
4, 34, -9.978068
4, 35, -8.523425
4, 38, 41.229005
4, 39, 2.102291
4, 40, -0.948741
4, 43, -43.636050
4, 44, -17.412262
4, 45, 4.274142
4, 46, 99999.000000
4, 47, -4.756911
4, 48, -7.935236
4, 49, -51.932073
4, 50, 11.931599
5, 1, -7.271825
5, 2, 53.934688
5, 3, -20.670148
5, 4, 2.165434
5, 5, -42.968988
5, 6, 6.405908
5, 7, 7.172616
5, 8, -30.694417
5, 9, -40.082153
5, 11, -8.504249
5, 12, 29.870491
5, 13, 13.749665
5, 14, 10.030142
5, 16, -30.900008
5, 17, 8.580236
5, 18, 99999.000000
5, 19, -43.931676
5, 21, -18.381500
5, 22, 99999.000000
5, 23, 3.726757
5, 24, 31.688275
5, 25, -28.781673
5, 26, -14.543139
5, 27, -1.804006
5, 28, -64.000000
5, 29, 60.640855
5, 30, 99999.000000
5, 31, 24.553911
5, 32, -3.606586
5, 33, -21.836824
5, 34, -8.306469
5, 35, -6.807174
5, 36, 0.721715
5, 39, 0.706849
5, 40, -1.832661
5, 41, 14.767161
5, 43, -37.530199
5, 44, -19.716060
5, 45, 4.451460
5, 46, -92.000000
5, 47, -1.637539
5, 49, -52.121033
5, 50, 11.916466
6, 1, -6.181027
6, 2, 4.363444
6, 3, -20.521140
6, 5, -43.476321
6, 6, 6.006996
6, 7, 6.231194
6, 8, -28.133530
6, 9, 99999.000000
6, 10, 0.640992
6, 11, -10.948656
6, 13, 13.499819
6, 14, 9.533485
6, 15, 99999.000000
6, 16, -4.123725
6, 17, 99999.000000
6, 18, 26.816637
6, 19, -43.128770
6, 20, -23.739850
6, 21, -23.452317
6, 22, 34.812294
6, 23, 0.762246
6, 24, 32.316216
6, 25, -27.583660
6, 26, -27.240741
6, 27, 0.577661
6, 28, 99999.000000
6, 30, -23.000000
6, 31, 25.104756
6, 32, -3.185094
6, 33, -17.171703
6, 34, -6.373796
6, 35, -5.074375
6, 36, 0.108406
6, 38, -19.433130
6, 39, -0.838809
6, 40, -2.468250
6, 41, 13.620548
6, 42, -64.113927
6, 43, -44.083453
6, 44, -22.262052
6, 47, 1.801946
6, 49, -52.411979
7, 1, -5.045676
7, 2, 99999.000000
7, 3, -20.350611
7, 4, -21.137722
7, 6, 5.864724
7, 7, 5.173205
7, 8, -24.530887
7, 9, 12.092605
7, 10, -0.018213
7, 11, -13.311524
7, 12, 28.274944
7, 13, 13.294520
7, 14, 8.374602
7, 15, 43.000000
7, 16, -27.649273
7, 17, -66.000000
7, 18, -29.000000
7, 19, -42.468275
7, 20, -22.648512
7, 21, -25.586941
7, 22, 14.375920
7, 23, -1.966401
7, 25, -26.742131
7, 26, -15.924713
7, 27, 3.443122
7, 28, -52.000000
7, 29, -31.611782
7, 31, 25.750540
7, 32, -2.831102
7, 33, -12.010406
7, 34, -4.288098
7, 35, -3.430005
7, 36, -1.071476
7, 38, -18.890077
7, 39, -2.295009
7, 40, -2.726632
7, 41, 11.488645
7, 42, -63.918840
7, 43, -37.302633
7, 44, -24.659555
7, 46, -18.964062
7, 47, 5.349322
7, 50, 22.321587
8, 1, -4.097278
8, 4, -21.862278
8, 5, 2.384801
8, 6, 5.934393
8, 8, -20.169902
8, 9, -14.186466
8, 10, -0.864272
8, 11, -15.282555
8, 12, 28.150086
8, 13, 13.199768
8, 14, 6.490220
8, 16, -3.885051
8, 19, -41.972916
8, 20, -20.994759
8, 21, -31.322443
8, 22, 32.045860
8, 23, -4.241950
8, 24, -2.000000
8, 25, -26.332170
8, 26, -23.915472
8, 27, 6.600358
8, 29, -31.901422
8, 30, -29.156796
8, 32, -2.672174
8, 33, -6.704090
8, 34, -2.215762
8, 35, -1.978395
8, 36, -2.625173
8, 37, -45.725414
8, 38, -17.727705
8, 39, -3.430037
8, 41, 8.595539
8, 42, -63.910394
8, 43, 99999.000000
8, 44, -26.598645
8, 45, -8.390104
8, 46, -18.423939
8, 47, 8.789642
8, 48, -15.033806
8, 49, 14.000000
8, 50, 21.972582
9, 3, -24.363070
9, 5, 2.990108
9, 6, 6.105236
9, 8, -15.360160
9, 9, 11.290120
9, 10, -1.733033
9, 11, -16.585015
9, 12, 28.203109
9, 13, 13.217273
9, 14, 3.845580
9, 15, 23.000000
9, 16, -22.232180
9, 17, 60.000000
9, 18, -12.000000
9, 19, -41.690730
9, 20, -18.968239
9, 21, -31.786483
9, 22, 13.934643
9, 23, -5.958512
9, 25, -26.312370
9, 26, -15.209042
9, 27, 9.895817
9, 29, -32.352695
9, 30, -28.572596
9, 31, -68.000000
9, 32, -2.800117
9, 33, -1.653986
9, 34, -0.315068
9, 35, -0.759003
9, 36, -4.266690
9, 37, -45.213955
9, 38, -16.008829
9, 39, -4.082186
9, 40, 9.429579
9, 41, 5.245689
9, 43, -1.776701
9, 44, -27.764296
9, 45, -7.248934
9, 46, -18.049871
9, 47, 11.929619
9, 48, -15.748913
9, 50, 21.659830
10, 1, 8.905477
10, 2, -44.578865
10, 3, -24.537497
10, 4, -5.064637
10, 5, 3.652116
10, 6, 6.203733
10, 7, -17.182042
10, 8, -10.484568
10, 9, -11.253954
10, 10, -2.506650
10, 13, 13.336043
10, 14, 0.485625
10, 16, -2.862477
10, 18, 99999.000000
10, 19, -41.601880
10, 20, -16.686973
10, 21, -38.026988
10, 22, 26.532641
10, 23, -7.051630
10, 24, -24.728267
10, 25, -26.569996
10, 26, -18.681027
10, 27, 13.217249
10, 29, -32.884675
10, 30, -28.078489
10, 32, -3.297563
10, 33, 2.700472
10, 34, 1.197163
10, 35, 0.165818
10, 36, -5.721923
10, 37, -44.726719
10, 38, -13.817994
10, 40, 11.189497
10, 41, 1.722957
10, 42, -54.485350
10, 43, 47.000000
10, 45, -6.032121
10, 46, -17.893469
10, 47, 14.600051
10, 48, -17.030580
10, 49, -1.771153
10, 50, 21.464886
11, 1, 9.830186
11, 2, -44.751505
11, 3, -24.869081
11, 4, -3.794642
11, 5, 4.236597
11, 6, 6.030094
11, 7, -17.020798
11, 8, -5.881500
11, 9, 11.410990
11, 10, -3.040572
11, 11, -29.993134
11, 12, -16.000000
11, 13, 13.516194
11, 14, -3.523955
11, 15, 0.000000
11, 16, -16.983457
11, 17, -2.899091
11, 20, -14.257487
11, 21, -36.036179
11, 22, 11.913160
11, 23, -7.544623
11, 24, -24.169709
11, 25, -26.924264
11, 26, -11.816337
11, 27, 16.437225
11, 28, 9.514263
11, 30, -27.765027
11, 32, -4.187099
11, 33, 5.983291
11, 34, 2.181271
11, 35, 0.739477
11, 36, -6.719033
11, 37, -44.303718
11, 38, -11.282768
11, 39, 5.503182
11, 40, 14.036462
11, 41, -1.692551
11, 42, -54.756260
11, 44, 0.774244
11, 45, -4.986462
11, 46, -17.915053
11, 47, 16.604482
11, 48, -18.657466
11, 49, -0.834456
11, 50, 21.406598
12, 1, 11.343910
12, 2, -45.026466
12, 3, -25.301675
12, 4, -1.641224
12, 6, 5.403572
12, 7, -16.879545
12, 8, -1.931159
12, 9, -6.568730
12, 10, -3.248840
12, 11, -29.551963
12, 13, 13.716273
12, 14, -8.029381
12, 15, 11.062757
12, 16, -1.652305
12, 17, -2.441619
12, 18, 7.494844
12, 19, -5.845759
12, 20, -11.720490
12, 21, -42.735210
12, 22, 19.257162
12, 23, -7.481330
12, 24, -23.584847
12, 25, -27.204938
12, 26, -11.825839
12, 27, 19.423289
12, 28, 9.485737
12, 29, 80.000000
12, 31, 18.725354
12, 32, -5.466157
12, 33, 7.828537
12, 37, -44.005478
12, 38, -8.551879
12, 39, 4.912048
12, 40, 17.553552
12, 41, -4.811828
12, 42, -55.048058
12, 43, -12.267727
12, 44, 0.015831
12, 45, -4.299774
12, 46, -18.044392
12, 47, 17.765174
12, 48, -20.346032
12, 49, 0.094879
13, 1, 13.334076
13, 2, -45.345786
13, 3, -25.773790
13, 4, 1.218460
13, 5, 38.869693
13, 6, 4.195274
13, 7, -16.777586
13, 8, 1.011012
13, 9, 12.143950
13, 11, -28.963321
13, 12, 99999.000000
13, 14, -12.806531
13, 15, 99999.000000
13, 16, -14.195890
13, 17, -1.852940
13, 18, 7.336349
13, 19, -5.151134
13, 20, -9.109291
13, 21, -37.787201
13, 22, 8.167993
13, 23, -7.000331
13, 24, -23.091973
13, 25, -27.217964
13, 26, -6.235286
13, 27, 22.076252
13, 30, -41.564980
13, 31, 18.274646
13, 32, -7.065651
13, 34, -3.467824
13, 35, 2.669033
13, 36, -44.034231
13, 37, -43.835138
13, 38, -5.779222
13, 39, 4.325319
13, 40, 21.225570
13, 41, -7.434820
13, 43, -13.137716
13, 44, -0.951364
13, 46, -18.174862
13, 48, -21.844546
13, 49, 0.840355
13, 50, 12.610755
14, 1, 15.656305
14, 2, -45.632150
14, 3, -26.213508
14, 4, 4.539879
14, 5, 37.801699
14, 6, 2.346064
14, 7, -16.667986
14, 8, 2.625302
14, 9, -2.847846
14, 10, 18.194603
14, 11, -28.325224
14, 12, 9.675254
14, 13, -20.806698
14, 14, -17.592785
14, 16, 99999.000000
14, 17, -1.259152
14, 18, 7.280600
14, 19, -4.402598
14, 20, -6.433902
14, 21, -44.843592
14, 22, 11.175717
14, 23, -6.261283
14, 24, -22.766076
14, 25, -26.817435
14, 26, -4.262981
14, 27, 24.345525
14, 28, -49.234617
14, 30, -53.781878
14, 32, -8.852680
14, 33, -39.491426
14, 34, -2.532176
14, 35, 3.839455
14, 36, -43.965769
14, 37, -43.825272
14, 38, -3.138822
14, 39, 3.847396
14, 40, 24.544601
14, 41, -9.471105
14, 42, 99999.000000
14, 43, -14.329511
14, 44, -1.938863
14, 46, -18.143957
14, 47, -20.095638
14, 48, -22.879882
14, 50, 11.355010
15, 1, 18.201090
15, 2, -45.835550
15, 3, -26.527316
15, 4, 8.145716
15, 5, 35.600552
15, 6, -0.133463
15, 7, -16.525541
15, 9, 12.763536
15, 10, 17.900464
15, 11, -27.741927
15, 12, -15.595340
15, 13, -20.336042
15, 14, -22.144246
15, 15, 99999.000000
15, 16, -7.150470
15, 18, 7.337938
15, 19, -3.766664
15, 20, -3.707646
15, 21, 99999.000000
15, 22, 3.073805
15, 23, -5.456650
15, 24, -22.642110
15, 25, -25.921109
15, 26, 0.185462
15, 27, 26.177266
15, 28, -48.973987
15, 29, 42.183240
15, 30, -41.175022
15, 31, -84.000000
15, 32, -10.660515
15, 33, -39.838085
15, 35, 5.802202
15, 37, -43.929238
15, 38, -0.807521
15, 39, 3.554184
15, 40, 27.046445
15, 41, -10.795176
15, 42, 40.000000
15, 43, -15.621364
15, 45, -1.769433
15, 46, -17.793137
15, 47, -20.062698
15, 49, 6.062014
15, 50, 9.159770
16, 1, 20.783521
16, 2, -45.894229
16, 3, -26.670918
16, 4, 11.863316
16, 5, 32.348943
16, 6, -3.147675
16, 7, -16.308019
16, 8, -28.392693
16, 10, 17.459442
16, 11, -27.287603
16, 12, 9.095983
16, 13, -20.022245
16, 14, -26.143035
16, 15, -40.192588
16, 16, -14.761160
16, 17, 53.742470
16, 20, -0.924969
16, 21, 17.280380
16, 22, 3.434373
16, 23, -4.760955
16, 24, -22.716987
16, 25, -24.518750
16, 26, 2.613348
16, 27, 27.564308
16, 28, -48.970406
16, 29, 41.521292
16, 30, -54.049135
16, 32, -12.327870
16, 33, -40.137889
16, 34, 2.000000
16, 35, 8.208189
16, 36, 66.000000
16, 38, 1.097050
16, 40, 28.397938
16, 41, -11.372445
16, 43, -16.755717
16, 44, 22.620824
16, 45, -1.911577
16, 46, -17.007133
16, 47, -20.167910
16, 48, -2.962597
16, 49, 5.397052
16, 50, 6.273792
17, 1, 23.258901
17, 2, -45.794882
17, 4, 15.540914
17, 5, 28.183909
17, 6, -6.573054
17, 7, -16.005206
17, 8, -28.796634
17, 9, -27.524187
17, 10, 16.910265
17, 11, -27.015672
17, 12, -14.898191
17, 13, -19.904337
17, 14, -29.331625
17, 15, -7.364413
17, 16, -8.570237
17, 17, 53.257530
17, 18, 18.704481
17, 19, 86.000000
17, 20, 1.911497
17, 21, 10.296893
17, 22, -2.134658
17, 23, -4.328037
17, 25, -22.702505
17, 26, 5.691685
17, 27, 28.516087
17, 28, -49.230427
17, 29, 40.877968
17, 30, -40.803130
17, 31, 99999.000000
17, 32, -13.678705
17, 33, -40.334979
17, 35, 10.631484
17, 38, 2.426674
17, 39, 17.711548
17, 42, -15.474944
17, 43, -17.510715
17, 44, 22.449946
17, 45, -1.847127
17, 46, -15.716333
17, 47, -20.399633
17, 48, -2.273049
17, 49, 4.350260
17, 50, 2.992702
18, 1, 25.430654
18, 2, -45.551943
18, 3, -73.000000
18, 4, 19.078436
18, 5, 23.256246
18, 6, -10.266774
18, 7, -15.647498
18, 8, -29.531832
18, 9, -26.762507
18, 10, 16.356305
18, 12, 8.516818
18, 13, -20.020766
18, 14, -31.468736
18, 15, -39.233921
18, 16, -15.592815
18, 18, 17.655494
18, 20, 4.775434
18, 21, 15.557168
18, 22, -2.277564
18, 24, -33.657690
18, 25, -20.575424
18, 26, 7.327176
18, 27, 29.083019
18, 29, 40.352948
18, 30, 99999.000000
18, 32, -14.517079
18, 34, 23.000000
18, 35, 12.646363
18, 36, 21.542789
18, 37, 73.000000
18, 38, 3.126438
18, 39, 16.967201
18, 40, -0.218263
18, 41, 47.650456
18, 42, -15.031794
18, 44, 22.165869
18, 45, -1.589865
18, 46, -13.923928
18, 47, -20.684180
18, 48, -1.457668
18, 49, 3.026192
18, 50, -0.372001
19, 1, 27.096090
19, 2, -45.213638
19, 4, 22.421723
19, 5, 17.799823
19, 6, -14.058240
19, 7, -15.278716
19, 8, -30.470199
19, 9, -26.015650
19, 10, 15.871695
19, 11, -6.382233
19, 13, -20.342178
19, 14, -32.401886
19, 15, -9.562603
19, 16, -12.330168
19, 17, -35.802234
19, 18, 16.367120
19, 19, 3.540078
19, 20, 7.585284
19, 21, 9.347942
19, 22, -5.484747
19, 23, -7.245526
19, 24, -34.342310
19, 25, -18.308613
19, 26, 8.678155
19, 27, 29.321405
19, 28, -8.228068
19, 29, 40.046180
19, 30, -57.383044
19, 31, -90.000000
19, 33, 23.070546
19, 35, 13.904162
19, 36, 21.457211
19, 38, 3.174768
19, 39, 15.042259
19, 40, 0.160534
19, 41, 47.251951
19, 42, -14.726595
19, 45, -1.179941
19, 46, -11.662149
19, 48, -0.667776
19, 49, 1.582257
19, 50, -3.519844
20, 1, 28.072652
20, 3, 62.000000
20, 4, 25.535713
20, 5, 12.078389
20, 6, -17.760238
20, 8, -31.445793
20, 10, 15.571239
20, 11, -6.804075
20, 15, -38.064291
20, 16, -18.505487
20, 17, -34.432112
20, 18, 15.037465
20, 19, 4.630986
20, 20, 10.277881
20, 21, 13.501333
20, 23, -7.143553
20, 25, -16.113098
20, 27, 29.293419
20, 28, -9.301751
20, 29, 40.018408
20, 30, -78.000000
20, 33, 23.005665
20, 34, 4.797298
20, 37, -37.280351
20, 39, 12.961114
20, 40, 0.751746
20, 41, 47.026192
20, 42, -14.602179
20, 43, 63.000000
20, 44, 2.878119
20, 46, -9.049781
20, 47, 28.829669
20, 49, 0.130170
20, 50, -6.158461
21, 2, 66.000000
21, 4, 28.404053
21, 5, 6.444360
21, 6, -21.146004
21, 7, -25.138349
21, 8, -32.284296
21, 11, -7.216443
21, 12, -33.677832
21, 13, -58.233912
21, 14, 19.548187
21, 15, -11.417241
21, 16, -17.543811
21, 17, -31.612470
21, 18, 13.869727
21, 19, 6.142776
21, 20, 12.790989
21, 21, 8.970041
21, 23, -7.045682
21, 25, -14.203582
21, 28, -11.026107
21, 31, -12.168121
21, 32, -13.000000
21, 33, 23.297637
21, 34, 17.195524
21, 35, 6.683998
21, 36, -27.056413
21, 37, -37.719649
21, 38, 12.977859
21, 39, 9.556117
21, 40, 1.449186
21, 41, 47.019596
21, 42, -14.669205
21, 43, 75.068462
21, 44, 1.778656
21, 45, 11.298979
21, 46, -6.268131
21, 47, 27.638734
21, 48, -41.480834
21, 49, -1.191988
21, 50, -8.036900
22, 1, -96.000000
22, 2, 99999.000000
22, 3, 35.192903
22, 4, 30.975845
22, 5, 1.242358
22, 6, -23.987068
22, 7, -24.555862
22, 10, -10.088381
22, 11, -7.538040
22, 12, -32.905968
22, 13, -57.766088
22, 14, 19.846841
22, 15, -37.364734
22, 16, -22.617722
22, 17, -27.621993
22, 18, 13.023976
22, 19, 7.771211
22, 20, 15.087803
22, 21, 12.199120
22, 22, 80.514263
22, 23, -6.982979
22, 24, -60.389647
22, 25, -12.785646
22, 26, 44.089409
22, 28, -13.148016
22, 31, -13.007889
22, 33, 23.940624
22, 34, 2.885832
22, 35, 7.496797
22, 36, -26.107623
22, 38, 12.857206
22, 39, 6.848047
22, 40, 2.184869
22, 42, -14.878149
22, 43, 99999.000000
22, 44, 0.307647
22, 45, 10.724183
22, 46, -3.527890
22, 47, 25.730881
22, 48, -41.050080
22, 49, -2.280232
22, 50, -8.955476
23, 3, 34.950361
23, 4, 33.213626
23, 5, -3.119314
23, 6, -26.090590
23, 7, -24.006809
23, 8, -0.121507
23, 9, -8.768991
23, 10, -9.340245
23, 11, -7.745179
23, 12, -31.711082
23, 14, 20.323840
23, 16, -22.697189
23, 17, -22.834305
23, 18, 12.650120
23, 19, 9.213094
23, 20, 17.150945
23, 21, 9.560222
23, 22, 80.485737
23, 23, -6.941336
23, 24, -60.199505
23, 25, -12.021323
23, 26, 43.824978
23, 28, -15.453087
23, 30, 18.086504
23, 31, -14.585563
23, 32, 91.000000
23, 33, 24.914384
23, 34, 15.734621
23, 35, 8.796104
23, 36, -24.281389
23, 37, 76.000000
23, 38, 12.831809
23, 39, 2.105839
23, 40, 2.875247
23, 41, 24.098980
23, 42, -15.148531
23, 43, 6.693171
23, 44, -1.321886
23, 45, 10.177214
23, 46, -1.085048
23, 47, 23.315344
23, 48, -40.786428
23, 49, -3.022688
24, 1, 16.406489
24, 2, -73.000000
24, 3, 34.921442
24, 4, 35.074669
24, 5, -6.263942
24, 6, -27.256146
24, 7, -23.621902
24, 8, 0.273118
24, 9, -9.884323
24, 10, -8.370832
24, 11, -7.808574
24, 12, -30.267429
24, 13, 33.000000
24, 14, 20.897018
24, 15, -2.080172
24, 16, -26.343303
24, 17, -17.688711
24, 19, 10.179227
24, 20, 18.992622
24, 21, 12.029165
24, 24, -60.136508
24, 26, 43.514729
24, 27, -31.913968
24, 28, -17.675578
24, 29, -54.016452
24, 30, 17.463626
24, 31, -16.711878
24, 33, 26.118762
24, 34, 0.840508
24, 35, 10.386998
24, 36, -21.697834
24, 37, 99999.000000
24, 38, 12.903407
24, 39, -0.489231
24, 40, 3.461981
24, 41, 24.933150
24, 42, -15.382201
24, 43, 28.409188
24, 44, -2.935171
24, 45, 9.776599
24, 46, 0.786649
24, 47, 20.640614
24, 49, -3.381946
24, 50, -62.000000
25, 1, 16.269683
25, 3, 35.139306
25, 4, 36.487279
25, 5, -7.872965
25, 7, -23.476554
25, 8, 0.590338
25, 9, -11.933281
25, 10, -7.371175
25, 11, -7.732116
25, 12, -28.785050
25, 15, -2.322151
25, 16, -25.908972
25, 17, -12.643608
25, 18, 14.000000
25, 20, 20.615668
25, 21, 10.887227
25, 22, -12.295381
25, 24, -60.189888
25, 25, 25.000000
25, 27, -31.133784
25, 28, -19.604568
25, 29, -54.179737
25, 30, 16.530772
25, 31, -19.141918
25, 33, 27.461083
25, 34, 99999.000000
25, 35, 12.118763
25, 36, -18.526638
25, 38, 13.053978
25, 39, -6.766601
25, 40, 3.862381
25, 41, 25.797567
25, 42, -15.467602
25, 43, 9.384528
25, 44, -4.389542
25, 46, 1.865473
25, 47, 17.985436
25, 48, -14.725878
26, 1, 16.161420
26, 2, -51.119808
26, 3, 35.583773
26, 4, 37.405487
26, 6, 10.421921
26, 8, 0.765343
26, 9, -14.726793
26, 10, -6.525745
26, 11, -7.521817
26, 12, -27.453722
26, 13, 54.806024
26, 14, -56.244816
26, 15, -2.594411
26, 17, -8.191137
26, 19, -28.252576
26, 20, 22.079441
26, 21, 12.719121
26, 22, -12.080399
26, 23, -3.267637
26, 24, -60.379184
26, 26, -24.405232
26, 27, -30.406336
26, 28, -21.065174
26, 29, -54.492462
26, 30, 15.391977
26, 31, -21.569326
26, 32, -44.000000
26, 33, 28.798717
26, 34, 33.698122
26, 35, 13.781550
26, 36, -14.964250
26, 39, -8.333158
26, 41, 26.531394
26, 42, -15.333054
26, 43, 28.777510
26, 44, -5.573310
26, 47, 15.598629
26, 48, -14.346329
26, 49, 38.000000
26, 50, -34.985868
27, 1, 16.107919
27, 2, -50.880192
27, 3, 36.167465
27, 4, 37.778276
27, 5, -13.306670
27, 6, 10.268663
27, 7, 20.342508
27, 9, -17.996946
27, 10, -5.955680
27, 12, -26.431002
27, 13, 55.193976
27, 14, -56.475089
27, 15, -2.868576
27, 16, -19.733601
27, 17, -4.794878
27, 18, -6.724514
27, 19, -27.160816
27, 20, 23.442858
27, 21, 12.406248
27, 22, -12.231440
27, 23, -2.357627
27, 24, -60.637639
27, 25, -56.000000
27, 26, -24.587941
27, 27, -29.898700
27, 28, -21.965839
27, 29, -54.883039
27, 30, 14.170724
27, 31, -23.715848
27, 32, -50.034231
27, 33, 30.013259
27, 34, 12.612932
27, 35, 15.234338
27, 36, -11.210739
27, 37, 9.554997
27, 38, -17.878219
27, 39, -16.314949
27, 40, -27.891467
27, 42, -14.926837
27, 43, 14.612126
27, 44, -6.418002
27, 45, -25.128123
27, 46, 7.867445
27, 47, 13.720601
27, 48, -14.123604
27, 50, -34.037997
28, 3, 36.773653
28, 5, -17.630732
28, 6, 10.016258
28, 7, 20.943776
28, 8, -22.137722
28, 9, -21.451031
28, 12, -25.864585
28, 14, -56.891331
28, 16, -19.166938
28, 17, -2.836581
28, 18, -7.325056
28, 19, -25.409155
28, 20, 24.784990
28, 21, 13.720298
28, 22, -12.733836
28, 23, -0.663580
28, 24, -60.932089
28, 26, -25.020711
28, 27, -29.714340
28, 28, -22.226914
28, 29, -55.298082
28, 30, 12.961788
28, 31, -25.344585
28, 32, 99999.000000
28, 33, 30.921677
28, 34, 33.100486
28, 35, 16.382496
28, 36, -7.501092
28, 37, 10.445003
28, 38, -18.279157
28, 39, -15.599680
28, 40, -27.285690
28, 41, -35.823983
28, 42, -14.220618
28, 43, 30.536199
28, 44, -6.924606
28, 45, -25.385255
28, 46, 7.312562
28, 47, 12.580042
28, 48, -14.132702
28, 49, -81.034231
28, 50, -32.551272
29, 1, 4.411340
29, 5, -11.095770
29, 6, 9.735058
29, 7, 21.599622
29, 8, -22.862278
29, 9, -24.797802
29, 10, 24.994815
29, 11, 50.314860
29, 13, 99999.000000
29, 15, 99999.000000
29, 16, -18.629216
29, 18, -8.041491
29, 19, -23.194542
29, 20, 26.171161
29, 21, 13.546097
29, 22, -13.530866
29, 23, 1.600470
29, 24, -61.186842
29, 25, 18.773113
29, 26, -25.665311
29, 27, -29.888333
29, 30, 11.883557
29, 31, -26.226569
29, 32, -1.924565
29, 34, 13.596355
29, 35, 17.170212
29, 36, -4.059935
29, 38, -19.075662
29, 39, -25.316187
29, 40, -26.864770
29, 41, -35.681347
29, 42, -13.231599
29, 43, 20.154807
29, 44, -7.086815
29, 45, -25.785600
29, 46, 6.885699
29, 48, -14.371828
29, 49, -80.965769
29, 50, -30.717787
30, 1, 3.207416
30, 2, -33.065455
30, 3, 16.675126
30, 4, 18.492621
30, 5, -16.162782
30, 6, 9.481931
30, 9, -27.728310
30, 10, 25.684323
30, 11, 49.287998
30, 12, 42.475487
30, 13, -12.904090
30, 14, 30.829277
30, 15, 12.559904
30, 16, -18.264958
30, 17, 5.386968
30, 19, -20.726501
30, 20, 27.620679
30, 22, -14.491032
30, 23, 4.185409
30, 25, 19.111419
30, 26, -26.460435
30, 28, -5.623861
30, 29, -10.054804
30, 30, 11.000202
30, 32, -8.114103
30, 33, -62.000000
30, 34, 32.987030
30, 35, 17.566725
30, 36, -1.118057
30, 37, 10.066004
30, 38, -20.125356
30, 39, -20.967876
30, 40, -26.722846
30, 41, -35.740176
30, 42, -12.051949
30, 43, 32.781109
30, 45, -26.234972
30, 47, 24.068462
30, 48, -14.864070
30, 50, -28.672350
31, 1, 1.500505
31, 2, -32.688938
31, 3, 15.968526
31, 4, 17.951660
31, 5, -8.833252
31, 6, 9.364374
31, 7, -44.131925
31, 8, 13.068685
31, 9, -29.955038
31, 10, 26.438305
31, 11, 47.037479
31, 12, 41.861387
31, 13, 14.054686
31, 14, 30.664164
31, 15, 2.000000
31, 16, -18.187134
31, 17, 6.394678
31, 18, 63.000000
31, 19, -18.211441
31, 20, 29.075682
31, 21, 1.235426
31, 22, -15.443285
31, 23, 6.831364
31, 24, -53.934615
31, 25, 19.713196
31, 26, -27.375608
31, 28, -5.716596
31, 29, -9.490292
31, 30, 10.360715
31, 31, -69.000000
31, 32, -1.673142
31, 34, 14.718010
31, 35, 17.602298
31, 36, 1.096922
31, 37, 9.018924
31, 38, -21.257335
31, 39, -32.098861
31, 42, -10.757860
31, 43, 23.567114
31, 44, -85.000000
31, 45, -26.667247
31, 46, -34.337403
31, 47, 23.931538
31, 48, -15.526519
31, 50, -26.564883
32, 1, -0.401733
32, 2, -31.738848
32, 3, 15.024661
32, 4, 17.684409
32, 5, -15.736923
32, 6, 9.403147
32, 7, -43.593732
32, 8, 12.684537
32, 9, -31.260063
32, 10, 27.103201
32, 11, 43.794179
32, 12, 40.636828
32, 13, -9.911858
32, 14, 30.720134
32, 16, -18.429717
32, 17, 7.862540
32, 19, -15.812360
32, 20, 30.450906
32, 21, -0.159760
32, 22, -16.223252
32, 23, 9.294631
32, 24, -54.148160
32, 25, 20.479501
32, 26, -28.293980
32, 28, -5.801163
32, 29, -9.004291
32, 30, 10.022569
32, 31, 99999.000000
32, 33, -49.000000
32, 35, 17.328844
32, 36, 2.391881
32, 37, 7.861476
32, 38, -22.282517
32, 39, -23.133980
32, 40, -9.963663
32, 42, -9.506882
32, 46, -34.662597
32, 48, -16.296676
32, 49, 7.253629
32, 50, -24.521210
33, 1, -2.216527
33, 2, -30.289574
33, 3, 13.974107
33, 4, 17.779181
33, 5, -7.865320
33, 6, 9.621389
33, 7, -43.018481
33, 8, 11.833920
33, 11, 39.903384
33, 12, 38.944973
33, 13, 15.360862
33, 14, 31.027548
33, 15, 55.000000
33, 16, -18.975174
33, 17, 9.523774
33, 18, -21.188270
33, 19, -13.636150
33, 20, 31.652150
33, 21, -2.065557
33, 22, -16.685544
33, 23, 11.321731
33, 24, -54.378280
33, 25, 21.269652
33, 26, -29.144023
33, 27, -17.919999
33, 28, -5.902906
33, 29, -8.728370
33, 31, -14.268941
33, 32, -6.091878
33, 34, 11.000000
33, 35, 16.854278
33, 37, 6.807606
33, 38, -23.028777
33, 39, -35.051421
33, 40, -9.357874
33, 42, -8.443142
33, 45, 17.810883
33, 47, -62.404768
33, 48, -17.068491
33, 49, 6.533367
33, 50, -22.666660
34, 1, -3.691246
34, 2, -28.416962
34, 3, 13.003426
34, 4, 18.248014
34, 5, 99999.000000
34, 6, 9.959917
34, 8, 10.562439
34, 9, -58.134992
34, 10, -21.546558
34, 11, 35.783668
34, 12, 36.933780
34, 13, -6.309513
34, 14, 31.534499
34, 16, -19.736863
34, 17, 11.094609
34, 18, -20.811730
34, 19, -11.762229
34, 20, 32.535561
34, 21, -4.228334
34, 23, 12.774737
34, 24, -54.574556
34, 26, -29.809628
34, 27, -17.428803
34, 28, -6.032732
34, 29, -8.735025
34, 30, 4.000000
34, 31, -55.000000
34, 32, -5.856565
34, 33, 21.685418
34, 35, 16.293375
34, 36, 12.579604
34, 37, 6.067643
34, 39, 99999.000000
34, 40, -8.733331
34, 41, 16.000000
34, 42, -7.734447
34, 43, -25.285753
34, 44, 41.153975
34, 45, 17.439222
34, 46, 85.000000
34, 47, -95.982885
34, 48, -17.723533
34, 49, 5.289543
34, 50, -21.076050
35, 1, -4.634217
35, 2, -26.246633
35, 3, 12.241605
35, 4, 19.055642
35, 5, 36.000000
35, 7, -25.363584
35, 8, 8.948259
35, 9, -58.006299
35, 10, -22.020261
35, 11, 31.919277
35, 12, 34.801685
35, 13, 16.933621
35, 14, 32.164489
35, 15, -90.000000
35, 17, 12.291616
35, 19, -10.191101
35, 21, -6.428971
35, 22, -34.573885
35, 23, 13.550707
35, 24, -54.701163
35, 25, -15.411570
35, 27, -16.771649
35, 28, -6.249396
35, 29, -9.065533
35, 32, -5.546722
35, 33, 21.314582
35, 34, -25.060254
35, 35, 15.745734
35, 36, 14.038727
35, 38, 12.371895
35, 39, -11.757856
35, 40, -8.179040
35, 41, 25.051346
35, 43, -25.450049
35, 44, 41.235099
35, 45, 17.274010
35, 47, -61.423021
35, 48, -18.133522
35, 49, 3.726212
35, 50, -19.842194
36, 1, -4.972393
36, 2, -23.934606
36, 3, 11.795049
36, 4, 20.103383
36, 6, -93.000000
36, 7, -42.743268
36, 8, 7.036869
36, 9, -57.979349
36, 10, -23.060939
36, 11, 28.753828
36, 12, 32.768718
36, 15, 99999.000000
36, 18, -8.936445
36, 19, -8.917559
36, 20, -25.578797
36, 21, -8.476106
36, 22, -33.847802
36, 23, 13.678088
36, 25, -15.588430
36, 26, -60.238474
36, 27, -16.074381
36, 28, -6.555601
36, 29, -9.729587
36, 30, -10.085577
36, 31, 15.070138
36, 32, -5.169578
36, 34, -25.237137
36, 35, 15.281527
36, 36, 16.389116
36, 37, 0.000000
36, 38, 11.543652
36, 39, 20.549496
36, 40, -7.759990
36, 41, 99999.000000
36, 42, 6.549758
36, 43, -25.716763
36, 44, 41.370226
36, 45, 17.364317
36, 46, -12.135899
36, 47, 99999.000000
36, 49, 2.051970
36, 50, -18.976183
37, 1, -4.743756
37, 2, -21.645130
37, 4, 21.244150
37, 5, -13.000000
37, 7, -23.926882
37, 8, 4.927079
37, 10, -24.469673
37, 11, 26.713630
37, 12, 31.046157
37, 13, 12.890699
37, 14, -25.372454
37, 15, 26.435985
37, 16, -43.000000
37, 17, -21.688934
37, 18, -8.063555
37, 19, -7.884874
37, 20, -26.126796
37, 21, -10.255911
37, 22, -32.534750
37, 23, 13.235721
37, 24, 45.869573
37, 26, -60.218454
37, 27, -15.498917
37, 28, -6.949066
37, 29, -10.695646
37, 30, -9.914423
37, 31, 15.531261
37, 32, -4.747318
37, 33, 5.594933
37, 34, -25.834634
37, 35, 14.987560
37, 36, 19.281928
37, 38, 10.777919
37, 39, -9.881924
37, 40, -7.490778
37, 41, 99999.000000
37, 42, 6.693415
37, 44, 41.539514
37, 45, 17.801885
37, 46, 48.068462
37, 47, -80.000000
37, 48, 8.612049
37, 49, 0.522513
37, 50, -18.539022
38, 1, -4.094541
38, 2, -19.530503
38, 4, 22.334748
38, 6, 3.960592
38, 7, 99999.000000
38, 8, 2.675211
38, 10, -26.022189
38, 12, 29.840323
38, 13, 13.943368
38, 14, -27.547942
38, 15, 1.746070
38, 17, -21.419373
38, 19, -7.012335
38, 20, -26.896396
38, 21, -11.638488
38, 22, -30.760514
38, 23, 12.379761
38, 24, 46.039053
38, 25, -30.939418
38, 26, -60.349193
38, 28, -7.390617
38, 29, -11.854323
38, 31, 16.015967
38, 32, -4.283707
38, 33, 6.405067
38, 34, -26.760336
38, 35, 14.874603
38, 36, 22.337767
38, 37, -4.034174
38, 38, 10.225522
38, 39, 18.182932
38, 40, -7.384903
38, 42, 7.301989
38, 43, 62.000000
38, 44, 41.701496
38, 45, 18.572505
38, 46, -13.524710
38, 48, 9.387951
38, 49, -0.633080
39, 1, -3.236430
39, 2, -17.744669
39, 3, 74.567136
39, 4, 23.241081
39, 5, 26.876561
39, 6, 3.737519
39, 7, 10.319233
39, 8, 0.389169
39, 9, 13.194302
39, 10, -27.451860
39, 12, 29.291615
39, 13, 15.658968
39, 14, -23.880338
39, 15, 24.464212
39, 16, 9.710508
39, 17, -21.102166
39, 18, 84.000000
39, 19, -6.251583
39, 20, -27.726897
39, 21, -12.573073
39, 22, -28.637487
39, 23, 11.292520
39, 24, 46.440102
39, 25, -25.360223
39, 26, -60.632097
39, 27, -9.941158
39, 28, -7.870530
39, 29, -13.114487
39, 30, 35.490819
39, 32, -3.810676
39, 34, -27.857023
39, 35, 14.975533
39, 36, 25.130518
39, 37, -3.726161
39, 38, 10.022561
39, 39, -7.280062
39, 41, -46.941079
39, 42, 8.437811
39, 44, 41.841060
39, 45, 19.680875
39, 46, 99999.000000
39, 49, -1.244489
40, 1, -2.422695
40, 2, -16.385545
40, 3, 74.368785
40, 4, 23.845673
40, 5, 26.621429
40, 6, 3.553526
40, 7, 1.201081
40, 8, -1.839196
40, 9, 13.316987
40, 10, -28.500252
40, 11, -87.000000
40, 13, 17.823065
40, 14, -26.526202
40, 15, 0.598986
40, 16, 9.533781
40, 17, -20.850653
40, 19, -5.583240
40, 20, -28.441888
40, 21, -13.016382
40, 22, -26.329911
40, 23, 10.220265
40, 24, 46.992023
40, 25, -30.568270
40, 27, -8.863974
40, 28, -8.357065
40, 29, -14.306807
40, 30, 34.548668
40, 31, -66.506514
40, 32, -3.346077
40, 33, -95.000000
40, 34, -28.943599
40, 35, 15.265803
40, 36, 27.291714
40, 37, -3.026778
40, 38, 10.217234
40, 39, 15.466642
40, 40, -30.839259
40, 41, -46.547177
40, 42, 10.167875
40, 43, -12.286056
40, 45, 21.015674
40, 46, -23.891602
40, 47, -33.020918
40, 48, 0.109246
40, 50, 27.703331
41, 1, -1.842794
41, 2, -15.476094
41, 3, 74.243878
41, 4, 24.088380
41, 5, 26.403508
41, 7, 8.132295
41, 8, -3.907925
41, 9, 13.457151
41, 11, 99999.000000
41, 12, -5.031479
41, 13, 20.228633
41, 14, -21.436675
41, 15, 21.157580
41, 16, 9.537586
41, 17, -20.739116
41, 18, 54.073328
41, 19, -5.010358
41, 20, -28.906044
41, 22, -23.937735
41, 23, 9.314709
41, 25, 99999.000000
41, 26, 85.000000
41, 27, -6.601155
41, 28, -8.830484
41, 29, -15.286464
41, 30, 33.112721
41, 31, -66.317611
41, 32, -2.951138
41, 34, -29.830453
41, 35, 15.747036
41, 36, 28.499754
41, 37, -1.982738
41, 38, 10.805147
41, 39, -4.666168
41, 40, -30.199378
41, 41, -46.197455
41, 42, 12.518653
41, 43, -12.713944
41, 44, 12.978419
41, 45, 22.426770
41, 46, -43.000000
41, 47, -32.912593
41, 48, 0.272699
41, 49, 26.923702
41, 50, 28.296669
42, 2, -15.021658
42, 5, 26.245921
42, 6, -12.072093
42, 7, 0.006000
42, 8, -5.758567
42, 9, 13.574246
42, 11, 20.783204
42, 12, -4.274847
42, 13, 22.702611
42, 14, -25.635391
42, 15, -1.901386
42, 16, 9.713134
42, 17, -20.831453
42, 18, 52.724885
42, 19, -4.585807
42, 21, 99999.000000
42, 22, -21.574961
42, 23, 8.745418
42, 24, 7.000000
42, 25, -22.670355
42, 26, 50.806024
42, 27, -3.338904
42, 28, -9.236437
42, 29, -15.907700
42, 30, 31.360988
42, 31, -66.082763
42, 32, -2.668089
42, 33, -4.000643
42, 35, 16.349923
42, 37, -0.668392
42, 38, 11.734955
42, 39, 14.132535
42, 40, -29.777689
42, 41, -45.947443
42, 42, 15.455455
42, 44, 12.917768
42, 45, 23.740486
42, 47, -32.996973
42, 48, 0.516180
42, 49, 25.999215
43, 1, 9.542698
43, 2, -14.954631
43, 3, 42.462916
43, 4, 14.574820
43, 5, 26.162497
43, 6, -12.709899
43, 7, 5.458700
43, 8, -7.336376
43, 9, 13.675173
43, 10, 11.681448
43, 11, 59.000000
43, 12, -3.292174
43, 13, 25.081582
43, 14, -18.661792
43, 15, 17.985920
43, 16, 10.027890
43, 17, -21.174143
43, 18, 53.472829
43, 20, 85.925833
43, 21, 13.776786
43, 22, -19.311418
43, 23, 8.552992
43, 25, -21.422790
43, 26, 99999.000000
43, 27, 0.728142
43, 28, -9.562953
43, 30, 29.551202
43, 31, -65.854117
43, 32, -2.571772
43, 33, -45.419738
43, 34, -54.228207
43, 35, 17.027863
43, 36, -38.402879
43, 37, 0.871548
43, 38, 12.936381
43, 39, -2.842285
43, 40, -29.653876
43, 42, 18.877545
43, 43, -14.383431
43, 44, 12.763073
43, 45, 24.802713
43, 46, -59.000000
43, 48, 0.783762
43, 49, 24.936900
43, 50, -81.000000
44, 1, 8.791968
44, 2, -15.140387
44, 3, 42.537084
44, 4, 14.820387
44, 6, -13.974736
44, 7, -0.410602
44, 8, -8.568221
44, 9, 13.783568
44, 10, 12.286012
44, 12, -2.259550
44, 13, 27.276483
44, 14, -25.049446
44, 15, -4.317576
44, 17, -21.801767
44, 18, 52.509693
44, 19, -88.000000
44, 20, 86.074167
44, 21, 1.585003
44, 22, -17.226198
44, 23, 8.718337
44, 24, 0.273848
44, 25, -21.342025
44, 26, 59.097023
44, 27, 5.321719
44, 28, -9.762987
44, 29, 3.770995
44, 30, 27.897175
44, 31, -65.683802
44, 32, -2.699896
44, 33, -1.353413
44, 34, -53.771793
44, 35, 17.676105
44, 36, -37.855634
44, 37, 2.564026
44, 38, 14.280607
44, 40, -29.842436
44, 41, 11.241594
44, 42, 22.621471
44, 43, -13.665642
44, 44, 12.483393
44, 45, 25.438224
44, 47, -7.058417
44, 49, 23.950630
44, 50, 99999.000000
45, 1, 7.590647
45, 2, -15.455346
45, 4, 15.626301
45, 5, 30.211889
45, 6, -15.756198
45, 7, 3.950668
45, 8, -9.422651
45, 9, 13.914571
45, 10, 13.373767
45, 11, -12.931471
45, 12, -1.410058
45, 13, 29.196764
45, 14, -16.231353
45, 15, 16.297879
45, 16, -41.114103
45, 17, -22.666901
45, 18, 53.478711
45, 21, 10.528586
45, 22, -15.346329
45, 23, 9.135207
45, 24, -0.273848
45, 25, -19.785971
45, 26, 53.343108
45, 27, 10.140050
45, 28, -9.842076
45, 29, 3.229005
45, 30, 26.620004
45, 31, -65.625208
45, 32, -3.095707
45, 33, -44.709874
45, 35, 18.249694
45, 36, -37.227804
45, 37, 4.343970
45, 38, 15.671569
45, 40, -30.278511
45, 41, 11.222520
45, 42, 26.501637
45, 43, -12.147371
45, 44, 12.120241
45, 46, -31.007609
45, 47, -6.148072
45, 48, 59.136924
45, 49, 23.241964
45, 50, 4.520766
46, 1, 6.134400
46, 2, -15.776964
46, 4, 16.883714
46, 5, 30.788111
46, 6, -17.845054
46, 7, 0.561968
46, 8, -9.892491
46, 9, 14.071301
46, 10, 14.748544
46, 11, -12.087256
46, 13, 30.828411
46, 14, -24.882347
46, 15, 99999.000000
46, 16, -40.885897
46, 17, -23.663149
46, 18, 99999.000000
46, 19, 5.052144
46, 20, 65.098906
46, 21, -0.955697
46, 22, -13.713797
46, 23, 9.687377
46, 25, -17.796609
46, 26, 59.516061
46, 27, 14.838097
46, 28, -9.799799
46, 30, 25.901349
46, 31, -65.699871
46, 32, -3.752125
46, 33, 1.521797
46, 34, -52.572548
46, 35, 18.642699
46, 36, -36.648372
46, 37, 6.128534
46, 38, 16.976410
46, 40, -30.882373
46, 41, 11.559976
46, 42, 30.258819
46, 43, -10.059463
46, 44, 11.693806
46, 45, -73.000000
46, 46, -31.072732
46, 47, -5.094113
46, 48, 58.863076
46, 50, 89.000000
47, 1, 4.621353
47, 2, -16.022696
47, 3, 10.459020
47, 4, 18.403886
47, 6, -20.065508
47, 7, 4.202464
47, 8, -9.977017
47, 9, 14.288314
47, 10, 16.230421
47, 11, -11.135261
47, 12, 52.000000
47, 13, 32.138004
47, 14, -14.953246
47, 15, 24.907919
47, 17, -24.658531
47, 18, -54.000000
47, 19, 5.947856
47, 20, 65.250039
47, 21, 5.687540
47, 22, -12.344073
47, 23, 10.193419
47, 24, -33.000000
47, 25, -16.197554
47, 27, 19.086064
47, 28, -9.680633
47, 29, 99999.000000
47, 31, -65.901370
47, 32, -4.613455
47, 33, 99999.000000
47, 34, -52.549047
47, 37, 7.850322
47, 38, 18.089581
47, 39, -4.675735
47, 40, -31.532911
47, 41, 12.223768
47, 42, 33.643381
47, 43, -7.703144
47, 44, 11.268939
47, 46, -31.162415
47, 47, -4.125313
47, 49, 23.807535
48, 1, 3.315450
48, 3, 10.042594
48, 4, 19.917570
48, 5, -28.834299
48, 6, -22.154557
48, 7, 2.391314
48, 8, -9.734383
48, 9, 14.544589
48, 10, 17.614808
48, 11, -10.235342
48, 12, 75.131219
48, 13, 33.139367
48, 14, 99999.000000
48, 15, -47.000000
48, 16, -52.152980
48, 17, -25.518943
48, 20, 65.482027
48, 21, -4.087280
48, 22, -11.288954
48, 23, 10.546503
48, 25, -13.588734
48, 26, -92.000000
48, 27, 22.541531
48, 30, -62.840561
48, 32, -5.567800
48, 33, 18.036214
48, 34, -52.742328
48, 35, -14.845163
48, 36, -10.011045
48, 37, 9.409192
48, 38, 18.935043
48, 39, -5.802199
48, 41, 13.111160
48, 42, 36.420079
48, 43, -5.450864
48, 44, 10.898243
48, 45, 38.608350
48, 46, -31.272977
48, 47, -3.408284
48, 48, -34.145682
48, 49, 23.640641
48, 50, 35.470547
49, 1, 2.383621
49, 2, 99999.000000
49, 3, 9.560439
49, 4, 21.187656
49, 5, -28.306314
49, 6, -23.880762
49, 7, 5.491920
49, 8, -9.258272
49, 9, 14.790088
49, 10, 18.726348
49, 11, -9.568728
49, 12, 99999.000000
49, 13, 33.843431
49, 14, -49.165450
49, 16, -51.925035
49, 17, -26.134607
49, 18, -36.336605
49, 19, -31.388749
49, 21, 2.321072
49, 22, -10.553588
49, 24, -76.000000
49, 25, -12.638448
49, 27, 24.929632
49, 28, -18.399362
49, 29, 23.817435
49, 30, -62.562549
49, 31, 44.234710
49, 32, -6.498995
49, 33, -1.387951
49, 34, -53.111802
49, 35, -14.154837
49, 36, -10.881305
49, 37, 10.719442
49, 38, 19.438754
49, 39, -6.972764
49, 40, 22.457211
49, 41, 14.082882
49, 42, 38.376138
49, 43, -3.606828
49, 45, 38.018793
49, 48, -34.631318
49, 49, 23.442797
49, 50, 35.925035
50, 1, 1.977660
50, 2, 40.000000
50, 3, 9.115614
50, 4, 22.009559
50, 5, -27.912415
50, 6, -25.020321
50, 8, -8.682980
50, 10, 19.372312
50, 12, 83.000000
50, 13, 34.229437
50, 14, -20.000000
50, 15, 61.000000
50, 16, -51.769860
50, 17, -26.425239
50, 18, -35.663395
50, 19, -31.611251
50, 20, 4.000000
50, 22, -10.161749
50, 23, 75.000000
50, 25, -10.795154
50, 26, 68.000000
50, 27, 26.035022
50, 28, -17.600638
50, 29, 24.182565
50, 30, -62.385606
50, 31, 44.765290
50, 32, -7.224752
50, 33, 18.934152
50, 34, -53.594075
50, 36, -11.866785
50, 37, 11.645050
50, 39, -7.959126
50, 40, 22.542789
50, 41, 14.938897
50, 42, 39.333028
50, 43, -2.484773
50, 44, -53.000000
50, 45, 37.518851
50, 46, -72.000000
50, 47, -8.000000
50, 48, -35.259126
50, 49, 23.243717
50, 50, 36.452293
