1, 1, 33.000000
1, 3, -20.734712
1, 4, 6.139727
1, 6, 8.972216
1, 7, 5.855117
1, 8, 34.415329
1, 9, -29.910411
1, 10, -19.000000
1, 11, -3.431333
1, 12, 99999.000000
1, 13, -86.000000
1, 14, -58.082105
1, 15, -38.000000
1, 16, -0.025658
1, 18, -90.969211
1, 19, -46.766810
1, 20, -31.986756
1, 21, -8.617022
1, 22, -6.422082
1, 23, 12.358881
1, 24, 31.367468
1, 25, -33.564034
1, 27, 62.000000
1, 28, 3.242160
1, 29, -41.000000
1, 30, -28.786206
1, 32, -3.976498
1, 33, -30.298238
1, 34, -12.291238
1, 35, -11.859180
1, 37, -82.000000
1, 38, -87.000000
1, 39, 82.000000
1, 40, 1.657898
1, 41, 14.098719
1, 42, -29.434962
1, 43, -43.889413
1, 45, 2.990972
1, 46, -81.000000
1, 47, -9.681322
1, 49, 45.000000
1, 50, 11.423076
2, 2, 53.887508
2, 3, -20.769717
2, 4, 5.457689
2, 5, -41.219398
2, 6, 8.449167
2, 7, 5.929958
2, 8, 34.584671
2, 9, -39.713827
2, 11, -3.778445
2, 14, -57.917895
2, 16, 29.423135
2, 17, 6.957616
2, 19, -46.278542
2, 20, -31.449885
2, 21, -9.637430
2, 22, -16.734384
2, 23, 11.134960
2, 24, 31.099496
2, 25, -32.754801
2, 28, 3.478927
2, 30, -35.136295
2, 31, 24.350005
2, 32, -4.136716
2, 33, -29.740501
2, 34, -11.909984
2, 35, -11.116852
2, 36, -70.528224
2, 40, 0.952064
2, 41, 14.031383
2, 42, -29.258944
2, 43, -38.396776
2, 44, -15.111448
2, 45, 3.430044
2, 47, -8.782325
2, 48, -7.444611
2, 50, 11.640224
3, 1, -8.344642
3, 2, 7.701115
3, 3, -20.774377
3, 4, 4.459329
3, 5, -41.714057
3, 6, 7.778468
3, 7, 5.941320
3, 9, -29.376065
3, 11, -4.841224
3, 12, 30.346916
3, 13, 99999.000000
3, 15, -25.902500
3, 17, -43.660855
3, 19, -45.577219
3, 20, -30.944230
3, 21, -12.656143
3, 22, -7.727974
3, 23, 9.127250
3, 24, 31.076473
3, 25, -31.578624
3, 26, -28.990541
3, 27, -4.064502
3, 28, 3.662395
3, 29, 60.204610
3, 30, -28.317117
3, 31, 24.219020
3, 32, -4.110456
3, 33, -28.024124
3, 34, -11.065160
3, 35, -9.931024
3, 36, -70.471776
3, 37, -79.000000
3, 38, 41.743750
3, 39, 2.812356
3, 40, 0.047516
3, 41, 13.915540
3, 42, -29.197906
3, 43, -43.628585
3, 44, -16.024047
3, 45, 3.854796
3, 47, -6.997893
3, 48, -7.685264
3, 49, -51.965131
3, 50, 11.803830
4, 1, -7.925863
4, 2, 53.874821
4, 3, -20.736469
4, 4, 3.344739
4, 5, -42.310361
4, 6, 7.091185
4, 8, -31.322675
4, 9, -39.829433
4, 10, -95.000000
4, 11, -6.510586
4, 12, 30.129321
4, 14, 9.706559
4, 15, -26.097500
4, 17, 7.899483
4, 19, -44.783937
4, 20, -30.588550
4, 21, -15.044935
4, 23, 6.561621
4, 24, 31.310834
4, 25, -30.218958
4, 26, -13.523191
4, 27, -3.160061
4, 29, 60.384778
4, 31, 24.321021
4, 32, -3.905756
4, 33, -25.215488
4, 34, -9.794244
4, 35, -8.442982
4, 38, 41.256250
4, 39, 1.904038
4, 40, -0.884568
4, 43, -37.793034
4, 44, -17.675737
4, 45, 4.184232
4, 47, -4.494090
4, 48, -7.897172
4, 49, -52.001402
4, 50, 11.880905
5, 1, -7.154820
5, 2, 5.549953
5, 3, -20.646033
5, 4, 2.335390
5, 5, -42.898183
5, 6, 6.515174
5, 7, 7.026072
5, 8, -30.073640
5, 11, -8.609739
5, 12, 29.883580
5, 13, 13.753040
5, 14, 9.745389
5, 19, -43.962996
5, 21, -19.546232
5, 23, 3.729149
5, 24, 31.753648
5, 25, -28.893810
5, 26, -28.040728
5, 27, -1.486469
5, 29, 60.657171
5, 31, 24.646541
5, 32, -3.582845
5, 33, -21.446607
5, 34, -8.175920
5, 35, -6.797961
5, 36, 0.387395
5, 39, 0.627751
5, 40, -1.702730
5, 41, 14.195726
5, 43, -43.862211
5, 44, -19.829546
5, 45, 4.346615
5, 47, -1.477246
5, 49, -52.170721
5, 50, 11.867685
6, 1, -6.164320
6, 3, -20.509937
6, 5, -43.357232
6, 6, 6.132585
6, 7, 6.178139
6, 8, -27.615809
6, 10, 0.488420
6, 11, -10.907144
6, 13, 13.525936
6, 14, 9.203855
6, 16, -29.272308
6, 19, -43.195811
6, 20, -23.385017
6, 21, -21.984562
6, 23, 0.883113
6, 24, 32.316599
6, 25, -27.762667
6, 26, -15.234387
6, 27, 0.814330
6, 31, 25.146771
6, 32, -3.217604
6, 33, -16.922940
6, 34, -6.299033
6, 35, -5.116608
6, 36, -0.170989
6, 38, -19.095991
6, 39, -0.796544
6, 40, -2.285888
6, 41, 13.133203
6, 42, -64.178321
6, 43, -37.418497
6, 44, -22.190857
6, 47, 1.854540
6, 49, -52.432212
7, 1, -5.136965
7, 3, -20.353895
7, 4, -21.174145
7, 6, 5.967770
7, 7, 5.226603
7, 8, -24.155313
7, 10, -0.111905
7, 11, -13.116210
7, 12, 28.342423
7, 13, 13.343168
7, 14, 8.014710
7, 16, -4.000917
7, 18, 26.215198
7, 19, -42.553391
7, 20, -22.369321
7, 21, -27.387898
7, 22, 33.427006
7, 23, -1.745791
7, 25, -26.950227
7, 26, -25.581878
7, 27, 3.595094
7, 29, -31.719305
7, 31, 25.728592
7, 32, -2.924692
7, 33, -11.940147
7, 34, -4.295439
7, 35, -3.519816
7, 36, -1.252853
7, 38, -18.576431
7, 39, -2.136932
7, 40, -2.527856
7, 41, 11.112052
7, 42, -64.003789
7, 44, -24.427665
7, 46, -18.990460
7, 47, 5.301014
7, 50, 22.306911
8, 1, -4.280140
8, 4, -21.825855
8, 5, 2.473002
8, 6, 5.980421
8, 8, -19.948522
8, 9, 11.685667
8, 10, -0.881280
8, 11, -14.947388
8, 12, 28.231048
8, 13, 13.252953
8, 14, 6.113350
8, 16, -24.944202
8, 19, -42.073712
8, 20, -20.800426
8, 21, -28.685577
8, 22, 14.159831
8, 23, -3.962119
8, 24, -2.000000
8, 25, -26.523744
8, 26, -15.561735
8, 27, 6.675345
8, 29, -31.980607
8, 30, -29.137515
8, 32, -2.816235
8, 33, -6.832548
8, 34, -2.304761
8, 35, -2.096267
8, 36, -2.670535
8, 37, -45.674986
8, 38, -17.450103
8, 39, -3.185522
8, 41, 8.366393
8, 42, -63.995141
8, 44, -26.214974
8, 45, -8.237576
8, 46, -18.500534
8, 47, 8.641333
8, 48, -15.374485
8, 49, 14.000000
8, 50, 21.991594
9, 3, -24.456279
9, 5, 3.018049
9, 6, 6.066609
9, 8, -15.321224
9, 9, -12.724381
9, 10, -1.680922
9, 11, -16.141531
9, 12, 28.277771
9, 13, 13.266662
9, 14, 3.485507
9, 15, 23.000000
9, 16, -3.376461
9, 17, 60.000000
9, 19, -41.791291
9, 20, -18.838495
9, 21, -34.675622
9, 22, 29.285488
9, 23, -5.646542
9, 25, -26.448875
9, 26, -21.302313
9, 27, 9.902957
9, 29, -32.388054
9, 30, -28.612496
9, 31, -68.000000
9, 32, -2.983100
9, 33, -1.995956
9, 34, -0.503956
9, 35, -0.910855
9, 36, -4.172311
9, 37, -45.216591
9, 38, -15.776676
9, 39, -3.780987
9, 40, 10.120704
9, 41, 5.154065
9, 44, -27.292586
9, 45, -7.208784
9, 46, -18.150731
9, 47, 11.689423
9, 48, -16.026066
9, 50, 21.711743
10, 1, 9.271702
10, 2, -44.646430
10, 3, -24.615285
10, 4, -4.529572
10, 5, 3.614332
10, 6, 6.069974
10, 7, -17.182203
10, 8, -10.624054
10, 9, 11.344202
10, 10, -2.388478
10, 13, 13.366913
10, 14, 0.164409
10, 16, -19.609887
10, 19, -41.704837
10, 20, -16.610031
10, 21, -33.912086
10, 22, 12.927786
10, 23, -6.748318
10, 24, -24.663543
10, 25, -26.622835
10, 26, -13.514356
10, 27, 13.160521
10, 29, -32.866108
10, 30, -28.166554
10, 32, -3.495616
10, 33, 2.160013
10, 34, 0.927049
10, 35, -0.014526
10, 36, -5.496163
10, 37, -44.758921
10, 38, -13.647933
10, 40, 11.731678
10, 41, 1.770527
10, 42, -54.521831
10, 43, -1.251119
10, 45, -6.111293
10, 46, -17.984573
10, 47, 14.263970
10, 48, -17.203108
10, 49, -1.676710
10, 50, 21.533518
11, 1, 10.130606
11, 2, -44.800229
11, 3, -24.921157
11, 4, -3.348346
11, 5, 4.140752
11, 6, 5.808770
11, 7, -17.030587
11, 8, -6.212477
11, 9, -8.904747
11, 10, -2.882245
11, 11, -29.880048
11, 12, -16.000000
11, 13, 13.527823
11, 14, -3.765769
11, 15, 10.943553
11, 16, -2.257986
11, 17, -2.792444
11, 20, -14.206440
11, 21, -40.384816
11, 22, 22.890621
11, 23, -7.271839
11, 24, -24.157567
11, 25, -26.884208
11, 26, -15.255389
11, 27, 16.322970
11, 28, 9.512829
11, 30, -27.883688
11, 32, -4.378703
11, 33, 5.264963
11, 34, 1.830779
11, 35, 0.519614
11, 36, -6.403761
11, 37, -44.366413
11, 38, -11.183086
11, 39, 5.440983
11, 40, 14.369049
11, 41, -1.543037
11, 42, -54.765767
11, 44, 0.597525
11, 45, -5.165324
11, 46, -17.969818
11, 47, 16.182055
11, 48, -18.693567
11, 49, -0.834065
11, 50, 21.481427
12, 1, 11.584814
12, 2, -45.047962
12, 3, -25.318691
12, 4, -1.292699
12, 6, 5.118393
12, 7, -16.891441
12, 8, -2.434670
12, 9, 11.775852
12, 10, -3.072461
12, 11, -29.478467
12, 13, 13.704587
12, 14, -8.168839
12, 16, -15.585686
12, 17, -2.379869
12, 18, 7.526679
12, 19, -5.752920
12, 20, -11.686813
12, 21, -36.908293
12, 22, 10.040301
12, 23, -7.275521
12, 24, -23.625353
12, 25, -27.073491
12, 26, -9.027307
12, 27, 19.260804
12, 28, 9.487171
12, 29, 80.000000
12, 31, 18.702697
12, 32, -5.621841
12, 33, 6.985571
12, 37, -44.073098
12, 38, -8.534566
12, 39, 4.908199
12, 40, 17.632947
12, 41, -4.568071
12, 42, -55.028268
12, 43, -12.511266
12, 44, -0.085968
12, 45, -4.544823
12, 46, -18.039170
12, 47, 17.266035
12, 48, -20.245477
12, 49, 0.004106
13, 1, 13.502864
13, 2, -45.331260
13, 3, -25.753593
13, 4, 1.455082
13, 5, 38.245622
13, 6, 3.879795
13, 7, -16.774734
13, 8, 0.350723
13, 9, -4.704360
13, 11, -28.937440
13, 14, -12.814907
13, 17, -1.850259
13, 18, 7.384633
13, 19, -5.127165
13, 20, -9.077259
13, 21, -43.790164
13, 22, 15.216357
13, 23, -6.873289
13, 24, -23.170345
13, 25, -27.014997
13, 26, -8.047197
13, 27, 21.881693
13, 30, -53.784228
13, 31, 18.297303
13, 32, -7.161041
13, 34, -3.420789
13, 35, 3.162343
13, 36, -44.030789
13, 37, -43.909936
13, 38, -5.844748
13, 39, 4.376702
13, 40, 21.052884
13, 41, -7.136353
13, 43, -13.297169
13, 44, -0.957844
13, 46, -18.095666
13, 48, -21.613732
13, 49, 0.675720
13, 50, 12.051577
14, 1, 15.761065
14, 2, -45.588042
14, 3, -26.155375
14, 4, 4.680340
14, 5, 37.228641
14, 6, 2.035667
14, 7, -16.650226
14, 8, 1.862139
14, 9, 12.455073
14, 10, 18.084716
14, 11, -28.347700
14, 13, -20.828084
14, 14, -17.467734
14, 17, -1.315761
14, 18, 7.334330
14, 19, -4.454308
14, 20, -6.405378
14, 22, 5.624123
14, 23, -6.229904
14, 24, -22.865689
14, 25, -26.573513
14, 26, -3.020010
14, 27, 24.128452
14, 28, -49.329851
14, 30, -41.372358
14, 32, -8.868061
14, 33, -39.505796
14, 34, -2.579211
14, 35, 4.228728
14, 36, -43.969211
14, 37, -43.883149
14, 38, -3.290289
14, 39, 3.942614
14, 40, 24.140490
14, 41, -9.118597
14, 43, -14.376247
14, 44, -1.846235
14, 46, -17.989445
14, 47, -20.159000
14, 48, -22.557388
14, 50, 10.884658
15, 1, 18.222416
15, 2, -45.765928
15, 3, -26.444429
15, 4, 8.196956
15, 5, 35.075384
15, 6, -0.405270
15, 7, -16.491168
15, 9, -2.515452
15, 10, 17.821317
15, 11, -27.805746
15, 12, 9.381373
15, 13, -20.407365
15, 14, -21.870437
15, 18, 7.385329
15, 19, -3.881047
15, 20, -3.676667
15, 22, 7.308972
15, 23, -5.509451
15, 24, -22.743591
15, 25, -25.673015
15, 26, -0.820473
15, 27, 25.956280
15, 28, -49.096584
15, 29, 42.119090
15, 30, -53.910476
15, 31, -84.000000
15, 32, -10.587785
15, 33, -39.817393
15, 35, 6.019941
15, 37, -43.978008
15, 38, -1.027418
15, 39, 3.676636
15, 40, 26.469672
15, 41, -10.419909
15, 43, -15.544415
15, 45, -1.686249
15, 46, -17.579589
15, 47, -20.128702
15, 49, 5.813009
15, 50, 8.814414
16, 1, 20.725046
16, 2, -45.817610
16, 3, -26.575510
16, 4, 11.847613
16, 5, 31.894075
16, 6, -3.359360
16, 7, -16.270936
16, 8, -28.594095
16, 10, 17.409624
16, 11, -27.383606
16, 12, -15.241236
16, 13, -20.121747
16, 14, -25.739587
16, 16, -7.861724
16, 17, 53.718092
16, 20, -0.903049
16, 22, 0.472672
16, 23, -4.888540
16, 24, -22.807595
16, 25, -24.304299
16, 26, 2.939327
16, 27, 27.350192
16, 28, -49.093897
16, 29, 41.523218
16, 30, -40.991051
16, 32, -12.162453
16, 33, -40.087887
16, 34, 2.000000
16, 35, 8.218189
16, 36, 66.000000
16, 38, 0.815578
16, 40, 27.714011
16, 41, -10.969787
16, 43, -16.571309
16, 44, 22.552850
16, 45, -1.811424
16, 46, -16.756657
16, 47, -20.224276
16, 48, -2.830420
16, 49, 5.203469
16, 50, 6.074597
17, 1, 23.101840
17, 2, -45.724806
17, 4, 15.474247
17, 5, 27.807100
17, 6, -6.708538
17, 7, -15.977147
17, 8, -28.961448
17, 9, -27.454683
17, 10, 16.909377
17, 11, -27.133650
17, 12, 8.806346
17, 13, -20.017217
17, 14, -28.809914
17, 15, -39.705584
17, 16, -15.173232
17, 17, 53.281908
17, 18, 18.478126
17, 19, 86.000000
17, 20, 1.918636
17, 21, 16.421332
17, 22, 0.578705
17, 23, -4.494149
17, 25, -22.548819
17, 26, 4.968290
17, 27, 28.325411
17, 28, -49.326309
17, 29, 40.938281
17, 31, 99999.000000
17, 32, -13.426461
17, 33, -40.265707
17, 35, 10.431466
17, 38, 2.116092
17, 39, 17.430891
17, 42, -15.494787
17, 43, -17.254012
17, 44, 22.398424
17, 45, -1.753256
17, 46, -15.460667
17, 47, -20.429623
17, 48, -2.209506
17, 49, 4.213105
17, 50, 2.949810
18, 1, 25.180954
18, 2, -45.506948
18, 3, -73.000000
18, 4, 18.983361
18, 5, 22.993908
18, 6, -10.314741
18, 7, -15.644027
18, 8, -29.632557
18, 9, -26.769254
18, 10, 16.395445
18, 12, -14.845411
18, 13, -20.118553
18, 14, -30.869691
18, 15, -8.469125
18, 16, -10.448402
18, 18, 17.528618
18, 20, 4.750449
18, 21, 9.821205
18, 22, -3.811213
18, 24, -33.692106
18, 25, -20.508587
18, 26, 7.179259
18, 27, 28.918479
18, 29, 40.461702
18, 32, -14.199379
18, 34, 23.000000
18, 35, 12.271276
18, 36, 21.538487
18, 37, 73.000000
18, 38, 2.805839
18, 39, 16.381098
18, 40, -0.089027
18, 41, 47.691022
18, 42, -15.095523
18, 44, 22.143390
18, 45, -1.519556
18, 46, -13.691235
18, 47, -20.686259
18, 48, -1.473783
18, 49, 2.962790
18, 50, -0.261307
19, 1, 26.753576
19, 2, -45.201187
19, 4, 22.306645
19, 5, 17.670063
19, 6, -14.007380
19, 7, -15.306488
19, 8, -30.486533
19, 9, -26.097000
19, 10, 15.957921
19, 11, -6.418277
19, 13, -20.408452
19, 14, -31.754617
19, 15, -38.652873
19, 16, -17.049964
19, 17, -34.998545
19, 18, 16.342985
19, 19, 3.848368
19, 20, 7.530432
19, 21, 14.528126
19, 22, -3.147370
19, 23, -7.238983
19, 24, -34.307894
19, 25, -18.344033
19, 26, 7.937841
19, 27, 29.186913
19, 28, -8.630433
19, 29, 40.180289
19, 31, -90.000000
19, 33, 23.221109
19, 35, 13.415217
19, 36, 21.461513
19, 38, 2.877245
19, 39, 14.961778
19, 40, 0.262640
19, 41, 47.333333
19, 42, -14.814821
19, 45, -1.152498
19, 46, -11.488319
19, 48, -0.763120
19, 49, 1.579979
19, 50, -3.264260
20, 1, 27.666143
20, 3, 62.000000
20, 4, 25.407620
20, 5, 12.119837
20, 6, -17.602353
20, 8, -31.373411
20, 10, 15.679122
20, 11, -6.802551
20, 15, -10.486350
20, 16, -14.933387
20, 17, -33.710094
20, 18, 15.118892
20, 19, 4.836469
20, 20, 10.190642
20, 21, 9.154217
20, 23, -7.145322
20, 25, -16.256760
20, 27, 29.177864
20, 28, -9.624663
20, 29, 40.153435
20, 30, -57.605197
20, 33, 23.179927
20, 34, 17.678305
20, 37, -37.302434
20, 39, 12.302435
20, 40, 0.810862
20, 41, 47.130048
20, 42, -14.693497
20, 43, 74.938421
20, 44, 2.599961
20, 46, -8.963509
20, 47, 28.375345
20, 49, 0.196414
20, 50, -5.778863
21, 4, 28.257803
21, 5, 6.666114
21, 6, -20.877541
21, 7, -25.099411
21, 8, -32.130607
21, 11, -7.176831
21, 12, -33.402643
21, 13, -58.210394
21, 14, 19.665312
21, 15, -37.717186
21, 16, -20.564629
21, 17, -31.029433
21, 18, 14.034462
21, 19, 6.202174
21, 20, 12.684633
21, 21, 12.843091
21, 23, -7.058089
21, 25, -14.447232
21, 28, -11.230721
21, 31, -12.598344
21, 32, -13.000000
21, 33, 23.469982
21, 34, 3.844570
21, 35, 6.985006
21, 36, -26.559024
21, 37, -37.697566
21, 38, 13.009598
21, 39, 9.897169
21, 40, 1.470930
21, 41, 47.122888
21, 42, -14.739637
21, 44, 1.592026
21, 45, 11.255143
21, 46, -6.294328
21, 47, 27.273586
21, 48, -41.512877
21, 49, -1.075230
21, 50, -7.561354
22, 1, -96.000000
22, 3, 35.274154
22, 4, 30.809193
22, 5, 1.664656
22, 6, -23.614512
22, 7, -24.575194
22, 10, -9.907667
22, 11, -7.478464
22, 12, -32.695022
22, 13, -57.789606
22, 14, 19.934725
22, 15, -11.552823
22, 16, -20.116545
22, 17, -27.223168
22, 18, 13.254802
22, 19, 7.678093
22, 20, 14.968519
22, 21, 9.267700
22, 22, 80.512829
22, 23, -6.998001
22, 24, -60.423636
22, 25, -13.111900
22, 26, 44.042369
22, 28, -13.235430
22, 31, -13.377497
22, 33, 24.102056
22, 34, 16.466130
22, 35, 7.737483
22, 36, -25.663615
22, 38, 12.901778
22, 39, 5.824524
22, 40, 2.163567
22, 42, -14.909282
22, 44, 0.222857
22, 45, 10.737842
22, 46, -3.680559
22, 47, 25.477211
22, 48, -41.126136
22, 49, -2.112163
22, 50, -8.424412
23, 3, 35.059414
23, 4, 33.022057
23, 5, -2.515521
23, 6, -25.622245
23, 7, -24.082887
23, 8, -0.117735
23, 9, -9.314481
23, 10, -9.232177
23, 11, -7.671220
23, 12, -31.587679
23, 14, 20.365711
23, 16, -24.480820
23, 17, -22.653062
23, 18, 12.905190
23, 19, 8.981142
23, 20, 17.035514
23, 21, 12.113046
23, 22, 80.487171
23, 23, -6.961612
23, 24, -60.259044
23, 25, -12.400046
23, 26, 43.804124
23, 28, -15.412994
23, 30, 17.878865
23, 31, -14.857920
23, 32, 91.000000
23, 33, 25.034114
23, 34, 1.860117
23, 35, 8.947482
23, 36, -23.906070
23, 38, 12.878273
23, 39, 3.184772
23, 40, 2.819082
23, 41, 24.201152
23, 42, -15.131187
23, 44, -1.316191
23, 45, 10.245883
23, 46, -1.367669
23, 47, 23.187708
23, 48, -40.887912
23, 49, -2.828242
24, 1, 16.406856
24, 2, -73.000000
24, 3, 35.040543
24, 4, 34.853593
24, 5, -5.502163
24, 6, -26.714579
24, 7, -23.736050
24, 8, 0.236986
24, 9, -10.354855
24, 10, -8.350786
24, 11, -7.738325
24, 12, -30.243217
24, 13, 33.000000
24, 14, 20.880664
24, 15, -2.124725
24, 16, -24.300133
24, 17, -17.743126
24, 19, 9.857314
24, 20, 18.887329
24, 21, 10.228133
24, 24, -60.196929
24, 26, 43.525156
24, 27, -31.865061
24, 28, -17.533147
24, 29, -54.102373
24, 30, 17.306779
24, 31, -16.858169
24, 33, 26.190852
24, 35, 10.451550
24, 36, -21.406572
24, 38, 12.942285
24, 39, -2.324165
24, 40, 3.365726
24, 41, 24.951680
24, 42, -15.312878
24, 43, 8.041569
24, 44, -2.854363
24, 45, 9.884372
24, 46, 0.393248
24, 47, 20.646126
24, 49, -3.162522
24, 50, -62.000000
25, 1, 16.283799
25, 3, 35.244832
25, 4, 36.240198
25, 5, -7.015366
25, 7, -23.604426
25, 8, 0.522666
25, 9, -12.301590
25, 10, -7.442337
25, 11, -7.671207
25, 12, -28.857863
25, 15, -2.342033
25, 16, -27.115423
25, 17, -12.940609
25, 18, 14.000000
25, 20, 20.538309
25, 21, 12.378337
25, 22, -12.445892
25, 24, -60.251703
25, 25, 25.000000
25, 27, -31.162455
25, 28, -19.373413
25, 29, -54.252466
25, 30, 16.427704
25, 31, -19.145833
25, 33, 27.461634
25, 35, 12.089509
25, 36, -18.330475
25, 38, 13.076852
25, 39, -4.412187
25, 40, 3.737160
25, 41, 25.731609
25, 42, -15.358283
25, 43, 28.585619
25, 44, -4.257218
25, 46, 1.392363
25, 47, 18.121247
25, 48, -14.762832
26, 1, 16.186678
26, 2, -51.107763
26, 3, 35.650483
26, 4, 37.136103
26, 6, 10.362746
26, 8, 0.680954
26, 9, -14.964435
26, 10, -6.669643
26, 11, -7.487171
26, 12, -27.612204
26, 13, 54.825527
26, 14, -56.351442
26, 15, -2.589743
26, 17, -8.717220
26, 19, -27.837925
26, 20, 22.033820
26, 21, 11.647646
26, 22, -12.258765
26, 23, -2.817110
26, 24, -60.415845
26, 26, -24.538504
26, 27, -30.510695
26, 28, -20.783449
26, 29, -54.533734
26, 30, 15.349363
26, 31, -21.431576
26, 32, -49.969211
26, 33, 28.728546
26, 35, 13.681949
26, 36, -14.871692
26, 39, -11.538560
26, 41, 26.392388
26, 42, -15.193463
26, 43, 12.003908
26, 44, -5.409733
26, 47, 15.858065
26, 48, -14.420152
26, 49, 38.000000
26, 50, -34.651778
27, 1, 16.138130
27, 2, -50.892237
27, 3, 36.179449
27, 4, 37.498095
27, 5, -18.367428
27, 6, 10.220844
27, 7, 20.427169
27, 9, -18.091968
27, 10, -6.153721
27, 12, -26.658700
27, 13, 55.174473
27, 14, -56.559732
27, 15, -2.835837
27, 16, -19.693127
27, 17, -5.515934
27, 18, -6.836666
27, 19, -26.828971
27, 20, 23.434296
27, 21, 13.216428
27, 22, -12.406001
27, 23, -1.968129
27, 24, -60.654231
27, 25, -56.000000
27, 26, -24.709044
27, 27, -30.053256
27, 28, -21.649198
27, 29, -54.889358
27, 30, 14.179525
27, 31, -23.451344
27, 33, 29.855510
27, 34, 33.395942
27, 35, 15.078751
27, 36, -11.229252
27, 37, 9.599737
27, 38, -18.103744
27, 39, -11.968871
27, 40, -27.918352
27, 42, -14.779165
27, 43, 29.652114
27, 44, -6.245470
27, 45, -25.219475
27, 46, 7.869507
27, 47, 14.090146
27, 48, -14.234599
27, 50, -33.769402
28, 3, 36.725975
28, 5, -12.198620
28, 6, 10.004243
28, 7, 20.968617
28, 8, -22.174145
28, 9, -21.394148
28, 12, -26.135426
28, 14, -56.933307
28, 16, -19.186704
28, 17, -3.698011
28, 18, -7.377804
28, 19, -25.176442
28, 20, 24.801714
28, 21, 12.969164
28, 22, -12.874900
28, 23, -0.379029
28, 24, -60.913267
28, 26, -25.129203
28, 27, -29.887399
28, 28, -21.912331
28, 29, -55.261434
28, 30, 13.021422
28, 31, -24.975634
28, 33, 30.691958
28, 34, 13.107223
28, 35, 16.200015
28, 36, -7.634477
28, 37, 10.400263
28, 38, -18.472621
28, 39, -20.808911
28, 40, -27.374009
28, 41, -35.900286
28, 42, -14.081526
28, 43, 17.384597
28, 44, -6.749363
28, 45, -25.453972
28, 46, 7.370830
28, 47, 13.033994
28, 48, -14.251919
28, 49, -81.030789
28, 50, -32.369972
29, 1, 4.056427
29, 5, -16.889346
29, 6, 9.754216
29, 7, 21.558572
29, 8, -22.825855
29, 9, -24.591536
29, 10, 25.095085
29, 11, 49.640478
29, 16, -18.714198
29, 18, -8.021945
29, 19, -23.069525
29, 20, 26.195879
29, 21, 14.068120
29, 22, -13.608581
29, 23, 1.764674
29, 24, -61.148326
29, 25, 18.937814
29, 26, -25.745286
29, 27, -30.040676
29, 30, 11.978818
29, 31, -25.793434
29, 34, 33.038855
29, 35, 16.975156
29, 36, -4.309213
29, 38, -19.202243
29, 39, -18.287774
29, 40, -26.995692
29, 41, -35.773043
29, 42, -13.131306
29, 43, 31.652076
29, 44, -6.914643
29, 45, -25.813530
29, 46, 6.985936
29, 48, -14.492908
29, 49, -80.969211
29, 50, -30.611361
30, 1, 2.961030
30, 2, -32.767717
30, 3, 16.486078
30, 4, 18.566370
30, 5, -9.968325
30, 6, 9.542737
30, 9, -27.379389
30, 10, 25.715967
30, 11, 48.676940
30, 12, 42.132262
30, 14, 30.926389
30, 16, -18.401069
30, 17, 5.711584
30, 19, -20.700017
30, 20, 27.625353
30, 22, -14.488607
30, 23, 4.213316
30, 25, 19.245044
30, 26, -26.514299
30, 28, -5.633448
30, 29, -10.034547
30, 30, 11.127572
30, 32, -1.800637
30, 33, -62.000000
30, 34, 14.156355
30, 35, 17.388883
30, 36, -1.481066
30, 37, 9.902292
30, 38, -20.166895
30, 39, -28.711423
30, 40, -26.866227
30, 41, -35.824859
30, 42, -12.000446
30, 43, 21.863352
30, 45, -26.221917
30, 47, 24.061579
30, 48, -14.953397
30, 50, -28.645034
31, 1, 1.396553
31, 2, -32.403689
31, 3, 15.845616
31, 4, 18.084970
31, 5, -15.942642
31, 6, 9.440399
31, 7, -44.061446
31, 8, 12.817240
31, 9, -29.487619
31, 10, 26.395028
31, 11, 46.543978
31, 12, 41.556868
31, 13, -11.408695
31, 14, 30.778600
31, 15, 12.446118
31, 16, -18.345681
31, 17, 6.625596
31, 18, 63.000000
31, 19, -18.268459
31, 20, 29.040486
31, 21, 0.865612
31, 22, -15.358343
31, 23, 6.735750
31, 24, -53.963384
31, 25, 19.791050
31, 26, -27.382014
31, 28, -5.716955
31, 29, -9.527198
31, 30, 10.511691
31, 32, -7.897369
31, 34, 33.213451
31, 35, 17.452722
31, 36, 0.630812
31, 37, 8.959591
31, 38, -21.203379
31, 39, -22.054872
31, 42, -10.780724
31, 43, 33.451534
31, 44, -85.000000
31, 45, -26.609575
31, 46, -34.353750
31, 47, 23.938421
31, 48, -15.579925
31, 50, -26.597965
32, 1, -0.358803
32, 2, -31.485820
32, 3, 14.974721
32, 4, 17.858760
32, 5, -8.350623
32, 6, 9.487335
32, 7, -43.576865
32, 8, 12.453790
32, 9, -30.699016
32, 10, 26.993896
32, 11, 43.473802
32, 12, 40.397981
32, 13, 14.711265
32, 14, 30.840422
32, 16, -18.576350
32, 17, 7.961815
32, 19, -15.925706
32, 20, 30.358039
32, 21, -0.418236
32, 22, -16.069855
32, 23, 9.081783
32, 24, -54.155961
32, 25, 20.484517
32, 26, -28.255919
32, 28, -5.811669
32, 29, -9.102450
32, 30, 10.195199
32, 33, -49.000000
32, 35, 17.230791
32, 36, 1.839370
32, 37, 7.913135
32, 38, -22.141685
32, 39, -33.575306
32, 40, -9.892781
32, 42, -9.602910
32, 46, -34.646250
32, 48, -16.291564
32, 49, 6.937080
32, 50, -24.614572
33, 1, -2.045466
33, 2, -30.081166
33, 3, 14.008190
33, 4, 17.963968
33, 6, 9.681349
33, 7, -43.059347
33, 8, 11.623377
33, 11, 39.791320
33, 12, 38.788789
33, 13, -8.113877
33, 14, 31.122816
33, 15, 55.000000
33, 16, -19.075322
33, 17, 9.475275
33, 18, -21.169342
33, 19, -13.784247
33, 20, 31.489933
33, 21, -2.198526
33, 22, -16.490228
33, 23, 11.035158
33, 24, -54.362967
33, 25, 21.196277
33, 26, -29.045879
33, 27, -17.790541
33, 28, -5.920220
33, 29, -8.867081
33, 32, -6.030515
33, 34, 11.000000
33, 35, 16.805269
33, 37, 6.962248
33, 38, -22.818236
33, 40, -9.343097
33, 42, -8.618513
33, 45, 17.854725
33, 47, -96.015395
33, 48, -17.009491
33, 49, 6.274222
33, 50, -22.797895
34, 1, -3.429290
34, 2, -28.271828
34, 3, 13.106420
34, 4, 18.413776
34, 6, 9.991827
34, 8, 10.387660
34, 9, -58.167860
34, 10, -21.858414
34, 11, 35.907049
34, 12, 36.877353
34, 13, 16.144781
34, 14, 31.588288
34, 16, -19.762035
34, 17, 10.904094
34, 18, -20.830658
34, 19, -11.915809
34, 20, 32.302414
34, 21, -4.251671
34, 23, 12.441294
34, 24, -54.540366
34, 26, -29.659684
34, 27, -17.348659
34, 28, -6.069408
34, 29, -8.901110
34, 30, 4.000000
34, 31, -14.707829
34, 32, -5.815365
34, 33, 21.666776
34, 35, 16.299033
34, 36, 13.143963
34, 37, 6.292467
34, 40, -8.763029
34, 41, 24.953816
34, 42, -7.964256
34, 43, -25.348222
34, 44, 41.189464
34, 45, 17.536421
34, 46, 85.000000
34, 47, -61.916010
34, 48, -17.605934
34, 49, 5.126786
34, 50, -21.246583
35, 1, -4.336221
35, 2, -26.175976
35, 3, 12.403838
35, 4, 19.173169
35, 7, -43.230921
35, 8, 8.802866
35, 9, -58.052607
35, 10, -22.295561
35, 11, 32.272882
35, 12, 34.853028
35, 13, -5.444157
35, 14, 32.153705
35, 17, 11.987936
35, 19, -10.334699
35, 21, -6.356075
35, 22, -34.237351
35, 23, 13.227622
35, 24, -54.654567
35, 25, -15.420461
35, 27, -16.755692
35, 28, -6.288497
35, 29, -9.231338
35, 32, -5.512560
35, 33, 21.333224
35, 34, -25.277683
35, 35, 15.788214
35, 36, 14.485892
35, 38, 12.313613
35, 40, -8.241540
35, 43, -25.496664
35, 44, 41.261674
35, 45, 17.405417
35, 48, -17.985119
35, 49, 3.675271
35, 50, -20.031287
36, 1, -4.694248
36, 2, -23.946362
36, 3, 11.991171
36, 4, 20.154241
36, 6, -93.000000
36, 7, -24.643420
36, 8, 6.935087
36, 9, -58.027782
36, 10, -23.246924
36, 11, 29.320719
36, 12, 32.927193
36, 18, -8.892565
36, 19, -9.032949
36, 20, -25.737520
36, 21, -8.337177
36, 22, -33.552646
36, 23, 13.392234
36, 25, -15.579539
36, 26, -60.313078
36, 27, -16.129897
36, 28, -6.598646
36, 29, -9.878148
36, 30, -10.076974
36, 31, 15.126852
36, 32, -5.147078
36, 34, -25.443807
36, 35, 15.362266
36, 36, 16.663073
36, 37, 0.000000
36, 38, 11.572145
36, 39, -10.813028
36, 40, -7.837915
36, 42, 6.772146
36, 43, -25.736132
36, 44, 41.386259
36, 45, 17.533760
36, 46, 47.938421
36, 49, 2.124763
36, 50, -19.193317
37, 1, -4.538059
37, 2, -21.735431
37, 4, 21.221365
37, 5, -13.000000
37, 8, 4.861834
37, 10, -24.539826
37, 11, 27.441899
37, 12, 31.299327
37, 13, 13.297462
37, 14, -27.908396
37, 16, -43.000000
37, 17, -21.641134
37, 18, -8.107435
37, 19, -7.969441
37, 20, -26.232068
37, 21, -10.062193
37, 22, -32.304205
37, 23, 13.033550
37, 24, 45.995531
37, 26, -60.295243
37, 27, -15.610243
37, 28, -6.978011
37, 29, -10.796189
37, 30, -9.923026
37, 31, 15.541995
37, 32, -4.727682
37, 33, 5.635658
37, 34, -25.995198
37, 35, 15.080510
37, 36, 19.360354
37, 38, 10.881737
37, 39, 19.370477
37, 40, -7.578193
37, 41, 99999.000000
37, 42, 6.931459
37, 44, 41.538547
37, 45, 17.972565
37, 46, -12.825348
37, 48, 8.651053
37, 49, 0.705177
37, 50, -18.771710
38, 1, -3.993020
38, 2, -19.691245
38, 4, 22.243756
38, 6, 3.955852
38, 8, 2.659304
38, 10, -25.957639
38, 12, 30.162817
38, 13, 14.269234
38, 14, -24.618459
38, 15, 25.448979
38, 17, -21.400151
38, 19, -7.070537
38, 20, -26.925762
38, 21, -11.414464
38, 22, -30.590570
38, 23, 12.268866
38, 24, 46.149314
38, 25, -25.625724
38, 26, -60.415583
38, 28, -7.413037
38, 29, -11.898744
38, 31, 15.978098
38, 32, -4.278570
38, 33, 6.364342
38, 34, -26.845839
38, 35, 14.982092
38, 36, 22.207094
38, 37, -3.826089
38, 38, 10.392863
38, 39, -8.579184
38, 40, -7.474714
38, 42, 7.568569
38, 43, 62.000000
38, 44, 41.687790
38, 45, 18.734047
38, 48, 9.348947
38, 49, -0.363005
39, 1, -3.252135
39, 2, -17.952650
39, 3, 74.580317
39, 4, 23.093403
39, 5, 26.862564
39, 6, 3.755306
39, 8, 0.415801
39, 9, 13.205819
39, 10, -27.263040
39, 12, 29.648089
39, 13, 15.888397
39, 14, -27.041629
39, 15, 1.174013
39, 16, 9.775861
39, 17, -21.128879
39, 18, 84.000000
39, 19, -6.299605
39, 20, -27.673928
39, 21, -12.322376
39, 22, -28.540683
39, 23, 11.295161
39, 24, 46.510603
39, 25, -30.751819
39, 26, -60.668688
39, 27, -9.296450
39, 28, -7.872761
39, 29, -13.080764
39, 30, 35.156946
39, 32, -3.816811
39, 34, -27.850208
39, 35, 15.072716
39, 36, 24.813188
39, 37, -3.534251
39, 38, 10.217348
39, 39, 16.820240
39, 41, -46.918415
39, 42, 8.729914
39, 44, 41.812465
39, 45, 19.788863
39, 49, -0.927966
40, 1, -2.535560
40, 2, -16.614219
40, 3, 74.402213
40, 4, 23.662780
40, 5, 26.632641
40, 6, 3.589493
40, 7, 9.228948
40, 8, -1.765724
40, 9, 13.320600
40, 10, -28.212035
40, 13, 17.947139
40, 14, -22.650363
40, 15, 22.811317
40, 16, 9.618901
40, 17, -20.918945
40, 19, -5.634398
40, 20, -28.319443
40, 21, -12.750077
40, 22, -26.287864
40, 23, 10.307064
40, 24, 47.006448
40, 27, -8.271070
40, 28, -8.347693
40, 29, -14.200734
40, 30, 34.296305
40, 31, -66.465042
40, 32, -3.379996
40, 33, -95.000000
40, 34, -28.841299
40, 35, 15.357789
40, 36, 26.818960
40, 37, -2.855481
40, 38, 10.416208
40, 39, -5.978153
40, 40, -30.876071
40, 41, -46.564532
40, 42, 10.472210
40, 43, -12.307566
40, 45, 21.057970
40, 47, -33.096714
40, 48, 0.162008
40, 50, 27.733158
41, 1, -2.019456
41, 2, -15.697633
41, 3, 74.289385
41, 4, 23.890437
41, 5, 26.432760
41, 7, 0.603159
41, 8, -3.799916
41, 9, 13.450894
41, 12, -4.842974
41, 13, 20.263297
41, 14, -26.085351
41, 15, -0.654422
41, 16, 9.621170
41, 17, -20.845692
41, 18, 53.104983
41, 19, -5.083088
41, 20, -28.738834
41, 22, -23.952439
41, 23, 9.476411
41, 26, 51.174473
41, 27, -6.097417
41, 28, -8.797242
41, 29, -15.107655
41, 30, 32.958370
41, 31, -66.294891
41, 32, -3.008988
41, 34, -29.644599
41, 35, 15.807536
41, 36, 27.935087
41, 37, -1.843988
41, 38, 10.977185
41, 39, 14.793409
41, 40, -30.302396
41, 41, -46.248110
41, 42, 12.806097
41, 43, -12.692434
41, 44, 12.918654
41, 45, 22.378531
41, 46, -24.097500
41, 47, -33.000302
41, 48, 0.309697
41, 49, 26.764267
41, 50, 28.266842
42, 2, -15.209291
42, 5, 26.287680
42, 6, -12.432869
42, 7, 6.798574
42, 8, -5.615575
42, 9, 13.570411
42, 12, -4.162292
42, 13, 22.657785
42, 14, -20.051204
42, 15, 19.575999
42, 16, 9.779759
42, 17, -20.960171
42, 18, 53.771461
42, 19, -4.686988
42, 22, -21.625215
42, 23, 8.928070
42, 24, 7.000000
42, 27, -2.941003
42, 28, -9.193234
42, 29, -15.682062
42, 30, 31.327855
42, 31, -66.087083
42, 32, -2.761199
42, 33, -45.813900
42, 35, 16.385858
42, 37, -0.557395
42, 38, 11.868323
42, 39, -3.754175
42, 40, -29.919826
42, 41, -46.022923
42, 42, 15.697235
42, 44, 12.863881
42, 45, 23.612318
42, 47, -33.075163
42, 48, 0.528399
42, 49, 25.931531
43, 1, 9.257546
43, 2, -15.084896
43, 3, 42.466645
43, 4, 14.865424
43, 5, 26.210945
43, 6, -13.025114
43, 7, -0.208481
43, 8, -7.166241
43, 9, 13.676547
43, 10, 11.959673
43, 11, 21.195000
43, 12, -3.273714
43, 13, 24.986145
43, 14, -25.345594
43, 15, -3.103008
43, 16, 10.061034
43, 17, -21.309238
43, 18, 52.609624
43, 20, 85.933290
43, 22, -19.398170
43, 23, 8.730670
43, 25, -22.006870
43, 27, 0.988278
43, 28, -9.502741
43, 30, 29.631217
43, 31, -65.884787
43, 32, -2.686260
43, 33, -2.682563
43, 34, -54.205263
43, 35, 17.017233
43, 36, -38.309751
43, 37, 0.946868
43, 38, 13.011660
43, 39, 14.475916
43, 40, -29.806196
43, 42, 19.040774
43, 43, -13.938626
43, 44, 12.706045
43, 45, 24.592582
43, 46, -59.000000
43, 48, 0.769224
43, 49, 24.973699
44, 1, 8.565953
44, 2, -15.207697
44, 3, 42.533355
44, 4, 15.098239
44, 6, -14.229358
44, 7, 4.698034
44, 8, -8.377650
44, 9, 13.795499
44, 10, 12.520221
44, 12, -2.345716
44, 13, 27.142430
44, 14, -17.449605
44, 15, 17.135016
44, 17, -21.913041
44, 18, 53.476214
44, 19, -88.000000
44, 20, 86.066710
44, 21, 12.156623
44, 22, -17.329464
44, 23, 8.843089
44, 24, 0.246315
44, 25, -20.609580
44, 27, 5.431753
44, 28, -9.704781
44, 29, 3.743750
44, 30, 28.088796
44, 31, -65.737775
44, 32, -2.833546
44, 33, -45.058608
44, 34, -53.794737
44, 35, 17.633767
44, 36, -37.816783
44, 37, 2.608466
44, 38, 14.301436
44, 40, -29.969802
44, 41, 11.414077
44, 42, 22.685325
44, 43, -13.270215
44, 44, 12.441559
44, 45, 25.181973
44, 47, -6.900745
44, 49, 24.084866
45, 1, 7.463901
45, 2, -15.461230
45, 4, 15.845051
45, 5, 30.240856
45, 6, -15.915210
45, 7, 0.072819
45, 8, -9.226937
45, 9, 13.931795
45, 10, 13.522483
45, 11, -12.786708
45, 12, -1.577912
45, 13, 29.049925
45, 14, -24.958141
45, 16, -41.102631
45, 17, -22.732000
45, 21, 0.312454
45, 22, -15.470714
45, 23, 9.199236
45, 24, -0.246315
45, 25, -19.568938
45, 26, 59.304275
45, 27, 10.079563
45, 28, -9.784266
45, 29, 3.256250
45, 30, 26.895798
45, 31, -65.688727
45, 32, -3.220959
45, 33, 0.082485
45, 35, 18.159663
45, 36, -37.251442
45, 37, 4.349591
45, 38, 15.631188
45, 40, -30.360951
45, 41, 11.400962
45, 42, 26.443654
45, 43, -11.867326
45, 44, 12.091044
45, 46, -31.028847
45, 47, -6.078301
45, 48, 59.123158
45, 49, 23.444725
46, 1, 6.112254
46, 2, -15.736181
46, 4, 17.008014
46, 5, 30.759144
46, 6, -17.904462
46, 7, 4.070708
46, 8, -9.704074
46, 9, 14.094494
46, 10, 14.805238
46, 11, -12.026899
46, 13, 30.672034
46, 14, -15.593144
46, 16, -40.897369
46, 17, -23.664985
46, 19, 5.097172
46, 20, 65.150367
46, 21, 8.108532
46, 22, -13.846913
46, 23, 9.669712
46, 25, -17.995846
46, 26, 53.641118
46, 27, 14.611178
46, 28, -9.759737
46, 30, 26.236189
46, 31, -65.759494
46, 32, -3.852685
46, 34, -52.672434
46, 35, 18.527160
46, 36, -36.729687
46, 37, 6.098229
46, 38, 16.886096
46, 40, -30.901157
46, 41, 11.719692
46, 42, 30.076656
46, 43, -9.927100
46, 44, 11.695632
46, 45, -73.000000
46, 46, -31.087252
46, 47, -5.129673
46, 48, 58.876842
46, 50, 5.431052
47, 1, 4.717934
47, 2, -15.951771
47, 3, 10.386943
47, 4, 18.405923
47, 6, -20.000350
47, 7, 1.481713
47, 8, -9.818350
47, 9, 14.302412
47, 10, 16.180710
47, 11, -11.163942
47, 12, 74.881974
47, 13, 31.986204
47, 17, -24.595634
47, 19, 5.902828
47, 20, 65.286840
47, 21, -2.514987
47, 22, -12.495421
47, 23, 10.119654
47, 24, -33.000000
47, 25, -15.692080
47, 27, 18.693034
47, 28, -9.651103
47, 29, 99999.000000
47, 31, -65.940161
47, 32, -4.658624
47, 34, -52.654058
47, 37, 7.770920
47, 38, 17.951578
47, 39, -4.813006
47, 40, -31.487055
47, 41, 12.330918
47, 42, 33.338745
47, 43, -7.749055
47, 44, 11.297365
47, 46, -31.169372
47, 47, -4.252474
47, 49, 23.773816
48, 1, 3.501772
48, 3, 10.011702
48, 4, 19.799255
48, 5, -28.841777
48, 6, -21.973681
48, 7, 4.844072
48, 8, -9.622979
48, 9, 14.542839
48, 10, 17.473043
48, 11, -10.351834
48, 13, 32.984593
48, 15, 24.133093
48, 16, -52.162899
48, 17, -25.397767
48, 20, 65.495176
48, 21, 3.997432
48, 22, -11.448119
48, 23, 10.428391
48, 25, -14.420695
48, 26, -92.000000
48, 27, 22.011795
48, 30, -62.858194
48, 32, -5.549381
48, 34, -52.828258
48, 35, -14.810460
48, 36, -10.149866
48, 37, 9.278261
48, 38, 18.759488
48, 39, -5.826780
48, 41, 13.146033
48, 42, 36.009146
48, 43, -5.659501
48, 44, 10.964334
48, 45, 38.589680
48, 46, -31.268417
48, 47, -3.606751
48, 48, -34.258157
48, 49, 23.623694
48, 50, 35.548709
49, 1, 2.642700
49, 3, 9.577908
49, 4, 20.963022
49, 5, -28.367343
49, 6, -23.582703
49, 7, 3.098265
49, 8, -9.208804
49, 9, 14.765001
49, 10, 18.497746
49, 11, -9.747919
49, 13, 33.683606
49, 16, -51.958156
49, 17, -25.971957
49, 18, -36.302763
49, 19, -31.399934
49, 21, -4.829832
49, 22, -10.731019
49, 24, -76.000000
49, 25, -12.189277
49, 27, 24.291387
49, 28, -18.359210
49, 29, 23.835790
49, 30, -62.608550
49, 31, 44.261382
49, 32, -6.401013
49, 33, 18.479229
49, 34, -53.163017
49, 35, -14.189540
49, 36, -10.933747
49, 37, 10.520484
49, 38, 19.226675
49, 39, -6.881964
49, 40, 22.461513
49, 41, 14.027681
49, 42, 37.877651
49, 43, -3.963942
49, 45, 38.059581
49, 48, -34.696027
49, 49, 23.444531
49, 50, 35.958156
50, 1, 2.260960
50, 3, 9.177266
50, 4, 21.713621
50, 5, -28.012082
50, 6, -24.636315
50, 8, -8.695175
50, 10, 19.095656
50, 13, 34.049848
50, 14, -48.851184
50, 15, 61.000000
50, 16, -51.818090
50, 17, -26.240909
50, 18, -35.697237
50, 19, -31.600066
50, 20, 4.000000
50, 22, -10.353668
50, 23, 75.000000
50, 25, -11.931177
50, 26, 68.000000
50, 27, 25.339850
50, 28, -17.640790
50, 29, 24.164210
50, 30, -62.448734
50, 31, 44.738618
50, 32, -7.064707
50, 33, -0.651053
50, 34, -53.595485
50, 36, -11.820032
50, 37, 11.379756
50, 39, -7.770427
50, 40, 22.538487
50, 41, 14.803932
50, 42, 38.781545
50, 43, -2.932223
50, 44, -53.000000
50, 45, 37.609131
50, 46, -72.000000
50, 47, -8.000000
50, 48, -35.260256
50, 49, 23.265621
50, 50, 36.432280
