1, 1, 33.000000
1, 3, -18.630431
1, 4, 26.704124
1, 6, 22.611613
1, 7, 7.969460
1, 8, 33.367902
1, 9, -26.753164
1, 10, -19.000000
1, 11, 9.433696
1, 12, 99999.000000
1, 13, -86.000000
1, 14, -59.097792
1, 15, -38.000000
1, 16, -0.343060
1, 18, -90.588328
1, 19, -53.344220
1, 20, -37.348760
1, 21, 11.342527
1, 22, 2.218853
1, 23, 32.735250
1, 24, 25.215417
1, 25, -50.527623
1, 27, 62.000000
1, 28, 3.010861
1, 29, -41.000000
1, 30, -33.894550
1, 32, -9.724704
1, 33, -43.969658
1, 34, -17.019596
1, 35, -25.161576
1, 37, -82.000000
1, 38, -87.000000
1, 39, 82.000000
1, 40, 11.278171
1, 41, 17.150996
1, 42, -26.071958
1, 43, -37.611899
1, 45, -1.165811
1, 46, -81.000000
1, 47, -29.614616
1, 49, 45.000000
1, 50, 12.308527
2, 2, 51.830852
2, 3, -19.418250
2, 4, 20.978530
2, 5, -32.262533
2, 6, 17.233772
2, 7, 9.408311
2, 8, 35.632098
2, 9, -29.142359
2, 11, 11.054877
2, 14, -56.902208
2, 16, 27.618329
2, 17, -5.788978
2, 19, -48.821339
2, 20, -30.254155
2, 21, -0.347553
2, 22, -13.059143
2, 23, 23.808491
2, 24, 19.665999
2, 25, -43.526832
2, 28, 6.399431
2, 30, -37.269247
2, 31, 19.588887
2, 32, -13.359985
2, 33, -46.012784
2, 34, -15.930106
2, 35, -19.237325
2, 36, -70.877366
2, 40, 4.151692
2, 41, 16.689370
2, 42, -22.958531
2, 43, -32.051218
2, 44, 6.008131
2, 45, 4.432738
2, 47, -25.072433
2, 48, -6.016706
2, 50, 15.414526
3, 1, -23.748584
3, 2, 21.321131
3, 3, -21.896772
3, 4, 10.777740
3, 5, -37.470975
3, 6, 8.675815
3, 7, 9.050141
3, 9, -19.004355
3, 11, 10.190779
3, 12, 34.177545
3, 13, 99999.000000
3, 15, -24.696372
3, 17, -43.168635
3, 19, -43.106170
3, 20, -22.337436
3, 21, -11.011436
3, 22, -15.061875
3, 23, 15.148740
3, 24, 17.001862
3, 25, -34.953937
3, 26, -27.384197
3, 27, -18.650313
3, 28, 8.279182
3, 29, 53.799916
3, 30, -28.158151
3, 31, 15.769937
3, 32, -13.673249
3, 33, -46.429156
3, 34, -15.709000
3, 35, -10.999015
3, 36, -70.122634
3, 37, -79.000000
3, 38, 44.759069
3, 39, 18.090330
3, 40, -2.954597
3, 41, 14.854548
3, 42, -23.100084
3, 43, -35.335070
3, 44, 1.032720
3, 45, 8.865823
3, 47, -16.938582
3, 48, -9.260367
3, 49, -45.212977
3, 50, 16.781769
4, 1, -21.800182
4, 2, 50.624299
4, 3, -24.267458
4, 4, -1.068436
4, 5, -42.530093
4, 6, -0.726578
4, 8, -49.873250
4, 9, -33.153123
4, 10, -95.000000
4, 11, 7.456433
4, 12, 31.671610
4, 14, 11.090195
4, 15, -27.303628
4, 17, 3.150253
4, 19, -41.780719
4, 20, -19.027078
4, 21, -18.291130
4, 23, 5.009644
4, 24, 19.514439
4, 25, -24.809828
4, 26, -14.211422
4, 27, -13.252787
4, 29, 55.331322
4, 31, 13.368108
4, 32, -10.930190
4, 33, -44.968493
4, 34, -15.615608
4, 35, -4.471890
4, 38, 38.240931
4, 39, 9.949006
4, 40, -7.030148
4, 43, -34.856564
4, 44, -6.596462
4, 45, 12.767348
4, 47, -6.846900
4, 48, -11.690283
4, 49, -44.600231
4, 50, 15.609256
5, 1, -17.917692
5, 2, 1.596549
5, 3, -25.129501
5, 4, -12.717640
5, 5, -48.627366
5, 6, -7.250186
5, 7, 21.668249
5, 8, -43.853477
5, 11, 2.239790
5, 12, 28.368882
5, 13, 14.840642
5, 14, 15.711992
5, 19, -40.496711
5, 21, -23.243234
5, 23, -2.136420
5, 24, 25.099066
5, 25, -18.311908
5, 26, -34.487483
5, 27, -7.416341
5, 29, 59.473493
5, 31, 13.599059
5, 32, -7.263386
5, 33, -39.570788
5, 34, -14.417649
5, 35, 0.214112
5, 36, 20.944799
5, 39, 0.793892
5, 40, -9.201866
5, 41, 40.232258
5, 43, -43.993334
5, 44, -13.159570
5, 45, 13.357360
5, 47, -0.160389
5, 49, -47.387447
5, 50, 14.547784
6, 1, -10.531216
6, 3, -23.423403
6, 5, -53.189853
6, 6, -10.368207
6, 7, 11.855074
6, 8, -40.316485
6, 10, 9.467960
6, 11, -6.694075
6, 13, 11.446204
6, 14, 19.308008
6, 16, -40.030172
6, 19, -38.504721
6, 20, -35.381105
6, 21, -27.510035
6, 23, -7.372064
6, 24, 33.225933
6, 25, -12.798267
6, 26, -27.003095
6, 27, -2.165615
6, 31, 17.977393
6, 32, -2.158809
6, 33, -30.372316
6, 34, -12.520403
6, 35, 2.796039
6, 36, 18.570613
6, 38, -25.783710
6, 39, -6.232613
6, 40, -12.626526
6, 41, 34.368430
6, 42, -58.410348
6, 43, -39.529418
6, 44, -23.369418
6, 47, 5.153891
6, 49, -51.478486
7, 1, -0.013451
7, 3, -21.250104
7, 4, -17.143139
7, 6, -9.527605
7, 7, -0.890975
7, 8, -35.347683
7, 10, 3.507975
7, 11, -17.124210
7, 12, 22.211035
7, 13, 6.882811
7, 14, 21.400061
7, 16, -8.974360
7, 18, 22.692035
7, 19, -38.642177
7, 20, -26.766753
7, 21, -31.577272
7, 22, 42.473611
7, 23, -12.637280
7, 25, -9.168834
7, 26, -34.437866
7, 27, 4.497488
7, 29, -22.386986
7, 31, 25.883664
7, 32, 2.194517
7, 33, -19.870683
7, 34, -9.035327
7, 35, 2.868137
7, 36, 12.247530
7, 38, -24.122865
7, 39, -11.188979
7, 40, -12.665898
7, 41, 23.990053
7, 42, -54.914131
7, 44, -32.748541
7, 46, -15.153465
7, 47, 9.730572
7, 50, 24.149156
8, 1, 9.198688
8, 4, -25.856861
8, 5, -6.064182
8, 6, -4.700961
8, 8, -28.335148
8, 9, 0.316470
8, 10, -2.520902
8, 11, -27.509433
8, 12, 19.567980
8, 13, 6.043277
8, 14, 21.035247
8, 16, -28.562519
8, 19, -38.311375
8, 20, -17.658137
8, 21, -34.316151
8, 22, 17.958975
8, 23, -14.729629
8, 24, -2.000000
8, 25, -11.068177
8, 26, -29.113559
8, 27, 7.924892
8, 29, -24.368421
8, 30, -31.228877
8, 32, 4.250155
8, 33, -7.525156
8, 34, -4.300230
8, 35, -0.614435
8, 36, 1.874413
8, 37, -44.995400
8, 38, -24.270569
8, 39, -14.160004
8, 41, 10.919944
8, 42, -56.113900
8, 44, -42.676724
8, 45, -20.880923
8, 46, -7.741217
8, 47, 11.462106
8, 48, 4.120486
8, 49, 14.000000
8, 50, 19.883215
9, 3, -19.356328
9, 5, 0.314928
9, 6, 3.963727
9, 8, -19.444394
9, 9, -32.326629
9, 10, -5.948813
9, 11, -37.179211
9, 12, 21.400524
9, 13, 7.840530
9, 14, 17.988257
9, 15, 23.000000
9, 16, -11.384529
9, 17, 60.000000
9, 19, -40.428393
9, 20, -13.119937
9, 21, -39.101556
9, 22, 30.967712
9, 23, -16.344009
9, 25, -16.602861
9, 26, -30.860173
9, 27, 8.597300
9, 29, -28.273856
9, 30, -24.057659
9, 31, -68.000000
9, 32, 5.631389
9, 33, 5.312186
9, 34, 2.373253
9, 35, -3.182231
9, 36, -8.811886
9, 37, -39.312407
9, 38, -23.995025
9, 39, -17.470534
9, 40, -23.331835
9, 41, -1.296150
9, 44, -50.035776
9, 45, -8.746519
9, 46, -4.682925
9, 47, 12.571436
9, 48, 0.500134
9, 50, 15.714775
10, 1, 3.193603
10, 2, -38.326540
10, 3, -20.037390
10, 4, -22.364235
10, 5, 7.325189
10, 6, 14.126463
10, 7, -13.225834
10, 8, -12.056035
10, 9, -0.841212
10, 10, -10.371770
10, 13, 11.174584
10, 14, 14.466299
10, 16, -15.445251
10, 19, -40.924901
10, 20, -11.361520
10, 21, -40.635753
10, 22, 18.197139
10, 23, -17.683858
10, 24, -28.424869
10, 25, -24.253505
10, 26, -26.728567
10, 27, 11.951501
10, 29, -34.782241
10, 30, -19.620823
10, 32, 5.501887
10, 33, 15.822426
10, 34, 7.355745
10, 35, -2.631647
10, 36, -19.500506
10, 37, -38.535916
10, 38, -21.491299
10, 40, -11.864394
10, 41, -9.562734
10, 42, -50.836783
10, 43, 1.827681
10, 45, 2.504346
10, 46, -7.053800
10, 47, 16.784811
10, 48, -7.339813
10, 49, -10.716964
10, 50, 15.252529
11, 1, 9.321345
11, 2, -39.439605
11, 3, -21.516706
11, 4, -14.447602
11, 5, 13.315264
11, 6, 22.058445
11, 7, -11.075028
11, 8, -2.449517
11, 9, -8.347230
11, 10, -13.124366
11, 11, -34.989073
11, 12, -16.000000
11, 13, 14.730162
11, 14, 8.167469
11, 15, 10.245268
11, 16, -3.040963
11, 17, -13.015908
11, 20, -11.944466
11, 21, -46.145259
11, 22, 22.557106
11, 23, -19.576011
11, 24, -22.218424
11, 25, -30.347803
11, 26, -22.563961
11, 27, 18.424428
11, 28, 9.671530
11, 30, -17.507056
11, 32, 5.285118
11, 33, 27.630793
11, 34, 14.450838
11, 35, 1.285165
11, 36, -27.180767
11, 37, -38.993004
11, 38, -17.171363
11, 39, 8.827921
11, 40, 2.267630
11, 41, -13.182080
11, 42, -53.748513
11, 44, 16.743588
11, 45, 9.792576
11, 46, -10.532418
11, 47, 23.356500
11, 48, -16.296204
11, 49, -0.216154
11, 50, 15.747505
12, 1, 11.849769
12, 2, -42.373632
12, 3, -22.935309
12, 4, -7.866633
12, 6, 25.163510
12, 7, -10.312735
12, 8, 9.737022
12, 9, 10.751764
12, 10, -12.912557
12, 11, -31.138968
12, 13, 17.202911
12, 14, -1.619936
12, 16, 0.093454
12, 17, -8.808078
12, 18, 4.932341
12, 19, -15.443290
12, 20, -11.858965
12, 21, -43.284818
12, 22, 17.843699
12, 23, -18.141783
12, 24, -16.166679
12, 25, -36.925120
12, 26, -15.836673
12, 27, 24.226327
12, 28, 9.328470
12, 29, 80.000000
12, 31, 21.210173
12, 32, 2.921885
12, 33, 37.992288
12, 37, -40.057096
12, 38, -12.584322
12, 39, 2.369116
12, 40, 18.004401
12, 41, -15.458979
12, 42, -57.185786
12, 43, 6.295806
12, 44, 9.826621
12, 45, 14.540122
12, 46, -14.872725
12, 47, 30.556838
12, 48, -23.613935
12, 49, 8.639045
13, 1, 11.951339
13, 2, -46.076997
13, 3, -25.930339
13, 4, 0.257003
13, 5, 48.518505
13, 6, 22.684480
13, 7, -13.949322
13, 8, 21.514300
13, 9, 11.241091
13, 11, -27.317477
13, 14, -10.606401
13, 17, -2.018141
13, 18, 2.392970
13, 19, -7.942638
13, 20, -10.249655
13, 21, -51.374622
13, 22, 19.858782
13, 23, -13.968803
13, 24, -13.796527
13, 25, -41.040475
13, 26, -8.430603
13, 27, 28.296717
13, 30, -51.089927
13, 31, 15.789827
13, 32, -1.980401
13, 34, -8.626182
13, 35, -28.591358
13, 36, -44.411672
13, 37, -40.167953
13, 38, -5.824318
13, 39, -1.073149
13, 40, 32.310207
13, 41, -15.083337
13, 43, -0.892633
13, 44, 0.214664
13, 46, -21.804734
13, 48, -32.866987
13, 49, 15.567808
13, 50, 31.989705
14, 1, 10.522967
14, 2, -49.049596
14, 3, -30.560104
14, 4, 5.693594
14, 5, 44.447643
14, 6, 15.519724
14, 7, -18.039684
14, 8, 30.362627
14, 9, 20.047827
14, 10, 22.501847
14, 11, -24.624379
14, 13, -19.457593
14, 14, -18.449235
14, 17, 4.736098
14, 18, 1.882183
14, 19, 1.201149
14, 20, -8.356059
14, 22, 17.410307
14, 23, -7.825742
14, 24, -15.214299
14, 25, -41.624381
14, 26, -0.038241
14, 27, 32.869253
14, 28, -41.638468
14, 30, -43.154945
14, 32, -6.649992
14, 33, -37.976115
14, 34, 2.626182
14, 35, -21.609266
14, 36, -43.588328
14, 37, -42.636507
14, 38, 1.108578
14, 39, -2.394951
14, 40, 43.525167
14, 41, -16.426828
14, 43, -10.471427
14, 44, -10.981686
14, 46, -27.439458
14, 47, -14.007675
14, 48, -40.844362
14, 50, 24.717042
15, 1, 12.249120
15, 2, -52.496187
15, 3, -32.754377
15, 4, 11.288534
15, 5, 43.822238
15, 6, 5.326381
15, 7, -22.368246
15, 9, 19.589190
15, 10, 20.634112
15, 11, -24.609793
15, 12, 10.528881
15, 13, -13.057157
15, 14, -29.400820
15, 18, 3.374627
15, 19, 7.605430
15, 20, -7.384182
15, 22, 13.847243
15, 23, -0.752496
15, 24, -18.330934
15, 25, -38.716146
15, 26, 5.458085
15, 27, 35.879542
15, 28, -36.758083
15, 29, 45.772853
15, 30, -50.606952
15, 31, -84.000000
15, 32, -9.677745
15, 33, -42.187464
15, 35, -8.605352
15, 37, -44.731232
15, 38, 6.791844
15, 39, -4.026093
15, 40, 51.088081
15, 41, -16.623771
15, 43, -21.874026
15, 45, -7.437753
15, 46, -29.392618
15, 47, -12.607648
15, 49, 14.346226
15, 50, 17.060544
16, 1, 14.558682
16, 2, -53.821300
16, 3, -33.098389
16, 4, 18.045379
16, 5, 43.689715
16, 6, -2.600241
16, 7, -24.222359
16, 8, -16.747127
16, 10, 20.814416
16, 11, -25.177212
16, 12, -9.934075
16, 13, -10.505664
16, 14, -39.059491
16, 16, -0.156711
16, 17, 56.416009
16, 20, -6.820232
16, 22, 5.705268
16, 23, 5.029148
16, 24, -20.912959
16, 25, -32.705186
16, 26, 8.331997
16, 27, 37.083728
16, 28, -36.238997
16, 29, 38.375618
16, 30, -39.350347
16, 32, -14.193528
16, 33, -44.955193
16, 34, 2.000000
16, 35, 7.832663
16, 36, 66.000000
16, 38, 14.233741
16, 40, 57.241410
16, 41, -17.856421
16, 43, -31.637409
16, 44, 29.053850
16, 45, -10.667838
16, 46, -28.147677
16, 47, -13.800193
16, 48, -14.726887
16, 49, 9.759646
16, 50, 9.447936
17, 1, 20.609688
17, 2, -52.835901
17, 4, 22.134594
17, 5, 42.307744
17, 6, -6.732124
17, 7, -22.277060
17, 8, -18.526722
17, 9, -34.744181
17, 10, 18.908362
17, 11, -23.735985
17, 12, 7.141060
17, 13, -9.096949
17, 14, -46.984162
17, 15, -39.613838
17, 16, -5.173580
17, 17, 50.583991
17, 18, 27.911564
17, 19, 86.000000
17, 20, -3.172005
17, 21, 22.256540
17, 22, -4.863182
17, 23, 7.906038
17, 25, -29.109254
17, 26, 10.613259
17, 27, 35.646142
17, 28, -41.084481
17, 29, 34.476114
17, 31, 99999.000000
17, 32, -21.860827
17, 33, -46.372565
17, 35, 23.759459
17, 38, 17.787689
17, 39, 32.603567
17, 42, -13.245760
17, 43, -37.155722
17, 44, 27.911285
17, 45, -11.338059
17, 46, -25.153429
17, 47, -18.738600
17, 48, -8.008212
17, 49, 6.170293
17, 50, 2.758816
18, 1, 30.033471
18, 2, -49.947875
18, 3, -73.000000
18, 4, 23.802971
18, 5, 37.741930
18, 6, -9.261156
18, 7, -19.230490
18, 8, -21.803020
18, 9, -26.047332
18, 10, 15.785669
18, 12, -7.357135
18, 13, -11.163190
18, 14, -51.768071
18, 15, -8.654294
18, 16, -1.206612
18, 18, 18.221947
18, 20, 4.045832
18, 21, 6.916908
18, 22, -16.225474
18, 24, -29.883281
18, 25, -24.600587
18, 26, 14.157029
18, 27, 32.659932
18, 29, 31.358622
18, 32, -27.599974
18, 34, 23.000000
18, 35, 36.287888
18, 36, 22.014590
18, 37, 73.000000
18, 38, 17.542810
18, 39, 27.581023
18, 40, -4.855372
18, 41, 44.739380
18, 42, -7.205411
18, 44, 23.920613
18, 45, -9.318533
18, 46, -23.567954
18, 47, -22.528658
18, 48, -0.530532
18, 49, 2.356787
18, 50, -3.352321
19, 1, 38.251044
19, 2, -45.362882
19, 4, 24.055575
19, 5, 30.416297
19, 6, -12.069484
19, 7, -14.807262
19, 8, -26.565571
19, 9, -17.723449
19, 10, 10.802308
19, 11, -5.262170
19, 13, -16.401515
19, 14, -53.648808
19, 15, -38.001138
19, 16, -6.433272
19, 17, -61.969630
19, 18, 12.006013
19, 19, -20.174980
19, 20, 10.654534
19, 21, 6.436038
19, 22, -25.857086
19, 23, -7.006770
19, 24, -38.116719
19, 25, -18.583540
19, 26, 20.472293
19, 27, 29.604729
19, 28, 9.580774
19, 29, 29.808689
19, 31, -90.000000
19, 33, 17.968821
19, 35, 44.418906
19, 36, 20.985410
19, 38, 13.549778
19, 39, 20.016145
19, 40, -1.976361
19, 41, 38.971603
19, 42, -4.520947
19, 45, -3.640536
19, 46, -20.793720
19, 48, 8.062582
19, 49, 0.241471
19, 50, -10.368142
20, 1, 44.581342
20, 3, 62.000000
20, 4, 24.658553
20, 5, 20.028889
20, 6, -17.937060
20, 8, -33.117844
20, 10, 8.627036
20, 11, -10.052804
20, 15, -20.760823
20, 16, -7.411636
20, 17, -57.015070
20, 18, 8.384050
20, 19, -11.189031
20, 20, 15.165508
20, 21, -1.703263
20, 23, -5.848829
20, 25, -12.434258
20, 27, 27.507887
20, 28, 2.158635
20, 29, 31.699308
20, 30, -58.906546
20, 33, 14.900096
20, 34, 29.278972
20, 37, -34.858439
20, 39, 13.487413
20, 40, 2.329283
20, 41, 36.528017
20, 42, -4.593407
20, 43, 74.176656
20, 44, 14.888590
20, 46, -16.694382
20, 47, 41.713443
20, 49, -2.322914
20, 50, -17.659601
21, 4, 28.008730
21, 5, 8.659703
21, 6, -24.528876
21, 7, -30.662594
21, 8, -41.299942
21, 11, -12.831305
21, 12, -45.932671
21, 13, -60.813091
21, 14, 9.651554
21, 15, -34.629505
21, 16, -13.765364
21, 17, -49.522684
21, 18, 5.590900
21, 19, 1.990480
21, 20, 17.871556
21, 21, 0.713202
21, 23, -5.187976
21, 25, -6.146111
21, 28, -7.099940
21, 31, 4.546292
21, 32, -13.000000
21, 33, 14.577076
21, 34, 15.149993
21, 35, -6.777221
21, 36, -39.775254
21, 37, -40.141561
21, 38, 10.105159
21, 39, 6.950536
21, 40, 3.571739
21, 41, 38.081167
21, 42, -8.100084
21, 44, 5.091029
21, 45, 16.204341
21, 46, -12.037902
21, 47, 33.684217
21, 48, -39.007747
21, 49, -5.237547
21, 50, -24.108763
22, 1, -96.000000
22, 3, 33.330446
22, 4, 31.363693
22, 5, -6.218294
22, 6, -30.204673
22, 7, -23.707098
22, 10, -21.507318
22, 11, -12.391966
22, 12, -40.412772
22, 13, -55.186909
22, 14, 11.583632
22, 15, -25.573905
22, 16, -18.221723
22, 17, -40.092521
22, 18, 2.187687
22, 19, 15.361549
22, 20, 19.382344
22, 21, 3.832974
22, 22, 80.671530
22, 23, -6.804704
22, 24, -58.167104
22, 25, -1.203318
22, 26, 48.701162
22, 28, -14.105039
22, 31, 0.673273
22, 33, 16.674729
22, 34, 15.733047
22, 35, -1.088516
22, 36, -35.378653
22, 38, 8.062134
22, 39, 4.973370
22, 40, 2.998078
22, 42, -12.810824
22, 44, -4.278759
22, 45, 9.488532
22, 46, -3.881199
22, 47, 28.727971
22, 48, -32.988102
22, 49, -7.764736
22, 50, -27.606780
23, 3, 28.721542
23, 4, 35.167824
23, 5, -22.052384
23, 6, -37.533393
23, 7, -15.823876
23, 8, -1.019949
23, 9, 8.043567
23, 10, -14.873118
23, 11, -12.148226
23, 12, -34.149059
23, 14, 15.433010
23, 16, -26.058610
23, 17, -30.089428
23, 18, 1.593837
23, 19, 27.450140
23, 20, 21.735109
23, 21, 9.030541
23, 22, 80.328470
23, 23, -6.680844
23, 24, -55.140841
23, 25, 2.592310
23, 26, 46.035520
23, 28, -22.032960
23, 30, 25.643247
23, 31, -4.060167
23, 32, 91.000000
23, 33, 20.887464
23, 34, -6.655452
23, 35, 6.256368
23, 36, -32.861035
23, 38, 8.037055
23, 39, 6.721698
23, 40, 1.788937
23, 41, 14.736133
23, 42, -17.392617
23, 44, -10.149079
23, 45, 3.066855
23, 46, 6.680771
23, 47, 24.483755
23, 48, -31.172808
23, 49, -8.089015
24, 1, 16.747056
24, 2, -73.000000
24, 3, 23.934533
24, 4, 40.413622
24, 5, -34.545955
24, 6, -44.129000
24, 7, -11.684919
24, 8, 3.993503
24, 9, 2.329490
24, 10, -6.846231
24, 11, -12.269044
24, 12, -27.799860
24, 13, 33.000000
24, 14, 22.493274
24, 15, 0.963137
24, 16, -33.831259
24, 17, -20.342581
24, 19, 34.594302
24, 20, 25.651341
24, 21, 12.831412
24, 24, -54.370774
24, 26, 42.217073
24, 27, -39.084002
24, 28, -28.312370
24, 29, -47.956992
24, 30, 20.889635
24, 31, -10.484648
24, 33, 23.316580
24, 35, 11.371659
24, 36, -28.814375
24, 38, 9.652488
24, 39, 6.009836
24, 40, 2.856098
24, 41, 23.788524
24, 42, -20.832304
24, 43, -5.116907
24, 44, -13.178024
24, 45, -0.395208
24, 46, 15.812064
24, 47, 19.996190
24, 49, -9.242488
24, 50, -62.000000
25, 1, 14.969296
25, 3, 22.689663
25, 4, 44.130602
25, 5, -41.851353
25, 7, -11.832343
25, 8, 7.393183
25, 9, -2.468900
25, 10, -1.305473
25, 11, -11.951942
25, 12, -24.099040
25, 15, -1.353429
25, 16, -42.694836
25, 17, -8.272340
25, 18, 14.000000
25, 20, 27.171724
25, 21, 14.240340
25, 22, -5.527198
25, 24, -53.815751
25, 25, 25.000000
25, 27, -29.716804
25, 28, -31.354619
25, 29, -48.601912
25, 30, 16.770318
25, 31, -19.579303
25, 33, 24.338656
25, 35, 18.044315
25, 36, -23.374818
25, 38, 11.995634
25, 39, 1.887931
25, 40, 5.903910
25, 41, 31.750221
25, 42, -21.399711
25, 43, 17.484833
25, 44, -14.831407
25, 46, 22.270932
25, 47, 17.151788
25, 48, -14.325658
26, 1, 13.470237
26, 2, -52.440852
26, 3, 26.838117
26, 4, 46.969302
26, 6, 18.154088
26, 8, 8.304087
26, 9, -9.029855
26, 10, 1.037701
26, 11, -8.761291
26, 12, -22.118641
26, 13, 52.667193
26, 14, -46.195106
26, 15, -2.020935
26, 17, 4.572100
26, 19, -43.780861
26, 20, 26.492560
26, 21, 12.478854
26, 22, -0.225093
26, 23, -21.128107
26, 24, -56.661741
26, 26, -21.224681
26, 27, -19.572421
26, 28, -31.811787
26, 29, -50.750808
26, 30, 13.122558
26, 31, -26.610853
26, 32, -49.588328
26, 33, 24.789129
26, 35, 21.626701
26, 36, -17.816955
26, 39, -4.093357
26, 41, 38.928172
26, 42, -20.972984
26, 43, 5.200229
26, 44, -13.708045
26, 47, 13.060709
26, 48, -8.953339
26, 49, 38.000000
26, 50, -46.116660
27, 1, 13.248616
27, 2, -49.559148
27, 3, 33.864380
27, 4, 47.484797
27, 5, -24.214387
27, 6, 17.148399
27, 7, 11.905256
27, 9, -15.929447
27, 10, 4.948990
27, 12, -18.849682
27, 13, 57.332807
27, 14, -47.502888
27, 15, -4.938738
27, 16, -29.968555
27, 17, 16.494744
27, 18, 4.238040
27, 19, -36.330736
27, 20, 23.000991
27, 21, 10.254794
27, 22, 1.802647
27, 23, -16.632181
27, 24, -59.433437
27, 25, -56.000000
27, 26, -21.567342
27, 27, -13.499591
27, 28, -31.940890
27, 29, -52.708530
27, 30, 10.682101
27, 31, -32.236330
27, 33, 29.812411
27, 34, 29.750503
27, 35, 22.108599
27, 36, -11.018772
27, 37, 4.648266
27, 38, -5.227125
27, 39, -11.094040
27, 40, -26.794631
27, 42, -21.606657
27, 43, 18.663751
27, 44, -9.395786
27, 45, -18.018958
27, 46, 8.285076
27, 47, 6.168080
27, 48, -6.229575
27, 50, -39.187325
28, 3, 41.002379
28, 5, -13.729266
28, 6, 14.105251
28, 7, 18.310630
28, 8, -18.143139
28, 9, -21.654462
28, 12, -16.016188
28, 14, -53.489705
28, 16, -23.191930
28, 17, 28.007722
28, 18, -1.733684
28, 19, -29.177146
28, 20, 18.640968
28, 21, 10.139751
28, 22, 1.089961
28, 23, -10.059100
28, 24, -62.880650
28, 26, -23.461002
28, 27, -13.145808
28, 28, -30.310783
28, 29, -57.372454
28, 30, 8.078197
28, 31, -39.423586
28, 33, 37.690306
28, 34, 8.157990
28, 35, 23.334700
28, 36, -5.657723
28, 37, 15.351734
28, 38, -6.678325
28, 39, -20.430023
28, 40, -18.554045
28, 41, -28.968737
28, 42, -20.997091
28, 43, 17.406175
28, 44, -6.605265
28, 45, -19.810988
28, 46, 1.136046
28, 47, -1.298051
28, 48, -6.566488
28, 49, -81.411672
28, 50, -32.151983
29, 1, 26.940307
29, 5, -7.689858
29, 6, 9.160093
29, 7, 26.089199
29, 8, -26.856861
29, 9, -28.685395
29, 10, 15.358889
29, 11, 72.218802
29, 16, -13.243885
29, 18, -10.621329
29, 19, -22.731698
29, 20, 17.441831
29, 21, 14.107366
29, 22, -4.473490
29, 23, -2.746986
29, 24, -65.556997
29, 25, 7.903887
29, 26, -24.096966
29, 27, -17.896189
29, 30, 8.455077
29, 31, -43.835297
29, 34, 25.217857
29, 35, 25.118287
29, 36, -0.715927
29, 38, -11.155382
29, 39, -28.675160
29, 40, -13.370626
29, 41, -25.961462
29, 42, -19.068358
29, 43, 27.952271
29, 44, -5.961382
29, 45, -23.481350
29, 46, -2.791908
29, 48, -6.358321
29, 49, -80.588328
29, 50, -29.039872
30, 1, 17.202140
30, 2, -40.018263
30, 3, 24.712997
30, 4, 16.657321
30, 5, -1.608803
30, 6, 2.304776
30, 9, -35.112105
30, 10, 22.630724
30, 11, 69.818897
30, 12, 52.529057
30, 14, 29.136266
30, 16, -4.672374
30, 17, -13.447572
30, 19, -16.224570
30, 20, 20.541268
30, 22, -13.235585
30, 23, 3.376032
30, 25, 9.417923
30, 26, -22.743496
30, 28, -9.990460
30, 29, -12.482042
30, 30, 9.945869
30, 32, -3.736701
30, 33, -62.000000
30, 34, 16.428605
30, 35, 26.041736
30, 36, 4.306429
30, 37, 23.024706
30, 38, -16.662590
30, 39, -41.300886
30, 40, -13.794906
30, 41, -28.023141
30, 42, -18.356323
30, 43, 35.040605
30, 45, -26.296519
30, 47, 24.823344
30, 48, -9.069801
30, 50, -26.864116
31, 1, 3.843803
31, 2, -39.889342
31, 3, 18.747928
31, 4, 8.490485
31, 5, -2.627625
31, 6, -0.589189
31, 7, -51.196923
31, 8, 20.020734
31, 9, -40.544613
31, 10, 30.671233
31, 11, 65.792038
31, 12, 50.192139
31, 13, -25.072705
31, 14, 25.225087
31, 15, 11.779574
31, 16, -1.190057
31, 17, -5.988077
31, 18, 63.000000
31, 19, -11.632537
31, 20, 24.253780
31, 21, 14.767068
31, 22, -21.744363
31, 23, 10.692267
31, 24, -51.230724
31, 25, 11.554234
31, 26, -23.997793
31, 28, -10.966465
31, 29, -5.675255
31, 30, 8.982882
31, 32, -6.627760
31, 34, 29.603050
31, 35, 24.856321
31, 36, 9.653640
31, 37, 12.303164
31, 38, -22.560127
31, 39, -40.438858
31, 42, -14.436815
31, 43, 44.858760
31, 44, -85.000000
31, 45, -30.862418
31, 46, -32.544559
31, 47, 23.176656
31, 48, -10.872602
31, 50, -23.557760
32, 1, -7.190654
32, 2, -39.061662
32, 3, 14.526184
32, 4, 3.095859
32, 5, 2.234479
32, 6, -0.613240
32, 7, -45.381671
32, 8, 18.937065
32, 9, -48.382284
32, 10, 37.483299
32, 11, 59.120192
32, 12, 47.511107
32, 13, 7.375081
32, 14, 20.235858
32, 16, -1.525019
32, 17, 2.300443
32, 19, -8.192562
32, 20, 27.231636
32, 21, 2.602410
32, 22, -28.703627
32, 23, 19.497242
32, 24, -53.517386
32, 25, 16.837306
32, 26, -24.187684
32, 28, -8.967364
32, 29, -0.669079
32, 30, 7.369500
32, 33, -49.000000
32, 35, 20.703245
32, 36, 17.575979
32, 37, 2.796029
32, 38, -28.734966
32, 39, -51.983781
32, 40, -8.727700
32, 42, -8.970002
32, 46, -36.455441
32, 48, -13.563221
32, 49, 22.964773
32, 50, -20.017040
33, 1, -16.791762
33, 2, -39.110535
33, 3, 9.649073
33, 4, 2.725522
33, 6, 3.327579
33, 7, -38.634002
33, 8, 16.537397
33, 11, 49.509036
33, 12, 46.518522
33, 13, -3.298583
33, 14, 18.992533
33, 15, 55.000000
33, 16, -6.786854
33, 17, 10.211718
33, 18, -23.264195
33, 19, -4.814312
33, 20, 33.374740
33, 21, -7.814797
33, 22, -31.552692
33, 23, 25.458739
33, 24, -56.075446
33, 25, 25.671117
33, 26, -27.010840
33, 27, -29.957299
33, 28, -5.396562
33, 29, 0.174501
33, 32, -5.064659
33, 34, 11.000000
33, 35, 15.230870
33, 37, -5.733038
33, 38, -34.851588
33, 40, -2.115346
33, 42, -2.164690
33, 45, 20.171307
33, 47, -96.205836
33, 48, -19.158144
33, 49, 18.864927
33, 50, -17.396380
34, 1, -24.741683
34, 2, -36.934187
34, 3, 7.811016
34, 4, 5.829464
34, 6, 8.321854
34, 8, 14.083463
34, 9, -55.255602
34, 10, -3.116888
34, 11, 37.562371
34, 12, 43.240505
34, 13, 18.036992
34, 14, 21.894699
34, 16, -17.089344
34, 17, 19.629846
34, 18, -18.735805
34, 19, -3.532135
34, 20, 41.075260
34, 21, -14.532182
34, 23, 29.718200
34, 24, -57.720234
34, 26, -33.111456
34, 27, -25.690017
34, 28, -0.810269
34, 29, -1.239053
34, 30, 4.000000
34, 31, -17.278785
34, 32, -2.989365
34, 33, 23.729889
34, 35, 12.529744
34, 36, -11.295444
34, 37, -11.514835
34, 40, 0.599704
34, 41, 24.382492
34, 42, 3.320708
34, 43, -19.365734
34, 44, 39.012723
34, 45, 14.832702
34, 46, 85.000000
34, 47, -64.213036
34, 48, -24.910633
34, 49, 12.537473
34, 50, -15.772590
35, 1, -28.268865
35, 2, -32.013386
35, 3, 7.042564
35, 4, 12.266592
35, 7, -46.087539
35, 8, 12.892171
35, 9, -53.097595
35, 10, -4.083153
35, 11, 26.182108
35, 12, 37.026101
35, 13, 17.120372
35, 14, 29.741400
35, 17, 29.871491
35, 19, -2.567714
35, 21, -17.117596
35, 22, -45.556227
35, 23, 30.193148
35, 24, -58.589118
35, 25, -14.436514
35, 27, -18.842217
35, 28, -0.055231
35, 29, -1.729849
35, 32, -3.202710
35, 33, 19.270111
35, 34, -13.635436
35, 35, 11.147584
35, 36, -1.747590
35, 38, 17.395530
35, 40, -0.955685
35, 43, -20.508837
35, 44, 39.468169
35, 45, 11.916169
35, 48, -27.835483
35, 49, 6.570853
35, 50, -17.595463
36, 1, -26.641354
36, 2, -25.860911
36, 3, 4.642120
36, 4, 20.381232
36, 6, -93.000000
36, 7, -22.674541
36, 8, 10.240891
36, 9, -53.499494
36, 10, -10.426515
36, 11, 12.657102
36, 12, 29.043804
36, 18, -13.748816
36, 19, -4.750268
36, 20, -11.431238
36, 21, -16.321927
36, 22, -41.509786
36, 23, 28.298587
36, 25, -16.563486
36, 26, -55.018167
36, 27, -10.080467
36, 28, -2.898071
36, 29, -2.994769
36, 30, -11.029180
36, 31, 9.354296
36, 32, -4.321224
36, 34, -12.298008
36, 35, 10.392904
36, 36, 8.129010
36, 37, 0.000000
36, 38, 7.645446
36, 39, -5.725271
36, 40, -5.836962
36, 42, 10.384040
36, 43, -24.228800
36, 44, 40.305584
36, 45, 8.230624
36, 46, 47.176656
36, 49, -1.454336
36, 50, -17.242174
37, 1, -19.701875
37, 2, -18.851066
37, 4, 26.244265
37, 5, -13.000000
37, 8, 8.063297
37, 10, -17.849563
37, 11, -1.879678
37, 12, 19.773903
37, 13, -4.455136
37, 14, -27.574333
37, 16, -43.000000
37, 17, -28.253227
37, 18, -3.251184
37, 19, -9.413453
37, 20, -15.957847
37, 21, -16.508422
37, 22, -37.701898
37, 23, 24.953756
37, 24, 34.803024
37, 26, -53.486880
37, 27, -4.407528
37, 28, -6.561891
37, 29, -5.574062
37, 30, -8.970820
37, 31, 14.393482
37, 32, -5.732279
37, 33, 1.128550
37, 34, -13.953493
37, 35, 11.901893
37, 36, 17.208128
37, 38, -0.335221
37, 39, 29.865341
37, 40, -9.479008
37, 41, 99999.000000
37, 42, 8.772424
37, 44, 41.646374
37, 45, 7.126863
37, 46, -7.443745
37, 48, 4.334386
37, 49, -9.287032
37, 50, -15.262189
38, 1, -8.728483
38, 2, -10.861310
38, 4, 29.891136
38, 6, 4.640142
38, 8, 3.168650
38, 10, -27.058955
38, 12, 13.785502
38, 13, 2.785001
38, 14, -23.087652
38, 15, 32.800956
38, 17, -25.639962
38, 19, -11.812001
38, 20, -24.306408
38, 21, -14.597669
38, 22, -33.696530
38, 23, 18.159098
38, 24, 34.979348
38, 25, -27.180993
38, 26, -52.565966
38, 28, -8.045044
38, 29, -7.084871
38, 31, 20.026024
38, 32, -6.662451
38, 33, 10.871450
38, 34, -18.694634
38, 35, 12.585668
38, 36, 27.466145
38, 37, -12.157881
38, 38, -5.066180
38, 39, -5.894587
38, 40, -9.754168
38, 42, 3.498705
38, 43, 62.000000
38, 44, 41.991427
38, 45, 5.933298
38, 48, 13.665614
38, 49, -14.359352
39, 1, 3.843469
39, 2, -5.349112
39, 3, 73.573006
39, 4, 31.680650
39, 5, 25.428599
39, 6, 1.852056
39, 8, -2.217215
39, 9, 12.167156
39, 10, -37.646264
39, 12, 12.257854
39, 13, 13.114303
39, 14, -23.215850
39, 15, 11.896254
39, 16, 4.306836
39, 17, -20.673360
39, 18, 84.000000
39, 19, -11.976928
39, 20, -33.473165
39, 21, -13.205119
39, 22, -28.061201
39, 23, 8.597168
39, 24, 39.174871
39, 25, -28.553237
39, 26, -56.693367
39, 27, -26.049700
39, 28, -7.738577
39, 29, -11.730727
39, 30, 47.970524
39, 32, -7.306422
39, 34, -24.853082
39, 35, 12.807371
39, 36, 37.136401
39, 37, -11.352302
39, 38, -4.247953
39, 39, 5.757351
39, 41, -48.794968
39, 42, -3.163782
39, 44, 43.286542
39, 45, 9.378678
39, 49, -17.085061
40, 1, 12.525550
40, 2, -3.576894
40, 3, 70.825416
40, 4, 31.212018
40, 5, 22.535575
40, 6, 0.047246
40, 7, 21.743597
40, 8, -6.071134
40, 9, 13.725942
40, 10, -46.422796
40, 13, 21.016576
40, 14, -21.884241
40, 15, 24.066798
40, 16, 0.989851
40, 17, -18.013126
40, 19, -9.939248
40, 20, -39.787637
40, 21, -14.741958
40, 22, -24.513467
40, 23, 1.083697
40, 24, 46.495287
40, 27, -22.335927
40, 28, -7.713212
40, 29, -16.879078
40, 30, 41.331871
40, 31, -71.493577
40, 32, -6.527986
40, 33, -95.000000
40, 34, -32.476670
40, 35, 11.942354
40, 36, 46.575038
40, 37, -8.175993
40, 38, 0.344271
40, 39, -11.779868
40, 40, -28.511422
40, 41, -44.141625
40, 42, -6.446537
40, 43, -9.927051
40, 45, 16.413978
40, 47, -26.174679
40, 48, -4.944347
40, 50, 24.432177
41, 1, 17.019908
41, 2, -2.220365
41, 3, 69.925706
41, 4, 30.989729
41, 5, 23.430490
41, 7, 2.767269
41, 8, -6.647731
41, 9, 17.201957
41, 12, -21.174291
41, 13, 26.335768
41, 14, -25.777415
41, 15, 7.216633
41, 16, 1.082950
41, 17, -16.184284
41, 18, 51.244854
41, 19, -5.536202
41, 20, -43.046890
41, 22, -21.342260
41, 23, -6.279860
41, 26, 53.332807
41, 27, -18.534862
41, 28, -9.035421
41, 29, -21.968063
41, 30, 36.695428
41, 31, -69.747918
41, 32, -5.257684
41, 34, -40.837865
41, 35, 12.589770
41, 36, 52.975317
41, 37, -4.125290
41, 38, 5.153991
41, 39, -4.224488
41, 40, -19.663980
41, 41, -41.708477
41, 42, -4.803044
41, 43, -15.072949
41, 44, 11.646191
41, 45, 22.616732
41, 46, -25.303628
41, 47, -23.615312
41, 48, -3.660308
41, 49, 41.264743
41, 50, 31.567823
42, 2, -4.988487
42, 5, 25.212914
42, 6, -1.794884
42, 7, -0.208760
42, 8, -6.603806
42, 9, 17.875911
42, 12, -14.508703
42, 13, 30.051364
42, 14, -24.574242
42, 15, 17.442537
42, 16, 3.583345
42, 17, -12.871425
42, 18, 48.113303
42, 19, -1.468951
42, 22, -18.522938
42, 23, -8.705410
42, 24, 7.000000
42, 27, -15.956660
42, 28, -10.533856
42, 29, -26.344523
42, 30, 30.937867
42, 31, -67.221241
42, 32, -2.453529
42, 33, -50.107160
42, 35, 13.777603
42, 37, -1.460241
42, 38, 9.726796
42, 39, -4.517514
42, 40, -14.900168
42, 41, -39.743010
42, 42, 1.653833
42, 44, 11.941486
42, 45, 28.703880
42, 47, -25.904509
42, 48, -0.540276
42, 49, 31.945047
43, 1, 24.543157
43, 2, -11.305007
43, 3, 42.054022
43, 4, -0.723460
43, 5, 25.092119
43, 6, -4.230347
43, 7, -14.610510
43, 8, -9.572600
43, 9, 15.845495
43, 10, -2.125073
43, 11, 23.607255
43, 12, -5.908288
43, 13, 31.642422
43, 14, -26.689619
43, 15, -3.158123
43, 16, 8.197233
43, 17, -9.217503
43, 18, 42.883055
43, 20, 85.108044
43, 22, -15.782522
43, 23, -6.056474
43, 25, -35.325655
43, 27, -10.697866
43, 28, -13.381411
43, 30, 26.924231
43, 31, -63.883250
43, 32, 0.827101
43, 33, -18.169042
43, 34, -56.744479
43, 35, 15.940000
43, 36, -47.266579
43, 37, 1.582898
43, 38, 14.752823
43, 39, 4.387556
43, 40, -15.350381
43, 42, 10.313472
43, 43, -36.714759
43, 44, 15.389934
43, 45, 35.172909
43, 46, -59.000000
43, 48, 2.688937
43, 49, 21.187686
44, 1, 19.560374
44, 2, -16.248727
44, 3, 42.945978
44, 4, -2.355714
44, 6, -6.256499
44, 7, -16.887871
44, 8, -12.147692
44, 9, 13.988227
44, 10, 1.207705
44, 12, 5.609685
44, 13, 33.778976
44, 14, -18.015990
44, 15, 7.072752
44, 17, -10.341217
44, 18, 46.329543
44, 19, -88.000000
44, 20, 86.891956
44, 21, 32.625300
44, 22, -14.224455
44, 23, -0.614572
44, 24, 3.293375
44, 25, -37.747031
44, 27, -2.746335
44, 28, -14.548162
44, 29, 6.759069
44, 30, 22.135871
44, 31, -60.211540
44, 32, 4.948628
44, 33, -39.088232
44, 34, -51.255521
44, 35, 16.880051
44, 36, -41.706528
44, 37, 4.443957
44, 38, 17.429015
44, 40, -19.624099
44, 41, 4.237298
44, 42, 18.968459
44, 43, -34.717315
44, 44, 16.566779
44, 45, 39.225592
44, 47, -20.424693
44, 49, 11.575873
45, 1, 13.691637
45, 2, -19.448010
45, 4, -0.811646
45, 5, 27.035095
45, 6, -9.930554
45, 7, -17.463176
45, 8, -15.841744
45, 9, 11.701280
45, 10, 8.420166
45, 11, -23.147017
45, 12, 13.848961
45, 13, 34.147385
45, 14, -21.054370
45, 16, -42.372240
45, 17, -16.399016
45, 21, 13.627598
45, 22, -12.611470
45, 23, 6.588935
45, 24, -3.293375
45, 25, -31.833788
45, 26, 56.843176
45, 27, 7.548715
45, 28, -13.951170
45, 29, 0.240931
45, 30, 16.273838
45, 31, -58.202357
45, 32, 8.066984
45, 33, 9.939587
45, 35, 20.091557
45, 36, -34.919107
45, 37, 6.218047
45, 38, 20.059837
45, 40, -24.085771
45, 41, 1.018481
45, 42, 29.238000
45, 43, -28.409887
45, 44, 16.939578
45, 46, -29.699751
45, 47, -11.301017
45, 48, 60.646687
45, 49, 5.741510
46, 1, 6.829457
46, 2, -20.836450
46, 4, 5.970782
46, 5, 33.964905
46, 6, -12.091670
46, 7, -11.227106
46, 8, -20.466593
46, 9, 8.304940
46, 10, 13.872130
46, 11, -14.782147
46, 13, 35.017938
46, 14, -8.418997
46, 16, -39.627760
46, 17, -23.715407
46, 19, 0.113960
46, 20, 60.204901
46, 21, 9.413133
46, 22, -10.827844
46, 23, 15.283664
46, 25, -28.082547
46, 26, 55.386829
46, 27, 18.928010
46, 28, -11.539945
46, 30, 12.413093
46, 31, -58.761134
46, 32, 7.462926
46, 34, -45.272770
46, 35, 23.293417
46, 36, -28.757821
46, 37, 5.982676
46, 38, 20.765458
46, 40, -29.940371
46, 41, -1.160437
46, 42, 37.417684
46, 43, -18.215468
46, 44, 15.340444
46, 45, -73.000000
46, 46, -30.153019
46, 47, -0.743881
46, 48, 57.353313
46, 50, 10.763406
47, 1, -2.405004
47, 2, -22.620958
47, 3, 17.477969
47, 4, 17.239293
47, 6, -17.546052
47, 7, -1.954972
47, 8, -21.975740
47, 9, 8.830560
47, 10, 17.892540
47, 11, -8.661254
47, 12, 73.421925
47, 13, 33.827574
47, 17, -29.932506
47, 19, 10.886040
47, 20, 61.349082
47, 21, -5.885198
47, 22, -8.657961
47, 23, 20.782848
47, 24, -33.000000
47, 25, -18.525584
47, 27, 31.087547
47, 28, -9.517952
47, 29, 99999.000000
47, 31, -61.989192
47, 32, 4.035424
47, 34, -43.305173
47, 37, 5.184272
47, 38, 18.996273
47, 39, 8.349460
47, 40, -37.539147
47, 41, -0.000569
47, 42, 42.977344
47, 43, -6.275225
47, 44, 12.451727
47, 46, -29.904908
47, 47, 6.389019
47, 49, 26.507120
48, 1, -8.034755
48, 3, 13.253400
48, 4, 26.781727
48, 5, -28.724832
48, 6, -23.755450
48, 7, 6.658595
48, 8, -19.424151
48, 9, 12.684458
48, 10, 22.177853
48, 11, -2.005341
48, 13, 31.955767
48, 15, 19.594244
48, 16, -51.491000
48, 17, -33.318634
48, 20, 64.527626
48, 21, -16.355000
48, 22, -9.068390
48, 23, 23.339625
48, 25, -10.122255
48, 26, -92.000000
48, 27, 41.048982
48, 30, -61.524447
48, 32, -1.737210
48, 34, -44.073452
48, 35, -18.651025
48, 36, 3.697176
48, 37, 4.494694
48, 38, 19.326012
48, 39, -3.919555
48, 41, 5.334128
48, 42, 48.005098
48, 43, 3.330234
48, 44, 8.687178
48, 45, 40.968984
48, 46, -31.206979
48, 47, 12.317552
48, 48, -23.279219
48, 49, 24.930876
48, 50, 27.791145
49, 1, -11.803310
49, 3, 7.710395
49, 4, 34.027109
49, 5, -21.837227
49, 6, -30.428722
49, 7, 15.223147
49, 8, -12.975519
49, 9, 15.571211
49, 10, 28.300920
49, 11, 3.536568
49, 13, 33.178799
49, 16, -48.414174
49, 17, -34.999524
49, 18, -40.048107
49, 19, -30.162066
49, 21, -26.864579
49, 22, -9.678294
49, 24, -76.000000
49, 25, 0.435840
49, 27, 47.710034
49, 28, -22.802838
49, 29, 21.804417
49, 30, -57.686352
49, 31, 41.309543
49, 32, -10.998636
49, 33, 12.014743
49, 34, -47.242679
49, 35, -10.348975
49, 36, -5.322442
49, 37, 8.069779
49, 38, 22.356962
49, 39, -15.568504
49, 40, 21.985410
49, 41, 15.141441
49, 42, 52.677207
49, 43, 13.757556
49, 45, 33.695232
49, 48, -27.772136
49, 49, 23.694759
49, 50, 32.414174
50, 1, -12.408082
50, 3, 2.955325
50, 4, 39.772651
50, 5, -18.323274
50, 6, -38.929917
50, 8, -5.777074
50, 10, 32.114353
50, 13, 35.459843
50, 14, -47.010253
50, 15, 61.000000
50, 16, -47.168274
50, 17, -35.676327
50, 18, -31.951893
50, 19, -32.837934
50, 20, 4.000000
50, 22, -7.649760
50, 23, 75.000000
50, 25, 7.986320
50, 26, 68.000000
50, 27, 51.021505
50, 28, -13.197162
50, 29, 26.195583
50, 30, -56.391211
50, 31, 47.690457
50, 32, -17.895513
50, 33, 3.665614
50, 34, -53.434213
50, 36, -17.241026
50, 37, 15.754902
50, 39, -25.220376
50, 40, 23.014590
50, 41, 24.051661
50, 42, 56.245106
50, 43, 20.908033
50, 44, -53.000000
50, 45, 28.676233
50, 46, -72.000000
50, 47, -8.000000
50, 48, -35.842140
50, 49, 21.517279
50, 50, 38.868129
