1, 1, 33.000000
1, 3, -14.266852
1, 4, 41.979669
1, 6, 35.245473
1, 7, 9.432731
1, 8, 31.928682
1, 9, -29.433203
1, 10, -19.000000
1, 11, 10.730923
1, 12, 99999.000000
1, 13, -86.000000
1, 14, -60.493399
1, 15, -38.000000
1, 16, 16.428377
1, 18, -85.000000
1, 19, -58.498437
1, 20, -45.770882
1, 21, 20.996243
1, 22, 9.342538
1, 23, 42.864063
1, 24, 25.380166
1, 25, -61.786821
1, 26, 99999.000000
1, 27, 62.000000
1, 28, 1.861095
1, 29, -41.000000
1, 30, -41.789772
1, 32, -12.006560
1, 33, -43.382377
1, 34, -16.138637
1, 35, -35.691256
1, 37, -82.000000
1, 38, -87.000000
1, 39, 82.000000
1, 40, 17.918683
1, 41, 19.971956
1, 42, -23.974742
1, 43, -32.006322
1, 45, -5.934753
1, 46, -81.000000
1, 47, -41.802737
1, 49, 45.000000
1, 50, 12.826209
2, 2, 40.627970
2, 3, -14.778156
2, 4, 35.077527
2, 5, -25.751672
2, 6, 27.448907
2, 7, 13.751637
2, 8, 37.071318
2, 9, -11.404571
2, 11, 16.511979
2, 14, -55.506601
2, 16, 0.779187
2, 17, -35.520931
2, 18, -91.935025
2, 19, -49.136561
2, 20, -30.777405
2, 21, -3.854602
2, 22, -3.080767
2, 23, 25.634301
2, 24, 10.214404
2, 25, -49.783137
2, 26, -19.883454
2, 28, 10.046185
2, 30, -35.764988
2, 31, 21.691881
2, 32, -22.720611
2, 33, -49.507283
2, 34, -13.363000
2, 35, -25.272534
2, 36, -71.357106
2, 40, 2.962057
2, 41, 20.008326
2, 42, -15.091375
2, 43, -21.208665
2, 44, 14.295355
2, 45, 6.218708
2, 47, -36.002782
2, 48, -3.851975
2, 50, 20.968344
3, 1, -30.208543
3, 2, 48.094870
3, 3, -22.205170
3, 4, 17.465117
3, 5, -35.565123
3, 6, 11.147638
3, 7, 11.692167
3, 9, -16.130179
3, 11, 16.856361
3, 12, 38.255585
3, 13, 99999.000000
3, 15, -23.039089
3, 16, 37.610592
3, 17, -12.944651
3, 18, 99999.000000
3, 19, -34.286483
3, 20, -10.705468
3, 21, -22.154034
3, 22, -33.021892
3, 23, 14.880693
3, 24, 0.916035
3, 25, -36.868959
3, 26, 2.982529
3, 27, -25.433643
3, 28, 12.875847
3, 29, 47.723535
3, 30, -34.164175
3, 31, 11.747713
3, 32, -23.596045
3, 33, -53.504531
3, 34, -14.820271
3, 35, -7.484003
3, 36, -69.642894
3, 37, -79.000000
3, 38, 48.902278
3, 39, 27.905695
3, 40, -11.012219
3, 41, 15.170654
3, 42, -17.761292
3, 43, -23.653536
3, 44, 6.712095
3, 45, 13.256366
3, 47, -20.640409
3, 48, -11.227156
3, 49, -39.513307
3, 50, 23.518514
4, 1, -29.740362
4, 2, 17.207526
4, 3, -29.751706
4, 4, -3.457989
4, 5, -41.469362
4, 6, -8.294108
4, 8, -51.841243
4, 9, -14.675698
4, 10, -95.000000
4, 11, 16.514297
4, 12, 33.597424
4, 14, 7.428537
4, 15, -28.960911
4, 16, 99999.000000
4, 17, -50.489697
4, 18, 97.000000
4, 19, -38.763278
4, 20, -7.186082
4, 21, -27.599670
4, 22, -33.597797
4, 23, -2.679822
4, 24, 6.733459
4, 25, -17.742303
4, 26, -34.439141
4, 27, -15.222889
4, 29, 49.021207
4, 30, -20.803120
4, 31, 3.248266
4, 32, -16.414235
4, 33, -56.737429
4, 34, -17.755354
4, 35, 2.911425
4, 38, 34.097722
4, 39, 11.913705
4, 40, -12.899378
4, 43, -35.907575
4, 44, -5.609205
4, 45, 21.635520
4, 46, 99999.000000
4, 47, 1.048315
4, 48, -15.714016
4, 49, -35.429538
4, 50, 17.081855
5, 1, -29.354561
5, 2, 50.631963
5, 3, -32.595334
5, 4, -26.644551
5, 5, -52.877428
5, 6, -19.315592
5, 7, 37.321580
5, 8, -39.026984
5, 9, -41.282982
5, 11, 13.237934
5, 12, 26.111115
5, 13, 19.772090
5, 14, 17.783171
5, 16, -52.651307
5, 17, 16.713014
5, 18, 99999.000000
5, 19, -40.248987
5, 21, -26.656927
5, 22, 99999.000000
5, 23, -8.846588
5, 24, 18.534784
5, 25, -12.650370
5, 26, -34.043480
5, 27, -6.242506
5, 28, -64.000000
5, 29, 59.585576
5, 30, 99999.000000
5, 31, -0.387696
5, 32, -10.084759
5, 33, -50.804188
5, 34, -17.461973
5, 35, 9.542032
5, 36, 31.237503
5, 39, -5.724402
5, 40, -10.098684
5, 41, 55.968529
5, 43, -42.656546
5, 44, -6.567683
5, 45, 19.902645
5, 46, -92.000000
5, 47, 7.540421
5, 49, -42.750108
5, 50, 13.956263
6, 1, -19.385584
6, 2, -21.382922
6, 3, -26.339557
6, 5, -60.748655
6, 6, -24.702098
6, 7, 18.943709
6, 8, -41.621419
6, 9, 99999.000000
6, 10, 15.352626
6, 11, -0.039513
6, 13, 12.380176
6, 14, 24.733840
6, 15, 99999.000000
6, 16, -3.761960
6, 17, 99999.000000
6, 18, 35.148977
6, 19, -34.954218
6, 20, -44.212514
6, 21, -28.613338
6, 22, 54.338194
6, 23, -10.823524
6, 24, 37.837294
6, 25, -4.242982
6, 26, -39.608127
6, 27, -0.686839
6, 28, 99999.000000
6, 30, -23.000000
6, 31, 7.858859
6, 32, 0.706420
6, 33, -36.362285
6, 34, -17.384373
6, 35, 13.222174
6, 36, 31.226595
6, 38, -23.833764
6, 39, -14.115721
6, 40, -18.845058
6, 41, 48.946378
6, 42, -54.298780
6, 43, -54.441347
6, 44, -21.800905
6, 47, 11.688696
6, 49, -52.928526
7, 1, 2.585151
7, 2, 99999.000000
7, 3, -20.606021
7, 4, -11.604323
7, 6, -24.392490
7, 7, -9.844153
7, 8, -40.147144
7, 9, 7.061898
7, 10, 3.219497
7, 11, -15.733325
7, 12, 17.540812
7, 13, -2.643512
7, 14, 29.000805
7, 15, 43.000000
7, 16, -27.550485
7, 17, -66.000000
7, 18, -29.000000
7, 19, -37.095700
7, 20, -25.891172
7, 21, -30.916955
7, 22, 17.718163
7, 23, -18.519387
7, 25, 6.037221
7, 26, -36.337224
7, 27, 13.367676
7, 28, -52.000000
7, 29, -15.486771
7, 31, 27.535113
7, 32, 8.462122
7, 33, -23.851342
7, 34, -13.948180
7, 35, 11.688925
7, 36, 23.960020
7, 38, -19.621038
7, 39, -16.543710
7, 40, -16.610758
7, 41, 31.707791
7, 42, -43.564120
7, 43, -43.710394
7, 44, -32.434225
7, 46, -14.741404
7, 47, 16.992295
7, 50, 27.511900
8, 1, 20.823979
8, 4, -31.395677
8, 5, -14.725743
8, 6, -17.585969
8, 8, -32.426077
8, 9, -54.099656
8, 10, -7.598555
8, 11, -31.365666
8, 12, 8.750641
8, 13, -4.106991
8, 14, 28.172816
8, 16, -19.657208
8, 19, -34.601851
8, 20, -4.803171
8, 21, -33.509500
8, 22, 37.524675
8, 23, -15.795336
8, 24, -2.000000
8, 25, 1.441621
8, 26, -30.415363
8, 27, 13.973611
8, 29, -17.029925
8, 30, -34.475538
8, 32, 8.132127
8, 33, -7.882057
8, 34, -8.865662
8, 35, -3.175624
8, 36, 5.788081
8, 37, -42.736587
8, 38, -24.748052
8, 39, -14.598520
8, 41, 6.991746
8, 42, -49.497478
8, 43, 99999.000000
8, 44, -49.438524
8, 45, -32.203836
8, 46, 4.791703
8, 47, 11.527813
8, 48, 14.771288
8, 49, 14.000000
8, 50, 17.818155
9, 3, -17.716889
9, 5, -2.329825
9, 6, -0.791369
9, 8, -19.685521
9, 9, -19.557646
9, 10, -7.123219
9, 11, -49.559793
9, 12, 15.846235
9, 13, 1.591974
9, 14, 22.147952
9, 15, 23.000000
9, 16, -27.095460
9, 17, 60.000000
9, 18, -12.000000
9, 19, -42.961327
9, 20, -1.204593
9, 21, -38.985052
9, 22, 17.989243
9, 23, -15.211216
9, 25, -10.355772
9, 26, -34.862296
9, 27, 2.402220
9, 29, -22.323418
9, 30, -17.670120
9, 31, -68.000000
9, 32, 9.055237
9, 33, 8.264094
9, 34, 2.597815
9, 35, -13.922350
9, 36, -10.164858
9, 37, -27.750073
9, 38, -29.643962
9, 39, -20.152057
9, 40, -40.964201
9, 41, -14.879632
9, 43, -9.058115
9, 44, -61.869633
9, 45, -6.676850
9, 46, 11.049872
9, 47, 3.095537
9, 48, 11.170412
9, 50, 6.835614
10, 1, 4.215781
10, 2, -33.726844
10, 3, -18.142902
10, 4, -29.029993
10, 5, 11.111959
10, 6, 21.579413
10, 7, -11.432595
10, 8, -18.653051
10, 9, -27.816474
10, 10, -15.278559
10, 13, 10.384698
10, 14, 21.857690
10, 16, -17.034602
10, 18, 99999.000000
10, 19, -43.500864
10, 20, -4.452380
10, 21, -44.248032
10, 22, 22.755085
10, 23, -17.500318
10, 24, -34.170442
10, 25, -26.020058
10, 26, -33.177576
10, 27, 3.091393
10, 29, -37.592587
10, 30, -11.162131
10, 32, 7.566431
10, 33, 14.132758
10, 34, 4.849740
10, 35, -13.629588
10, 36, -28.718635
10, 37, -32.112607
10, 38, -27.280054
10, 40, -21.243582
10, 41, -24.603381
10, 42, -46.773888
10, 43, 47.000000
10, 45, 13.652726
10, 46, 0.846666
10, 47, 7.338072
10, 48, -3.542759
10, 49, -20.189682
10, 50, 9.996080
11, 1, 19.947053
11, 2, -34.200926
11, 3, -19.572009
11, 4, -13.037739
11, 5, 22.328298
11, 6, 39.229323
11, 7, -4.425561
11, 8, -10.422947
11, 9, 4.630141
11, 10, -20.579814
11, 11, -38.722686
11, 12, -16.000000
11, 13, 18.558949
11, 14, 15.452024
11, 15, 0.000000
11, 16, -6.353922
11, 17, -22.769046
11, 20, -13.566732
11, 21, -46.106241
11, 22, 13.291119
11, 23, -27.700871
11, 24, -20.227948
11, 25, -32.647896
11, 26, -28.644003
11, 27, 17.155097
11, 28, 9.889594
11, 30, -9.691245
11, 32, 10.720535
11, 33, 31.111589
11, 34, 19.658098
11, 35, -2.181640
11, 36, -41.191752
11, 37, -37.098178
11, 38, -20.756015
11, 39, 10.154717
11, 40, -0.391030
11, 41, -21.165635
11, 42, -52.478295
11, 44, 30.744684
11, 45, 20.649815
11, 46, -5.735256
11, 47, 20.327569
11, 48, -17.541022
11, 49, 2.203678
11, 50, 13.064561
12, 1, 22.070597
12, 2, -39.533831
12, 3, -18.159663
12, 4, -7.463026
12, 6, 45.616467
12, 7, 1.416268
12, 8, 9.049588
12, 9, 9.740913
12, 10, -17.487606
12, 11, -30.446389
12, 13, 22.741623
12, 14, -1.892295
12, 15, 12.714212
12, 16, 8.258519
12, 17, -16.359283
12, 18, 3.748786
12, 19, -26.569690
12, 20, -16.425035
12, 21, -45.718983
12, 22, 17.033723
12, 23, -28.067970
12, 24, -4.574650
12, 25, -45.128296
12, 26, -19.898745
12, 27, 27.012578
12, 28, 9.110406
12, 29, 80.000000
12, 31, 24.655578
12, 32, 8.228581
12, 33, 50.179787
12, 37, -40.742763
12, 38, -17.669488
12, 39, -5.124539
12, 40, 23.570641
12, 41, -20.098098
12, 42, -60.048076
12, 43, 19.750202
12, 44, 19.725117
12, 45, 26.131023
12, 46, -10.643106
12, 47, 36.115635
12, 48, -21.193730
12, 49, 16.705013
13, 1, 16.387503
13, 2, -46.402104
13, 3, -22.805121
13, 4, 5.044220
13, 5, 45.726192
13, 6, 39.255714
13, 7, -8.973074
13, 8, 29.758395
13, 9, 22.838287
13, 11, -22.118873
13, 12, 99999.000000
13, 14, -11.385703
13, 15, 99999.000000
13, 16, 14.587176
13, 17, -1.941961
13, 18, -3.390437
13, 19, -12.057672
13, 20, -11.447071
13, 21, -45.105265
13, 22, 21.930500
13, 23, -21.783678
13, 24, -0.964167
13, 25, -52.896603
13, 26, -8.082813
13, 27, 29.385987
13, 30, -47.857566
13, 31, 12.344422
13, 32, -2.491124
13, 34, -15.778669
13, 35, -47.712734
13, 36, -44.935025
13, 37, -36.708742
13, 38, -7.677710
13, 39, -7.669215
13, 40, 42.466552
13, 41, -12.084631
13, 43, 8.331018
13, 44, 2.878363
13, 46, -26.612315
13, 48, -36.063039
13, 49, 28.267688
13, 50, 39.972169
14, 1, 4.287289
14, 2, -49.895615
14, 3, -35.670586
14, 4, 5.918691
14, 5, 35.081000
14, 6, 22.276024
14, 7, -18.824059
14, 8, 44.914066
14, 9, 26.256461
14, 10, 21.553911
14, 11, -17.251827
14, 12, 13.856992
14, 13, -20.661113
14, 14, -13.311829
14, 16, 99999.000000
14, 17, 12.188685
14, 18, -4.169867
14, 19, 8.534596
14, 20, -6.321594
14, 21, -57.139996
14, 22, 27.817752
14, 23, -10.774421
14, 24, -8.832878
14, 25, -52.834739
14, 26, 8.605364
14, 27, 37.320128
14, 28, -37.936894
14, 30, -49.211093
14, 32, -8.994533
14, 33, -35.780854
14, 34, 9.778669
14, 35, -40.061875
14, 36, -43.064975
14, 37, -42.758548
14, 38, 1.645546
14, 39, -3.761034
14, 40, 53.432276
14, 41, -15.527685
14, 42, 99999.000000
14, 43, -6.141179
14, 44, -21.116577
14, 46, -39.195258
14, 47, -9.326308
14, 48, -50.803793
14, 50, 25.976655
15, 1, 4.733152
15, 2, -58.562723
15, 3, -39.168567
15, 4, 10.466192
15, 5, 39.742367
15, 6, -2.820532
15, 7, -31.072234
15, 9, 27.820172
15, 10, 17.500033
15, 11, -22.906370
15, 12, -15.669624
15, 13, -4.630775
15, 14, -30.654495
15, 15, 99999.000000
15, 16, -0.766485
15, 18, 0.915643
15, 19, 19.722345
15, 20, -8.193431
15, 21, 99999.000000
15, 22, 26.937056
15, 23, 3.337938
15, 24, -19.616178
15, 25, -44.916782
15, 26, 14.317100
15, 27, 42.588788
15, 28, -23.325685
15, 29, 48.550597
15, 30, -37.814578
15, 31, -84.000000
15, 32, -5.211608
15, 33, -45.530249
15, 35, -19.315261
15, 37, -47.039338
15, 38, 6.203436
15, 39, -5.875267
15, 40, 56.931906
15, 41, -13.985205
15, 42, 40.000000
15, 43, -27.107082
15, 45, -8.765273
15, 46, -40.020416
15, 47, -3.466475
15, 49, 17.591921
15, 50, 14.934753
16, 1, 1.889671
16, 2, -61.897603
16, 3, -37.813281
16, 4, 24.530833
16, 5, 46.825001
16, 6, -16.304987
16, 7, -36.031770
16, 8, -12.472204
16, 10, 25.207476
16, 11, -29.695781
16, 12, 11.811085
16, 13, -2.339828
16, 14, -44.589728
16, 15, -41.979033
16, 16, -6.907436
16, 17, 60.123091
16, 20, -15.761422
16, 21, 40.388282
16, 22, 16.533301
16, 23, 14.019673
16, 24, -25.340828
16, 25, -28.887373
16, 26, 10.325345
16, 27, 45.216007
16, 28, -21.120951
16, 29, 31.294532
16, 30, -51.262049
16, 32, -7.075217
16, 33, -49.814172
16, 34, 2.000000
16, 35, 8.907911
16, 36, 66.000000
16, 38, 24.123097
16, 40, 66.027576
16, 41, -17.230336
16, 43, -44.490268
16, 44, 35.106646
16, 45, -18.335136
16, 46, -32.347553
16, 47, -4.553462
16, 48, -24.910082
16, 49, 7.879672
16, 50, 5.959206
17, 1, 10.455273
17, 2, -60.022327
17, 4, 30.242546
17, 5, 51.408643
17, 6, -14.451283
17, 7, -28.925728
17, 8, -13.898424
17, 9, -43.600854
17, 10, 24.573572
17, 11, -26.026666
17, 12, -0.775238
17, 13, 2.018439
17, 14, -56.120851
17, 15, 8.053118
17, 16, 4.254433
17, 17, 46.876909
17, 18, 31.663098
17, 19, 86.000000
17, 20, -12.693519
17, 21, 18.932696
17, 22, -1.604308
17, 23, 16.965825
17, 25, -29.152513
17, 26, 5.157095
17, 27, 40.825767
17, 28, -35.999228
17, 29, 28.743271
17, 30, -35.975868
17, 31, 99999.000000
17, 32, -24.373579
17, 33, -51.092041
17, 35, 34.238700
17, 38, 30.848565
17, 39, 43.006387
17, 42, -13.919818
17, 43, -51.416772
17, 44, 34.795047
17, 45, -21.711334
17, 46, -22.144297
17, 47, -19.640186
17, 48, -12.735926
17, 49, 4.215635
17, 50, 1.573996
18, 1, 30.815105
18, 2, -54.190691
18, 3, -73.000000
18, 4, 28.474408
18, 5, 47.591428
18, 6, -8.030451
18, 7, -22.107595
18, 8, -16.092803
18, 9, -25.145887
18, 10, 19.573784
18, 12, 2.721163
18, 13, -2.587362
18, 14, -60.715003
18, 15, -40.013869
18, 16, 0.717831
18, 18, 9.514288
18, 20, 4.371947
18, 21, 10.630625
18, 22, -21.943841
18, 24, -24.649754
18, 25, -27.657095
18, 26, 6.193554
18, 27, 33.005828
18, 29, 24.642954
18, 30, 99999.000000
18, 32, -35.311274
18, 34, 23.000000
18, 35, 51.304558
18, 36, 22.668781
18, 37, 73.000000
18, 38, 28.480133
18, 39, 34.779908
18, 40, -9.083327
18, 41, 44.516903
18, 42, 1.655276
18, 44, 24.374324
18, 45, -19.071417
18, 46, -23.504207
18, 47, -27.733265
18, 48, -1.305268
18, 49, -1.132734
18, 50, -0.615360
19, 1, 45.401632
19, 2, -43.157762
19, 4, 22.340614
19, 5, 39.932310
19, 6, -3.844814
19, 7, -11.636128
19, 8, -20.050410
19, 9, -8.014733
19, 10, 5.259469
19, 11, -4.610886
19, 13, -16.461422
19, 14, -60.924881
19, 15, -27.076150
19, 16, -1.476271
19, 17, -71.222493
19, 18, 2.990920
19, 19, -38.002037
19, 20, 17.509960
19, 21, -6.559403
19, 22, -39.871354
19, 23, -6.256683
19, 24, -43.350246
19, 25, -20.431967
19, 26, 20.881479
19, 27, 26.193209
19, 28, 19.980483
19, 29, 21.446972
19, 30, -54.305333
19, 31, -90.000000
19, 33, 15.468646
19, 35, 62.177872
19, 36, 20.331219
19, 38, 16.271207
19, 39, 18.587586
19, 40, -3.086830
19, 41, 29.413718
19, 42, 6.765852
19, 45, -4.181777
19, 46, -23.355061
19, 48, 16.552317
19, 49, 0.540801
19, 50, -8.366433
20, 1, 56.160351
20, 3, 62.000000
20, 4, 17.819464
20, 5, 27.300440
20, 6, -12.978744
20, 8, -29.426147
20, 10, 2.210471
20, 11, -16.331290
20, 15, -32.892695
20, 16, -3.483608
20, 17, -64.041007
20, 18, 4.695051
20, 19, -23.950134
20, 20, 22.018813
20, 21, -14.616557
20, 23, -3.067285
20, 25, -12.926870
20, 27, 22.751500
20, 28, 6.453670
20, 29, 28.372534
20, 30, -78.000000
20, 33, 6.452005
20, 34, 37.211264
20, 37, -31.500259
20, 39, 7.541602
20, 40, 10.322938
20, 41, 24.595204
20, 42, 6.421028
20, 43, 63.000000
20, 44, 24.334212
20, 46, -21.641373
20, 47, 44.678940
20, 49, -1.481908
20, 50, -19.834575
21, 2, 66.000000
21, 4, 24.575938
21, 5, 18.345099
21, 6, -23.099851
21, 7, -39.435166
21, 8, -47.127846
21, 11, -20.892347
21, 12, -53.329976
21, 13, -64.389335
21, 14, 2.575993
21, 15, -32.251442
21, 16, -10.680290
21, 17, -53.642499
21, 18, 5.172425
21, 19, -0.243301
21, 20, 20.531899
21, 21, -14.394903
21, 23, -1.094543
21, 25, -3.426401
21, 28, -10.550270
21, 31, 10.411102
21, 32, -13.000000
21, 33, 6.091158
21, 34, 30.032053
21, 35, -15.211192
21, 36, -41.397001
21, 37, -43.499741
21, 38, 8.364225
21, 39, -7.474125
21, 40, 10.785782
21, 41, 31.689560
21, 42, -3.253128
21, 43, 76.870049
21, 44, 3.672547
21, 45, 22.878887
21, 46, -22.741399
21, 47, 26.519964
21, 48, -38.478312
21, 49, -6.637148
21, 50, -31.761861
22, 1, -96.000000
22, 2, 99999.000000
22, 3, 38.708245
22, 4, 28.557236
22, 5, -3.176902
22, 6, -26.988232
22, 7, -24.938638
22, 10, -29.918807
22, 11, -13.692417
22, 12, -42.855886
22, 13, -51.610665
22, 14, 3.801202
22, 15, -32.380319
22, 16, -12.269268
22, 17, -40.892061
22, 18, -2.679326
22, 19, 21.438949
22, 20, 16.022414
22, 21, 1.961936
22, 22, 80.889594
22, 23, -9.286860
22, 24, -58.242515
22, 25, 2.841038
22, 26, 53.554219
22, 28, -15.465222
22, 31, 4.452219
22, 33, 12.677323
22, 34, 7.527133
22, 35, -4.847366
22, 36, -32.242176
22, 38, 2.252020
22, 39, -5.419331
22, 40, 4.474952
22, 42, -14.073411
22, 43, 99999.000000
22, 44, -14.482877
22, 45, 8.449854
22, 46, -11.777892
22, 47, 23.351006
22, 48, -22.826360
22, 49, -11.665389
22, 50, -36.238276
23, 3, 27.932652
23, 4, 32.612777
23, 5, -30.728437
23, 6, -39.422931
23, 7, -5.201126
23, 8, -3.455598
23, 9, 13.032721
23, 10, -16.955621
23, 11, -11.400570
23, 12, -31.843704
23, 14, 8.161569
23, 16, -22.014417
23, 17, -30.671917
23, 18, -1.972179
23, 19, 42.396102
23, 20, 18.108799
23, 21, 13.071402
23, 22, 80.110406
23, 23, -8.668137
23, 24, -50.261153
23, 25, 8.895805
23, 26, 48.821805
23, 28, -27.753323
23, 30, 29.947234
23, 31, 0.978801
23, 32, 91.000000
23, 33, 26.242675
23, 34, -0.999744
23, 35, 9.692677
23, 36, -35.055328
23, 37, 76.000000
23, 38, 2.464703
23, 39, 11.070200
23, 40, -4.569784
23, 41, 5.638981
23, 42, -23.266964
23, 43, -13.112590
23, 44, -20.570721
23, 45, -5.445888
23, 46, 8.657113
23, 47, 21.964849
23, 48, -22.097399
23, 49, -7.767813
24, 1, 17.961316
24, 2, -73.000000
24, 3, 12.008049
24, 4, 43.334499
24, 5, -50.510157
24, 6, -52.066818
24, 7, 2.034545
24, 8, 8.404630
24, 9, 1.913055
24, 10, 0.144629
24, 11, -14.257993
24, 12, -20.289788
24, 13, 33.000000
24, 14, 24.935781
24, 15, 1.903677
24, 16, -32.775406
24, 17, -25.821159
24, 19, 51.801415
24, 20, 30.933908
24, 21, 24.391853
24, 24, -49.903086
24, 26, 39.997602
24, 27, -50.705339
24, 28, -37.645769
24, 29, -45.045201
24, 30, 20.076252
24, 31, -5.749051
24, 33, 29.225478
24, 34, -30.412579
24, 35, 12.912083
24, 36, -32.639867
24, 37, 99999.000000
24, 38, 7.162352
24, 39, 17.058081
24, 40, -3.982356
24, 41, 24.385527
24, 42, -29.097204
24, 43, 19.363174
24, 44, -21.059985
24, 45, -10.009348
24, 46, 24.528447
24, 47, 18.023004
24, 49, -9.839087
24, 50, -62.000000
25, 1, 13.816058
25, 3, 5.367900
25, 4, 48.479357
25, 5, -59.682489
25, 7, -2.753212
25, 8, 15.025153
25, 9, -0.427698
25, 10, 6.342569
25, 11, -17.983798
25, 12, -19.355116
25, 15, -2.949176
25, 16, -50.682632
25, 17, -12.491071
25, 18, 14.000000
25, 20, 36.346702
25, 21, 24.656462
25, 22, -6.397655
25, 24, -45.873530
25, 25, 25.000000
25, 27, -31.086997
25, 28, -39.052258
25, 29, -44.837122
25, 30, 14.324845
25, 31, -22.724053
25, 33, 23.794555
25, 34, 99999.000000
25, 35, 26.320981
25, 36, -25.450987
25, 38, 13.050327
25, 39, 9.807064
25, 40, 4.130931
25, 41, 36.655667
25, 42, -24.749918
25, 43, -5.033329
25, 44, -23.813033
25, 46, 34.850365
25, 47, 22.187932
25, 48, -14.993011
26, 1, 10.055404
26, 2, -54.272586
26, 3, 15.763181
26, 4, 53.364721
26, 6, 24.201076
26, 8, 14.446179
26, 9, -8.911950
26, 10, 0.635032
26, 11, -9.806013
26, 12, -23.856213
26, 13, 49.701527
26, 14, -36.872177
26, 15, 1.339748
26, 17, 4.043923
26, 19, -51.068738
26, 20, 35.849574
26, 21, 14.520873
26, 22, 7.850968
26, 23, -28.907585
26, 24, -53.934434
26, 26, -19.018220
26, 27, -6.538466
26, 28, -34.908202
26, 29, -48.135806
26, 30, 9.432978
26, 31, -29.392598
26, 32, -44.000000
26, 33, 12.663638
26, 34, 36.446158
26, 35, 28.925569
26, 36, -19.219140
26, 39, 3.266139
26, 41, 49.718785
26, 42, -19.406949
26, 43, 14.083424
26, 44, -20.587153
26, 47, 21.804874
26, 48, -1.741685
26, 49, 38.000000
26, 50, -51.834256
27, 1, 10.628463
27, 2, -47.727414
27, 3, 33.145573
27, 4, 52.124682
27, 5, -30.185910
27, 6, 24.886650
27, 7, 2.601144
27, 9, -17.769071
27, 10, 7.696838
27, 12, -19.277099
27, 13, 60.298473
27, 14, -36.193852
27, 15, -5.336092
27, 16, -44.104589
27, 17, 19.348577
27, 18, 15.672692
27, 19, -36.230137
27, 20, 24.901472
27, 21, 2.317121
27, 22, 13.771145
27, 23, -21.845099
27, 24, -58.415746
27, 25, -56.000000
27, 26, -19.365234
27, 27, 6.071351
27, 28, -34.917755
27, 29, -47.382624
27, 30, 7.471480
27, 31, -31.265889
27, 32, -50.935025
27, 33, 20.066892
27, 34, 0.210909
27, 35, 21.084217
27, 36, -7.715437
27, 37, -2.155319
27, 38, 1.207759
27, 39, -7.800209
27, 40, -29.471382
27, 42, -22.441306
27, 43, 5.853084
27, 44, -6.090934
27, 45, -13.257238
27, 46, 10.646920
27, 47, 9.285627
27, 48, 2.003241
27, 50, -37.049535
28, 3, 48.767045
28, 5, -9.738193
28, 6, 21.476584
28, 7, 14.991674
28, 8, -12.604323
28, 9, -20.298448
28, 12, -13.881976
28, 14, -52.123372
28, 16, -32.521070
28, 17, 41.123064
28, 18, 5.313976
28, 19, -26.424965
28, 20, 9.566835
28, 21, -1.900229
28, 22, 16.696987
28, 23, -11.250936
28, 24, -65.412102
28, 26, -27.007959
28, 27, 2.966079
28, 28, -30.175236
28, 29, -58.401813
28, 30, 1.073663
28, 31, -45.022350
28, 32, 99999.000000
28, 33, 38.886333
28, 34, 21.867181
28, 35, 20.868422
28, 36, -3.448426
28, 37, 22.155319
28, 38, 1.084179
28, 39, -14.709628
28, 40, -9.126445
28, 41, -23.694426
28, 42, -22.435342
28, 43, 14.218582
28, 44, 0.724525
28, 45, -15.325046
28, 46, -6.649160
28, 47, -6.818241
28, 48, -4.104802
28, 49, -81.935025
28, 50, -22.378152
29, 1, 42.948527
29, 5, 5.225389
29, 6, 12.124695
29, 7, 32.256245
29, 8, -32.395677
29, 9, -28.862900
29, 10, 5.426141
29, 11, 76.899176
29, 13, 99999.000000
29, 15, 99999.000000
29, 16, -9.363200
29, 18, -15.394557
29, 19, -20.302434
29, 20, 5.555587
29, 21, 9.538500
29, 22, 6.316564
29, 23, -1.343871
29, 24, -70.174312
29, 25, 4.195802
29, 26, -28.653495
29, 27, -12.692652
29, 30, 6.177278
29, 31, -51.825100
29, 32, -7.344609
29, 34, 7.727321
29, 35, 27.111056
29, 36, -1.411028
29, 38, -6.899009
29, 39, -35.922908
29, 40, 2.637625
29, 41, -13.710006
29, 42, -19.261551
29, 43, 18.648674
29, 44, 0.033413
29, 45, -22.739757
29, 46, -12.512302
29, 48, -1.972289
29, 49, -80.064975
29, 50, -24.847758
30, 1, 26.120023
30, 2, -39.697702
30, 3, 28.642981
30, 4, 20.426362
30, 5, 3.417949
30, 6, -7.546400
30, 9, -34.534553
30, 10, 19.546429
30, 11, 74.560464
30, 12, 53.338447
30, 13, -48.071531
30, 14, 35.369953
30, 15, 14.136293
30, 16, 10.537353
30, 17, -22.141253
30, 19, -11.732761
30, 20, 16.009496
30, 22, -12.496417
30, 23, 0.561190
30, 25, 4.926930
30, 26, -20.090838
30, 28, -15.569735
30, 29, -15.335642
30, 30, 15.289731
30, 32, -11.116749
30, 33, -62.000000
30, 34, 20.463885
30, 35, 33.378412
30, 36, 0.525420
30, 37, 33.434068
30, 38, -14.633835
30, 39, -47.470238
30, 40, -3.289890
30, 41, -21.717419
30, 42, -26.054233
30, 43, 38.151416
30, 45, -23.874174
30, 47, 25.870049
30, 48, -9.059852
30, 50, -29.004829
31, 1, 0.275675
31, 2, -39.783812
31, 3, 15.655420
31, 4, 0.403616
31, 5, 11.127221
31, 6, -13.177380
31, 7, -59.113489
31, 8, 22.978759
31, 9, -36.294887
31, 10, 35.105184
31, 11, 72.995256
31, 12, 48.640854
31, 13, -2.565535
31, 14, 26.707108
31, 15, 2.000000
31, 16, 15.766405
31, 17, -8.646371
31, 18, 63.000000
31, 19, -8.856583
31, 20, 22.670712
31, 21, 24.555360
31, 22, -28.460140
31, 23, 7.917756
31, 24, -48.359870
31, 25, 1.653613
31, 26, -22.396788
31, 28, -20.404379
31, 29, 0.821927
31, 30, 12.862775
31, 31, -69.000000
31, 32, -1.413589
31, 34, 26.559609
31, 35, 34.050162
31, 36, 3.761590
31, 37, 11.434103
31, 38, -21.508512
31, 39, -56.609710
31, 42, -21.531415
31, 43, 54.234123
31, 44, -85.000000
31, 45, -33.789782
31, 46, -30.058633
31, 47, 22.129951
31, 48, -7.297854
31, 50, -25.155362
32, 1, -12.670742
32, 2, -38.442547
32, 3, 11.605731
32, 4, -12.707996
32, 5, -0.744388
32, 6, -12.838775
32, 7, -47.635283
32, 8, 21.596465
32, 9, -52.827330
32, 10, 47.831424
32, 11, 67.422795
32, 12, 44.731368
32, 13, -10.901574
32, 14, 9.450679
32, 16, 16.179136
32, 17, 1.594940
32, 19, -7.150419
32, 20, 20.068232
32, 21, -2.026262
32, 22, -41.255429
32, 23, 24.591995
32, 24, -52.944323
32, 25, 7.835141
32, 26, -15.955513
32, 28, -15.382825
32, 29, 11.451289
32, 30, 8.466010
32, 31, 99999.000000
32, 33, -49.000000
32, 35, 24.089165
32, 36, 21.102650
32, 37, -2.201360
32, 38, -29.944192
32, 39, -48.539570
32, 40, -7.573155
32, 42, -13.055327
32, 46, -38.941367
32, 48, -6.536364
32, 49, 30.565187
32, 50, -17.741929
33, 1, -23.867603
33, 2, -44.783730
33, 3, 2.381558
33, 4, -11.842263
33, 5, 1.997642
33, 6, -0.753801
33, 7, -32.847542
33, 8, 15.971729
33, 11, 56.181250
33, 12, 52.361235
33, 13, 5.526348
33, 14, 3.200666
33, 15, 55.000000
33, 16, 5.920794
33, 17, 6.251492
33, 18, -26.142635
33, 19, -0.695871
33, 20, 29.367933
33, 21, -21.264386
33, 22, -42.919367
33, 23, 32.312741
33, 24, -58.439688
33, 25, 28.536618
33, 26, -18.186840
33, 27, -40.745136
33, 28, -5.317041
33, 29, 7.441523
33, 31, -8.188584
33, 32, -3.145239
33, 34, 11.000000
33, 35, 9.138387
33, 37, -14.973978
33, 38, -41.711540
33, 39, -59.588082
33, 40, 10.146602
33, 42, 1.056473
33, 45, 23.104155
33, 47, -76.554813
33, 48, -18.217808
33, 49, 24.531815
33, 50, -12.284857
34, 1, -37.912900
34, 2, -45.258928
34, 3, 5.071112
34, 4, -5.333454
34, 5, 99999.000000
34, 6, 11.543140
34, 8, 11.611283
34, 9, -53.289285
34, 10, 6.328298
34, 11, 40.763432
34, 12, 53.498084
34, 13, 11.269033
34, 14, 7.766124
34, 16, -19.923985
34, 17, 18.260094
34, 18, -15.857365
34, 19, 1.002345
34, 20, 46.178396
34, 21, -29.512426
34, 23, 39.561304
34, 24, -60.640521
34, 26, -33.246949
34, 27, -34.887672
34, 28, 10.652963
34, 29, -1.722499
34, 30, 4.000000
34, 31, -55.000000
34, 32, 2.939544
34, 33, 26.564716
34, 35, 6.231822
34, 36, -21.068790
34, 37, -23.340373
34, 39, 99999.000000
34, 40, 16.005704
34, 41, 16.000000
34, 42, 11.385108
34, 43, -13.770115
34, 44, 37.805654
34, 45, 11.260495
34, 46, 85.000000
34, 47, -95.532488
34, 48, -31.819454
34, 49, 14.472128
34, 50, -9.094607
35, 1, -45.445297
35, 2, -38.153026
35, 3, 10.202446
35, 4, 8.689031
35, 5, 36.000000
35, 7, -38.967028
35, 8, 14.876595
35, 9, -46.910405
35, 10, 9.147551
35, 11, 32.663729
35, 12, 45.365734
35, 13, 31.592667
35, 14, 28.546413
35, 15, -90.000000
35, 17, 38.897242
35, 19, 6.727913
35, 21, -27.375282
35, 22, -49.587218
35, 23, 37.955227
35, 24, -61.398415
35, 25, -13.084520
35, 27, -22.668829
35, 28, 11.792019
35, 29, -1.716471
35, 32, 0.806511
35, 33, 16.435284
35, 34, -9.954628
35, 35, 6.408955
35, 36, -2.790800
35, 38, 25.221293
35, 39, -9.638033
35, 40, 9.024944
35, 41, 26.402537
35, 43, -14.280672
35, 44, 38.326600
35, 45, 10.880659
35, 47, -53.395591
35, 48, -35.793923
35, 49, 10.501584
35, 50, -21.231510
36, 1, -44.645755
36, 2, -29.974404
36, 3, 5.121316
36, 4, 26.938966
36, 6, -93.000000
36, 7, -35.987316
36, 8, 12.643547
36, 9, -49.617701
36, 10, -3.155824
36, 11, 14.293867
36, 12, 31.741386
36, 15, 99999.000000
36, 18, -20.421563
36, 19, 1.529947
36, 20, 1.073744
36, 21, -17.599861
36, 22, -41.872561
36, 23, 35.175551
36, 25, -17.915480
36, 26, -53.802443
36, 27, -2.325936
36, 28, 0.029491
36, 29, -1.838944
36, 30, -12.337561
36, 31, 2.856432
36, 32, -2.972220
36, 34, -3.867458
36, 35, 5.850340
36, 36, 10.123679
36, 37, 0.000000
36, 38, 3.281729
36, 39, 55.851998
36, 40, -8.871047
36, 41, 99999.000000
36, 42, 20.718399
36, 43, -23.937579
36, 44, 39.630840
36, 45, 3.348408
36, 46, 10.722815
36, 47, 99999.000000
36, 49, -2.263892
36, 50, -22.749904
37, 1, -33.119515
37, 2, -20.093387
37, 4, 35.399509
37, 5, -13.000000
37, 7, -5.075483
37, 8, 14.639247
37, 10, -11.711946
37, 11, -15.089958
37, 12, 10.815689
37, 13, -16.903496
37, 14, -25.109866
37, 15, 41.729213
37, 16, -43.000000
37, 17, -33.714233
37, 18, 3.421563
37, 19, -14.074566
37, 20, -4.747568
37, 21, -18.503293
37, 22, -38.374732
37, 23, 35.016846
37, 24, 26.290886
37, 26, -48.501009
37, 27, 7.187507
37, 28, -12.899581
37, 29, -5.282821
37, 30, -7.662439
37, 31, 12.959365
37, 32, -6.764697
37, 33, -5.064457
37, 34, -4.347538
37, 35, 13.513279
37, 36, 15.948359
37, 38, -13.300146
37, 39, 11.981564
37, 40, -19.988711
37, 41, 99999.000000
37, 42, 20.604407
37, 44, 42.746302
37, 45, 2.729958
37, 46, 49.870049
37, 47, -80.000000
37, 48, -1.596945
37, 49, -16.243859
37, 50, -17.389481
38, 1, -12.040764
38, 2, -4.224206
38, 4, 37.844105
38, 6, 6.021849
38, 7, 99999.000000
38, 8, 4.570573
38, 10, -23.895265
38, 12, -0.008976
38, 13, -4.014161
38, 14, -13.298517
38, 15, 13.394434
38, 17, -29.663687
38, 19, -20.663892
38, 20, -21.954470
38, 21, -11.265969
38, 22, -35.372164
38, 23, 25.791959
38, 24, 22.633483
38, 25, -32.201393
38, 26, -40.940670
38, 28, -14.635020
38, 29, -0.380583
38, 31, 25.168366
38, 32, -8.492662
38, 33, 17.064457
38, 34, -11.760334
38, 35, 15.692944
38, 36, 27.343882
38, 37, -17.221095
38, 38, -22.844044
38, 39, 15.667447
38, 40, -17.914831
38, 42, 7.360707
38, 43, 62.000000
38, 44, 40.747430
38, 45, -6.081332
38, 46, -22.039011
38, 48, 19.596945
38, 49, -22.290823
39, 1, 14.382185
39, 2, 4.715500
39, 3, 73.451413
39, 4, 37.290549
39, 5, 21.531233
39, 6, -0.524480
39, 7, 44.564092
39, 8, -8.160915
39, 9, 7.814309
39, 10, -42.860326
39, 12, 1.394361
39, 13, 19.010142
39, 14, -18.041958
39, 15, 26.596208
39, 16, 1.491996
39, 17, -17.198415
39, 18, 84.000000
39, 19, -21.279901
39, 20, -41.293614
39, 21, -5.427562
39, 22, -24.314830
39, 23, 6.767643
39, 24, 30.549136
39, 25, -21.681983
39, 26, -52.796755
39, 27, -28.056275
39, 28, -8.350338
39, 29, -7.950550
39, 30, 51.771630
39, 32, -10.906186
39, 34, -19.668239
39, 35, 15.389195
39, 36, 38.406726
39, 37, -17.602536
39, 38, -16.618751
39, 39, -16.323561
39, 41, -50.549161
39, 42, -13.054317
39, 44, 43.622130
39, 45, -0.542382
39, 46, 99999.000000
39, 49, -24.813567
40, 1, 27.325065
40, 2, 3.455988
40, 3, 66.359166
40, 4, 31.055012
40, 5, 13.119641
40, 6, -3.580755
40, 7, 22.381778
40, 8, -15.405398
40, 9, 10.775877
40, 10, -58.957870
40, 11, -87.000000
40, 13, 30.532131
40, 14, -15.752680
40, 15, 14.743877
40, 16, -8.563852
40, 17, -16.915088
40, 19, -16.881454
40, 20, -50.699508
40, 21, -10.795559
40, 22, -22.241051
40, 23, -3.780714
40, 24, 48.553102
40, 25, -23.446077
40, 27, -20.640047
40, 28, -3.781714
40, 29, -16.168558
40, 30, 37.684759
40, 31, -75.543675
40, 32, -9.672926
40, 33, -95.000000
40, 34, -31.697794
40, 35, 9.465615
40, 36, 54.130040
40, 37, -10.724536
40, 38, -2.261015
40, 39, -22.409047
40, 40, -30.307760
40, 41, -39.716292
40, 42, -23.525428
40, 43, -6.656096
40, 45, 15.378471
40, 46, -21.039089
40, 47, -20.783747
40, 48, -9.798398
40, 50, 19.896454
41, 1, 31.423593
41, 2, 9.371860
41, 3, 65.825815
41, 4, 29.805589
41, 5, 20.128120
41, 7, 13.687343
41, 8, -8.876101
41, 9, 23.985486
41, 11, 99999.000000
41, 12, -34.103200
41, 13, 33.715459
41, 14, -29.498685
41, 15, 17.811789
41, 16, -8.170929
41, 17, -19.473256
41, 18, 53.808499
41, 19, -5.181132
41, 20, -53.628678
41, 22, -20.065222
41, 23, -20.825239
41, 25, 99999.000000
41, 26, 85.000000
41, 27, -16.207704
41, 28, -5.552376
41, 29, -24.569499
41, 30, 35.637400
41, 31, -73.239423
41, 32, -9.958257
41, 34, -48.957183
41, 35, 10.060222
41, 36, 64.200059
41, 37, -2.204595
41, 38, 6.560121
41, 39, -23.062517
41, 40, -8.039006
41, 41, -38.243506
41, 42, -20.909886
41, 43, -18.343904
41, 44, 6.209691
41, 45, 23.184935
41, 46, -43.000000
41, 47, -11.896528
41, 48, -8.627382
41, 49, 54.748475
41, 50, 36.103546
42, 2, 3.572725
42, 5, 29.251849
42, 6, -0.145845
42, 7, -6.785256
42, 8, -0.145265
42, 9, 26.400196
42, 11, 15.078178
42, 12, -23.561795
42, 13, 35.093406
42, 14, -34.448645
42, 15, 15.034440
42, 16, -2.361100
42, 17, -11.444097
42, 18, 39.947791
42, 19, 3.574410
42, 21, 99999.000000
42, 22, -17.714964
42, 23, -25.060812
42, 24, 7.000000
42, 25, -34.594384
42, 26, 45.701527
42, 27, -21.786417
42, 28, -7.848598
42, 29, -32.583976
42, 30, 28.361482
42, 31, -70.133748
42, 32, -6.095842
42, 33, -47.431276
42, 35, 11.560711
42, 37, -1.042160
42, 38, 11.825914
42, 39, -8.090346
42, 40, 1.815820
42, 41, -35.560459
42, 42, -6.692463
42, 44, 5.325944
42, 45, 29.870275
42, 47, -20.218888
42, 48, -1.283291
42, 49, 37.199046
43, 1, 32.018507
43, 2, -13.883223
43, 3, 41.487057
43, 4, -5.674002
43, 5, 28.445247
43, 6, -4.876100
43, 7, -27.398570
43, 8, -5.219974
43, 9, 19.350776
43, 10, -10.995760
43, 11, 59.000000
43, 12, -11.331391
43, 13, 31.902724
43, 14, -32.349504
43, 15, 17.081134
43, 16, 9.357646
43, 17, 4.339524
43, 18, 33.327165
43, 20, 83.974113
43, 21, 54.537817
43, 22, -13.888026
43, 23, -17.414294
43, 25, -43.885473
43, 26, 99999.000000
43, 27, -19.833792
43, 28, -17.508883
43, 30, 29.006964
43, 31, -64.089794
43, 32, -1.573374
43, 33, -46.270354
43, 34, -60.233497
43, 35, 15.976192
43, 36, -56.105382
43, 37, 3.261810
43, 38, 20.582366
43, 39, 6.420570
43, 40, -2.858542
43, 42, 8.789622
43, 43, -46.896720
43, 44, 18.511127
43, 45, 41.458730
43, 46, -59.000000
43, 48, 5.785622
43, 49, 16.992116
43, 50, -81.000000
44, 1, 23.827215
44, 2, -22.878501
44, 3, 43.512943
44, 4, -13.649176
44, 6, -5.012332
44, 7, -38.205497
44, 8, -7.051706
44, 9, 15.802089
44, 10, -6.561813
44, 12, 13.726335
44, 13, 36.212598
44, 14, -25.768695
44, 15, -18.036416
44, 17, 4.997018
44, 18, 37.015235
44, 19, -88.000000
44, 20, 88.025887
44, 21, 33.277649
44, 22, -14.277747
44, 23, -7.074082
44, 24, 7.480197
44, 25, -44.276892
44, 26, 51.084052
44, 27, -11.493414
44, 28, -21.155005
44, 29, 10.902278
44, 30, 24.576474
44, 31, -54.783236
44, 32, 8.476175
44, 33, -4.628415
44, 34, -47.766503
44, 35, 12.570409
44, 36, -45.877331
44, 37, 9.237174
44, 38, 21.384161
44, 40, -15.286542
44, 41, 6.385332
44, 42, 18.839034
44, 43, -47.807011
44, 44, 21.509546
44, 45, 47.415024
44, 47, -32.313545
44, 49, -0.412189
44, 50, 99999.000000
45, 1, 17.686296
45, 2, -24.980279
45, 4, -17.327219
45, 5, 22.630210
45, 6, -10.631619
45, 7, -33.890789
45, 8, -14.510842
45, 9, 10.545899
45, 10, 11.401976
45, 11, -29.412262
45, 12, 28.254836
45, 13, 35.394256
45, 14, -5.773678
45, 15, -3.032484
45, 16, -44.116749
45, 17, -10.538886
45, 18, 47.962987
45, 21, 23.688918
45, 22, -13.005396
45, 23, 5.159867
45, 24, -7.480197
45, 25, -41.302383
45, 26, 49.214471
45, 27, 2.185698
45, 28, -19.411251
45, 29, -3.902278
45, 30, 12.548070
45, 31, -49.413719
45, 32, 18.688038
45, 33, -27.720575
45, 35, 19.198565
45, 36, -32.513240
45, 37, 13.001063
45, 38, 26.298993
45, 40, -20.274198
45, 41, -2.423341
45, 42, 35.746367
45, 43, -40.028850
45, 44, 23.809191
45, 46, -29.722373
45, 47, -14.628242
45, 48, 62.740098
45, 49, -8.404448
45, 50, -8.090344
46, 1, 10.036760
46, 2, -21.616690
46, 4, -6.367197
46, 5, 38.369790
46, 6, -5.487708
46, 7, -23.285967
46, 8, -29.783285
46, 9, -2.537119
46, 10, 18.078524
46, 11, -11.902742
46, 13, 39.411253
46, 14, -15.311441
46, 15, 99999.000000
46, 16, -37.883251
46, 17, -27.560786
46, 18, 99999.000000
46, 19, -6.733238
46, 20, 55.523638
46, 21, 9.062935
46, 22, -9.751509
46, 23, 23.737070
46, 25, -35.774766
46, 26, 60.969086
46, 27, 17.530104
46, 28, -11.563048
46, 30, 6.002405
46, 31, -50.942324
46, 32, 18.908157
46, 33, 40.228626
46, 34, -42.191204
46, 35, 25.994594
46, 36, -20.462203
46, 37, 8.996352
46, 38, 25.304314
46, 40, -27.677915
46, 41, -12.644505
46, 42, 44.890082
46, 43, -23.193880
46, 44, 20.566197
46, 45, -73.000000
46, 46, -30.526333
46, 47, 6.592493
46, 48, 55.259902
46, 50, 89.000000
47, 1, -9.736931
47, 2, -24.254787
47, 3, 24.739303
47, 4, 18.961772
47, 6, -12.527061
47, 7, -1.594091
47, 8, -36.616800
47, 9, -0.852633
47, 10, 17.437459
47, 11, -7.413598
47, 12, 52.000000
47, 13, 34.241721
47, 14, 0.238767
47, 15, 35.642376
47, 17, -39.060954
47, 18, -54.000000
47, 19, 17.733238
47, 20, 56.432110
47, 21, -1.637580
47, 22, -3.412130
47, 23, 31.198755
47, 24, -33.000000
47, 25, -23.972250
47, 27, 37.203815
47, 28, -6.998733
47, 29, 99999.000000
47, 31, -60.281543
47, 32, 14.470630
47, 33, 99999.000000
47, 34, -35.080191
47, 37, 1.762651
47, 38, 13.641589
47, 39, 21.794029
47, 40, -43.832606
47, 41, -15.633545
47, 42, 45.636850
47, 43, -3.254332
47, 44, 14.607821
47, 46, -27.039919
47, 47, 13.808539
47, 49, 28.270105
48, 1, -16.208536
48, 3, 17.124316
48, 4, 33.900135
48, 5, -30.544034
48, 6, -19.567303
48, 7, 10.131641
48, 8, -32.236431
48, 9, 12.757874
48, 10, 19.064922
48, 11, 1.851875
48, 12, 78.584261
48, 13, 24.907868
48, 14, 99999.000000
48, 15, -47.000000
48, 16, -51.757132
48, 17, -40.301560
48, 20, 64.561383
48, 21, -28.226524
48, 22, -8.900419
48, 23, 32.749517
48, 25, -11.563394
48, 26, -92.000000
48, 27, 51.256560
48, 30, -61.419300
48, 32, 6.090278
48, 33, -0.721319
48, 34, -34.664427
48, 35, -23.928164
48, 36, 18.427711
48, 37, -8.753029
48, 38, 11.118010
48, 39, -3.355565
48, 41, -7.650020
48, 42, 48.587583
48, 43, 5.024909
48, 44, 5.956938
48, 45, 45.097660
48, 46, -30.417507
48, 47, 23.056948
48, 48, -12.341775
48, 49, 25.300910
48, 50, 19.658649
49, 1, -20.901800
49, 2, 99999.000000
49, 3, 5.396777
49, 4, 41.485548
49, 5, -13.683248
49, 6, -27.116758
49, 7, 26.783484
49, 8, -16.144299
49, 9, 19.360350
49, 10, 32.208875
49, 11, 11.420542
49, 12, 99999.000000
49, 13, 28.370911
49, 14, -53.519285
49, 16, -43.988899
49, 17, -38.707391
49, 18, -45.194408
49, 19, -28.461170
49, 21, -41.787783
49, 22, -15.474140
49, 24, -76.000000
49, 25, 6.590260
49, 27, 58.355810
49, 28, -28.908620
49, 29, 19.013202
49, 30, -51.540137
49, 31, 37.253560
49, 32, -16.118641
49, 33, -11.596945
49, 34, -39.457166
49, 35, -5.071836
49, 36, 1.684244
49, 37, -4.308242
49, 38, 19.491232
49, 39, -23.815158
49, 40, 21.331219
49, 41, 15.930983
49, 42, 54.653108
49, 43, 22.413556
49, 45, 28.245588
49, 48, -19.126459
49, 49, 25.089662
49, 50, 27.988899
50, 1, -18.630448
50, 2, 40.000000
50, 3, -3.826727
50, 4, 50.212780
50, 5, -8.796960
50, 6, -45.163011
50, 8, 0.274685
50, 10, 38.533775
50, 12, 83.000000
50, 13, 34.578332
50, 14, -20.000000
50, 15, 61.000000
50, 16, -42.719387
50, 17, -38.098093
50, 18, -26.805592
50, 19, -34.538830
50, 20, 4.000000
50, 22, -10.022256
50, 23, 75.000000
50, 25, 20.441014
50, 26, 68.000000
50, 27, 60.781816
50, 28, -7.091380
50, 29, 28.986798
50, 30, -50.686977
50, 31, 51.746440
50, 32, -29.107503
50, 33, 20.460896
50, 34, -54.757775
50, 36, -25.348867
50, 37, 15.165006
50, 39, -41.029400
50, 40, 23.668781
50, 41, 34.592842
50, 42, 60.667594
50, 43, 33.616210
50, 44, -53.000000
50, 45, 19.396572
50, 46, -72.000000
50, 47, -8.000000
50, 48, -38.607722
50, 49, 20.297480
50, 50, 42.817871
