1, 1, 33.000000
1, 3, -20.699824
1, 4, 11.462511
1, 6, 11.997331
1, 7, 6.385296
1, 8, 34.196040
1, 9, -29.001363
1, 10, -19.000000
1, 11, 2.494958
1, 12, 99999.000000
1, 13, -86.000000
1, 14, -58.294749
1, 15, -38.000000
1, 16, -0.092109
1, 18, -90.889469
1, 19, -49.107276
1, 20, -32.974879
1, 21, -0.003634
1, 22, -4.591302
1, 23, 20.250628
1, 24, 29.323973
1, 25, -38.656686
1, 27, 62.000000
1, 28, 3.245407
1, 29, -41.000000
1, 30, -29.963903
1, 32, -5.683885
1, 33, -37.933373
1, 34, -15.452190
1, 35, -16.269897
1, 37, -82.000000
1, 38, -87.000000
1, 39, 82.000000
1, 40, 4.860315
1, 41, 14.820238
1, 42, -28.577432
1, 43, -42.649841
1, 45, 2.043930
1, 46, -81.000000
1, 47, -17.098415
1, 49, 45.000000
1, 50, 11.548156
2, 2, 53.302997
2, 3, -20.901510
2, 4, 9.248733
2, 5, -38.830396
2, 6, 10.204044
2, 7, 6.679975
2, 8, 34.803960
2, 9, -37.461969
2, 11, 2.184427
2, 14, -57.705251
2, 16, 29.033975
2, 17, 3.772415
2, 19, -47.683144
2, 20, -31.045889
2, 21, -3.799223
2, 22, -15.941913
2, 23, 17.028393
2, 24, 28.213814
2, 25, -36.191401
2, 28, 4.108658
2, 30, -35.596211
2, 31, 22.317659
2, 32, -6.371325
2, 33, -37.649793
2, 34, -14.853313
2, 35, -14.262020
2, 36, -70.601320
2, 40, 2.623442
2, 41, 14.604509
2, 42, -27.900423
2, 43, -37.822830
2, 44, -7.105240
2, 45, 3.601581
2, 47, -15.117365
2, 48, -7.159367
2, 50, 12.326693
3, 1, -13.107924
3, 2, 11.261757
3, 3, -21.189506
3, 4, 5.890716
3, 5, -40.501509
3, 6, 7.811020
3, 7, 6.690512
3, 9, -27.045229
3, 11, 0.550045
3, 12, 31.219151
3, 13, 99999.000000
3, 15, -25.649986
3, 17, -43.554721
3, 19, -45.938013
3, 20, -29.159477
3, 21, -8.850425
3, 22, -9.273454
3, 23, 12.751592
3, 24, 27.944017
3, 25, -32.913311
3, 26, -29.885743
3, 27, -10.331783
3, 28, 4.733337
3, 29, 58.700343
3, 30, -28.311353
3, 31, 21.647147
3, 32, -6.347026
3, 33, -35.906622
3, 34, -13.845294
3, 35, -11.569603
3, 36, -70.398680
3, 37, -79.000000
3, 38, 42.375036
3, 39, 7.990122
3, 40, 0.049502
3, 41, 14.171653
3, 42, -27.738087
3, 43, -41.939751
3, 44, -9.409575
3, 45, 5.046154
3, 47, -11.793282
3, 48, -8.024894
3, 49, -50.341100
3, 50, 12.841266
4, 1, -11.923801
4, 2, 53.191692
4, 3, -21.386199
4, 4, 2.105390
4, 5, -42.439667
4, 6, 5.373475
4, 8, -40.887895
4, 9, -38.067947
4, 10, -95.000000
4, 11, -2.289178
4, 12, 30.461876
4, 14, 11.973645
4, 15, -26.350014
4, 17, 6.925683
4, 19, -44.452014
4, 20, -27.965708
4, 21, -13.722182
4, 23, 7.767442
4, 24, 28.705225
4, 25, -29.289214
4, 26, -12.915733
4, 27, -8.270867
4, 29, 59.295131
4, 31, 21.645917
4, 32, -5.620658
4, 33, -32.639685
4, 34, -12.375144
4, 35, -8.759476
4, 38, 40.624964
4, 39, 5.237393
4, 40, -2.309009
4, 43, -37.050614
4, 44, -13.213417
4, 45, 6.186989
4, 47, -7.541087
4, 48, -8.761753
4, 49, -50.405760
4, 50, 12.962664
5, 1, -9.719662
5, 2, 4.197973
5, 3, -21.345054
5, 4, -1.385965
5, 5, -44.412756
5, 6, 3.540376
5, 7, 10.356048
5, 8, -38.287352
5, 11, -6.172955
5, 12, 29.578613
5, 13, 13.706185
5, 14, 12.998341
5, 19, -43.084289
5, 21, -19.286359
5, 23, 2.845320
5, 24, 30.249187
5, 25, -26.155722
5, 26, -30.437044
5, 27, -5.327543
5, 29, 60.302729
5, 31, 22.411893
5, 32, -4.434428
5, 33, -27.745264
5, 34, -10.372697
5, 35, -6.112361
5, 36, 6.849336
5, 39, 1.742423
5, 40, -4.224594
5, 41, 23.170563
5, 43, -43.363682
5, 44, -17.858254
5, 45, 6.663831
5, 47, -3.032819
5, 49, -51.045769
5, 50, 12.843330
6, 1, -6.722149
6, 3, -20.980638
6, 5, -45.943715
6, 6, 2.649237
6, 7, 7.402223
6, 8, -34.435539
6, 10, 3.361631
6, 11, -10.850911
6, 13, 12.877415
6, 14, 13.478402
6, 16, -35.137157
6, 19, -41.897204
6, 20, -28.246221
6, 21, -23.495882
6, 23, -1.689433
6, 24, 32.302045
6, 25, -23.742846
6, 26, -18.549407
6, 27, -1.815529
6, 31, 23.945882
6, 32, -2.929458
6, 33, -21.375494
6, 34, -7.882411
6, 35, -3.818996
6, 36, 5.351686
6, 38, -23.386080
6, 39, -1.837542
6, 40, -5.665348
6, 41, 20.610001
6, 42, -62.739393
6, 43, -37.045273
6, 44, -23.134427
6, 47, 1.591932
6, 49, -52.024302
7, 1, -3.401831
7, 3, -20.461441
7, 4, -20.330215
7, 6, 2.861552
7, 7, 3.984657
7, 8, -29.333862
7, 10, 1.454833
7, 11, -15.715359
7, 12, 26.831375
7, 13, 12.137707
7, 14, 13.150025
7, 16, -6.017365
7, 18, 25.477590
7, 19, -41.131655
7, 20, -25.537562
7, 21, -29.054335
7, 22, 38.329603
7, 23, -5.646381
7, 25, -22.383161
7, 26, -29.029804
7, 27, 2.174756
7, 29, -29.350091
7, 31, 25.987819
7, 32, -1.487472
7, 33, -13.985521
7, 34, -4.933542
7, 35, -1.993506
7, 36, 2.396467
7, 38, -22.500679
7, 39, -5.056889
7, 40, -6.166346
7, 41, 16.359215
7, 42, -62.043839
7, 44, -28.185402
7, 46, -18.044768
7, 47, 6.169505
7, 50, 22.660313
8, 1, -0.542935
8, 4, -22.669785
8, 5, 0.487537
8, 6, 4.095220
8, 8, -23.196644
8, 9, 9.304020
8, 10, -0.778231
8, 11, -20.130770
8, 12, 26.363081
8, 13, 11.907368
8, 14, 11.737208
8, 16, -26.729990
8, 19, -40.619310
8, 20, -22.329377
8, 21, -31.566953
8, 22, 16.051931
8, 23, -8.588411
8, 24, -2.000000
8, 25, -22.412213
8, 26, -20.843584
8, 27, 6.141477
8, 29, -30.190854
8, 30, -29.572217
8, 32, -0.451007
8, 33, -5.948359
8, 34, -1.688377
8, 35, -0.688002
8, 36, -1.611491
8, 37, -46.138465
8, 38, -21.081306
8, 39, -7.531528
8, 41, 11.016823
8, 42, -62.090808
8, 44, -32.522573
8, 45, -11.522458
8, 46, -16.312524
8, 47, 10.398404
8, 48, -9.004679
8, 49, 14.000000
8, 50, 21.529005
9, 3, -22.722124
9, 5, 2.387600
9, 6, 6.058480
9, 8, -16.339847
9, 9, -19.212909
9, 10, -2.852650
9, 11, -23.513372
9, 12, 26.602463
9, 13, 12.144063
9, 14, 9.095121
9, 15, 23.000000
9, 16, -5.012710
9, 17, 60.000000
9, 19, -40.523847
9, 20, -19.276295
9, 21, -37.282637
9, 22, 32.143875
9, 23, -10.560963
9, 25, -23.594184
9, 26, -24.899743
9, 27, 9.973129
9, 29, -31.559491
9, 30, -27.680893
9, 31, -68.000000
9, 32, 0.077011
9, 33, 2.109281
9, 34, 1.659702
9, 35, 0.451986
9, 36, -5.879729
9, 37, -44.638150
9, 38, -19.018605
9, 39, -9.106699
9, 40, -1.737856
9, 41, 5.324384
9, 44, -35.441868
9, 45, -7.962168
9, 46, -15.384858
9, 47, 14.313973
9, 48, -10.784306
9, 50, 20.508875
10, 1, 4.795595
10, 2, -43.094545
10, 3, -23.138715
10, 4, -12.124649
10, 5, 4.469792
10, 6, 8.180075
10, 7, -16.583569
10, 8, -9.326553
10, 9, 8.673172
10, 10, -4.718714
10, 13, 12.725086
10, 14, 5.331715
10, 16, -17.022943
10, 19, -40.532663
10, 20, -16.486072
10, 21, -37.452046
10, 22, 15.779391
10, 23, -11.539057
10, 24, -25.764743
10, 25, -25.549882
10, 26, -18.637125
10, 27, 13.925789
10, 29, -33.279770
10, 30, -26.173008
10, 32, -0.111738
10, 33, 9.390658
10, 34, 4.581505
10, 35, 1.628959
10, 36, -9.788199
10, 37, -43.612151
10, 38, -16.242375
10, 40, 2.700904
10, 41, -0.019515
10, 42, -53.691399
10, 43, -0.606542
10, 45, -4.284293
10, 46, -15.460466
10, 47, 18.035742
10, 48, -13.956970
10, 49, -3.788596
10, 50, 19.991796
11, 1, 6.812836
11, 2, -43.604291
11, 3, -23.928288
11, 4, -9.231651
11, 5, 6.294271
11, 6, 9.757964
11, 7, -16.164000
11, 8, -2.320265
11, 9, -9.550133
11, 10, -5.967059
11, 11, -31.787356
11, 12, -16.000000
11, 13, 13.465861
11, 14, 0.371265
11, 15, 10.797360
11, 16, -1.956380
11, 17, -5.194978
11, 20, -14.028631
11, 21, -43.757996
11, 22, 24.593940
11, 23, -11.606469
11, 24, -24.064629
11, 25, -27.649419
11, 26, -17.786629
11, 27, 17.920017
11, 28, 9.546055
11, 30, -25.264268
11, 32, -1.002363
11, 33, 15.500773
11, 34, 7.000006
11, 35, 2.831397
11, 36, -12.585912
11, 37, -42.959741
11, 38, -12.862805
11, 39, 6.656326
11, 40, 9.114377
11, 41, -4.614175
11, 42, -54.546422
11, 44, 4.531453
11, 45, -1.267227
11, 46, -16.220764
11, 47, 21.339307
11, 48, -17.903158
11, 49, -0.814834
11, 50, 19.885661
12, 1, 9.086406
12, 2, -44.511719
12, 3, -24.924131
12, 4, -5.409954
12, 6, 10.235105
12, 7, -16.081979
12, 8, 4.241384
12, 9, 11.162222
12, 10, -6.356935
12, 11, -30.570468
12, 13, 14.147964
12, 14, -5.657237
12, 16, -9.139537
12, 17, -3.793398
12, 18, 6.828367
12, 19, -7.882971
12, 20, -11.700816
12, 21, -40.842913
12, 22, 13.507337
12, 23, -10.624402
12, 24, -22.428275
12, 25, -29.618403
12, 26, -12.039711
12, 27, 21.577737
12, 28, 9.453945
12, 29, 80.000000
12, 31, 19.227661
12, 32, -2.730502
12, 33, 19.651509
12, 37, -42.681952
12, 38, -9.127352
12, 39, 4.821701
12, 40, 16.656033
12, 41, -8.442381
12, 42, -55.484545
12, 43, -7.389766
12, 44, 2.218398
12, 45, 0.701214
12, 46, -17.483195
12, 47, 23.865232
12, 48, -21.932077
12, 49, 2.050890
13, 1, 11.554335
13, 2, -45.592192
13, 3, -26.098511
13, 4, -0.850549
13, 5, 45.594134
13, 6, 9.324342
13, 7, -16.492091
13, 8, 9.631843
13, 9, 0.347126
13, 11, -29.149761
13, 14, -12.170405
13, 17, -1.909534
13, 18, 6.278874
13, 19, -5.686207
13, 20, -9.355509
13, 21, -48.103351
13, 22, 16.362696
13, 23, -8.826840
13, 24, -21.304124
13, 25, -30.886166
13, 26, -8.428269
13, 27, 24.707478
13, 30, -52.974596
13, 31, 17.772339
13, 32, -5.238513
13, 34, -4.510588
13, 35, -6.474101
13, 36, -44.110531
13, 37, -42.664973
13, 38, -5.100694
13, 39, 3.192994
13, 40, 24.278548
13, 41, -11.331865
13, 43, -9.942543
13, 44, -0.787083
13, 46, -19.099347
13, 48, -25.737285
13, 49, 4.330659
13, 50, 20.451077
14, 1, 14.224839
14, 2, -46.566423
14, 3, -27.296305
14, 4, 3.810516
14, 5, 43.838465
14, 6, 7.025722
14, 7, -17.010056
14, 8, 13.186789
14, 9, 14.043952
14, 10, 19.979338
14, 11, -27.767684
14, 13, -20.338027
14, 14, -18.800448
14, 17, -0.013226
14, 18, 6.108151
14, 19, -3.261142
14, 20, -6.965200
14, 22, 8.421917
14, 23, -6.550454
14, 24, -20.833507
14, 25, -31.108056
14, 26, -2.976869
14, 27, 27.350334
14, 28, -47.250976
14, 30, -41.808963
14, 32, -8.170859
14, 33, -39.181039
14, 34, -1.489412
14, 35, -3.376894
14, 36, -43.889469
14, 37, -43.048317
14, 38, -1.174965
14, 39, 1.964732
14, 40, 31.035056
14, 41, -13.560202
14, 43, -13.397575
14, 44, -3.931556
14, 46, -20.485577
14, 47, -18.719071
14, 48, -28.590678
14, 50, 17.605728
15, 1, 17.370618
15, 2, -47.341676
15, 3, -28.094953
15, 4, 8.471240
15, 5, 41.303064
15, 6, 3.548384
15, 7, -17.465298
15, 9, 5.469430
15, 10, 19.229844
15, 11, -26.678067
15, 12, 9.931536
15, 13, -18.781558
15, 14, -25.433573
15, 18, 6.341977
15, 19, -1.277386
15, 20, -4.493550
15, 22, 6.809555
15, 23, -4.180835
15, 24, -20.914105
15, 25, -30.151174
15, 26, 1.310104
15, 27, 29.294577
15, 28, -46.302206
15, 29, 43.316440
15, 30, -53.289481
15, 31, -84.000000
15, 32, -11.202215
15, 33, -40.300977
15, 35, 1.751531
15, 37, -43.556067
15, 38, 2.286306
15, 39, 1.170779
15, 40, 36.161484
15, 41, -14.980426
15, 43, -17.184114
15, 45, -3.447251
15, 46, -21.175102
15, 47, -18.560400
15, 49, 9.477237
15, 50, 13.514867
16, 1, 20.761327
16, 2, -47.619910
16, 3, -28.424530
16, 4, 13.005061
16, 5, 37.831126
16, 6, -0.550998
16, 7, -17.540018
16, 8, -24.653831
16, 10, 18.305578
16, 11, -25.857728
16, 12, -14.144608
16, 13, -17.842095
16, 14, -31.372421
16, 16, -3.669016
16, 17, 54.282927
16, 20, -1.837224
16, 22, 0.107249
16, 23, -2.202252
16, 24, -21.358567
16, 25, -28.047342
16, 26, 5.687193
16, 27, 30.500969
16, 28, -46.262988
16, 29, 41.261473
16, 30, -40.533211
16, 32, -14.265324
16, 33, -41.220295
16, 34, 2.000000
16, 35, 8.023326
16, 36, 66.000000
16, 38, 5.226523
16, 40, 39.230930
16, 41, -15.750964
16, 43, -20.498477
16, 44, 24.086850
16, 45, -4.010350
16, 46, -20.953759
16, 47, -18.919453
16, 48, -5.758694
16, 49, 7.876560
16, 50, 8.596442
17, 1, 24.465361
17, 2, -47.337739
17, 4, 17.036762
17, 5, 33.281150
17, 6, -4.936298
17, 7, -17.065250
17, 8, -25.671465
17, 9, -29.046655
17, 10, 17.068744
17, 11, -25.223268
17, 12, 8.187901
17, 13, -17.493673
17, 14, -36.195988
17, 15, -40.620295
17, 16, -11.048715
17, 17, 52.717073
17, 18, 22.285593
17, 19, 86.000000
17, 20, 1.259691
17, 21, 18.293897
17, 22, -3.748911
17, 23, -0.994230
17, 25, -25.300761
17, 26, 9.279998
17, 27, 30.964866
17, 28, -47.203802
17, 29, 39.497246
17, 31, 99999.000000
17, 32, -17.162978
17, 33, -41.797407
17, 35, 14.310022
17, 38, 7.072886
17, 39, 23.326462
17, 42, -14.895783
17, 43, -22.662259
17, 44, 23.587130
17, 45, -3.910552
17, 46, -19.765963
17, 47, -19.807190
17, 48, -3.632411
17, 49, 5.863510
17, 50, 3.315611
18, 1, 28.238020
18, 2, -46.567957
18, 3, -73.000000
18, 4, 20.567385
18, 5, 27.531121
18, 6, -9.540352
18, 7, -16.238984
18, 8, -27.518904
18, 9, -26.613590
18, 10, 15.727249
18, 12, -12.894342
18, 13, -17.934865
18, 14, -39.494347
18, 15, -7.539860
18, 16, -6.694427
18, 18, 19.311747
18, 20, 4.766645
18, 21, 9.210732
18, 22, -8.994642
18, 24, -32.894691
18, 25, -21.906010
18, 26, 12.430663
18, 27, 30.866175
18, 29, 38.114212
18, 32, -19.236191
18, 34, 23.000000
18, 35, 19.548280
18, 36, 21.638164
18, 37, 73.000000
18, 38, 7.725236
18, 39, 21.412547
18, 40, -2.044804
18, 41, 46.816683
18, 42, -13.455765
18, 44, 22.637072
18, 45, -3.153733
18, 46, -17.766747
18, 47, -20.766307
18, 48, -1.135025
18, 49, 3.573374
18, 50, -1.957414
19, 1, 31.454627
19, 2, -45.442128
19, 4, 23.704370
19, 5, 20.678366
19, 6, -14.299378
19, 7, -15.134962
19, 8, -29.933437
19, 9, -24.239498
19, 10, 14.415997
19, 11, -5.855367
19, 13, -19.075685
19, 14, -41.037691
19, 15, -38.298329
19, 16, -13.269614
19, 17, -46.788931
19, 18, 16.218436
19, 19, -2.662008
19, 20, 8.286570
19, 21, 13.266597
19, 22, -11.827415
19, 23, -7.336512
19, 24, -35.105309
19, 25, -18.104856
19, 26, 14.768418
19, 27, 30.457205
19, 28, -2.101223
19, 29, 37.361206
19, 31, -90.000000
19, 33, 21.109491
19, 35, 22.929743
19, 36, 21.361836
19, 38, 7.209396
19, 39, 18.622893
19, 40, -1.100277
19, 41, 45.471110
19, 42, -12.615379
19, 45, -1.795727
19, 46, -14.821129
19, 48, 1.355433
19, 49, 1.320010
19, 50, -6.948770
20, 1, 33.747589
20, 3, 62.000000
20, 4, 26.641855
20, 5, 12.924374
20, 6, -19.225288
20, 8, -32.590267
20, 10, 13.599060
20, 11, -7.152489
20, 15, -13.354511
20, 16, -12.800499
20, 17, -44.165887
20, 18, 13.359044
20, 19, 0.539923
20, 20, 11.564826
20, 21, 6.886871
20, 23, -7.021767
20, 25, -14.313343
20, 27, 29.952918
20, 28, -4.793678
20, 29, 37.461765
20, 30, -57.877647
20, 33, 20.540147
20, 34, 20.451294
20, 37, -36.790760
20, 39, 15.243780
20, 40, 0.165080
20, 41, 44.757963
20, 42, -12.456343
20, 43, 74.778938
20, 44, 6.920021
20, 46, -11.057308
20, 47, 34.934958
20, 49, -0.867915
20, 50, -11.269532
21, 4, 29.599919
21, 5, 4.771477
21, 6, -23.963412
21, 7, -26.078456
21, 8, -35.089998
21, 11, -8.226543
21, 12, -37.985351
21, 13, -58.755294
21, 14, 17.093066
21, 15, -36.210496
21, 16, -18.882310
21, 17, -39.477188
21, 18, 10.956430
21, 19, 4.967866
21, 20, 14.479875
21, 21, 10.037305
21, 23, -6.764431
21, 25, -10.859636
21, 28, -8.507146
21, 31, -5.738434
21, 32, -13.000000
21, 33, 20.619944
21, 34, 6.580032
21, 35, 2.085416
21, 36, -33.205648
21, 37, -38.209240
21, 38, 12.288702
21, 39, 11.701573
21, 40, 1.344574
21, 41, 44.834732
21, 42, -13.030950
21, 44, 3.921012
21, 45, 12.276135
21, 46, -6.768364
21, 47, 32.124571
21, 48, -40.810181
21, 49, -2.860336
21, 50, -14.530980
22, 1, -96.000000
22, 3, 33.888052
22, 4, 32.407577
22, 5, -3.424306
22, 6, -28.173757
22, 7, -24.186811
22, 10, -13.449958
22, 11, -8.849032
22, 12, -36.010997
22, 13, -57.244706
22, 14, 17.951953
22, 15, -16.218014
22, 16, -21.058525
22, 17, -33.116471
22, 18, 9.185342
22, 19, 9.684483
22, 20, 16.948959
22, 21, 7.265750
22, 22, 80.546055
22, 23, -6.714962
22, 24, -59.662364
22, 25, -8.161017
22, 26, 45.109776
22, 28, -12.546381
22, 31, -7.577401
22, 33, 21.403500
22, 34, 16.264021
22, 35, 4.133763
22, 36, -31.351641
22, 38, 11.868183
22, 39, 7.846805
22, 40, 2.431226
22, 42, -14.086276
22, 44, 0.575023
22, 45, 10.429376
22, 46, -2.082263
22, 47, 28.670354
22, 48, -39.371379
22, 49, -4.489258
22, 50, -16.331342
23, 3, 32.931720
23, 4, 35.054504
23, 5, -10.877793
23, 6, -31.761264
23, 7, -22.327567
23, 8, -0.224176
23, 9, -1.450802
23, 10, -11.273240
23, 11, -9.155920
23, 12, -33.351267
23, 14, 19.382421
23, 16, -26.425390
23, 17, -25.612085
23, 18, 8.444740
23, 19, 13.869519
23, 20, 19.043279
23, 21, 9.966628
23, 22, 80.453945
23, 23, -6.621874
23, 24, -59.005954
23, 25, -6.472833
23, 26, 44.285267
23, 28, -16.690837
23, 30, 20.948001
23, 31, -10.592712
23, 32, 91.000000
23, 33, 22.870758
23, 34, -0.213222
23, 35, 6.962695
23, 36, -28.667208
23, 38, 11.809107
23, 39, 4.629903
23, 40, 3.440973
23, 41, 21.930087
23, 42, -15.349362
23, 44, -2.506905
23, 45, 8.672434
23, 46, 2.520457
23, 47, 24.729655
23, 48, -38.597363
23, 49, -5.556468
24, 1, 16.416971
24, 2, -73.000000
24, 3, 32.439692
24, 4, 37.515052
24, 5, -16.644491
24, 6, -34.269584
24, 7, -21.099308
24, 8, 1.066202
24, 9, -3.812384
24, 10, -8.560259
24, 11, -9.141601
24, 12, -30.355760
24, 13, 33.000000
24, 14, 21.237636
24, 15, -1.192666
24, 16, -29.280471
24, 17, -17.526624
24, 19, 16.645440
24, 20, 20.792395
24, 21, 9.455817
24, 24, -58.775163
24, 26, 43.278478
24, 27, -33.116441
24, 28, -20.401849
24, 29, -52.282219
24, 30, 19.384159
24, 31, -14.533233
24, 33, 24.714391
24, 35, 9.992165
24, 36, -25.108783
24, 38, 12.094704
24, 39, -0.086426
24, 40, 4.493822
24, 41, 24.558933
24, 42, -16.530171
24, 43, 1.739259
24, 44, -5.049914
24, 45, 7.457827
24, 46, 6.342004
24, 47, 20.526094
24, 49, -6.191662
24, 50, -62.000000
25, 1, 15.965718
25, 3, 32.747692
25, 4, 39.463448
25, 5, -20.037768
25, 7, -20.738370
25, 8, 2.066298
25, 9, -7.275162
25, 10, -5.955835
25, 11, -8.786733
25, 12, -27.520910
25, 15, -1.928211
25, 16, -33.015610
25, 17, -9.257363
25, 18, 14.000000
25, 20, 21.982591
25, 21, 11.426113
25, 22, -9.718922
25, 24, -58.885095
25, 25, 25.000000
25, 27, -30.577826
25, 28, -23.279679
25, 29, -52.713319
25, 30, 17.508935
25, 31, -19.092740
25, 33, 26.838508
25, 35, 13.150107
25, 36, -20.867481
25, 38, 12.619884
25, 39, -3.657115
25, 40, 5.484257
25, 41, 27.208503
25, 42, -17.297663
25, 43, 24.982602
25, 44, -6.968502
25, 46, 8.882550
25, 47, 16.454374
25, 48, -14.398043
26, 1, 15.604713
26, 2, -51.386858
26, 3, 33.950478
26, 4, 40.815404
26, 6, 12.022900
26, 8, 2.559615
26, 9, -11.726637
26, 10, -3.878017
26, 11, -8.023074
26, 12, -25.069190
26, 13, 54.373658
26, 14, -53.946674
26, 15, -2.655819
26, 17, -1.537662
26, 19, -34.136131
26, 20, 22.743379
26, 21, 11.729876
26, 22, -8.753416
26, 23, -9.982661
26, 24, -59.516018
26, 26, -22.821118
26, 27, -28.128327
26, 28, -25.207034
26, 29, -53.591339
26, 30, 15.519941
26, 31, -23.536105
26, 32, -49.889469
26, 33, 29.135459
26, 35, 15.843603
26, 36, -16.205629
26, 39, -10.321922
26, 41, 29.473174
26, 42, -17.599203
26, 43, 9.006742
26, 44, -8.113658
26, 47, 12.581216
26, 48, -13.046686
26, 49, 38.000000
26, 50, -39.502421
27, 1, 15.455794
27, 2, -50.613142
27, 3, 35.724676
27, 4, 41.375376
27, 5, -20.001968
27, 6, 11.514861
27, 7, 18.501072
27, 9, -16.765770
27, 10, -2.321784
27, 12, -23.042743
27, 13, 55.626342
27, 14, -54.606857
27, 15, -3.508175
27, 16, -21.223972
27, 17, 4.861420
27, 18, -4.292964
27, 19, -31.478921
27, 20, 23.213158
27, 21, 13.080520
27, 22, -8.766944
27, 23, -7.954619
27, 24, -60.351604
27, 25, -56.000000
27, 26, -23.069089
27, 27, -26.469922
27, 28, -26.257100
27, 29, -54.671727
27, 30, 13.635136
27, 31, -27.493197
27, 33, 31.707414
27, 34, 32.558562
27, 35, 17.850059
27, 36, -11.219687
27, 37, 8.563099
27, 38, -13.855717
27, 39, -13.264825
27, 40, -27.378687
27, 42, -17.458029
27, 43, 26.838411
27, 44, -8.520835
27, 45, -23.244955
27, 46, 7.845350
27, 47, 9.084006
27, 48, -12.141067
27, 50, -37.179147
28, 3, 37.634676
28, 5, -13.782741
28, 6, 10.570532
28, 7, 20.395491
28, 8, -21.330215
28, 9, -21.971744
28, 12, -21.761388
28, 14, -56.006884
28, 16, -19.285188
28, 17, 9.343240
28, 18, -6.160795
28, 19, -27.997983
28, 20, 23.721605
28, 21, 13.893494
28, 22, -9.756001
28, 23, -4.646586
28, 24, -61.295496
28, 26, -23.691665
28, 27, -25.979210
28, 28, -26.347177
28, 29, -55.970527
28, 30, 11.889304
28, 31, -30.776528
28, 33, 34.149842
28, 34, 11.632543
28, 35, 19.306582
28, 36, -6.276516
28, 37, 11.436901
28, 38, -14.801450
28, 39, -22.199884
28, 40, -25.362087
28, 41, -34.191709
28, 42, -16.653962
28, 43, 18.716534
28, 44, -8.630939
28, 45, -23.985104
28, 46, 6.026460
28, 47, 6.423950
28, 48, -11.869723
28, 49, -81.110531
28, 50, -34.276971
29, 1, 10.797578
29, 5, -15.053011
29, 6, 9.368036
29, 7, 22.507037
29, 8, -23.669785
29, 9, -27.193454
29, 10, 22.836140
29, 11, 59.825769
29, 16, -17.096825
29, 18, -8.489688
29, 19, -24.107539
29, 20, 24.724257
29, 21, 15.293446
29, 22, -11.744206
29, 23, -0.479989
29, 24, -62.110631
29, 25, 15.519907
29, 26, -24.490008
29, 27, -26.702751
29, 30, 10.564631
29, 31, -32.759541
29, 34, 31.309448
29, 35, 20.141721
29, 36, -1.513237
29, 38, -16.728679
29, 39, -22.626005
29, 40, -23.995995
29, 41, -33.657429
29, 42, -15.202738
29, 43, 31.587220
29, 44, -8.609429
29, 45, -25.179009
29, 46, 4.716882
29, 48, -12.094470
29, 49, -80.889469
29, 50, -31.352520
30, 1, 7.407954
30, 2, -36.798267
30, 3, 19.685108
30, 4, 17.463143
30, 5, -7.984474
30, 6, 8.137515
30, 9, -31.956826
30, 10, 25.001087
30, 11, 57.992670
30, 12, 47.223323
30, 14, 29.332721
30, 16, -15.342506
30, 17, -0.611098
30, 19, -20.123482
30, 20, 26.400675
30, 22, -14.357809
30, 23, 4.012295
30, 25, 16.415400
30, 26, -25.423056
30, 28, -6.066458
30, 29, -10.733562
30, 30, 9.571113
30, 32, -2.218099
30, 33, -62.000000
30, 34, 14.974089
30, 35, 20.288393
30, 36, 2.859475
30, 37, 13.396792
30, 38, -19.261690
30, 39, -33.790129
30, 40, -23.662844
30, 41, -33.924645
30, 42, -13.358193
30, 43, 27.931204
30, 45, -26.464158
30, 47, 24.221062
30, 48, -13.046622
30, 50, -28.457684
31, 1, 2.850348
31, 2, -36.313166
31, 3, 17.750281
31, 4, 15.532488
31, 5, -12.378726
31, 6, 7.471810
31, 7, -45.666379
31, 8, 16.124708
31, 9, -35.880541
31, 10, 27.375831
31, 11, 54.288548
31, 12, 46.008802
31, 13, -16.046239
31, 14, 28.583536
31, 15, 12.306571
31, 16, -14.595931
31, 17, 2.188204
31, 18, 63.000000
31, 19, -16.500436
31, 20, 28.495968
31, 21, 6.325666
31, 22, -17.001462
31, 23, 8.581907
31, 24, -53.320025
31, 25, 17.997797
31, 26, -26.775851
31, 28, -6.242171
31, 29, -8.878837
31, 30, 8.678537
31, 32, -7.631564
31, 34, 32.087633
31, 35, 19.744576
31, 36, 6.571023
31, 37, 10.161817
31, 38, -22.027152
31, 39, -28.723346
31, 42, -10.989242
31, 43, 36.967288
31, 44, -85.000000
31, 45, -27.803680
31, 46, -33.974978
31, 47, 23.778938
31, 48, -14.387311
31, 50, -25.624253
32, 1, -1.828533
32, 2, -35.086139
32, 3, 15.553753
32, 4, 14.326141
32, 5, -4.436634
32, 6, 7.438473
32, 7, -43.966025
32, 8, 15.500035
32, 9, -38.829169
32, 10, 29.451453
32, 11, 48.920283
32, 12, 43.933000
32, 13, 12.517662
32, 14, 28.258222
32, 16, -14.947711
32, 17, 6.022844
32, 19, -13.415071
32, 20, 30.792160
32, 21, 2.610021
32, 22, -19.205140
32, 23, 12.832259
32, 24, -53.991311
32, 25, 20.182781
32, 26, -28.242924
32, 28, -6.082551
32, 29, -7.255747
32, 30, 8.041946
32, 33, -49.000000
32, 35, 18.602555
32, 36, 9.450866
32, 37, 6.728158
32, 38, -24.649561
32, 39, -41.387312
32, 40, -10.550800
32, 42, -8.431150
32, 46, -35.025022
32, 48, -16.059121
32, 49, 12.533669
32, 50, -23.041402
33, 1, -6.029679
33, 2, -33.253826
33, 3, 13.215365
33, 4, 14.198430
33, 6, 8.126424
33, 7, -42.118239
33, 8, 14.271791
33, 11, 42.260671
33, 12, 41.293423
33, 13, -6.395324
33, 14, 28.745209
33, 15, 55.000000
33, 16, -16.458549
33, 17, 10.265224
33, 18, -21.607920
33, 19, -10.927786
33, 20, 33.324600
33, 21, -1.453198
33, 22, -20.468042
33, 23, 16.117850
33, 24, -54.716987
33, 25, 22.656203
33, 26, -29.943878
33, 27, -20.686764
33, 28, -5.733069
33, 29, -6.269258
33, 32, -6.481776
33, 34, 11.000000
33, 35, 17.144797
33, 37, 3.624451
33, 38, -26.740558
33, 40, -8.817052
33, 42, -5.985817
33, 45, 17.788429
33, 47, -96.055265
33, 48, -17.983894
33, 49, 10.753127
33, 50, -20.838086
34, 1, -9.175628
34, 2, -30.679093
34, 3, 11.242081
34, 4, 15.102457
34, 6, 9.263386
34, 8, 12.599245
34, 9, -57.434559
34, 10, -15.857768
34, 11, 34.881694
34, 12, 38.026522
34, 13, 17.034479
34, 14, 30.033462
34, 16, -18.924478
34, 17, 14.431646
34, 18, -20.392080
34, 19, -9.201616
34, 20, 35.678299
34, 21, -5.279195
34, 23, 18.237514
34, 24, -55.305606
34, 26, -31.743426
34, 27, -19.198279
34, 28, -5.336233
34, 29, -5.975691
34, 30, 4.000000
34, 31, -15.246083
34, 32, -5.934941
34, 33, 22.098709
34, 35, 15.839608
34, 36, 3.700249
34, 37, 1.455128
34, 40, -7.509443
34, 41, 24.834204
34, 42, -4.116500
34, 43, -23.938156
34, 44, 40.504561
34, 45, 16.374653
34, 46, 85.000000
34, 47, -62.411304
34, 48, -19.715379
34, 49, 7.910844
34, 50, -19.049070
35, 1, -10.709904
35, 2, -27.457940
35, 3, 9.728044
35, 4, 16.933191
35, 7, -43.828981
35, 8, 10.634451
35, 9, -56.984186
35, 10, -16.926067
35, 11, 27.621051
35, 12, 34.347516
35, 13, 1.687408
35, 14, 32.001777
35, 17, 17.875653
35, 19, -8.050393
35, 21, -8.490957
35, 22, -39.073547
35, 23, 18.921269
35, 24, -55.671470
35, 25, -15.214462
35, 27, -17.128869
35, 28, -5.310874
35, 29, -6.247258
35, 32, -5.572829
35, 33, 20.901291
35, 34, -21.219395
35, 35, 14.735247
35, 36, 7.345784
35, 38, 13.513958
35, 40, -6.780813
35, 43, -24.421168
35, 44, 40.715556
35, 45, 15.287881
35, 48, -20.831396
35, 49, 4.525417
35, 50, -17.828237
36, 1, -10.470764
36, 2, -23.898992
36, 3, 8.660350
36, 4, 19.359407
36, 6, -93.000000
36, 7, -24.218882
36, 8, 8.278401
36, 9, -56.938583
36, 10, -19.504627
36, 11, 21.022042
36, 12, 30.647223
36, 18, -9.909268
36, 19, -7.520388
36, 20, -22.232511
36, 21, -10.955047
36, 22, -37.483977
36, 23, 18.266884
36, 25, -15.785538
36, 26, -58.733048
36, 27, -14.856047
36, 28, -5.716768
36, 29, -7.216326
36, 30, -10.276327
36, 31, 13.834252
36, 32, -5.311513
36, 34, -21.438029
36, 35, 13.907762
36, 36, 12.421605
36, 37, 0.000000
36, 38, 10.885675
36, 39, -11.956481
36, 40, -6.586679
36, 42, 5.129213
36, 43, -25.311629
36, 44, 41.073067
36, 45, 14.570503
36, 46, 47.778938
36, 49, 0.845499
36, 50, -16.801462
37, 1, -8.611834
37, 2, -20.286448
37, 4, 21.821741
37, 5, -13.000000
37, 8, 5.737251
37, 10, -22.975699
37, 11, 15.898600
37, 12, 27.292170
37, 13, 7.044565
37, 14, -28.741933
37, 16, -43.000000
37, 17, -23.129701
37, 18, -7.090732
37, 19, -7.383198
37, 20, -23.869896
37, 21, -12.911115
37, 22, -35.229183
37, 23, 16.524593
37, 24, 43.199901
37, 26, -58.580330
37, 27, -13.065444
37, 28, -6.371709
37, 29, -8.842566
37, 30, -9.723673
37, 31, 15.294348
37, 32, -5.060314
37, 33, 4.692052
37, 34, -22.717721
37, 35, 13.523671
37, 36, 18.270677
37, 38, 8.537059
37, 39, 22.342033
37, 40, -6.570133
37, 41, 99999.000000
37, 42, 4.812548
37, 44, 41.532709
37, 45, 14.638180
37, 46, -11.664944
37, 48, 7.747317
37, 49, -2.553724
37, 50, -16.020257
38, 1, -5.616205
38, 2, -16.899072
38, 4, 24.026010
38, 6, 4.071241
38, 8, 2.890236
38, 10, -26.914391
38, 12, 24.909776
38, 13, 9.614791
38, 14, -26.220525
38, 15, 29.105804
38, 17, -22.224524
38, 19, -7.126600
38, 20, -26.281854
38, 21, -14.197598
38, 22, -32.480484
38, 23, 13.858426
38, 24, 43.634733
38, 25, -25.951334
38, 26, -58.857600
38, 28, -7.054955
38, 29, -10.830632
38, 31, 16.848264
38, 32, -4.710466
38, 33, 7.307948
38, 34, -24.915127
38, 35, 13.408583
38, 36, 24.384630
38, 37, -6.796839
38, 38, 6.917909
38, 39, -8.744829
38, 40, -6.517300
38, 42, 4.503936
38, 43, 62.000000
38, 44, 41.933849
38, 45, 15.432372
38, 48, 10.252683
38, 49, -5.103485
39, 1, -2.201296
39, 2, -14.235303
39, 3, 74.292114
39, 4, 25.740775
39, 5, 26.983855
39, 6, 3.344919
39, 8, -0.028191
39, 9, 13.140374
39, 10, -30.753458
39, 12, 23.823791
39, 13, 13.219580
39, 14, -26.673962
39, 15, 5.289619
39, 16, 8.325994
39, 17, -20.940147
39, 18, 84.000000
39, 19, -6.617565
39, 20, -28.891858
39, 21, -15.062540
39, 22, -29.359344
39, 23, 10.744317
39, 24, 44.893154
39, 25, -30.277752
39, 26, -59.804278
39, 27, -18.014248
39, 28, -7.726195
39, 29, -13.260663
39, 30, 40.523871
39, 32, -4.211822
39, 34, -27.640960
39, 35, 13.570279
39, 36, 30.011219
39, 37, -6.263479
39, 38, 6.402181
39, 39, 14.796208
39, 41, -47.403081
39, 42, 4.576513
39, 44, 42.341329
39, 45, 17.249687
39, 49, -6.530277
40, 1, 0.678293
40, 2, -12.574438
40, 3, 73.630969
40, 4, 26.757833
40, 5, 26.206575
40, 6, 2.774072
40, 7, 12.524336
40, 8, -2.785077
40, 9, 13.503375
40, 10, -33.735174
40, 13, 17.087263
40, 14, -23.402244
40, 15, 23.839664
40, 16, 7.686136
40, 17, -19.802938
40, 19, -5.797281
40, 20, -31.049641
40, 21, -15.726812
40, 22, -26.296042
40, 23, 7.941587
40, 24, 46.715973
40, 27, -16.103413
40, 28, -8.465877
40, 29, -15.717285
40, 30, 38.149336
40, 31, -67.557790
40, 32, -3.479429
40, 33, -95.000000
40, 34, -30.530588
40, 35, 13.960269
40, 36, 34.580440
40, 37, -5.093325
40, 38, 6.946069
40, 39, -5.949908
40, 40, -30.034496
40, 41, -46.142094
40, 42, 5.598259
40, 43, -11.809182
40, 45, 19.886365
40, 47, -31.398147
40, 48, -1.031231
40, 50, 27.042066
41, 1, 2.503909
41, 2, -11.770028
41, 3, 73.262009
41, 4, 27.145246
41, 5, 25.760292
41, 7, 0.397026
41, 8, -5.187008
41, 9, 13.910838
41, 12, -8.965325
41, 13, 20.843994
41, 14, -25.497204
41, 15, 1.344071
41, 16, 7.700250
41, 17, -18.947794
41, 18, 52.413907
41, 19, -4.688216
41, 20, -32.396825
41, 22, -23.333306
41, 23, 5.732788
41, 26, 51.626342
41, 27, -12.839398
41, 28, -9.257715
41, 29, -17.888220
41, 30, 35.158648
41, 31, -66.947718
41, 32, -2.614034
41, 34, -33.126084
41, 35, 14.708755
41, 36, 37.412667
41, 37, -3.493611
41, 38, 8.226778
41, 39, 9.886096
41, 40, -27.910310
41, 41, -45.115923
41, 42, 7.854848
41, 43, -13.190818
41, 44, 13.517587
41, 45, 22.767039
41, 46, -24.350014
41, 47, -30.976671
41, 48, -0.542124
41, 49, 30.289656
41, 50, 28.957934
42, 2, -12.033518
42, 5, 25.521855
42, 6, -7.214138
42, 7, 5.218950
42, 8, -7.332339
42, 9, 14.017703
42, 12, -6.684071
42, 13, 24.255713
42, 14, -20.390156
42, 15, 17.998576
42, 16, 8.300154
42, 17, -18.418721
42, 18, 52.562500
42, 19, -3.580036
42, 22, -20.563669
42, 23, 4.701216
42, 24, 7.000000
42, 27, -8.479782
42, 28, -9.956504
42, 29, -19.479606
42, 30, 31.689999
42, 31, -66.128924
42, 32, -1.666916
42, 33, -46.614815
42, 35, 15.716091
42, 37, -1.729008
42, 38, 10.045246
42, 39, -2.215487
42, 40, -26.594044
42, 41, -44.377149
42, 42, 11.404874
42, 44, 13.515521
42, 45, 25.617552
42, 47, -31.321843
42, 48, 0.255162
42, 49, 27.423016
43, 1, 14.422205
43, 2, -13.164217
43, 3, 42.380258
43, 4, 9.516795
43, 5, 25.342395
43, 6, -8.443243
43, 7, -3.595597
43, 8, -9.387779
43, 9, 13.840683
43, 10, 7.107621
43, 11, 21.700029
43, 12, -3.708544
43, 13, 27.103522
43, 14, -24.797595
43, 15, -4.719043
43, 16, 9.370650
43, 17, -18.437890
43, 18, 50.524067
43, 20, 85.760516
43, 22, -18.042312
43, 23, 4.963401
43, 25, -27.344573
43, 27, -2.968492
43, 28, -10.567668
43, 30, 28.283319
43, 31, -65.245288
43, 32, -0.867973
43, 33, -6.567046
43, 34, -54.736872
43, 35, 16.925680
43, 36, -40.405330
43, 37, 0.211278
43, 38, 12.221543
43, 39, 10.233251
43, 40, -26.367336
43, 42, 15.985404
43, 43, -21.865500
43, 44, 13.598569
43, 45, 28.105716
43, 46, -59.000000
43, 48, 1.122187
43, 49, 24.127597
44, 1, 12.463525
44, 2, -14.583836
44, 3, 42.619742
44, 4, 9.830895
44, 6, -10.489242
44, 7, -0.213685
44, 8, -11.016954
44, 9, 13.635908
44, 10, 8.568389
44, 12, -0.453408
44, 13, 29.482167
44, 14, -16.510701
44, 15, 13.152537
44, 17, -19.391458
44, 18, 51.663836
44, 19, -88.000000
44, 20, 86.239484
44, 21, 19.090395
44, 22, -15.861156
44, 23, 6.246235
44, 24, 0.884247
44, 25, -26.461066
44, 27, 3.447750
44, 28, -10.853407
44, 29, 4.375036
44, 30, 25.111974
44, 31, -64.489232
44, 32, -0.385592
44, 33, -43.841177
44, 34, -53.263128
44, 35, 18.105706
44, 36, -38.699371
44, 37, 2.224580
44, 38, 14.358407
44, 40, -27.172129
44, 41, 8.340636
44, 42, 21.232583
44, 43, -20.314015
44, 44, 13.367404
44, 45, 29.731969
44, 47, -10.347459
44, 49, 21.095479
45, 1, 9.650217
45, 2, -15.987372
45, 4, 11.473427
45, 5, 29.569699
45, 6, -13.338310
45, 7, -3.797054
45, 8, -12.220271
45, 9, 13.438944
45, 10, 11.069945
45, 11, -15.795392
45, 12, 2.165546
45, 13, 31.253897
45, 14, -24.128311
45, 16, -41.368436
45, 17, -21.213853
45, 21, 4.531817
45, 22, -13.946337
45, 23, 8.222322
45, 24, -0.884247
45, 25, -23.232423
45, 26, 58.773603
45, 27, 10.412295
45, 28, -10.791122
45, 29, 2.624964
45, 30, 22.457579
45, 31, -64.125056
45, 32, -0.490438
45, 33, 2.723917
45, 35, 19.357775
45, 36, -36.716598
45, 37, 4.215123
45, 38, 16.438880
45, 40, -28.637196
45, 41, 7.962743
45, 42, 26.939448
45, 43, -17.029034
45, 44, 12.887225
45, 46, -30.591600
45, 47, -7.536090
45, 48, 59.442123
45, 49, 18.980417
46, 1, 6.334313
46, 2, -17.109521
46, 4, 14.387140
46, 5, 31.430301
46, 6, -16.604650
46, 7, 0.039281
46, 8, -12.895997
46, 9, 13.287335
46, 10, 13.962603
46, 11, -13.219633
46, 13, 32.644407
46, 14, -12.971599
46, 16, -40.631564
46, 17, -23.463493
46, 19, 4.053888
46, 20, 63.988167
46, 21, 8.322858
46, 22, -12.265666
46, 23, 10.485712
46, 25, -20.699202
46, 26, 54.006600
46, 27, 17.447780
46, 28, -10.417486
46, 30, 20.802603
46, 31, -64.284023
46, 32, -1.446797
46, 34, -50.534777
46, 35, 20.401523
46, 36, -34.893829
46, 37, 6.131893
46, 38, 18.228139
46, 40, -30.582617
46, 41, 8.407951
46, 42, 32.491634
46, 43, -12.412920
46, 44, 12.100400
46, 45, -73.000000
46, 46, -30.776602
46, 47, -4.301795
46, 48, 58.557877
46, 50, 6.547432
47, 1, 2.847608
47, 2, -17.891649
47, 3, 12.018432
47, 4, 18.159430
47, 6, -20.374910
47, 7, 0.549488
47, 8, -12.736033
47, 9, 13.571171
47, 10, 16.938105
47, 11, -10.510816
47, 12, 74.576298
47, 13, 33.593005
47, 17, -25.721781
47, 19, 6.946112
47, 20, 64.437764
47, 21, -3.931025
47, 22, -10.796119
47, 23, 12.333451
47, 24, -33.000000
47, 25, -15.524205
47, 27, 24.074333
47, 28, -9.936728
47, 29, 99999.000000
47, 31, -64.957556
47, 32, -3.134785
47, 34, -50.344846
47, 37, 8.080152
47, 38, 19.614628
47, 39, -1.735483
47, 40, -32.702373
47, 41, 9.792025
47, 42, 37.480034
47, 43, -7.153204
47, 44, 11.108010
47, 46, -30.989088
47, 47, -1.467844
47, 49, 24.503194
48, 1, -0.008462
48, 3, 10.719176
48, 4, 21.903102
48, 5, -28.694864
48, 6, -24.194307
48, 7, 4.460861
48, 8, -11.728838
48, 9, 14.251038
48, 10, 19.784820
48, 11, -7.917310
48, 13, 34.288393
48, 15, 23.182841
48, 16, -51.949172
48, 17, -27.591040
48, 20, 65.209032
48, 21, -2.776797
48, 22, -9.722577
48, 23, 13.443324
48, 25, -12.177564
48, 26, -92.000000
48, 27, 29.628955
48, 30, -62.473138
48, 32, -5.349165
48, 34, -50.853717
48, 35, -15.614519
48, 36, -6.996221
48, 37, 10.089793
48, 38, 20.862502
48, 39, -5.292049
48, 41, 12.006327
48, 42, 41.708489
48, 43, -2.135645
48, 44, 10.061142
48, 45, 39.032699
48, 46, -31.338999
48, 47, 0.656155
48, 48, -31.711801
48, 49, 23.994170
48, 50, 33.774506
49, 1, -2.004880
49, 3, 9.177268
49, 4, 25.078496
49, 5, -26.959292
49, 6, -27.683286
49, 7, 5.939089
49, 8, -10.043268
49, 9, 14.970868
49, 10, 22.278157
49, 11, -5.951301
49, 13, 35.058450
49, 16, -51.193988
49, 17, -28.903111
49, 18, -37.086887
49, 19, -31.140775
49, 21, -11.223378
49, 22, -8.898477
49, 24, -76.000000
49, 25, -7.388189
49, 27, 33.601013
49, 28, -19.289527
49, 29, 23.410502
49, 30, -61.547205
49, 31, 43.643386
49, 32, -7.875770
49, 33, 17.085329
49, 34, -51.960173
49, 35, -13.385481
49, 36, -9.723814
49, 37, 12.343024
49, 38, 21.938179
49, 39, -8.930408
49, 40, 22.361836
49, 41, 14.773761
49, 42, 44.887623
49, 43, 2.222642
49, 45, 37.118522
49, 48, -33.203069
49, 49, 23.421800
49, 50, 35.193988
50, 1, -2.833138
50, 3, 7.774944
50, 4, 27.295838
50, 5, -25.757157
50, 6, -30.563096
50, 8, -8.137450
50, 10, 23.863883
50, 13, 35.761851
50, 14, -48.465768
50, 15, 61.000000
50, 16, -50.728307
50, 17, -29.529645
50, 18, -34.913113
50, 19, -31.859225
50, 20, 4.000000
50, 22, -8.158509
50, 23, 75.000000
50, 25, -5.360730
50, 26, 68.000000
50, 27, 35.652690
50, 28, -16.710473
50, 29, 24.589498
50, 30, -61.023361
50, 31, 45.356614
50, 32, -9.986060
50, 33, 0.252683
50, 34, -53.529873
50, 36, -12.909788
50, 37, 14.642291
50, 39, -11.978504
50, 40, 22.638164
50, 41, 17.358472
50, 42, 46.724199
50, 43, 5.102732
50, 44, -53.000000
50, 45, 35.560863
50, 46, -72.000000
50, 47, -8.000000
50, 48, -35.259941
50, 49, 22.795965
50, 50, 36.902973
