1, 1, 33.000000
1, 3, -19.596873
1, 4, 21.535469
1, 6, 18.749642
1, 7, 7.428689
1, 8, 33.690594
1, 9, -35.073045
1, 10, -19.000000
1, 11, 7.949703
1, 12, 99999.000000
1, 13, -86.000000
1, 14, -58.784879
1, 15, -38.000000
1, 16, 24.748214
1, 18, -85.000000
1, 19, -51.979552
1, 20, -35.550660
1, 21, 8.225086
1, 22, -7.348832
1, 23, 29.124084
1, 24, 26.271119
1, 25, -46.682738
1, 26, 99999.000000
1, 27, 62.000000
1, 28, 3.147727
1, 29, -41.000000
1, 30, -37.626317
1, 32, -8.488140
1, 33, -42.981585
1, 34, -16.968107
1, 35, -22.143034
1, 37, -82.000000
1, 38, -87.000000
1, 39, 82.000000
1, 40, 9.282434
1, 41, 16.314701
1, 42, -26.914015
1, 43, -37.209056
1, 45, 0.031036
1, 46, -81.000000
1, 47, -25.679254
1, 49, 45.000000
1, 50, 12.013284
2, 2, 23.023402
2, 3, -20.201203
2, 4, 16.825267
2, 5, -34.455865
2, 6, 14.525061
2, 7, 8.367259
2, 8, 35.309406
2, 9, -23.614386
2, 11, 8.686806
2, 14, -57.215121
2, 16, 0.245275
2, 17, -40.783386
2, 18, -91.294329
2, 19, -48.626034
2, 20, -30.436943
2, 21, -0.535600
2, 22, -6.263207
2, 23, 22.260320
2, 24, 22.630390
2, 25, -41.215305
2, 26, -27.773552
2, 28, 5.525340
2, 30, -30.803054
2, 31, 20.032821
2, 32, -10.833789
2, 33, -44.056297
2, 34, -16.104148
2, 35, -17.622865
2, 36, -70.769802
2, 40, 3.984147
2, 41, 15.893849
2, 42, -24.844211
2, 43, -37.255169
2, 44, 2.408749
2, 45, 4.086509
2, 47, -21.937227
2, 48, -6.474289
2, 50, 14.160722
3, 1, -20.578263
3, 2, 51.686709
3, 3, -21.703485
3, 4, 8.971563
3, 5, -38.416610
3, 6, 8.215427
3, 7, 8.216506
3, 9, -32.217888
3, 11, 7.374581
3, 12, 33.085768
3, 13, 99999.000000
3, 15, -25.067957
3, 16, 32.133996
3, 17, 0.066521
3, 18, 99999.000000
3, 19, -44.558973
3, 20, -24.998737
3, 21, -9.150089
3, 22, -22.120396
3, 23, 14.889859
3, 24, 21.105799
3, 25, -34.347553
3, 26, -5.583811
3, 27, -16.309522
3, 28, 6.988333
3, 29, 55.567075
3, 30, -34.967435
3, 31, 17.557418
3, 32, -10.998098
3, 33, -43.546694
3, 34, -15.510989
3, 35, -11.572612
3, 36, -70.230198
3, 37, -79.000000
3, 38, 43.830108
3, 39, 14.996280
3, 40, -1.491020
3, 41, 14.640590
3, 42, -24.747519
3, 43, -34.365652
3, 44, -1.750980
3, 45, 7.502827
3, 47, -15.641164
3, 48, -8.788947
3, 49, -47.027225
3, 50, 15.247110
4, 1, -18.655798
4, 2, 10.495776
4, 3, -23.083903
4, 4, -0.054224
4, 5, -42.565653
4, 6, 1.454171
4, 8, -48.106685
4, 9, -22.859072
4, 10, -95.000000
4, 11, 4.282744
4, 12, 31.210011
4, 14, 11.792327
4, 15, -26.932043
4, 16, 99999.000000
4, 17, -46.002672
4, 18, 97.000000
4, 19, -42.803624
4, 20, -22.321778
4, 21, -16.199281
4, 22, -17.180111
4, 23, 6.514948
4, 24, 22.946604
4, 25, -26.516653
4, 26, -31.247813
4, 27, -12.134518
4, 29, 56.843794
4, 30, -25.833685
4, 31, 16.318275
4, 32, -9.099833
4, 33, -41.197465
4, 34, -14.782920
4, 35, -6.384463
4, 38, 39.169892
4, 39, 8.816121
4, 40, -5.320544
4, 43, -40.302166
4, 44, -8.220418
4, 45, 10.369233
4, 46, 99999.000000
4, 47, -7.920570
4, 48, -10.610327
4, 49, -46.815722
4, 50, 14.799667
5, 1, -14.919210
5, 2, 52.572469
5, 3, -23.542713
5, 4, -8.712023
5, 5, -47.211655
5, 6, -3.386893
5, 7, 17.489907
5, 8, -43.368611
5, 9, -38.286551
5, 11, -0.851203
5, 12, 28.851253
5, 13, 14.153005
5, 14, 15.046732
5, 16, -45.379890
5, 17, 10.872251
5, 18, 99999.000000
5, 19, -41.274028
5, 21, -21.565266
5, 22, 99999.000000
5, 23, -0.241835
5, 24, 26.972504
5, 25, -20.842986
5, 26, -19.803599
5, 27, -7.288054
5, 28, -64.000000
5, 29, 59.703113
5, 30, 99999.000000
5, 31, 17.020696
5, 32, -6.318517
5, 33, -35.877202
5, 34, -13.204153
5, 35, -2.384423
5, 36, 16.656161
5, 39, 1.670540
5, 40, -7.835932
5, 41, 34.832314
5, 43, -37.303944
5, 44, -14.788401
5, 45, 11.086018
5, 46, -92.000000
5, 47, -1.820309
5, 49, -48.707133
5, 50, 14.171296
6, 1, -8.838155
6, 2, -6.258889
6, 3, -22.489669
6, 5, -50.740632
6, 6, -5.676122
6, 7, 10.155997
6, 8, -39.230864
6, 9, 99999.000000
6, 10, 7.552032
6, 11, -8.470825
6, 13, 11.785854
6, 14, 17.570830
6, 15, 99999.000000
6, 16, -7.251119
6, 17, 99999.000000
6, 18, 29.222548
6, 19, -39.639961
6, 20, -33.145368
6, 21, -26.747006
6, 22, 45.842682
6, 23, -5.675387
6, 24, 32.665687
6, 25, -16.347113
6, 26, -33.342719
6, 27, -2.508402
6, 28, 99999.000000
6, 30, -23.000000
6, 31, 20.390090
6, 32, -2.577682
6, 33, -27.689588
6, 34, -10.937929
6, 35, 0.125943
6, 36, 14.284656
6, 38, -25.696336
6, 39, -4.459582
6, 40, -10.504384
6, 41, 29.934922
6, 42, -59.894984
6, 43, -45.992598
6, 44, -23.550978
6, 47, 3.490448
6, 49, -51.524496
7, 1, -0.994028
7, 2, 99999.000000
7, 3, -21.023501
7, 4, -18.385013
7, 6, -4.961368
7, 7, 1.044233
7, 8, -33.791756
7, 9, 8.500587
7, 10, 3.085994
7, 11, -17.115748
7, 12, 23.812735
7, 13, 8.993729
7, 14, 18.876742
7, 15, 43.000000
7, 16, -33.396500
7, 17, -66.000000
7, 18, -29.000000
7, 19, -39.362041
7, 20, -26.811224
7, 21, -30.459086
7, 22, 16.024053
7, 23, -10.626219
7, 25, -13.734789
7, 26, -26.805392
7, 27, 3.068278
7, 28, -52.000000
7, 29, -24.763102
7, 31, 25.916317
7, 32, 0.785954
7, 33, -18.048293
7, 34, -7.490666
7, 35, 0.954345
7, 36, 8.849497
7, 38, -24.356707
7, 39, -9.289151
7, 40, -10.868687
7, 41, 21.711830
7, 42, -57.634617
7, 43, -38.251133
7, 44, -31.805095
7, 46, -16.007839
7, 47, 8.230186
7, 50, 23.526720
8, 1, 5.891288
8, 4, -24.614987
8, 5, -3.674974
8, 6, -1.314483
8, 8, -26.828436
8, 9, -33.697050
8, 10, -1.641686
8, 11, -25.560627
8, 12, 22.160790
8, 13, 8.405613
8, 14, 18.285758
8, 16, -9.604633
8, 19, -39.057472
8, 20, -20.081866
8, 21, -34.938232
8, 22, 37.127071
8, 23, -13.366044
8, 24, -2.000000
8, 25, -14.934773
8, 26, -30.865693
8, 27, 6.974586
8, 29, -26.470335
8, 30, -30.570585
8, 32, 2.761983
8, 33, -6.943144
8, 34, -3.111150
8, 35, -0.313612
8, 36, 0.620339
8, 37, -45.606021
8, 38, -23.668706
8, 39, -12.601982
8, 41, 11.527656
8, 42, -58.220874
8, 43, 99999.000000
8, 44, -39.872827
8, 45, -17.647408
8, 46, -10.970605
8, 47, 11.343762
8, 48, 0.145212
8, 49, 14.000000
8, 50, 20.492668
9, 3, -20.298470
9, 5, 1.068160
9, 6, 4.871064
9, 8, -18.474410
9, 9, 1.577330
9, 10, -4.985498
9, 11, -32.985215
9, 12, 23.221873
9, 13, 9.498336
9, 14, 15.549178
9, 15, 23.000000
9, 16, -21.931683
9, 17, 60.000000
9, 18, -12.000000
9, 19, -40.153069
9, 20, -15.857280
9, 21, -37.181986
9, 22, 17.373578
9, 23, -15.246501
9, 25, -18.848310
9, 26, -26.873346
9, 27, 9.439735
9, 29, -29.574217
9, 30, -25.480256
9, 31, -68.000000
9, 32, 4.016881
9, 33, 4.596130
9, 34, 2.431685
9, 35, -1.177999
9, 36, -8.021061
9, 37, -41.637780
9, 38, -22.455021
9, 39, -15.407714
9, 40, -16.923104
9, 41, 1.706454
9, 43, -3.879163
9, 44, -45.736130
9, 45, -8.725068
9, 46, -8.726822
9, 47, 14.027516
9, 48, -3.036518
9, 50, 17.621656
10, 1, 3.004963
10, 2, -39.950438
10, 3, -20.960619
10, 4, -19.622977
10, 5, 6.279574
10, 6, 11.919845
10, 7, -14.374093
10, 8, -10.588124
10, 9, -19.707193
10, 10, -8.554591
10, 13, 11.657294
10, 14, 11.765508
10, 16, -6.466241
10, 18, 99999.000000
10, 19, -40.484455
10, 20, -13.386628
10, 21, -42.395443
10, 22, 27.944580
10, 23, -16.340059
10, 24, -27.390893
10, 25, -24.411739
10, 26, -25.670677
10, 27, 13.253136
10, 29, -34.196449
10, 30, -21.999204
10, 32, 4.011468
10, 33, 14.708204
10, 34, 7.039433
10, 35, -0.353325
10, 36, -16.396698
10, 37, -40.442989
10, 38, -19.739132
10, 40, -7.831148
10, 41, -5.773007
10, 42, -51.898048
10, 43, 47.000000
10, 45, -0.112895
10, 46, -9.960445
10, 47, 18.240546
10, 48, -9.273664
10, 49, -8.187267
10, 50, 16.915843
11, 1, 7.423635
11, 2, -40.953514
11, 3, -22.303615
11, 4, -13.543959
11, 5, 10.772200
11, 6, 17.418358
11, 7, -13.043644
11, 8, -1.442610
11, 9, 6.745852
11, 10, -10.804168
11, 11, -34.027154
11, 12, -16.000000
11, 13, 14.064055
11, 14, 5.796561
11, 15, 0.000000
11, 16, -8.489041
11, 17, -10.191940
11, 20, -12.483072
11, 21, -42.017801
11, 22, 17.228505
11, 23, -17.081193
11, 24, -22.963235
11, 25, -29.359314
11, 26, -20.317946
11, 27, 18.628226
11, 28, 9.622637
11, 30, -20.165476
11, 32, 3.432762
11, 33, 24.799630
11, 34, 12.396465
11, 35, 2.360431
11, 36, -22.459068
11, 37, -40.229610
11, 38, -15.708797
11, 39, 8.269072
11, 40, 3.881329
11, 41, -10.265491
11, 42, -54.052972
11, 44, 12.438750
11, 45, 6.057183
11, 46, -12.423124
11, 47, 23.550872
11, 48, -16.677048
11, 49, -0.535556
11, 50, 17.052021
12, 1, 9.998311
12, 2, -43.182108
12, 3, -23.813751
12, 4, -7.591508
12, 6, 19.641851
12, 7, -12.775172
12, 8, 8.833094
12, 9, -0.145710
12, 10, -10.988165
12, 11, -31.186134
12, 13, 15.895063
12, 14, -2.574495
12, 15, 11.539604
12, 16, 1.843259
12, 17, -6.916154
12, 18, 5.540151
12, 19, -12.592634
12, 20, -11.502922
12, 21, -47.951691
12, 22, 21.216279
12, 23, -15.503470
12, 24, -18.753072
12, 25, -34.343936
12, 26, -15.128094
12, 27, 23.567776
12, 28, 9.377363
12, 29, 80.000000
12, 31, 20.437669
12, 32, 1.233328
12, 33, 32.995726
12, 37, -40.703607
12, 38, -11.190941
12, 39, 3.610572
12, 40, 17.062519
12, 41, -13.406068
12, 42, -56.526471
12, 43, 1.740990
12, 44, 7.057652
12, 45, 10.058818
12, 46, -15.796649
12, 47, 28.916458
12, 48, -23.436546
12, 49, 6.273839
13, 1, 11.315822
13, 2, -45.952669
13, 3, -26.206569
13, 4, -0.595509
13, 5, 48.663681
13, 6, 18.015820
13, 7, -15.051353
13, 8, 18.339765
13, 9, 14.888910
13, 11, -28.279933
13, 12, 99999.000000
13, 14, -10.972772
13, 15, 99999.000000
13, 16, 1.379446
13, 17, -1.996286
13, 18, 3.851649
13, 19, -7.041675
13, 20, -9.862670
13, 21, -44.288137
13, 22, 16.279912
13, 23, -12.025436
13, 24, -16.770296
13, 25, -37.530601
13, 26, -8.434183
13, 27, 27.412838
13, 30, -43.919930
13, 31, 16.562331
13, 32, -2.723108
13, 34, -7.022503
13, 35, -21.601157
13, 36, -44.294329
13, 37, -40.972895
13, 38, -5.342804
13, 39, 0.547719
13, 40, 29.517896
13, 41, -14.566126
13, 43, -3.933661
13, 44, -0.232580
13, 46, -20.672321
13, 48, -30.952292
13, 49, 11.625434
13, 50, 28.911597
14, 1, 11.911612
14, 2, -48.300159
14, 3, -29.370744
14, 4, 5.005011
14, 5, 45.593539
14, 6, 13.052160
14, 7, -17.686289
14, 8, 25.350143
14, 9, 13.052093
14, 10, 22.033226
14, 11, -26.000557
14, 12, 12.360369
14, 13, -19.618442
14, 14, -18.962416
14, 16, 99999.000000
14, 17, 2.919188
14, 18, 3.453655
14, 19, -0.523803
14, 20, -8.018311
14, 21, -53.070054
14, 22, 15.638130
14, 23, -7.217655
14, 24, -17.161436
14, 25, -38.169682
14, 26, -1.619616
14, 27, 31.181148
14, 28, -43.438050
14, 30, -51.600637
14, 32, -6.920452
14, 33, -38.447190
14, 34, 1.022503
14, 35, -15.647450
14, 36, -43.705671
14, 37, -42.633200
14, 38, 0.624689
14, 39, -1.159921
14, 40, 39.835220
14, 41, -16.153391
14, 42, 99999.000000
14, 43, -11.532206
14, 44, -8.369264
14, 46, -24.752207
14, 47, -15.670542
14, 48, -37.150020
14, 50, 23.232034
15, 1, 14.346329
15, 2, -50.655875
15, 3, -31.079764
15, 4, 10.482855
15, 5, 44.017201
15, 6, 5.829427
15, 7, -20.361124
15, 9, 19.479867
15, 10, 20.540791
15, 11, -25.221817
15, 12, -15.220874
15, 13, -15.192881
15, 14, -28.461048
15, 15, 99999.000000
15, 16, -0.694812
15, 18, 4.361325
15, 19, 4.321180
15, 20, -6.456984
15, 21, 99999.000000
15, 22, 9.978537
15, 23, -1.895399
15, 24, -18.836831
15, 25, -36.218496
15, 26, 3.814406
15, 27, 33.701985
15, 28, -40.291009
15, 29, 45.007877
15, 30, -40.758867
15, 31, -84.000000
15, 32, -10.499606
15, 33, -41.445900
15, 35, -5.194679
15, 37, -44.137148
15, 38, 5.725152
15, 39, -2.602009
15, 40, 47.243874
15, 41, -16.826979
15, 42, 40.000000
15, 43, -20.257249
15, 45, -6.293846
15, 46, -26.549267
15, 47, -14.896660
15, 49, 13.076414
15, 50, 16.661255
16, 1, 17.393738
16, 2, -51.546347
16, 3, -31.529137
16, 4, 16.219550
16, 5, 42.341083
16, 6, -0.644579
16, 7, -21.490759
16, 8, -18.977902
16, 10, 19.875741
16, 11, -24.910083
16, 12, 9.333735
16, 13, -13.116291
16, 14, -36.919794
16, 15, -43.075497
16, 16, -8.454261
16, 17, 55.584834
16, 20, -4.820327
16, 21, 25.861077
16, 22, 3.543409
16, 23, 2.520451
16, 24, -20.544319
16, 25, -31.942273
16, 26, 7.663388
16, 27, 34.808798
16, 28, -40.015646
16, 29, 39.700554
16, 30, -53.219952
16, 32, -14.885748
16, 33, -43.596916
16, 34, 2.000000
16, 35, 7.812791
16, 36, 66.000000
16, 38, 11.258702
16, 40, 52.535733
16, 41, -17.823027
16, 43, -27.791101
16, 44, 27.269144
16, 45, -8.340041
16, 46, -26.144007
16, 47, -15.822742
16, 48, -11.583852
16, 49, 9.606035
16, 50, 9.698506
17, 1, 22.669105
17, 2, -50.825822
17, 4, 20.235017
17, 5, 39.526316
17, 6, -5.340681
17, 7, -20.300076
17, 8, -20.652300
17, 9, -32.580499
17, 10, 17.990075
17, 11, -23.763401
17, 12, -9.726724
17, 13, -12.165494
17, 14, -43.859630
17, 15, 0.023935
17, 16, -1.087431
17, 17, 51.415166
17, 18, 26.470063
17, 19, 86.000000
17, 20, -1.318568
17, 21, 12.037309
17, 22, -5.392089
17, 23, 4.933061
17, 25, -28.310165
17, 26, 11.025616
17, 27, 34.101088
17, 28, -43.131299
17, 29, 36.297588
17, 30, -38.558126
17, 31, 99999.000000
17, 32, -20.711180
17, 33, -44.796524
17, 35, 20.608246
17, 38, 14.128699
17, 39, 29.597187
17, 42, -13.688865
17, 43, -32.328782
17, 44, 26.261315
17, 45, -8.580753
17, 46, -24.199740
17, 47, -18.958128
17, 48, -6.477288
17, 49, 6.415115
17, 50, 3.035468
18, 1, 29.799319
18, 2, -48.746089
18, 3, -73.000000
18, 4, 22.689105
18, 5, 34.383843
18, 6, -9.242616
18, 7, -18.177861
18, 8, -23.720864
18, 9, -26.263399
18, 10, 15.453723
18, 12, 5.580348
18, 13, -13.576818
18, 14, -48.321411
18, 15, -39.471250
18, 16, -6.862781
18, 18, 19.368769
18, 20, 4.235782
18, 21, 14.642181
18, 22, -14.104416
18, 24, -31.056705
18, 25, -23.804213
18, 26, 14.762976
18, 27, 32.264800
18, 29, 33.661025
18, 30, 99999.000000
18, 32, -25.129390
18, 34, 23.000000
18, 35, 30.955225
18, 36, 21.867912
18, 37, 73.000000
18, 38, 14.303034
18, 39, 25.697024
18, 40, -3.977637
18, 41, 45.333888
18, 42, -9.554817
18, 44, 23.527015
18, 45, -6.948342
18, 46, -22.325216
18, 47, -21.640564
18, 48, -0.652702
18, 49, 3.022614
18, 50, -3.296879
19, 1, 36.166790
19, 2, -45.558042
19, 4, 24.214226
19, 5, 27.041276
19, 6, -13.286922
19, 7, -15.109656
19, 8, -27.996727
19, 9, -20.172385
19, 10, 12.052745
19, 11, -5.390250
19, 13, -17.088794
19, 14, -50.286431
19, 15, -14.135324
19, 16, -5.577100
19, 17, -58.048202
19, 18, 13.932820
19, 19, -14.309309
19, 20, 9.568599
19, 21, 4.031160
19, 22, -21.558135
19, 23, -7.201564
19, 24, -36.943295
19, 25, -18.321554
19, 26, 19.539846
19, 27, 30.219739
19, 28, 6.023695
19, 29, 32.354503
19, 30, -56.494374
19, 31, -90.000000
19, 33, 18.949717
19, 35, 37.702189
19, 36, 21.132088
19, 38, 11.829066
19, 39, 20.064650
19, 40, -1.858231
19, 41, 41.403067
19, 42, -7.557611
19, 45, -3.058263
19, 46, -19.216196
19, 48, 5.660854
19, 49, 0.549716
19, 50, -9.872302
20, 1, 41.068893
20, 3, 62.000000
20, 4, 25.844279
20, 5, 17.358260
20, 6, -18.904766
20, 8, -33.362470
20, 10, 10.330399
20, 11, -8.783100
20, 15, -35.772233
20, 16, -10.939982
20, 17, -53.805873
20, 18, 10.017791
20, 19, -7.209461
20, 20, 13.774697
20, 21, 5.292442
20, 23, -6.393995
20, 25, -12.765888
20, 27, 28.673065
20, 28, 0.271579
20, 29, 33.378199
20, 30, -78.000000
20, 33, 16.925879
20, 34, 17.854292
20, 37, -35.611386
20, 39, 14.816247
20, 40, 1.056864
20, 41, 39.598670
20, 42, -7.509622
20, 43, 63.000000
20, 44, 12.288611
20, 46, -14.864654
20, 47, 40.273910
20, 49, -2.039681
20, 50, -16.181077
21, 2, 66.000000
21, 4, 28.915334
21, 5, 6.625598
21, 6, -24.888885
21, 7, -28.764800
21, 8, -39.405093
21, 11, -11.014610
21, 12, -43.557521
21, 13, -60.011251
21, 14, 12.167110
21, 15, -21.883191
21, 16, -14.266870
21, 17, -47.137055
21, 18, 6.952582
21, 19, 2.928984
21, 20, 16.862094
21, 21, 1.894606
21, 23, -5.883371
21, 25, -7.349679
21, 28, -7.027732
21, 31, 1.798671
21, 32, -13.000000
21, 33, 16.662078
21, 34, 21.663647
21, 35, -4.049103
21, 36, -38.380572
21, 37, -39.388614
21, 38, 10.844212
21, 39, 9.562907
21, 40, 2.386181
21, 41, 40.381949
21, 42, -9.747137
21, 43, 75.588659
21, 44, 5.077530
21, 45, 14.665850
21, 46, -9.768060
21, 47, 34.270727
21, 48, -39.553909
21, 49, -4.623617
21, 50, -21.462566
22, 1, -96.000000
22, 2, 99999.000000
22, 3, 32.967080
22, 4, 32.069928
22, 5, -6.080239
22, 6, -30.306825
22, 7, -23.741901
22, 10, -18.939135
22, 11, -11.323159
22, 12, -39.315679
22, 13, -55.988749
22, 14, 13.866561
22, 15, -33.707557
22, 16, -20.260490
22, 17, -38.556560
22, 18, 4.118558
22, 19, 13.414252
22, 20, 19.055828
22, 21, 6.278054
22, 22, 80.622637
22, 23, -6.598658
22, 24, -58.543708
22, 25, -3.036627
22, 26, 47.381720
22, 28, -13.390900
22, 31, -1.453434
22, 33, 18.029001
22, 34, 4.190017
22, 35, 0.345467
22, 36, -34.925861
22, 38, 9.511983
22, 39, 6.829147
22, 40, 2.755636
22, 42, -12.988508
22, 43, 99999.000000
22, 44, -2.062139
22, 45, 9.815006
22, 46, -2.618316
22, 47, 29.499905
22, 48, -35.423772
22, 49, -6.809599
22, 50, -24.455709
23, 3, 29.856881
23, 4, 35.495226
23, 5, -18.922365
23, 6, -36.293365
23, 7, -18.327900
23, 8, -0.640185
23, 9, 5.700564
23, 10, -13.911951
23, 11, -11.399274
23, 12, -34.302343
23, 14, 17.004221
23, 16, -26.303192
23, 17, -28.984392
23, 18, 3.337011
23, 19, 22.815470
23, 20, 21.325101
23, 21, 7.839630
23, 22, 80.377363
23, 23, -6.478106
23, 24, -56.506525
23, 25, 0.077495
23, 26, 45.367675
23, 28, -20.104527
23, 30, 24.251993
23, 31, -5.896663
23, 32, 91.000000
23, 33, 20.883114
23, 34, 10.051543
23, 35, 6.032620
23, 36, -31.953824
23, 37, 76.000000
23, 38, 9.455071
23, 39, 5.880878
23, 40, 2.779718
23, 41, 17.312455
23, 42, -16.343209
23, 43, -7.069081
23, 44, -7.163366
23, 45, 5.185766
23, 46, 5.741732
23, 47, 24.950420
23, 48, -33.842238
23, 49, -7.625100
24, 1, 16.570645
24, 2, -73.000000
24, 3, 27.077324
24, 4, 39.594309
24, 5, -29.155165
24, 6, -41.382722
24, 7, -15.228232
24, 8, 2.892682
24, 9, 1.195973
24, 10, -7.846329
24, 11, -11.322242
24, 12, -29.100057
24, 13, 33.000000
24, 14, 22.005819
24, 15, 0.337798
24, 16, -33.269509
24, 17, -19.092345
24, 19, 28.658367
24, 20, 24.015197
24, 21, 11.319264
24, 24, -55.910424
24, 26, 42.654820
24, 27, -36.599643
24, 28, -25.557090
24, 29, -49.275383
24, 30, 20.697785
24, 31, -11.747856
24, 33, 23.178818
24, 34, -11.164623
24, 35, 10.732680
24, 36, -27.842558
24, 37, 99999.000000
24, 38, 10.482665
24, 39, 3.892027
24, 40, 3.981750
24, 41, 23.968745
24, 42, -19.071539
24, 43, 21.948774
24, 44, -10.290191
24, 45, 2.430077
24, 46, 12.992608
24, 47, 20.237606
24, 49, -8.610885
24, 50, -62.000000
25, 1, 15.321234
25, 3, 26.676654
25, 4, 42.698732
25, 5, -35.313566
25, 7, -14.936965
25, 8, 5.410692
25, 9, -3.467395
25, 10, -3.041012
25, 11, -10.750039
25, 12, -25.317982
25, 15, -1.410547
25, 16, -39.724929
25, 17, -7.854064
25, 18, 14.000000
25, 20, 25.104111
25, 21, 12.237476
25, 22, -6.438755
25, 24, -55.752956
25, 25, 25.000000
25, 27, -29.845387
25, 28, -28.784630
25, 29, -49.948233
25, 30, 17.305134
25, 31, -19.259230
25, 33, 25.081954
25, 34, 99999.000000
25, 35, 16.136245
25, 36, -22.752942
25, 38, 12.073010
25, 39, -0.827573
25, 40, 6.179761
25, 41, 30.161245
25, 42, -20.108934
25, 43, 0.103303
25, 44, -12.075368
25, 46, 18.135195
25, 47, 16.372837
25, 48, -14.295778
26, 1, 14.287831
26, 2, -52.030153
26, 3, 29.618841
26, 4, 45.000768
26, 6, 15.968197
26, 8, 6.301842
26, 9, -9.468999
26, 10, -0.159388
26, 11, -8.530493
26, 12, -22.643395
26, 13, 53.332133
26, 14, -48.972846
26, 15, -2.415683
26, 17, 3.578667
26, 19, -41.066875
26, 20, 24.777498
26, 21, 12.203479
26, 22, -2.989285
26, 23, -18.037588
26, 24, -57.663648
26, 26, -21.645855
26, 27, -22.818676
26, 28, -30.045470
26, 29, -51.726554
26, 30, 14.167642
26, 31, -25.745503
26, 32, -44.000000
26, 33, 26.942079
26, 34, 33.864214
26, 35, 19.656366
26, 36, -17.408393
26, 39, -5.585906
26, 41, 35.610544
26, 42, -20.305134
26, 43, 20.411611
26, 44, -11.860938
26, 47, 11.930966
26, 48, -10.534543
26, 49, 38.000000
26, 50, -44.285475
27, 1, 14.040450
27, 2, -49.969847
27, 3, 34.475912
27, 4, 45.652560
27, 5, -21.220263
27, 6, 14.991184
27, 7, 14.352307
27, 9, -15.912410
27, 10, 2.999701
27, 12, -19.658715
27, 13, 56.667867
27, 14, -50.213553
27, 15, -4.551176
27, 16, -26.407912
27, 17, 13.907271
27, 18, 1.109512
27, 19, -35.360912
27, 20, 22.873490
27, 21, 11.593125
27, 22, -1.897260
27, 23, -14.326118
27, 24, -59.748038
27, 25, -56.000000
27, 26, -21.944983
27, 27, -18.422503
27, 28, -30.548637
27, 29, -53.629177
27, 30, 11.805161
27, 31, -31.266930
27, 32, -50.294329
27, 33, 31.289958
27, 34, 6.406255
27, 35, 21.177370
27, 36, -11.299581
27, 37, 6.173717
27, 38, -7.801136
27, 39, -13.678187
27, 40, -26.773579
27, 42, -20.638900
27, 43, 11.516143
27, 44, -9.610463
27, 45, -19.726892
27, 46, 8.015923
27, 47, 6.229691
27, 48, -8.351239
27, 50, -39.109980
28, 3, 39.567126
28, 5, -16.138436
28, 6, 12.584301
28, 7, 19.106151
28, 8, -19.385013
28, 9, -21.893684
28, 12, -17.346619
28, 14, -54.290608
28, 16, -21.346878
28, 17, 22.913754
28, 18, -3.422939
28, 19, -29.307916
28, 20, 20.611130
28, 21, 12.289838
28, 22, -2.987779
28, 23, -8.786849
28, 24, -62.257960
28, 26, -23.122417
28, 27, -17.781591
28, 28, -29.638535
28, 29, -56.981749
28, 30, 9.574274
28, 31, -37.077682
28, 32, 99999.000000
28, 33, 37.027319
28, 34, 28.808338
28, 35, 22.593492
28, 36, -5.849925
28, 37, 13.826283
28, 38, -9.246907
28, 39, -18.934089
28, 40, -21.061694
28, 41, -30.779041
28, 42, -19.917384
28, 43, 24.960516
28, 44, -7.966680
28, 45, -21.229824
28, 46, 3.002084
28, 47, 0.608034
28, 48, -8.142929
28, 49, -81.294329
28, 50, -33.616128
29, 1, 21.665796
29, 5, -7.915039
29, 6, 9.042768
29, 7, 24.692402
29, 8, -25.614987
29, 9, -28.543766
29, 10, 18.089638
29, 11, 69.335470
29, 13, 99999.000000
29, 15, 99999.000000
29, 16, -14.508510
29, 18, -9.722968
29, 19, -23.428258
29, 20, 20.265094
29, 21, 15.069464
29, 22, -7.271840
29, 23, -2.347713
29, 24, -64.267403
29, 25, 10.107396
29, 26, -23.781306
29, 27, -20.665500
29, 30, 9.084094
29, 31, -40.722179
29, 32, -3.888097
29, 34, 12.155038
29, 35, 23.810136
29, 36, -0.604801
29, 38, -12.889032
29, 39, -30.726860
29, 40, -17.375144
29, 41, -28.898016
29, 42, -18.084989
29, 43, 25.355932
29, 44, -7.443964
29, 45, -24.016682
29, 46, -0.059198
29, 48, -8.136611
29, 49, -80.705671
29, 50, -30.114178
30, 1, 14.088922
30, 2, -39.556769
30, 3, 23.344340
30, 4, 16.569955
30, 5, -7.743150
30, 6, 4.611055
30, 9, -34.746441
30, 10, 23.496024
30, 11, 66.973181
30, 12, 51.520300
30, 13, -30.455128
30, 14, 28.538009
30, 15, 13.015077
30, 16, -8.674151
30, 17, -9.730154
30, 19, -17.609685
30, 20, 22.573010
30, 22, -13.657952
30, 23, 3.753885
30, 25, 11.585512
30, 26, -23.580654
30, 28, -8.373883
30, 29, -11.925449
30, 30, 9.317289
30, 32, -8.981098
30, 33, -62.000000
30, 34, 28.246185
30, 35, 24.117473
30, 36, 4.600133
30, 37, 19.777745
30, 38, -17.524959
30, 39, -33.061926
30, 40, -17.242750
30, 41, -30.089701
30, 42, -16.481733
30, 43, 36.248695
30, 45, -26.518213
30, 47, 24.588659
30, 48, -10.124449
30, 50, -27.226167
31, 1, 3.870774
31, 2, -39.267908
31, 3, 18.903971
31, 4, 10.943751
31, 5, -0.373820
31, 6, 2.560315
31, 7, -49.138080
31, 8, 18.995957
31, 9, -40.106626
31, 10, 29.460389
31, 11, 62.689268
31, 12, 49.563353
31, 13, 5.407020
31, 14, 25.915113
31, 15, 2.000000
31, 16, -6.146419
31, 17, -3.829347
31, 18, 63.000000
31, 19, -13.072421
31, 20, 25.687060
31, 21, 12.160277
31, 22, -20.010792
31, 23, 10.447244
31, 24, -51.993516
31, 25, 13.998773
31, 26, -24.940975
31, 28, -8.920297
31, 29, -7.075126
31, 30, 8.394908
31, 31, -69.000000
31, 32, -1.820078
31, 34, 19.937598
31, 35, 22.952017
31, 36, 9.739767
31, 37, 11.815485
31, 38, -22.579229
31, 39, -45.133269
31, 42, -12.911327
31, 43, 39.975906
31, 44, -85.000000
31, 45, -29.871425
31, 46, -33.101935
31, 47, 23.411341
31, 48, -12.056278
31, 50, -24.002168
32, 1, -5.347035
32, 2, -38.249128
32, 3, 15.172522
32, 4, 7.255873
32, 5, -7.177328
32, 6, 2.469180
32, 7, -44.841502
32, 8, 18.045035
32, 9, -46.119976
32, 10, 34.570721
32, 11, 56.047770
32, 12, 46.951178
32, 13, -13.018343
32, 14, 23.131086
32, 16, -6.510065
32, 17, 3.289730
32, 19, -9.579986
32, 20, 28.829224
32, 21, 3.266526
32, 22, -25.257483
32, 23, 17.612327
32, 24, -53.681815
32, 25, 18.431773
32, 26, -25.999617
32, 28, -7.700131
32, 29, -3.295884
32, 30, 7.202503
32, 31, 99999.000000
32, 33, -49.000000
32, 35, 19.985709
32, 36, 15.739854
32, 37, 4.226966
32, 38, -27.689100
32, 39, -37.727694
32, 40, -9.573741
32, 42, -8.388856
32, 46, -35.898065
32, 48, -14.727532
32, 49, 19.910635
32, 50, -20.913180
33, 1, -13.405966
33, 2, -37.258310
33, 3, 11.125105
33, 4, 6.884928
33, 5, 0.481425
33, 6, 4.930916
33, 7, -39.979710
33, 8, 16.148476
33, 11, 47.064191
33, 12, 44.764994
33, 13, 12.711609
33, 14, 22.820722
33, 15, 55.000000
33, 16, -10.322189
33, 17, 10.587869
33, 18, -22.618812
33, 19, -6.645587
33, 20, 33.784811
33, 21, -4.843675
33, 22, -27.749664
33, 23, 22.746283
33, 24, -55.543949
33, 25, 24.786734
33, 26, -28.621545
33, 27, -26.652430
33, 28, -5.548078
33, 29, -2.012145
33, 31, -12.513276
33, 32, -5.704737
33, 34, 11.000000
33, 35, 16.230092
33, 37, -2.586331
33, 38, -32.376698
33, 39, -51.472883
33, 40, -5.017144
33, 42, -3.225087
33, 45, 19.240221
33, 47, -67.203427
33, 48, -18.953035
33, 49, 16.514760
33, 50, -18.561817
34, 1, -19.672493
34, 2, -34.672771
34, 3, 8.815986
34, 4, 9.089763
34, 5, 99999.000000
34, 6, 8.319392
34, 8, 13.972370
34, 9, -55.996589
34, 10, -6.965289
34, 11, 36.300568
34, 12, 41.029387
34, 13, 4.899195
34, 14, 25.219975
34, 16, -17.395811
34, 17, 18.553963
34, 18, -19.381188
34, 19, -5.319075
34, 20, 39.438831
34, 21, -10.738273
34, 23, 26.219757
34, 24, -56.859004
34, 26, -32.987535
34, 27, -23.262346
34, 28, -2.889373
34, 29, -2.357201
34, 30, 4.000000
34, 31, -55.000000
34, 32, -4.302900
34, 33, 23.094285
34, 35, 13.930923
34, 36, -7.213262
34, 37, -7.256240
34, 39, 99999.000000
34, 40, -2.828662
34, 41, 16.000000
34, 42, 0.945764
34, 43, -21.010103
34, 44, 39.465387
34, 45, 15.377276
34, 46, 85.000000
34, 47, -95.852835
34, 48, -23.119698
34, 49, 11.281463
34, 50, -16.928403
35, 1, -22.388161
35, 2, -30.261014
35, 3, 7.334688
35, 4, 13.666323
35, 5, 36.000000
35, 7, -29.480740
35, 8, 12.242724
35, 9, -54.580603
35, 10, -8.274468
35, 11, 25.630707
35, 12, 35.533330
35, 13, 23.540944
35, 14, 30.623629
35, 15, -90.000000
35, 17, 26.352233
35, 19, -4.614796
35, 21, -13.952632
35, 22, -43.823603
35, 23, 26.804532
35, 24, -57.603023
35, 25, -14.739649
35, 27, -18.122676
35, 28, -2.356581
35, 29, -2.746560
35, 32, -4.234665
35, 33, 19.905715
35, 34, -15.729267
35, 35, 12.487656
35, 36, 0.255454
35, 38, 15.848140
35, 39, -13.570603
35, 40, -3.256243
35, 41, 25.441494
35, 43, -22.001667
35, 44, 39.860037
35, 45, 12.827601
35, 47, -59.128306
35, 48, -25.470904
35, 49, 5.809292
35, 50, -17.222931
36, 1, -21.082577
36, 2, -24.914185
36, 3, 5.390656
36, 4, 19.496688
36, 6, -93.000000
36, 7, -40.792529
36, 8, 9.586556
36, 9, -54.716387
36, 10, -13.333690
36, 11, 14.166988
36, 12, 29.083592
36, 15, 99999.000000
36, 18, -12.252701
36, 19, -5.837558
36, 20, -15.242734
36, 21, -14.802765
36, 22, -40.658938
36, 23, 25.220721
36, 25, -16.260351
36, 26, -56.095789
36, 27, -11.923123
36, 28, -3.883729
36, 29, -4.007742
36, 30, -10.735824
36, 31, 11.027222
36, 32, -4.768128
36, 34, -15.198759
36, 35, 11.598300
36, 36, 8.814473
36, 37, 0.000000
36, 38, 8.886780
36, 39, 34.103450
36, 40, -5.727396
36, 41, 99999.000000
36, 42, 7.820940
36, 43, -24.555278
36, 44, 40.548671
36, 45, 10.191882
36, 46, -4.185442
36, 47, 99999.000000
36, 49, -0.828481
36, 50, -16.498942
37, 1, -15.843226
37, 2, -19.040375
37, 4, 24.255903
37, 5, -13.000000
37, 7, -17.663489
37, 8, 7.054041
37, 10, -19.693818
37, 11, 3.086180
37, 12, 22.215064
37, 13, -0.773070
37, 14, -28.022200
37, 15, 35.696657
37, 16, -43.000000
37, 17, -26.495437
37, 18, -4.747299
37, 19, -8.436870
37, 20, -18.881267
37, 21, -15.636210
37, 22, -37.211977
37, 23, 22.024440
37, 24, 37.697937
37, 26, -55.230378
37, 27, -7.597901
37, 28, -6.057489
37, 29, -6.370027
37, 30, -9.264176
37, 31, 14.737226
37, 32, -5.524894
37, 33, 2.517101
37, 34, -16.935089
37, 35, 12.120903
37, 36, 17.455615
37, 38, 3.060538
37, 39, -6.728604
37, 40, -7.719341
37, 41, 99999.000000
37, 42, 6.533532
37, 44, 41.560697
37, 45, 9.422043
37, 46, 48.588659
37, 47, -80.000000
37, 48, 5.664266
37, 49, -7.145936
37, 50, -15.036389
38, 1, -7.740643
38, 2, -12.846971
38, 4, 27.677747
38, 6, 4.393821
38, 7, 99999.000000
38, 8, 3.059273
38, 10, -27.341512
38, 12, 17.563985
38, 13, 4.809637
38, 14, -25.280155
38, 15, 10.601257
38, 17, -24.428556
38, 19, -9.781836
38, 20, -25.003755
38, 21, -15.065755
38, 22, -33.443293
38, 23, 16.472905
38, 24, 38.196349
38, 25, -31.081923
38, 26, -55.075312
38, 28, -7.261304
38, 29, -8.515943
38, 31, 18.806912
38, 32, -5.981905
38, 33, 9.482899
38, 34, -20.909443
38, 35, 12.422831
38, 36, 26.779828
38, 37, -10.439250
38, 38, -0.530222
38, 39, 18.138703
38, 40, -7.971285
38, 42, 3.262297
38, 43, 62.000000
38, 44, 42.076322
38, 45, 9.260509
38, 46, -15.608784
38, 48, 12.335734
38, 49, -11.536769
39, 1, 1.418318
39, 2, -8.372032
39, 3, 73.785449
39, 4, 29.761789
39, 5, 26.251285
39, 6, 2.421689
39, 7, 24.570334
39, 8, -1.175731
39, 9, 12.771528
39, 10, -35.590984
39, 12, 15.972747
39, 13, 12.488958
39, 14, -24.009746
39, 15, 28.259742
39, 16, 5.614143
39, 17, -20.896164
39, 18, 84.000000
39, 19, -9.724130
39, 20, -31.689392
39, 21, -14.640313
39, 22, -28.757793
39, 23, 9.256188
39, 24, 41.327084
39, 25, -24.298155
39, 26, -57.853650
39, 27, -24.485993
39, 28, -7.642446
39, 29, -12.488028
39, 30, 46.124288
39, 32, -6.138956
39, 34, -26.070262
39, 35, 12.673472
39, 36, 35.471911
39, 37, -9.630926
39, 38, -0.503663
39, 39, -8.607051
39, 41, -48.314789
39, 42, -0.526856
39, 44, 43.041630
39, 45, 12.165143
39, 46, 99999.000000
39, 49, -13.970148
40, 1, 8.227131
40, 2, -6.461412
40, 3, 71.895932
40, 4, 30.219874
40, 5, 24.241334
40, 6, 1.045600
40, 7, 7.252990
40, 8, -4.573475
40, 9, 13.846160
40, 10, -42.336215
40, 11, -87.000000
40, 13, 19.087073
40, 14, -23.922797
40, 15, 8.472922
40, 16, 3.481187
40, 17, -18.488237
40, 19, -8.228639
40, 20, -36.644393
40, 21, -15.710600
40, 22, -25.196483
40, 23, 3.290265
40, 24, 46.425730
40, 25, -28.029133
40, 27, -21.430796
40, 28, -8.181240
40, 29, -16.766232
40, 30, 41.059212
40, 31, -70.095153
40, 32, -5.325683
40, 33, -95.000000
40, 34, -32.131863
40, 35, 12.505724
40, 36, 43.342685
40, 37, -7.258913
40, 38, 2.222887
40, 39, 3.142970
40, 40, -28.799889
40, 41, -44.985381
40, 42, -2.063127
40, 43, -10.660441
40, 45, 17.459413
40, 46, -23.067957
40, 47, -27.992223
40, 48, -3.528527
40, 50, 25.449145
41, 1, 12.046728
41, 2, -5.503940
41, 3, 71.126567
41, 4, 30.328365
41, 5, 24.298208
41, 7, 10.145708
41, 8, -6.207547
41, 9, 15.798317
41, 11, 99999.000000
41, 12, -16.965445
41, 13, 24.192545
41, 14, -23.395371
41, 15, 20.185227
41, 16, 3.540190
41, 17, -16.666105
41, 18, 53.105928
41, 19, -5.268870
41, 20, -39.414911
41, 22, -21.951306
41, 23, -2.019874
41, 25, 99999.000000
41, 26, 85.000000
41, 27, -17.651636
41, 28, -9.393200
41, 29, -20.879895
41, 30, 36.598604
41, 31, -68.694128
41, 32, -4.029338
41, 34, -38.348567
41, 35, 13.274735
41, 36, 48.606411
41, 37, -4.194874
41, 38, 5.681621
41, 39, -7.222491
41, 40, -22.704121
41, 41, -42.884822
41, 42, -0.294703
41, 43, -14.339559
41, 44, 12.710477
41, 45, 22.676486
41, 46, -43.000000
41, 47, -26.424189
41, 48, -2.466831
41, 49, 37.359493
41, 50, 30.550855
42, 2, -7.341173
42, 5, 24.963893
42, 6, -2.909251
42, 7, -4.528739
42, 8, -7.446883
42, 9, 16.149302
42, 11, 19.135913
42, 12, -11.741110
42, 13, 28.099519
42, 14, -25.801730
42, 15, 1.469453
42, 16, 5.273309
42, 17, -14.465920
42, 18, 48.019390
42, 19, -2.373481
42, 21, 99999.000000
42, 22, -19.075983
42, 23, -3.917871
42, 24, 7.000000
42, 25, -32.656228
42, 26, 49.332133
42, 27, -13.870628
42, 28, -10.608423
42, 29, -24.268011
42, 30, 31.371269
42, 31, -66.694121
42, 32, -1.788047
42, 33, -21.933371
42, 35, 14.458073
42, 37, -1.743235
42, 38, 9.371624
42, 39, 2.119171
42, 40, -19.256810
42, 41, -41.286195
42, 42, 4.808660
42, 44, 12.935691
42, 45, 27.860846
42, 47, -27.795269
42, 48, -0.271838
42, 49, 30.355728
43, 1, 21.518922
43, 2, -11.507211
43, 3, 42.181143
43, 4, 2.170532
43, 5, 24.801278
43, 6, -4.925955
43, 7, -6.462898
43, 8, -10.134020
43, 9, 14.951339
43, 10, 0.717560
43, 11, 59.000000
43, 12, -4.954769
43, 13, 30.433092
43, 14, -20.667414
43, 15, 13.315750
43, 16, 8.425409
43, 17, -12.626596
43, 18, 47.642104
43, 20, 85.362286
43, 21, 35.175685
43, 22, -16.426412
43, 23, -2.267153
43, 25, -35.106239
43, 26, 99999.000000
43, 27, -8.103612
43, 28, -12.385084
43, 30, 27.058195
43, 31, -64.245174
43, 32, 0.671429
43, 33, -45.041643
43, 34, -55.962196
43, 35, 16.293829
43, 36, -44.776999
43, 37, 0.882276
43, 38, 13.395410
43, 39, 1.241788
43, 40, -19.254049
43, 42, 11.828980
43, 43, -32.382434
43, 44, 14.770351
43, 45, 32.964437
43, 46, -59.000000
43, 48, 2.042397
43, 49, 22.284289
43, 50, -81.000000
44, 1, 17.523679
44, 2, -15.235942
44, 3, 42.818857
44, 4, 1.570393
44, 6, -7.172350
44, 7, -13.501015
44, 8, -12.477801
44, 9, 13.732495
44, 10, 3.475262
44, 12, 3.415731
44, 13, 32.578247
44, 14, -24.233124
44, 15, -11.988916
44, 17, -13.837637
44, 18, 46.421937
44, 19, -88.000000
44, 20, 86.637714
44, 21, 17.560478
44, 22, -14.579921
44, 23, 1.672398
44, 24, 2.354636
44, 25, -32.395857
44, 26, 56.241794
44, 27, -0.416604
44, 28, -13.106117
44, 29, 5.830108
44, 30, 22.540791
44, 31, -61.770861
44, 32, 3.324879
44, 33, -3.167974
44, 34, -52.037804
44, 35, 17.589953
44, 36, -40.593789
44, 37, 3.311058
44, 38, 16.107387
44, 40, -22.027565
44, 41, 4.970277
44, 42, 19.401397
44, 43, -30.239402
44, 44, 15.329996
44, 45, 36.257670
44, 47, -16.923227
44, 49, 14.993527
44, 50, 99999.000000
45, 1, 12.442544
45, 2, -18.078611
45, 4, 3.569413
45, 5, 28.022727
45, 6, -10.676146
45, 7, -10.857120
45, 8, -15.131263
45, 9, 12.311242
45, 10, 8.788083
45, 11, -20.835477
45, 12, 9.686169
45, 13, 33.422965
45, 14, -12.663798
45, 15, 6.586167
45, 16, -41.981098
45, 17, -18.109128
45, 18, 49.600124
45, 21, 19.135568
45, 22, -12.864388
45, 23, 7.047930
45, 24, -2.354636
45, 25, -30.753723
45, 26, 52.150990
45, 27, 8.880616
45, 28, -12.725196
45, 29, 1.169892
45, 30, 17.854990
45, 31, -60.450789
45, 32, 4.992107
45, 33, -38.891835
45, 35, 20.077031
45, 36, -35.579982
45, 37, 5.092368
45, 38, 18.591589
45, 40, -25.563978
45, 41, 3.005142
45, 42, 28.056431
45, 43, -24.728377
45, 44, 15.290170
45, 46, -29.927161
45, 47, -10.085266
45, 48, 60.177318
45, 49, 10.312261
45, 50, 0.879388
46, 1, 6.549590
46, 2, -19.777449
46, 4, 9.089011
46, 5, 32.977273
46, 6, -13.766645
46, 7, -8.298536
46, 8, -17.848965
46, 9, 10.462550
46, 10, 13.545053
46, 11, -14.599035
46, 13, 34.265210
46, 14, -22.655052
46, 15, 99999.000000
46, 16, -40.018902
46, 17, -23.373690
46, 18, 99999.000000
46, 19, 1.649190
46, 20, 61.568596
46, 21, 3.137659
46, 22, -11.208720
46, 23, 13.333752
46, 25, -24.139971
46, 26, 59.688492
46, 27, 18.882288
46, 28, -11.228524
46, 30, 14.730994
46, 31, -60.828184
46, 32, 4.152024
46, 33, 17.236479
46, 34, -46.885924
46, 35, 22.451849
46, 36, -31.009623
46, 37, 5.820668
46, 38, 19.873953
46, 40, -30.192711
46, 41, 2.206476
46, 42, 35.593174
46, 43, -16.359027
46, 44, 13.997788
46, 45, -73.000000
46, 46, -30.302583
46, 47, -2.202551
46, 48, 57.822682
46, 50, 89.000000
47, 1, -0.534455
47, 2, -21.305471
47, 3, 15.476708
47, 4, 17.456209
47, 6, -18.849691
47, 7, -0.746451
47, 8, -18.437548
47, 9, 10.851132
47, 10, 17.699088
47, 11, -9.270093
47, 12, 52.000000
47, 13, 33.921848
47, 14, -7.842908
47, 15, 28.007426
47, 17, -28.155064
47, 18, -54.000000
47, 19, 9.350810
47, 20, 62.527632
47, 21, -1.545727
47, 22, -9.455858
47, 23, 17.699241
47, 24, -33.000000
47, 25, -18.202612
47, 27, 29.111150
47, 28, -9.825808
47, 29, 99999.000000
47, 31, -62.943174
47, 32, 1.240332
47, 33, 99999.000000
47, 34, -45.776235
47, 37, 6.371305
47, 38, 19.748258
47, 39, 4.677463
47, 40, -35.724376
47, 41, 3.809474
47, 42, 41.494772
47, 43, -6.615661
47, 44, 11.856965
47, 46, -30.393271
47, 47, 3.746291
47, 49, 25.848073
48, 1, -5.409155
48, 3, 12.292653
48, 4, 25.075761
48, 5, -28.605548
48, 6, -24.473504
48, 7, 5.331746
48, 8, -16.384782
48, 9, 13.176409
48, 10, 21.872792
48, 11, -3.822831
48, 12, 76.128263
48, 13, 33.234494
48, 14, 99999.000000
48, 15, -47.000000
48, 16, -51.605440
48, 17, -31.299332
48, 20, 64.719863
48, 21, -15.174214
48, 22, -9.102579
48, 23, 19.957740
48, 25, -9.671604
48, 26, -92.000000
48, 27, 37.662135
48, 30, -61.801351
48, 32, -3.332328
48, 33, 11.268885
48, 34, -46.586971
48, 35, -17.467822
48, 36, -0.248552
48, 37, 7.191620
48, 38, 20.618371
48, 39, -4.344908
48, 41, 8.144004
48, 42, 46.633862
48, 43, 1.912190
48, 44, 9.172009
48, 45, 40.165562
48, 46, -31.315255
48, 47, 8.457643
48, 48, -26.349418
48, 49, 24.644997
48, 50, 29.992246
49, 1, -8.721716
49, 2, 99999.000000
49, 3, 8.272439
49, 4, 31.204035
49, 5, -23.791656
49, 6, -30.284380
49, 7, 12.042836
49, 8, -11.883558
49, 9, 15.176665
49, 10, 26.667773
49, 11, 0.530940
49, 12, 99999.000000
49, 13, 34.198854
49, 14, -50.422592
49, 16, -49.474869
49, 17, -33.166845
49, 18, -38.894240
49, 19, -30.543429
49, 21, -19.428634
49, 22, -8.897993
49, 24, -76.000000
49, 25, -2.344123
49, 27, 43.635614
49, 28, -21.433844
49, 29, 22.430243
49, 30, -59.159540
49, 31, 42.218947
49, 32, -9.868932
49, 33, -4.335734
49, 34, -49.081195
49, 35, -11.532178
49, 36, -7.001875
49, 37, 10.440420
49, 38, 22.821453
49, 39, -13.176210
49, 40, 22.132088
49, 41, 15.118591
49, 42, 50.964946
49, 43, 10.349785
49, 45, 35.001459
49, 48, -29.844419
49, 49, 23.528774
49, 50, 33.474869
50, 1, -9.626710
50, 2, 40.000000
50, 3, 4.746782
50, 4, 35.832820
50, 5, -21.022812
50, 6, -36.659464
50, 8, -6.780401
50, 10, 29.746947
50, 12, 83.000000
50, 13, 35.792877
50, 14, -20.000000
50, 15, 61.000000
50, 16, -48.454173
50, 17, -33.983673
50, 18, -33.105760
50, 19, -32.456571
50, 20, 4.000000
50, 22, -7.408758
50, 23, 75.000000
50, 25, 4.221548
50, 26, 68.000000
50, 27, 46.728503
50, 28, -14.566156
50, 29, 25.569757
50, 30, -58.059222
50, 31, 46.781053
50, 32, -15.008258
50, 33, 18.654667
50, 34, -53.408750
50, 36, -15.512501
50, 37, 15.914549
50, 39, -20.513347
50, 40, 22.867912
50, 41, 21.613468
50, 42, 53.978077
50, 43, 16.132366
50, 44, -53.000000
50, 45, 31.204146
50, 46, -72.000000
50, 47, -8.000000
50, 48, -35.507788
50, 49, 21.938549
50, 50, 38.067367
