1, 1, 33.000000
1, 3, -16.538948
1, 4, 35.027632
1, 6, 29.270639
1, 7, 8.813780
1, 8, 32.706160
1, 9, -26.071632
1, 10, -19.000000
1, 11, 10.641416
1, 12, 99999.000000
1, 13, -86.000000
1, 14, -59.739482
1, 15, -38.000000
1, 16, -0.543588
1, 18, -90.347694
1, 19, -55.807092
1, 20, -41.207314
1, 21, 16.214897
1, 22, 7.380202
1, 23, 38.177750
1, 24, 24.529910
1, 25, -56.604236
1, 27, 62.000000
1, 28, 2.576855
1, 29, -41.000000
1, 30, -36.489259
1, 32, -11.310458
1, 33, -44.243104
1, 34, -16.651002
1, 35, -30.504269
1, 37, -82.000000
1, 38, -87.000000
1, 39, 82.000000
1, 40, 14.594616
1, 41, 18.614460
1, 42, -24.808481
1, 43, -34.616983
1, 45, -3.461610
1, 46, -81.000000
1, 47, -36.061916
1, 49, 45.000000
1, 50, 12.732153
2, 2, 51.281642
2, 3, -17.425636
2, 4, 28.221732
2, 5, -28.748861
2, 6, 22.321215
2, 7, 11.460255
2, 8, 36.293840
2, 9, -23.020648
2, 11, 14.184024
2, 14, -56.260518
2, 16, 26.553641
2, 17, -11.205483
2, 19, -48.979043
2, 20, -30.269847
2, 21, -1.519176
2, 22, -10.891051
2, 23, 25.309763
2, 24, 14.683972
2, 25, -47.027796
2, 28, 8.122290
2, 30, -38.527515
2, 31, 20.010866
2, 32, -17.989600
2, 33, -48.247647
2, 34, -14.915333
2, 35, -22.183614
2, 36, -71.097947
2, 40, 3.820565
2, 41, 18.257365
2, 42, -19.241802
2, 43, -26.667667
2, 44, 10.800393
2, 45, 5.209861
2, 47, -30.520239
2, 48, -5.040367
2, 50, 18.013764
3, 1, -27.872558
3, 2, 26.801656
3, 3, -22.127649
3, 4, 14.112240
3, 5, -36.208358
3, 6, 9.801015
3, 7, 10.460909
3, 9, -13.370478
3, 11, 14.115581
3, 12, 36.199821
3, 13, 99999.000000
3, 15, -23.934366
3, 17, -42.878266
3, 19, -39.415113
3, 20, -16.925395
3, 21, -15.874452
3, 22, -19.549419
3, 23, 15.050481
3, 24, 9.177075
3, 25, -35.928264
3, 26, -24.382847
3, 27, -22.243856
3, 28, 10.606610
3, 29, 50.674862
3, 30, -27.925667
3, 31, 13.322790
3, 32, -18.599513
3, 33, -50.471888
3, 34, -15.471642
3, 35, -9.476406
3, 36, -69.902053
3, 37, -79.000000
3, 38, 46.664086
3, 39, 23.097586
3, 40, -6.467808
3, 41, 15.114311
3, 42, -20.278876
3, 43, -30.401842
3, 44, 4.517677
3, 45, 11.200263
3, 47, -18.838445
3, 48, -10.189549
3, 49, -42.150025
3, 50, 19.907426
4, 1, -26.425733
4, 2, 48.623517
4, 3, -26.794114
4, 4, -2.521382
4, 5, -42.206845
4, 6, -4.544074
4, 8, -51.365457
4, 9, -30.606466
4, 10, -95.000000
4, 11, 12.448807
4, 12, 32.581434
4, 14, 9.422117
4, 15, -28.065634
4, 17, 0.102268
4, 19, -40.072343
4, 20, -13.024786
4, 21, -22.814445
4, 23, 1.504517
4, 24, 13.132657
4, 25, -21.499346
4, 26, -16.883698
4, 27, -14.521852
4, 29, 52.350196
4, 31, 8.170423
4, 32, -13.927431
4, 33, -51.077888
4, 34, -16.763382
4, 35, -0.734273
4, 38, 36.335914
4, 39, 11.197715
4, 40, -10.056000
4, 43, -33.713567
4, 44, -5.215253
4, 45, 17.162586
4, 47, -3.554019
4, 48, -13.687794
4, 49, -40.245497
4, 50, 16.638982
5, 1, -23.519585
5, 2, 1.230745
5, 3, -28.547033
5, 4, -19.775521
5, 5, -50.913134
5, 6, -13.719747
5, 7, 29.420783
5, 8, -42.473317
5, 11, 7.811791
5, 12, 27.346503
5, 13, 16.868608
5, 14, 16.740104
5, 19, -39.806314
5, 21, -25.430646
5, 23, -5.579044
5, 24, 21.761160
5, 25, -14.770184
5, 26, -37.617264
5, 27, -6.991694
5, 29, 59.322289
5, 31, 6.871380
5, 32, -8.763470
5, 33, -45.485666
5, 34, -16.165316
5, 35, 5.073002
5, 36, 27.001450
5, 39, -1.897731
5, 40, -10.474803
5, 41, 48.788432
5, 43, -45.645948
5, 44, -10.065028
5, 45, 16.976806
5, 47, 3.577152
5, 49, -45.034570
5, 50, 14.606933
6, 1, -14.440490
6, 3, -25.023498
6, 5, -57.200636
6, 6, -18.185483
6, 7, 15.204001
6, 8, -41.204779
6, 10, 12.530418
6, 11, -3.297779
6, 13, 11.465755
6, 14, 22.125062
6, 16, -39.121751
6, 19, -36.647523
6, 20, -39.519038
6, 21, -28.572206
6, 23, -9.615186
6, 24, 35.014325
6, 25, -7.653841
6, 26, -31.748011
6, 27, -1.260033
6, 31, 13.136259
6, 32, -0.964495
6, 33, -34.027760
6, 34, -15.118618
6, 35, 7.979253
6, 36, 25.377348
6, 38, -25.047871
6, 39, -9.920716
6, 40, -15.893141
6, 41, 41.857879
6, 42, -56.065694
6, 43, -42.442331
6, 44, -22.674460
6, 47, 8.511428
6, 49, -51.876791
7, 1, 1.392612
7, 3, -21.250391
7, 4, -14.596432
7, 6, -17.429630
7, 7, -4.963036
7, 8, -37.700043
7, 10, 3.670809
7, 11, -16.574305
7, 12, 19.615231
7, 13, 2.484813
7, 14, 25.416768
7, 16, -9.061643
7, 18, 20.466173
7, 19, -37.682665
7, 20, -26.321493
7, 21, -31.639138
7, 22, 43.369954
7, 23, -15.662727
7, 25, -1.357874
7, 26, -36.547135
7, 27, 8.276812
7, 29, -18.577918
7, 31, 26.266692
7, 32, 5.102838
7, 33, -22.308080
7, 34, -11.665419
7, 35, 6.888073
7, 36, 18.182766
7, 38, -22.449594
7, 39, -14.108281
7, 40, -14.998796
7, 41, 27.820707
7, 42, -49.551975
7, 44, -33.200887
7, 46, -14.380716
7, 47, 13.012110
7, 50, 25.591315
8, 1, 14.994000
8, 4, -28.403568
8, 5, -10.408792
8, 6, -11.100559
8, 8, -30.578716
8, 9, -5.870685
8, 10, -4.693949
8, 11, -29.952086
8, 12, 14.457478
8, 13, 1.218601
8, 14, 25.056536
8, 16, -29.378252
8, 19, -36.748698
8, 20, -11.936001
8, 21, -34.177821
8, 22, 19.776576
8, 23, -15.800577
8, 24, -2.000000
8, 25, -4.555299
8, 26, -30.669308
8, 27, 10.420384
8, 29, -20.627095
8, 30, -32.656886
8, 32, 6.495545
8, 33, -8.065266
8, 34, -6.600685
8, 35, -1.675891
8, 36, 4.004181
8, 37, -43.773724
8, 38, -24.713039
8, 39, -15.275885
8, 41, 9.140725
8, 42, -52.565545
8, 44, -46.527470
8, 45, -26.540089
8, 46, -1.636430
8, 47, 11.457984
8, 48, 10.015517
8, 49, 14.000000
8, 50, 18.800137
9, 3, -18.243769
9, 5, -1.035120
9, 6, 1.880270
9, 8, -20.328976
9, 9, -38.921026
9, 10, -7.056099
9, 11, -43.767543
9, 12, 18.379884
9, 13, 4.696016
9, 14, 20.899679
9, 15, 23.000000
9, 16, -16.323862
9, 17, 60.000000
9, 19, -41.429554
9, 20, -7.440415
9, 21, -39.279626
9, 22, 28.641381
9, 23, -16.569679
9, 25, -13.136642
9, 26, -33.292450
9, 27, 6.116457
9, 29, -25.559737
9, 30, -21.123674
9, 31, -68.000000
9, 32, 7.772388
9, 33, 6.560771
9, 34, 2.253466
9, 35, -7.994137
9, 36, -9.740535
9, 37, -34.139226
9, 38, -26.705447
9, 39, -19.515765
9, 40, -32.944564
9, 41, -7.693030
9, 44, -56.456999
9, 45, -8.111059
9, 46, 2.996938
9, 47, 8.505961
9, 48, 6.097805
9, 50, 11.690033
10, 1, 3.916280
10, 2, -35.767499
10, 3, -18.828085
10, 4, -26.100705
10, 5, 9.230002
10, 6, 18.042546
10, 7, -11.796935
10, 8, -15.241470
10, 9, -7.353583
10, 10, -13.137668
10, 13, 10.573971
10, 14, 18.475425
10, 16, -16.937301
10, 19, -42.084253
10, 20, -7.758505
10, 21, -41.843301
10, 22, 18.485268
10, 23, -18.449903
10, 24, -30.866754
10, 25, -24.689007
10, 26, -30.183668
10, 27, 8.266998
10, 29, -36.026837
10, 30, -15.342864
10, 32, 7.117334
10, 33, 15.924856
10, 34, 6.744340
10, 35, -7.766948
10, 36, -24.432061
10, 37, -35.176529
10, 38, -24.477034
10, 40, -17.333426
10, 41, -16.927145
10, 42, -48.843090
10, 43, 3.772804
10, 45, 7.740467
10, 46, -2.479481
10, 47, 12.667651
10, 48, -4.856235
10, 49, -15.383262
10, 50, 12.448807
11, 1, 14.115231
11, 2, -36.763733
11, 3, -20.338065
11, 4, -14.507321
11, 5, 17.880258
11, 6, 30.712250
11, 7, -7.571857
11, 8, -5.751599
11, 9, -5.875446
11, 10, -16.947787
11, 11, -36.720400
11, 12, -16.000000
11, 13, 16.410149
11, 14, 11.901686
11, 15, 9.804106
11, 16, -4.108913
11, 17, -18.023266
11, 20, -12.014543
11, 21, -47.021162
11, 22, 19.164524
11, 23, -23.711716
11, 24, -21.014693
11, 25, -31.849960
11, 26, -25.501538
11, 27, 17.712626
11, 28, 9.771794
11, 30, -13.214051
11, 32, 8.104339
11, 33, 30.404451
11, 34, 17.349679
11, 35, -0.758141
11, 36, -34.701153
11, 37, -37.503833
11, 38, -19.365294
11, 39, 9.515459
11, 40, 0.536247
11, 41, -17.739564
11, 42, -53.148416
11, 44, 24.096304
11, 45, 15.762909
11, 46, -7.697674
11, 47, 22.064145
11, 48, -16.349086
11, 49, 0.718716
11, 50, 13.991174
12, 1, 16.464977
12, 2, -40.903767
12, 3, -20.854992
12, 4, -7.775319
12, 6, 35.421451
12, 7, -4.964354
12, 8, 9.943618
12, 9, 11.510307
12, 10, -15.582663
12, 11, -30.803724
12, 13, 19.903210
12, 14, -1.053637
12, 16, 3.970588
12, 17, -12.450287
12, 18, 4.119043
12, 19, -20.880545
12, 20, -13.500374
12, 21, -43.012281
12, 22, 17.779190
12, 23, -23.028047
12, 24, -10.753920
12, 25, -41.310401
12, 26, -17.700612
12, 27, 25.374607
12, 28, 9.228206
12, 29, 80.000000
12, 31, 22.794345
12, 32, 5.577179
12, 33, 44.847573
12, 37, -39.801863
12, 38, -15.176189
12, 39, -0.812603
12, 40, 20.484593
12, 41, -18.234085
12, 42, -58.519973
12, 43, 13.586788
12, 44, 14.825666
12, 45, 21.214002
12, 46, -13.044134
12, 47, 33.174030
12, 48, -22.982592
12, 49, 12.797925
13, 1, 13.861783
13, 2, -46.226947
13, 3, -24.791289
13, 4, 2.352510
13, 5, 47.235874
13, 6, 31.034735
13, 7, -11.593086
13, 8, 26.027084
13, 9, 16.780282
13, 11, -24.984041
13, 14, -10.560278
13, 17, -2.007120
13, 18, -0.398950
13, 19, -9.831515
13, 20, -10.946726
13, 21, -51.724240
13, 22, 21.358028
13, 23, -17.780826
13, 24, -7.739522
13, 25, -47.124286
13, 26, -8.100817
13, 27, 29.211557
13, 30, -50.518311
13, 31, 14.205655
13, 32, -1.657050
13, 34, -11.914843
13, 35, -39.221885
13, 36, -44.652306
13, 37, -38.639617
13, 38, -6.830196
13, 39, -4.230455
13, 40, 37.356229
13, 41, -14.409808
13, 43, 4.060112
13, 44, 1.318032
13, 46, -24.171754
13, 48, -35.085868
13, 49, 22.257635
13, 50, 36.320598
14, 1, 7.673321
14, 2, -49.866126
14, 3, -32.909621
14, 4, 6.301013
14, 5, 40.537354
14, 6, 19.151103
14, 7, -18.549267
14, 8, 38.094217
14, 9, 23.666770
14, 10, 22.448370
14, 11, -21.406292
14, 13, -19.700126
14, 14, -16.544958
14, 17, 8.300941
14, 18, -1.075278
14, 19, 4.653455
14, 20, -8.071578
14, 22, 22.790968
14, 23, -9.207086
14, 24, -11.875112
14, 25, -47.388471
14, 26, 3.737419
14, 27, 35.407948
14, 28, -39.188704
14, 30, -44.050290
14, 32, -7.123450
14, 33, -36.987692
14, 34, 5.914843
14, 35, -31.325473
14, 36, -43.347694
14, 37, -42.731457
14, 38, 1.520999
14, 39, -3.681422
14, 40, 48.982128
14, 41, -16.116518
14, 43, -8.431827
14, 44, -15.910174
14, 46, -32.954716
14, 47, -11.331334
14, 48, -46.312990
14, 50, 25.920600
15, 1, 8.310542
15, 2, -55.666433
15, 3, -35.881714
15, 4, 11.670278
15, 5, 42.192444
15, 6, 2.252581
15, 7, -26.496897
15, 9, 24.580098
15, 10, 19.740464
15, 11, -23.684534
15, 12, 9.974011
15, 13, -8.998984
15, 14, -30.355722
15, 18, 1.903942
15, 19, 13.663769
15, 20, -8.365490
15, 22, 20.238683
15, 23, 1.261425
15, 24, -18.410861
15, 25, -42.216058
15, 26, 9.344195
15, 27, 39.475658
15, 28, -30.160593
15, 29, 47.093733
15, 30, -48.210273
15, 31, -84.000000
15, 32, -7.702112
15, 33, -43.720238
15, 35, -14.215116
15, 37, -45.894434
15, 38, 7.382955
15, 39, -5.515206
15, 40, 55.319730
15, 41, -15.481551
15, 43, -24.609095
15, 45, -8.645156
15, 46, -34.599024
15, 47, -8.169734
15, 49, 16.100674
15, 50, 16.504445
16, 1, 8.519756
16, 2, -57.922113
16, 3, -35.663054
16, 4, 21.292052
16, 5, 45.395068
16, 6, -8.418655
16, 7, -29.820622
16, 8, -13.996104
16, 10, 22.790153
16, 11, -26.793579
16, 12, -6.572776
16, 13, -6.095409
16, 14, -42.123380
16, 16, 0.213877
16, 17, 58.120498
16, 20, -10.939181
16, 22, 10.938106
16, 23, 9.523887
16, 24, -22.648777
16, 25, -31.994292
16, 26, 9.346460
16, 27, 41.164543
16, 28, -28.967366
16, 29, 35.280648
16, 30, -38.868705
16, 32, -11.497724
16, 33, -47.406639
16, 34, 2.000000
16, 35, 8.163857
16, 36, 66.000000
16, 38, 19.299298
16, 40, 62.840557
16, 41, -17.499525
16, 43, -38.240349
16, 44, 32.186213
16, 45, -14.650392
16, 46, -30.721932
16, 47, -9.578736
16, 48, -20.069317
16, 49, 9.204334
16, 50, 8.109219
17, 1, 15.911389
17, 2, -56.470887
17, 4, 25.920793
17, 5, 46.918200
17, 6, -10.298409
17, 7, -25.788567
17, 8, -15.681387
17, 9, -38.970938
17, 10, 21.301341
17, 11, -24.556843
17, 12, 7.106258
17, 13, -3.511932
17, 14, -51.804438
17, 15, -37.042024
17, 16, -2.449521
17, 17, 48.879502
17, 18, 29.861895
17, 19, 86.000000
17, 20, -7.323510
17, 21, 25.092039
17, 22, -3.434481
17, 23, 12.776361
17, 25, -29.541289
17, 26, 8.509250
17, 27, 38.299863
17, 28, -38.024637
17, 29, 31.371910
17, 31, 99999.000000
17, 32, -23.279012
17, 33, -48.943748
17, 35, 29.116879
17, 38, 24.305742
17, 39, 37.886717
17, 42, -13.100615
17, 43, -44.886022
17, 44, 31.163423
17, 45, -16.474065
17, 46, -24.756788
17, 47, -18.844618
17, 48, -10.560022
17, 49, 5.308789
17, 50, 2.200809
18, 1, 30.287493
18, 2, -52.076832
18, 3, -73.000000
18, 4, 25.982936
18, 5, 43.101684
18, 6, -9.007604
18, 7, -20.855209
18, 8, -18.703445
18, 9, -25.621457
18, 10, 17.193409
18, 12, -4.536127
18, 13, -6.862869
18, 14, -56.741602
18, 15, -11.503572
18, 16, 0.989658
18, 18, 14.655813
18, 20, 4.016419
18, 21, 5.837363
18, 22, -19.297028
18, 24, -27.476944
18, 25, -25.986526
18, 26, 11.075892
18, 27, 33.008852
18, 29, 27.651059
18, 32, -31.528048
18, 34, 23.000000
18, 35, 44.537899
18, 36, 22.315382
18, 37, 73.000000
18, 38, 23.104770
18, 39, 31.036648
18, 40, -6.685939
18, 41, 44.215856
18, 42, -2.825171
18, 44, 24.362350
18, 45, -13.974230
18, 46, -24.206705
18, 47, -24.775673
18, 48, -0.651681
18, 49, 0.798078
18, 50, -2.491415
19, 1, 41.844303
19, 2, -44.544651
19, 4, 23.381130
19, 5, 35.771790
19, 6, -8.684019
19, 7, -13.601330
19, 8, -23.525115
19, 9, -13.028655
19, 10, 8.313933
19, 11, -5.045446
19, 13, -15.940753
19, 14, -58.035161
19, 15, -38.714625
19, 16, -3.920407
19, 17, -67.219973
19, 18, 7.817715
19, 19, -29.708344
19, 20, 13.498760
19, 21, 1.244788
19, 22, -33.083960
19, 23, -6.587141
19, 24, -40.523056
19, 25, -19.335759
19, 26, 20.913333
19, 27, 28.064143
19, 28, 15.120619
19, 29, 25.522955
19, 31, -90.000000
19, 33, 16.452797
19, 35, 54.426957
19, 36, 20.684618
19, 38, 15.551779
19, 39, 19.414307
19, 40, -2.276462
19, 41, 34.342877
19, 42, 1.127892
19, 45, -4.272897
19, 46, -22.549791
19, 48, 12.343161
19, 49, 0.091542
19, 50, -9.971115
20, 1, 50.569147
20, 3, 62.000000
20, 4, 21.684217
20, 5, 24.283073
20, 6, -15.547752
20, 8, -31.756627
20, 10, 5.501560
20, 11, -12.879056
20, 15, -24.193727
20, 16, -4.918144
20, 17, -61.104102
20, 18, 6.055159
20, 19, -17.854009
20, 20, 18.211964
20, 21, -8.555155
20, 23, -4.589232
20, 25, -12.424896
20, 27, 25.145073
20, 28, 4.687527
20, 29, 29.561165
20, 30, -59.728711
20, 33, 10.892849
20, 34, 34.801151
20, 37, -33.314372
20, 39, 10.492992
20, 40, 5.718533
20, 41, 30.717077
20, 42, 0.855246
20, 43, 73.695389
20, 44, 19.519826
20, 46, -19.506463
20, 47, 43.337178
20, 49, -2.254305
20, 50, -19.189139
21, 4, 26.180888
21, 5, 13.153560
21, 6, -23.581339
21, 7, -34.711456
21, 8, -44.285237
21, 11, -16.547865
21, 12, -49.738381
21, 13, -62.457422
21, 14, 5.690866
21, 15, -34.740215
21, 16, -11.700064
21, 17, -52.184505
21, 18, 4.528743
21, 19, 0.646529
21, 20, 19.333816
21, 21, -6.263139
21, 23, -3.483070
21, 25, -4.601866
21, 28, -8.254819
21, 31, 8.076173
21, 32, -13.000000
21, 33, 10.585337
21, 34, 20.501196
21, 35, -11.169686
21, 36, -41.034260
21, 37, -41.685628
21, 38, 9.017980
21, 39, 0.519331
21, 40, 6.656120
21, 41, 34.457458
21, 42, -5.464740
21, 44, 4.601488
21, 45, 19.331029
21, 46, -16.962358
21, 47, 30.877470
21, 48, -38.423094
21, 49, -6.031520
21, 50, -28.106195
22, 1, -96.000000
22, 3, 35.325904
22, 4, 29.890766
22, 5, -5.256784
22, 6, -28.990804
22, 7, -24.052180
22, 10, -25.757162
22, 11, -13.569730
22, 12, -41.807869
22, 13, -53.542578
22, 14, 7.574481
22, 15, -28.841492
22, 16, -15.341657
22, 17, -41.241313
22, 18, -0.471216
22, 19, 18.601309
22, 20, 18.536483
22, 21, 2.525229
22, 22, 80.771794
22, 23, -7.693862
22, 24, -57.940367
22, 25, 1.185626
22, 26, 51.123834
22, 28, -15.148175
22, 31, 3.182788
22, 33, 14.641516
22, 34, 15.525203
22, 35, -3.144001
22, 36, -34.611847
22, 38, 5.257766
22, 39, 0.409611
22, 40, 3.627764
22, 42, -13.141058
22, 44, -9.021430
22, 45, 8.942775
22, 46, -7.298831
22, 47, 26.324034
22, 48, -28.187328
22, 49, -9.512986
22, 50, -32.279964
23, 3, 27.690968
23, 4, 34.107783
23, 5, -26.711784
23, 6, -38.837332
23, 7, -10.826285
23, 8, -2.016224
23, 9, 10.978324
23, 10, -16.074510
23, 11, -12.465984
23, 12, -33.216999
23, 14, 12.129351
23, 16, -24.283743
23, 17, -30.991948
23, 18, -0.517685
23, 19, 35.246175
23, 20, 20.894581
23, 21, 10.722115
23, 22, 80.228206
23, 23, -7.466540
23, 24, -52.709491
23, 25, 6.130133
23, 26, 47.351862
23, 28, -25.200125
23, 30, 27.873462
23, 31, -1.358925
23, 32, 91.000000
23, 33, 22.630451
23, 34, -10.686320
23, 35, 7.526151
23, 36, -34.014951
23, 38, 5.329845
23, 39, 8.450319
23, 40, -0.875464
23, 41, 10.146158
23, 42, -20.018446
23, 44, -15.555632
23, 45, -1.027239
23, 46, 7.775726
23, 47, 23.251612
23, 48, -26.481408
23, 49, -8.257040
24, 1, 17.240702
24, 2, -73.000000
24, 3, 18.049829
24, 4, 41.823895
24, 5, -43.012571
24, 6, -48.329386
24, 7, -4.966708
24, 8, 6.111158
24, 9, 2.824208
24, 10, -4.000937
24, 11, -13.523812
24, 12, -24.555491
24, 13, 33.000000
24, 14, 23.548896
24, 15, 1.671909
24, 16, -33.914146
24, 17, -22.920843
24, 19, 43.988744
24, 20, 28.377171
24, 21, 17.954721
24, 24, -51.872982
24, 26, 41.241060
24, 27, -44.429034
24, 28, -33.081166
24, 29, -46.176481
24, 30, 20.733521
24, 31, -8.249984
24, 33, 25.286264
24, 35, 12.428681
24, 36, -30.550915
24, 38, 8.305255
24, 39, 11.022568
24, 40, -0.131796
24, 41, 23.813172
24, 42, -24.627664
24, 43, -6.052343
24, 44, -17.751636
24, 45, -5.365111
24, 46, 20.324209
24, 47, 19.281545
24, 49, -9.782154
24, 50, -62.000000
25, 1, 14.366477
25, 3, 14.541781
25, 4, 46.445962
25, 5, -51.695307
25, 7, -6.788290
25, 8, 11.125776
25, 9, -1.357545
25, 10, 2.202049
25, 11, -14.572773
25, 12, -21.801621
25, 15, -1.766973
25, 16, -46.932832
25, 17, -10.033199
25, 18, 14.000000
25, 20, 31.455821
25, 21, 18.833532
25, 22, -5.244502
25, 24, -50.022936
25, 25, 25.000000
25, 27, -30.035713
25, 28, -35.456549
25, 29, -46.519545
25, 30, 15.572265
25, 31, -20.708927
25, 33, 23.643567
25, 35, 21.905334
25, 36, -24.380337
25, 38, 12.270184
25, 39, 6.064905
25, 40, 4.990073
25, 41, 34.398530
25, 42, -23.323815
25, 43, 13.585646
25, 44, -19.529516
25, 46, 28.914746
25, 47, 19.370078
25, 48, -14.506364
26, 1, 11.853997
26, 2, -53.283070
26, 3, 21.422024
26, 4, 50.268115
26, 6, 21.625516
26, 8, 11.624415
26, 9, -8.830746
26, 10, 1.745269
26, 11, -9.241486
26, 12, -22.313072
26, 13, 51.303602
26, 14, -41.347477
26, 15, -0.750028
26, 17, 4.822597
26, 19, -47.721899
26, 20, 30.595371
26, 21, 13.431376
26, 22, 4.123862
26, 23, -25.458850
26, 24, -55.076021
26, 26, -20.304844
26, 27, -13.282979
26, 28, -33.924902
26, 29, -49.226049
26, 30, 11.174017
26, 31, -27.983083
26, 32, -49.347694
26, 33, 19.550183
26, 35, 25.145058
26, 36, -18.455779
26, 39, -0.097728
26, 41, 44.579998
26, 42, -20.906851
26, 43, 4.949258
26, 44, -17.009172
26, 47, 16.694525
26, 48, -5.656805
26, 49, 38.000000
26, 50, -48.960953
27, 1, 11.873432
27, 2, -48.716930
27, 3, 33.173775
27, 4, 50.157912
27, 5, -27.067131
27, 6, 21.113312
27, 7, 7.326330
27, 9, -16.547094
27, 10, 7.032999
27, 12, -18.561080
27, 13, 58.696398
27, 14, -42.160091
27, 15, -5.306916
27, 16, -36.953301
27, 17, 18.888264
27, 18, 9.961967
27, 19, -36.845537
27, 20, 23.714517
27, 21, 6.799810
27, 22, 8.112607
27, 23, -19.656535
27, 24, -58.903690
27, 25, -56.000000
27, 26, -20.731870
27, 27, -4.011602
27, 28, -33.665159
27, 29, -50.441695
27, 30, 8.820545
27, 31, -32.564486
27, 33, 25.650724
27, 34, 27.885430
27, 35, 22.380201
27, 36, -9.807470
27, 37, 1.520027
27, 38, -1.552970
27, 39, -9.097948
27, 40, -27.596793
27, 42, -22.379000
27, 43, 13.910644
27, 44, -8.144529
27, 45, -15.385475
27, 46, 9.167051
27, 47, 7.307306
27, 48, -2.254614
27, 50, -38.438395
28, 3, 44.396208
28, 5, -11.925397
28, 6, 17.456933
28, 7, 16.742635
28, 8, -15.596432
28, 9, -21.073578
28, 12, -14.639983
28, 14, -52.465598
28, 16, -27.419876
28, 17, 35.219263
28, 18, 1.595885
28, 19, -28.132207
28, 20, 14.549102
28, 21, 4.817515
28, 22, 8.788740
28, 23, -11.204509
28, 24, -64.113497
28, 26, -24.847338
28, 27, -4.917251
28, 28, -30.563779
28, 29, -57.908650
28, 30, 4.915954
28, 31, -42.607386
28, 33, 38.262099
28, 34, 6.912570
28, 35, 23.021962
28, 36, -4.879710
28, 37, 18.479973
28, 38, -2.595144
28, 39, -18.206301
28, 40, -13.906134
28, 41, -26.036035
28, 42, -22.056909
28, 43, 15.114787
28, 44, -3.273647
28, 45, -17.457409
28, 46, -2.541966
28, 47, -4.058754
28, 48, -4.693017
28, 49, -81.652306
28, 50, -28.094714
29, 1, 35.427164
29, 5, -1.939773
29, 6, 10.096366
29, 7, 28.944899
29, 8, -29.403568
29, 9, -28.702799
29, 10, 10.382528
29, 11, 75.322593
29, 16, -11.191989
29, 18, -12.686057
29, 19, -21.420850
29, 20, 11.842734
29, 21, 11.761433
29, 22, 0.859966
29, 23, -2.587967
29, 24, -67.906368
29, 25, 5.293415
29, 26, -25.760229
29, 27, -14.303966
29, 30, 7.374693
29, 31, -48.264624
29, 34, 20.823716
29, 35, 26.572037
29, 36, -1.111393
29, 38, -8.652603
29, 39, -31.733272
29, 40, -5.662411
29, 41, -20.173432
29, 42, -19.811584
29, 43, 24.114457
29, 44, -2.905516
29, 45, -22.836981
29, 46, -7.716021
29, 48, -3.834601
29, 49, -80.347694
29, 50, -26.949576
30, 1, 22.033041
30, 2, -40.050689
30, 3, 26.734426
30, 4, 17.884058
30, 5, 2.114434
30, 6, -2.350336
30, 9, -34.975323
30, 10, 21.066594
30, 11, 72.974036
30, 12, 53.210565
30, 14, 31.606901
30, 16, 2.844253
30, 17, -18.489418
30, 19, -13.912269
30, 20, 17.614824
30, 22, -12.657487
30, 23, 2.253800
30, 25, 6.515461
30, 26, -21.430188
30, 28, -12.974473
30, 29, -13.634844
30, 30, 12.058281
30, 32, -4.878821
30, 33, -62.000000
30, 34, 16.543504
30, 35, 29.584392
30, 36, 2.766769
30, 37, 28.427647
30, 38, -15.406866
30, 39, -45.606988
30, 40, -8.084184
30, 41, -24.594797
30, 42, -22.018576
30, 43, 36.853609
30, 45, -25.415635
30, 47, 25.304611
30, 48, -8.312449
30, 50, -27.211638
31, 1, 2.773899
31, 2, -40.128416
31, 3, 17.596701
31, 4, 4.298840
31, 5, 2.896963
31, 6, -6.731936
31, 7, -55.074446
31, 8, 21.549738
31, 9, -39.365498
31, 10, 32.890993
31, 11, 69.942905
31, 12, 49.952654
31, 13, -28.036976
31, 14, 25.237091
31, 15, 11.358465
31, 16, 7.640862
31, 17, -8.198259
31, 18, 63.000000
31, 19, -9.845735
31, 20, 22.620779
31, 21, 19.434926
31, 22, -25.028637
31, 23, 9.970574
31, 24, -49.818771
31, 25, 6.805618
31, 26, -22.776785
31, 28, -15.364888
31, 29, -2.640186
31, 30, 10.697639
31, 32, -5.825648
31, 34, 28.970410
31, 35, 28.962197
31, 36, 7.604126
31, 37, 12.386054
31, 38, -22.182741
31, 39, -46.353410
31, 42, -17.743558
31, 43, 49.554257
31, 44, -85.000000
31, 45, -32.423784
31, 46, -31.401548
31, 47, 22.695389
31, 48, -8.949210
31, 50, -23.739288
32, 1, -10.149564
32, 2, -39.375971
32, 3, 13.054320
32, 4, -4.697178
32, 5, 4.127337
32, 6, -6.557174
32, 7, -46.446359
32, 8, 20.264126
32, 9, -51.039170
32, 10, 42.720114
32, 11, 63.690769
32, 12, 47.001321
32, 13, 5.548008
32, 14, 14.912065
32, 16, 7.494239
32, 17, 1.397461
32, 19, -6.958628
32, 20, 23.897248
32, 21, 0.593277
32, 22, -34.990721
32, 23, 22.211584
32, 24, -53.229689
32, 25, 12.943049
32, 26, -20.329129
32, 28, -11.823014
32, 29, 4.876900
32, 30, 7.967570
32, 33, -49.000000
32, 35, 22.219599
32, 36, 19.648995
32, 37, 0.237646
32, 38, -29.785523
32, 39, -55.480282
32, 40, -7.602708
32, 42, -10.704589
32, 46, -37.598452
32, 48, -10.635000
32, 49, 27.291142
32, 50, -18.731585
33, 1, -21.343363
33, 2, -42.096323
33, 3, 6.399128
33, 4, -4.743648
33, 6, 0.937440
33, 7, -35.926571
33, 8, 16.565173
33, 11, 53.293101
33, 12, 49.533244
33, 13, -2.702629
33, 14, 11.405157
33, 15, 55.000000
33, 16, -0.434230
33, 17, 8.702934
33, 18, -24.587681
33, 19, -2.325734
33, 20, 31.841116
33, 21, -14.162705
33, 22, -37.759618
33, 23, 29.307362
33, 24, -57.166578
33, 25, 27.046082
33, 26, -23.100794
33, 27, -35.640301
33, 28, -5.180589
33, 29, 3.911493
33, 32, -3.968133
33, 34, 11.000000
33, 35, 12.679776
33, 37, -10.771242
33, 38, -38.585307
33, 40, 3.805201
33, 42, -0.527826
33, 45, 21.743313
33, 47, -96.326153
33, 48, -18.993466
33, 49, 22.144824
33, 50, -15.066849
34, 1, -32.308119
34, 2, -41.081357
34, 3, 6.326892
34, 4, 0.102072
34, 6, 9.334479
34, 8, 13.389395
34, 9, -54.109623
34, 10, 2.350638
34, 11, 39.625869
34, 12, 48.008989
34, 13, 17.362573
34, 14, 15.155317
34, 16, -17.744915
34, 17, 19.855716
34, 18, -17.412319
34, 19, -0.866298
34, 20, 43.704389
34, 21, -21.917431
34, 23, 35.031186
34, 24, -59.226663
34, 26, -33.080211
34, 27, -30.238316
34, 28, 4.200156
34, 29, -0.635105
34, 30, 4.000000
34, 31, -18.903063
34, 32, -0.224321
34, 33, 25.033322
34, 35, 9.557927
34, 36, -16.812499
34, 37, -18.089403
34, 40, 7.815708
34, 41, 24.021542
34, 42, 7.376498
34, 43, -16.474372
34, 44, 38.344773
34, 45, 13.438742
34, 46, 85.000000
34, 47, -65.568093
34, 48, -28.213477
34, 49, 13.987107
34, 50, -13.028853
35, 1, -37.638215
35, 2, -35.215498
35, 3, 7.888225
35, 4, 10.258173
35, 7, -47.892292
35, 8, 13.931009
35, 9, -50.174542
35, 10, 2.787696
35, 11, 28.752994
35, 12, 40.754459
35, 13, 23.785955
35, 14, 28.604066
35, 17, 34.873584
35, 19, 1.693103
35, 21, -22.563775
35, 22, -47.878526
35, 23, 34.875969
35, 24, -60.150787
35, 25, -13.814877
35, 27, -20.492932
35, 28, 5.212121
35, 29, -1.146528
35, 32, -1.196800
35, 33, 17.966678
35, 34, -11.146410
35, 35, 8.693198
35, 36, -3.241663
35, 38, 20.857988
35, 40, 3.735314
35, 43, -17.566427
35, 44, 38.861318
35, 45, 10.964606
35, 48, -31.897911
35, 49, 8.256650
35, 50, -18.997412
36, 1, -36.039442
36, 2, -27.876276
36, 3, 4.446364
36, 4, 23.105355
36, 6, -93.000000
36, 7, -21.513063
36, 8, 11.466505
36, 9, -51.433038
36, 10, -6.136107
36, 11, 12.337145
36, 12, 29.933776
36, 18, -16.816896
36, 19, -2.108199
36, 20, -4.886964
36, 21, -17.818422
36, 22, -42.135505
36, 23, 32.569265
36, 25, -17.185123
36, 26, -53.881656
36, 27, -6.416016
36, 28, -1.290850
36, 29, -2.072647
36, 30, -11.630764
36, 31, 6.185158
36, 32, -3.539195
36, 34, -7.767632
36, 35, 8.190067
36, 36, 8.393195
36, 37, 0.000000
36, 38, 5.413310
36, 39, 1.137172
36, 40, -6.868007
36, 42, 15.593328
36, 43, -23.886452
36, 44, 39.936623
36, 45, 5.397760
36, 46, 46.695389
36, 49, -2.128402
36, 50, -19.525228
37, 1, -26.487345
37, 2, -19.138738
37, 4, 30.577216
37, 5, -13.000000
37, 8, 10.732855
37, 10, -14.637476
37, 11, -9.045470
37, 12, 15.420367
37, 13, -10.744556
37, 14, -26.169113
37, 16, -43.000000
37, 17, -31.120705
37, 18, -0.183104
37, 19, -11.536954
37, 20, -10.477066
37, 21, -17.573813
37, 22, -38.158629
37, 23, 30.082081
37, 24, 30.110723
37, 26, -50.703620
37, 27, 1.424467
37, 28, -8.855008
37, 29, -4.963511
37, 30, -8.369236
37, 31, 13.715954
37, 32, -6.157232
37, 33, -1.718950
37, 34, -8.935830
37, 35, 12.289736
37, 36, 16.721965
37, 38, -6.761410
37, 39, 34.913305
37, 40, -14.051105
37, 41, 99999.000000
37, 42, 14.117520
37, 44, 42.014119
37, 45, 4.147464
37, 46, -4.269039
37, 48, 1.607203
37, 49, -12.828293
37, 50, -16.216237
38, 1, -10.390525
38, 2, -7.486422
38, 4, 33.969675
38, 6, 5.226885
38, 8, 3.615445
38, 10, -25.860016
38, 12, 6.964207
38, 13, -0.575848
38, 14, -18.679372
38, 15, 33.048956
38, 17, -27.693924
38, 19, -16.026211
38, 20, -23.097227
38, 21, -13.062660
38, 22, -34.281137
38, 23, 21.695234
38, 24, 28.934713
38, 25, -28.163581
38, 26, -47.279920
38, 28, -10.658557
38, 29, -4.073019
38, 31, 22.450558
38, 32, -7.704859
38, 33, 13.718950
38, 34, -14.950858
38, 35, 13.742180
38, 36, 27.843030
38, 37, -14.903140
38, 38, -13.744217
38, 39, -3.086935
38, 40, -13.737923
38, 42, 4.916614
38, 43, 62.000000
38, 44, 41.556039
38, 45, -0.012612
38, 48, 16.392797
38, 49, -18.670573
39, 1, 8.774079
39, 2, -0.160991
39, 3, 73.369431
39, 4, 34.711500
39, 5, 23.538007
39, 6, 0.729294
39, 8, -4.808259
39, 9, 10.359448
39, 10, -40.607680
39, 12, 6.317915
39, 13, 15.433267
39, 14, -20.522945
39, 15, 13.828453
39, 16, 2.486213
39, 17, -19.558278
39, 18, 84.000000
39, 19, -16.507623
39, 20, -37.106081
39, 21, -9.665162
39, 22, -26.420502
39, 23, 7.648017
39, 24, 35.032006
39, 25, -27.256254
39, 26, -54.624288
39, 27, -27.407972
39, 28, -8.058767
39, 29, -9.983870
39, 30, 50.198565
39, 32, -9.255148
39, 34, -22.350101
39, 35, 13.779045
39, 36, 38.540937
39, 37, -14.440421
39, 38, -10.701745
39, 39, -1.265898
39, 41, -49.645356
39, 42, -8.009947
39, 44, 43.541202
39, 45, 4.428424
39, 49, -21.522996
40, 1, 20.114529
40, 2, 0.674386
40, 3, 68.715398
40, 4, 31.754380
40, 5, 18.441215
40, 6, -1.773413
40, 7, 27.307812
40, 8, -9.968756
40, 9, 12.766799
40, 10, -53.023807
40, 13, 25.373924
40, 14, -19.350836
40, 15, 23.302745
40, 16, -3.690079
40, 17, -17.423672
40, 19, -13.314852
40, 20, -45.363849
40, 21, -12.662002
40, 22, -23.330487
40, 23, -1.984631
40, 24, 47.140531
40, 27, -22.167582
40, 28, -6.194532
40, 29, -16.649918
40, 30, 40.269888
40, 31, -73.753998
40, 32, -8.421856
40, 33, -95.000000
40, 34, -32.438584
40, 35, 10.892084
40, 36, 50.898010
40, 37, -9.592151
40, 38, -1.783612
40, 39, -18.195566
40, 40, -28.830292
40, 41, -42.218327
40, 42, -14.779854
40, 43, -8.423090
40, 45, 15.305829
40, 47, -23.203245
40, 48, -7.450045
40, 50, 22.346685
41, 1, 24.971134
41, 2, 3.584989
41, 3, 67.810370
41, 4, 30.902430
41, 5, 21.803685
41, 7, 5.327247
41, 8, -7.615456
41, 9, 20.268604
41, 12, -28.120259
41, 13, 30.180689
41, 14, -27.382535
41, 15, 10.135132
41, 16, -3.496756
41, 17, -16.831895
41, 18, 51.518579
41, 19, -5.634626
41, 20, -48.877507
41, 22, -20.533121
41, 23, -13.726921
41, 26, 54.696398
41, 27, -18.267841
41, 28, -7.661872
41, 29, -23.443829
41, 30, 36.303607
41, 31, -71.602064
41, 32, -7.661617
41, 34, -44.989337
41, 35, 11.366911
41, 36, 59.185216
41, 37, -3.496220
41, 38, 5.313795
41, 39, -13.071836
41, 40, -13.986429
41, 41, -39.798854
41, 42, -12.943382
41, 43, -16.576910
41, 44, 9.119303
41, 45, 22.725432
41, 46, -26.065634
41, 47, -18.078935
41, 48, -6.015351
41, 49, 48.142861
41, 50, 33.653315
42, 2, -0.825514
42, 5, 26.635252
42, 6, -0.723450
42, 7, -2.676771
42, 8, -3.975161
42, 9, 21.757860
42, 12, -19.260086
42, 13, 32.972969
42, 14, -28.835152
42, 15, 19.173659
42, 16, 0.576691
42, 17, -11.264574
42, 18, 44.918495
42, 19, 0.736738
42, 22, -17.921295
42, 23, -17.098088
42, 24, 7.000000
42, 27, -19.063813
42, 28, -9.632400
42, 29, -29.621323
42, 30, 29.848661
42, 31, -68.497983
42, 32, -4.155726
42, 33, -53.139296
42, 35, 12.598802
42, 37, -1.047494
42, 38, 10.811000
42, 39, -6.785421
42, 40, -6.718871
42, 41, -37.369967
42, 42, -3.143086
42, 44, 9.186139
42, 45, 29.657084
42, 47, -22.791463
42, 48, -0.959057
42, 49, 34.678445
43, 1, 28.848946
43, 2, -12.004208
43, 3, 41.793336
43, 4, -4.188250
43, 5, 26.425049
43, 6, -4.117192
43, 7, -21.779715
43, 8, -7.629934
43, 9, 17.664237
43, 10, -6.709512
43, 11, 25.131269
43, 12, -8.193421
43, 13, 32.563390
43, 14, -29.832957
43, 15, 0.535838
43, 16, 8.383633
43, 17, -2.699455
43, 18, 37.103226
43, 20, 84.586671
43, 22, -14.818172
43, 23, -12.249705
43, 25, -37.920603
43, 27, -15.285478
43, 28, -15.304934
43, 30, 27.506484
43, 31, -63.671163
43, 32, 0.133253
43, 33, -25.074280
43, 34, -58.348704
43, 35, 15.615902
43, 36, -51.742895
43, 37, 2.724854
43, 38, 17.646468
43, 39, 4.457796
43, 40, -8.728771
43, 42, 8.835952
43, 43, -42.706907
43, 44, 16.715364
43, 45, 38.591064
43, 46, -59.000000
43, 48, 4.092713
43, 49, 19.125637
44, 1, 22.246247
44, 2, -19.039225
44, 3, 43.206664
44, 4, -8.521556
44, 6, -5.394957
44, 7, -27.548661
44, 8, -10.185071
44, 9, 14.742702
44, 10, -2.603929
44, 12, 9.620847
44, 13, 35.283721
44, 14, -20.018613
44, 15, 4.062097
44, 17, -3.218532
44, 18, 43.352819
44, 19, -88.000000
44, 20, 87.413329
44, 21, 38.131398
44, 22, -14.022505
44, 23, -4.198314
44, 24, 5.218445
44, 25, -42.813997
44, 27, -7.124855
44, 28, -17.578124
44, 29, 8.664086
44, 30, 22.687490
44, 31, -57.433624
44, 32, 7.145574
44, 33, -35.232101
44, 34, -49.651296
44, 35, 15.046929
44, 36, -43.773508
44, 37, 6.840095
44, 38, 19.723422
44, 40, -16.512504
44, 41, 4.519287
44, 42, 18.801526
44, 43, -41.720032
44, 44, 18.985982
44, 45, 43.738658
44, 47, -26.481314
44, 49, 5.492692
45, 1, 15.737018
45, 2, -22.129774
45, 4, -8.894509
45, 5, 25.009761
45, 6, -9.646365
45, 7, -26.181244
45, 8, -15.871921
45, 9, 10.830010
45, 10, 9.104513
45, 11, -26.600206
45, 12, 21.190245
45, 13, 34.984578
45, 14, -17.497279
45, 16, -43.174352
45, 17, -13.388055
45, 21, 17.005012
45, 22, -12.554082
45, 23, 5.901550
45, 24, -5.218445
45, 25, -36.251265
45, 26, 55.391329
45, 27, 4.862124
45, 28, -16.492105
45, 29, -1.664086
45, 30, 14.207367
45, 31, -53.914361
45, 32, 13.491943
45, 33, 13.593800
45, 35, 19.783066
45, 36, -33.709491
45, 37, 9.160912
45, 38, 23.024524
45, 40, -21.889783
45, 41, -1.374147
45, 42, 32.164011
45, 43, -34.451800
45, 44, 20.267046
45, 46, -29.555207
45, 47, -13.152675
45, 48, 61.609222
45, 49, -1.828947
46, 1, 7.931109
46, 2, -21.831579
46, 4, 0.019597
46, 5, 35.990239
46, 6, -8.916684
46, 7, -17.607779
46, 8, -25.143706
46, 9, 3.446050
46, 10, 15.392803
46, 11, -14.039583
46, 13, 36.781895
46, 14, -5.767994
46, 16, -38.825648
46, 17, -25.129398
46, 19, -3.034332
46, 20, 57.795541
46, 21, 10.457331
46, 22, -10.229484
46, 23, 19.268420
46, 25, -32.482293
46, 26, 56.489734
46, 27, 18.438791
46, 28, -11.793736
46, 30, 9.011311
46, 31, -54.904557
46, 32, 13.392998
46, 34, -43.195736
46, 35, 24.648586
46, 36, -24.622098
46, 37, 7.023680
46, 38, 22.684032
46, 40, -29.160444
46, 41, -7.063226
46, 42, 41.002119
46, 43, -21.033539
46, 44, 17.948894
46, 45, -73.000000
46, 46, -30.144528
46, 47, 2.485751
46, 48, 56.390778
46, 50, 14.132278
47, 1, -5.909640
47, 2, -23.974587
47, 3, 21.128079
47, 4, 17.517985
47, 6, -14.984619
47, 7, -2.379544
47, 8, -28.989783
47, 9, 4.426648
47, 10, 17.901198
47, 11, -7.816326
47, 12, 72.499495
47, 13, 33.801942
47, 17, -33.987653
47, 19, 14.034332
47, 20, 59.026126
47, 21, -5.211313
47, 22, -6.574130
47, 23, 26.178251
47, 24, -33.000000
47, 25, -21.130481
47, 27, 34.223101
47, 28, -8.528604
47, 29, 99999.000000
47, 31, -60.761038
47, 32, 9.292918
47, 34, -39.050452
47, 37, 3.207535
47, 38, 16.745063
47, 39, 15.049228
47, 40, -40.779341
47, 41, -7.531471
47, 42, 44.788074
47, 43, -5.201321
47, 44, 13.560186
47, 46, -28.703003
47, 47, 10.547739
47, 49, 27.507241
48, 1, -12.339161
48, 3, 15.115274
48, 4, 30.096365
48, 5, -29.334058
48, 6, -21.806597
48, 7, 8.582895
48, 8, -25.537842
48, 9, 12.297278
48, 10, 21.427266
48, 11, 0.435921
48, 13, 28.889150
48, 15, 16.726692
48, 16, -51.475077
48, 17, -36.905462
48, 20, 64.384057
48, 21, -22.482472
48, 22, -9.054918
48, 23, 28.633505
48, 25, -10.493745
48, 26, -92.000000
48, 27, 46.408610
48, 30, -61.274180
48, 32, 1.784675
48, 34, -39.404605
48, 35, -21.077415
48, 36, 11.003599
48, 37, -1.554906
48, 38, 15.777516
48, 39, -3.417319
48, 41, -0.663745
48, 42, 48.998330
48, 43, 4.808399
48, 44, 7.531781
48, 45, 42.775907
48, 46, -30.870685
48, 47, 18.308692
48, 48, -17.742292
48, 49, 25.259931
48, 50, 23.739283
49, 1, -16.666229
49, 3, 6.605019
49, 4, 38.288315
49, 5, -17.984993
49, 6, -29.385112
49, 7, 21.224707
49, 8, -14.771531
49, 9, 17.005010
49, 10, 30.494138
49, 11, 7.981957
49, 13, 30.926586
49, 16, -46.323514
49, 17, -37.410162
49, 18, -42.414338
49, 19, -29.380007
49, 21, -34.948891
49, 22, -12.029832
49, 24, -76.000000
49, 25, 3.829156
49, 27, 53.667330
49, 28, -25.610232
49, 29, 20.521037
49, 30, -54.782658
49, 31, 39.444632
49, 32, -13.327923
49, 33, 8.201224
49, 34, -43.565256
49, 35, -7.922585
49, 36, -2.012230
49, 37, 2.469510
49, 38, 20.946133
49, 39, -19.802794
49, 40, 21.684618
49, 41, 15.316413
49, 42, 54.237148
49, 43, 18.667480
49, 45, 31.120623
49, 48, -23.687606
49, 49, 24.223068
49, 50, 30.323514
50, 1, -16.166261
50, 3, -0.394262
50, 4, 45.688845
50, 5, -13.480441
50, 6, -42.230509
50, 8, -3.252170
50, 10, 35.570242
50, 13, 34.867161
50, 14, -45.847190
50, 15, 61.000000
50, 16, -44.886561
50, 17, -37.528070
50, 18, -29.585662
50, 19, -33.619993
50, 20, 4.000000
50, 22, -8.653094
50, 23, 75.000000
50, 25, 14.590213
50, 26, 68.000000
50, 27, 56.824607
50, 28, -10.389768
50, 29, 27.478963
50, 30, -53.450317
50, 31, 49.555368
50, 32, -23.371005
50, 33, 6.392797
50, 34, -53.807682
50, 36, -20.909526
50, 37, 15.220063
50, 39, -33.402729
50, 40, 23.315382
50, 41, 28.945546
50, 42, 58.890890
50, 43, 27.970656
50, 44, -53.000000
50, 45, 24.039814
50, 46, -72.000000
50, 47, -8.000000
50, 48, -36.890167
50, 49, 20.857752
50, 50, 40.622355
