1, 1, 33.000000
1, 3, -20.686223
1, 4, 5.377758
1, 6, 8.549022
1, 7, 5.781282
1, 8, 34.444550
1, 9, -30.041342
1, 10, -19.000000
1, 11, -4.795662
1, 12, 99999.000000
1, 13, -86.000000
1, 14, -58.053770
1, 15, -38.000000
1, 16, -0.016803
1, 18, -90.979836
1, 19, -46.233549
1, 20, -31.861569
1, 21, -10.884246
1, 22, -6.666611
1, 23, 10.538845
1, 24, 31.683287
1, 25, -32.646856
1, 27, 62.000000
1, 28, 3.239980
1, 29, -41.000000
1, 30, -28.624892
1, 32, -3.726930
1, 33, -28.041658
1, 34, -11.317887
1, 35, -10.818352
1, 37, -82.000000
1, 38, -87.000000
1, 39, 82.000000
1, 40, 1.073594
1, 41, 13.999473
1, 42, -29.554789
1, 43, -44.022914
1, 45, 3.122463
1, 46, -81.000000
1, 47, -7.813173
1, 49, 45.000000
1, 50, 11.414637
2, 2, 53.972194
2, 3, -20.705070
2, 4, 4.924802
2, 5, -41.567114
2, 6, 8.198388
2, 7, 5.829673
2, 8, 34.555450
2, 9, -40.011394
2, 11, -5.087311
2, 14, -57.946230
2, 16, 29.475170
2, 17, 7.404762
2, 19, -45.887132
2, 20, -31.509920
2, 21, -11.370088
2, 22, -16.840345
2, 23, 9.641411
2, 24, 31.511749
2, 25, -32.086616
2, 28, 3.394726
2, 30, -35.074800
2, 31, 24.701269
2, 32, -3.832197
2, 33, -27.513037
2, 34, -10.997729
2, 35, -10.271022
2, 36, -70.518483
2, 40, 0.596965
2, 41, 13.954750
2, 42, -29.440592
2, 43, -38.363366
2, 44, -16.716760
2, 45, 3.410337
2, 47, -7.106072
2, 48, -7.482282
2, 50, 11.557141
3, 1, -7.596632
3, 2, 7.188140
3, 3, -20.695397
3, 4, 4.264868
3, 5, -41.893753
3, 6, 7.739309
3, 7, 5.837839
3, 9, -29.692288
3, 11, -5.947353
3, 12, 30.227935
3, 13, 99999.000000
3, 15, -25.936149
3, 17, -43.675046
3, 19, -45.356601
3, 20, -31.180410
3, 21, -14.082815
3, 22, -7.522166
3, 23, 8.070949
3, 24, 31.502609
3, 25, -31.239072
3, 26, -28.433656
3, 27, -2.375224
3, 28, 3.515696
3, 29, 60.411233
3, 30, -28.316853
3, 31, 24.622176
3, 32, -3.824386
3, 33, -25.944036
3, 34, -10.255407
3, 35, -9.332940
3, 36, -70.481517
3, 37, -79.000000
3, 38, 41.659628
3, 39, 1.861318
3, 40, -0.031009
3, 41, 13.879289
3, 42, -29.399257
3, 43, -43.842063
3, 44, -17.371862
3, 45, 3.690833
3, 47, -5.615324
3, 48, -7.639852
3, 49, -52.189710
3, 50, 11.666284
4, 1, -7.312027
4, 2, 53.965464
4, 3, -20.654732
4, 4, 3.528854
4, 5, -42.289804
4, 6, 7.252920
4, 8, -28.730898
4, 9, -40.082089
4, 10, -95.000000
4, 11, -7.280865
4, 12, 30.084855
4, 14, 8.676726
4, 15, -26.063851
4, 17, 8.027192
4, 19, -44.725894
4, 20, -30.945366
4, 21, -15.829656
4, 23, 6.002373
4, 24, 31.659220
4, 25, -30.232755
4, 26, -13.584160
4, 27, -1.667542
4, 29, 60.530475
4, 31, 24.701924
4, 32, -3.711745
4, 33, -23.411559
4, 34, -9.130817
4, 35, -8.104520
4, 38, 41.340372
4, 39, 1.241358
4, 40, -0.690163
4, 43, -37.896826
4, 44, -18.589139
4, 45, 3.907659
4, 47, -3.474646
4, 48, -7.779207
4, 49, -52.215091
4, 50, 11.720843
5, 1, -6.787966
5, 2, 5.761434
5, 3, -20.580409
5, 4, 2.864355
5, 5, -42.678491
5, 6, 6.813490
5, 7, 6.571956
5, 8, -27.749791
5, 11, -8.935900
5, 12, 29.923940
5, 13, 13.756689
5, 14, 8.594241
5, 19, -44.053429
5, 21, -20.047893
5, 23, 3.660116
5, 24, 31.951627
5, 25, -29.214734
5, 26, -27.298439
5, 27, -0.254353
5, 29, 60.708158
5, 31, 24.929568
5, 32, -3.538605
5, 33, -20.058633
5, 34, -7.708145
5, 35, -6.706468
5, 36, -0.691462
5, 39, 0.348345
5, 40, -1.276356
5, 41, 12.158406
5, 43, -43.973765
5, 44, -20.196517
5, 45, 4.016950
5, 47, -0.849486
5, 49, -52.325226
5, 50, 11.714068
6, 1, -6.119051
6, 3, -20.482424
6, 5, -42.982459
6, 6, 6.468409
6, 7, 6.014467
6, 8, -25.693627
6, 10, -0.016505
6, 11, -10.718662
6, 13, 13.606545
6, 14, 7.932075
6, 16, -27.826545
6, 19, -43.410821
6, 20, -22.036843
6, 21, -21.899296
6, 23, 1.252632
6, 24, 32.319712
6, 25, -28.303298
6, 26, -14.582524
6, 27, 1.751836
6, 31, 25.267442
6, 32, -3.362584
6, 33, -16.085686
6, 34, -6.075242
6, 35, -5.243783
6, 36, -1.077985
6, 38, -17.818433
6, 39, -0.663535
6, 40, -1.692832
6, 41, 11.351319
6, 42, -64.378506
6, 43, -37.581494
6, 44, -21.953207
6, 47, 2.077396
6, 49, -52.495546
7, 1, -5.431728
7, 3, -20.376669
7, 4, -21.286602
7, 6, 6.225334
7, 7, 5.391325
7, 8, -22.750740
7, 10, -0.421724
7, 11, -12.402658
7, 12, 28.552116
7, 13, 13.485074
7, 14, 6.656051
7, 16, -3.630456
7, 18, 26.313487
7, 19, -42.855732
7, 20, -21.273049
7, 21, -27.140969
7, 22, 31.844976
7, 23, -1.021103
7, 25, -27.588368
7, 26, -24.695644
7, 27, 4.221871
7, 29, -32.053444
7, 31, 25.651289
7, 32, -3.265817
7, 33, -11.762895
7, 34, -4.361069
7, 35, -3.831324
7, 36, -1.831228
7, 38, -17.386522
7, 39, -1.621267
7, 40, -1.868278
7, 41, 9.725751
7, 42, -64.265854
7, 44, -23.612387
7, 46, -19.032552
7, 47, 5.118609
7, 50, 22.259060
8, 1, -4.862835
8, 4, -21.713398
8, 5, 2.746608
8, 6, 6.050251
8, 8, -19.152232
8, 9, 11.955187
8, 10, -0.952114
8, 11, -13.764560
8, 12, 28.480814
8, 13, 13.417707
8, 14, 4.735054
8, 16, -24.460809
8, 19, -42.433209
8, 20, -19.973814
8, 21, -27.978973
8, 22, 13.436941
8, 23, -2.999450
8, 24, -2.000000
8, 25, -27.116124
8, 26, -14.434652
8, 27, 7.006258
8, 29, -32.226925
8, 30, -29.078313
8, 32, -3.327160
8, 33, -7.391565
8, 34, -2.690802
8, 35, -2.557941
8, 36, -2.814882
8, 37, -45.495639
8, 38, -16.397091
8, 39, -2.370562
8, 41, 7.462828
8, 42, -64.258322
8, 44, -24.917253
8, 45, -7.758449
8, 46, -18.696572
8, 47, 8.068929
8, 48, -16.485208
8, 49, 14.000000
8, 50, 22.052259
9, 3, -24.761135
9, 5, 3.104966
9, 6, 5.866425
9, 8, -15.195745
9, 9, -11.486404
9, 10, -1.514229
9, 11, -14.609635
9, 12, 28.509698
9, 13, 13.416114
9, 14, 2.180842
9, 15, 23.000000
9, 16, -3.162349
9, 17, 60.000000
9, 19, -42.173180
9, 20, -18.250408
9, 21, -33.905663
9, 22, 28.160321
9, 23, -4.568105
9, 25, -26.868716
9, 26, -20.454804
9, 27, 9.964775
9, 29, -32.496087
9, 30, -28.734640
9, 31, -68.000000
9, 32, -3.614410
9, 33, -3.313618
9, 34, -1.220223
9, 35, -1.507120
9, 36, -3.855157
9, 37, -45.184953
9, 38, -14.909839
9, 39, -2.786462
9, 40, 12.456702
9, 41, 4.759661
9, 44, -25.679783
9, 45, -7.080814
9, 46, -18.417084
9, 47, 10.744345
9, 48, -16.936738
9, 50, 21.869305
10, 1, 10.643718
10, 2, -44.849262
10, 3, -24.872678
10, 4, -2.551198
10, 5, 3.496963
10, 6, 5.565059
10, 7, -17.138919
10, 8, -11.191330
10, 9, 11.683352
10, 10, -2.012605
10, 13, 13.470274
10, 14, -0.964086
10, 16, -20.237173
10, 19, -42.089927
10, 20, -16.210114
10, 21, -32.821084
10, 22, 12.121090
10, 23, -5.675992
10, 24, -24.442538
10, 25, -26.778558
10, 26, -12.361243
10, 27, 12.973973
10, 29, -32.809057
10, 30, -28.440288
10, 32, -4.173540
10, 33, 0.131665
10, 34, -0.088017
10, 35, -0.739597
10, 36, -4.764090
10, 37, -44.849171
10, 38, -13.016212
10, 40, 13.590856
10, 41, 1.858009
10, 42, -54.634841
10, 43, -1.337011
10, 45, -6.354808
10, 46, -18.219181
10, 47, 12.964330
10, 48, -17.762196
10, 49, -1.384132
10, 50, 21.749323
11, 1, 11.300243
11, 2, -44.949499
11, 3, -25.090407
11, 4, -1.646713
11, 5, 3.843333
11, 6, 5.021230
11, 7, -17.024883
11, 8, -7.467026
11, 9, -8.718697
11, 10, -2.363349
11, 11, -29.499045
11, 12, -16.000000
11, 13, 13.567853
11, 14, -4.605874
11, 15, 10.963033
11, 16, -2.377414
11, 17, -2.461243
11, 20, -13.935085
11, 21, -39.244702
11, 22, 22.253537
11, 23, -6.314613
11, 24, -24.103895
11, 25, -26.738270
11, 26, -14.711265
11, 27, 15.914554
11, 28, 9.508401
11, 30, -28.252450
11, 32, -5.019354
11, 33, 2.633424
11, 34, 0.574102
11, 35, -0.325466
11, 36, -5.378778
11, 37, -44.545574
11, 38, -10.826380
11, 39, 5.242580
11, 40, 15.514840
11, 41, -1.036220
11, 42, -54.795096
11, 44, 0.048724
11, 45, -5.725138
11, 46, -18.083368
11, 47, 14.565794
11, 48, -18.810392
11, 49, -0.831026
11, 50, 21.713323
12, 1, 12.513956
12, 2, -45.108057
12, 3, -25.374878
12, 4, 0.063844
12, 6, 4.119927
12, 7, -16.892547
12, 8, -4.326769
12, 9, 11.895269
12, 10, -2.500399
12, 11, -29.224191
12, 13, 13.680476
12, 14, -8.615794
12, 16, -17.084358
12, 17, -2.189071
12, 18, 7.625939
12, 19, -5.464994
12, 20, -11.495470
12, 21, -35.597456
12, 22, 9.317043
12, 23, -6.531923
12, 24, -23.737723
12, 25, -26.632108
12, 26, -8.311240
12, 27, 18.673513
12, 28, 9.491599
12, 29, 80.000000
12, 31, 18.632744
12, 32, -6.131765
12, 33, 3.934789
12, 37, -44.301455
12, 38, -8.476806
12, 39, 4.891243
12, 40, 17.927327
12, 41, -3.714284
12, 42, -54.967114
12, 43, -13.278949
12, 44, -0.402335
12, 45, -5.311926
12, 46, -17.959692
12, 47, 15.401596
12, 48, -19.902537
12, 49, -0.278537
13, 1, 14.166338
13, 2, -45.286571
13, 3, -25.684580
13, 4, 2.433457
13, 5, 35.841063
13, 6, 2.774951
13, 7, -16.748779
13, 8, -2.069651
13, 9, -5.634633
13, 11, -28.841139
13, 14, -12.797186
13, 17, -1.841735
13, 18, 7.533873
13, 19, -5.053905
13, 20, -8.932690
13, 21, -42.371475
13, 22, 15.124103
13, 23, -6.410449
13, 24, -23.412492
13, 25, -26.338623
13, 26, -8.057198
13, 27, 21.166406
13, 30, -53.903553
13, 31, 18.367256
13, 32, -7.452598
13, 34, -3.275569
13, 35, 4.759637
13, 36, -44.020164
13, 37, -44.152150
13, 38, -6.098366
13, 39, 4.535600
13, 40, 20.472814
13, 41, -6.016968
13, 43, -13.802017
13, 44, -0.976449
13, 46, -17.776057
13, 48, -20.853658
13, 49, 0.164501
13, 50, 10.050057
14, 1, 16.138995
14, 2, -45.447400
14, 3, -25.967571
14, 4, 5.297251
14, 5, 34.987519
14, 6, 0.942007
14, 7, -16.586964
14, 8, -0.917119
14, 9, 12.294613
14, 10, 17.729620
14, 11, -28.415546
14, 13, -20.897772
14, 14, -16.945211
14, 17, -1.491100
14, 18, 7.500684
14, 19, -4.613387
14, 20, -6.289232
14, 22, 5.312171
14, 23, -6.075998
14, 24, -23.183248
14, 25, -25.762081
14, 26, -3.046644
14, 27, 23.333068
14, 28, -49.626495
14, 30, -41.310168
14, 32, -8.878895
14, 33, -39.550040
14, 34, -2.724431
14, 35, 5.489015
14, 36, -43.979836
14, 37, -44.101467
14, 38, -3.841227
14, 39, 4.242558
14, 40, 22.773564
14, 41, -7.799422
14, 43, -14.523202
14, 44, -1.559370
14, 46, -17.430819
14, 47, -20.352650
14, 48, -21.496461
14, 50, 9.180130
15, 1, 18.285505
15, 2, -45.554002
15, 3, -26.172612
15, 4, 8.490292
15, 5, 33.053346
15, 6, -1.374245
15, 7, -16.397380
15, 9, -4.038602
15, 10, 17.548815
15, 11, -28.018460
15, 12, 9.290294
15, 13, -20.623439
15, 14, -20.828151
15, 18, 7.532852
15, 19, -4.236080
15, 20, -3.585894
15, 22, 7.929354
15, 23, -5.649875
15, 24, -23.079569
15, 25, -24.848226
15, 26, -1.529759
15, 27, 25.133937
15, 28, -49.476415
15, 29, 41.912738
15, 30, -53.989547
15, 31, -84.000000
15, 32, -10.286440
15, 33, -39.754073
15, 35, 6.726249
15, 37, -44.152504
15, 38, -1.835258
15, 39, 4.063880
15, 40, 24.500198
15, 41, -8.967736
15, 43, -15.303279
15, 45, -1.422720
15, 46, -16.828755
15, 47, -20.333722
15, 49, 4.929107
15, 50, 7.544557
16, 1, 20.455448
16, 2, -45.580078
16, 3, -26.265487
16, 4, 11.868968
16, 5, 30.154431
16, 6, -4.115356
16, 7, -16.175971
16, 8, -29.238693
16, 10, 17.254693
16, 11, -27.709245
16, 12, -15.385728
16, 13, -20.433488
16, 14, -24.214104
16, 16, -9.064054
16, 17, 53.642825
16, 20, -0.850453
16, 22, 0.928946
16, 23, -5.263736
16, 24, -23.111847
16, 25, -23.592540
16, 26, 2.096913
16, 27, 26.549663
16, 28, -49.475368
16, 29, 41.519111
16, 30, -41.057900
16, 32, -11.542829
16, 33, -39.932505
16, 34, 2.000000
16, 35, 8.248978
16, 36, 66.000000
16, 38, -0.196339
16, 40, 25.395746
16, 41, -9.441124
16, 43, -15.989280
16, 44, 22.341928
16, 45, -1.501548
16, 46, -15.894091
16, 47, -20.395885
16, 48, -2.420112
16, 49, 4.483515
16, 50, 5.330490
17, 1, 22.483213
17, 2, -45.513289
17, 4, 15.290285
17, 5, 26.426152
17, 6, -7.184310
17, 7, -15.923171
17, 8, -29.489480
17, 9, -27.239630
17, 10, 16.900183
17, 11, -27.532668
17, 12, 8.905103
17, 13, -20.363796
17, 14, -26.877585
17, 15, -39.469974
17, 16, -16.186535
17, 17, 53.357175
17, 18, 17.723452
17, 19, 86.000000
17, 20, 1.903565
17, 21, 15.997650
17, 22, 2.067839
17, 23, -5.007548
17, 25, -22.051489
17, 26, 3.572204
17, 27, 27.586954
17, 28, -49.624974
17, 29, 41.124482
17, 31, 99999.000000
17, 32, -12.516077
17, 33, -40.050447
17, 35, 9.782273
17, 38, 0.983076
17, 39, 15.765317
17, 42, -15.542283
17, 43, -16.445226
17, 44, 22.239482
17, 45, -1.460706
17, 46, -14.589069
17, 47, -20.526470
17, 48, -2.010980
17, 49, 3.707210
17, 50, 2.773975
18, 1, 24.216832
18, 2, -45.367702
18, 3, -73.000000
18, 4, 18.653402
18, 5, 22.063141
18, 6, -10.455634
18, 7, -15.666089
18, 8, -29.949318
18, 9, -26.790068
18, 10, 16.536499
18, 12, -15.122352
18, 13, -20.427161
18, 14, -28.644558
18, 15, -8.684177
18, 16, -11.355815
18, 18, 17.079633
18, 20, 4.638518
18, 21, 9.909121
18, 22, -2.484686
18, 24, -33.798364
18, 25, -20.313568
18, 26, 5.644029
18, 27, 28.264083
18, 29, 40.800398
18, 32, -13.077547
18, 34, 23.000000
18, 35, 11.052913
18, 36, 21.525204
18, 37, 73.000000
18, 38, 1.640529
18, 39, 14.781912
18, 40, 0.372019
18, 41, 47.817768
18, 42, -15.275522
18, 44, 22.073281
18, 45, -1.305286
18, 46, -12.919261
18, 47, -20.693643
18, 48, -1.525586
18, 49, 2.700327
18, 50, 0.130484
19, 1, 25.487265
19, 2, -45.166911
19, 4, 21.873453
19, 5, 17.283522
19, 6, -13.772248
19, 7, -15.431236
19, 8, -30.532164
19, 9, -26.348854
19, 10, 16.233667
19, 11, -6.549779
19, 13, -20.614524
19, 14, -29.376485
19, 15, -38.709198
19, 16, -17.818779
19, 17, -32.101161
19, 18, 16.244997
19, 19, 4.824531
19, 20, 7.313457
19, 21, 14.605039
19, 22, -0.919552
19, 23, -7.213977
19, 24, -34.201636
19, 25, -18.508591
19, 26, 6.015614
19, 27, 28.616469
19, 28, -10.053126
19, 29, 40.606079
19, 31, -90.000000
19, 33, 23.788279
19, 35, 11.832795
19, 36, 21.474796
19, 38, 1.763777
19, 39, 13.673477
19, 40, 0.624124
19, 41, 47.584997
19, 42, -15.071753
19, 45, -1.065920
19, 46, -10.933079
19, 48, -1.058696
19, 49, 1.563062
19, 50, -2.342261
20, 1, 26.175198
20, 3, 62.000000
20, 4, 24.892311
20, 5, 12.362769
20, 6, -16.961243
20, 8, -31.132364
20, 10, 16.041658
20, 11, -6.807506
20, 15, -10.056602
20, 16, -15.249929
20, 17, -31.097342
20, 18, 15.366949
20, 19, 5.482817
20, 20, 9.879008
20, 21, 9.504048
20, 23, -7.151689
20, 25, -16.795835
20, 27, 28.671397
20, 28, -10.772301
20, 29, 40.582261
20, 30, -57.568892
20, 33, 23.798918
20, 34, 17.293572
20, 37, -37.370617
20, 39, 11.093498
20, 40, 1.035690
20, 41, 47.451436
20, 42, -14.958395
20, 43, 74.959673
20, 44, 1.604609
20, 46, -8.729847
20, 47, 26.747732
20, 49, 0.414781
20, 50, -4.403075
21, 4, 27.659740
21, 5, 7.591233
21, 6, -19.827906
21, 7, -24.980247
21, 8, -31.636375
21, 11, -7.068231
21, 12, -32.461368
21, 13, -58.137784
21, 14, 20.029311
21, 15, -38.029185
21, 16, -20.734885
21, 17, -28.918489
21, 18, 14.580297
21, 19, 6.394131
21, 20, 12.303615
21, 21, 13.269590
21, 23, -7.093097
21, 25, -15.335152
21, 28, -11.998742
21, 31, -14.098103
21, 32, -13.000000
21, 33, 24.084900
21, 34, 3.461161
21, 35, 8.050587
21, 36, -24.694751
21, 37, -37.629383
21, 38, 13.108423
21, 39, 9.056087
21, 40, 1.548152
21, 41, 47.444247
21, 42, -14.939337
21, 44, 0.892406
21, 45, 11.119523
21, 46, -6.458588
21, 47, 25.941442
21, 48, -41.612841
21, 49, -0.646445
21, 50, -5.844662
22, 1, -96.000000
22, 3, 35.543887
22, 4, 30.125511
22, 5, 3.287370
22, 6, -22.182988
22, 7, -24.637185
22, 10, -9.330305
22, 11, -7.290767
22, 12, -31.963083
22, 13, -57.862216
22, 14, 20.208361
22, 15, -10.789828
22, 16, -19.611473
22, 17, -25.789483
22, 18, 14.015276
22, 19, 7.381838
22, 20, 14.554987
22, 21, 9.660569
22, 22, 80.508401
22, 23, -7.049309
22, 24, -60.540277
22, 25, -14.279522
22, 26, 43.896559
22, 28, -13.578780
22, 31, -14.674450
22, 33, 24.647163
22, 34, 16.495616
22, 35, 8.595211
22, 36, -23.980372
22, 38, 13.038619
22, 39, 4.976917
22, 40, 2.091442
22, 42, -14.986117
22, 44, -0.143093
22, 45, 10.780444
22, 46, -4.288937
22, 47, 24.539886
22, 48, -41.360764
22, 49, -1.511012
22, 50, -6.514080
23, 3, 35.410705
23, 4, 32.245394
23, 5, -0.244601
23, 6, -23.857575
23, 7, -24.317006
23, 8, -0.106524
23, 9, -11.286519
23, 10, -8.879092
23, 11, -7.441046
23, 12, -31.150783
23, 14, 20.493488
23, 16, -23.849609
23, 17, -22.020705
23, 18, 13.761332
23, 19, 8.252569
23, 20, 16.628189
23, 21, 12.583738
23, 22, 80.491599
23, 23, -7.024600
23, 24, -60.435046
23, 25, -13.744842
23, 26, 43.739790
23, 28, -15.325350
23, 30, 17.134772
23, 31, -15.814519
23, 32, 91.000000
23, 33, 25.439390
23, 34, 2.152333
23, 35, 9.521368
23, 36, -22.477153
23, 38, 13.022488
23, 39, 2.755487
23, 40, 2.604508
23, 41, 24.517916
23, 42, -15.051155
23, 44, -1.363386
23, 45, 10.457970
23, 46, -2.416221
23, 47, 22.711532
23, 48, -41.202802
23, 49, -2.106600
24, 1, 16.408180
24, 2, -73.000000
24, 3, 35.415479
24, 4, 33.977595
24, 5, -2.707818
24, 6, -24.704814
24, 7, -24.089411
24, 8, 0.125387
24, 9, -12.078995
24, 10, -8.283763
24, 11, -7.505503
24, 12, -30.147268
24, 13, 33.000000
24, 14, 20.830555
24, 15, -2.263005
24, 16, -22.964977
24, 17, -17.978990
24, 19, 8.838164
24, 20, 18.522701
24, 21, 10.451711
24, 24, -60.394003
24, 26, 43.557216
24, 27, -31.715021
24, 28, -17.056209
24, 29, -54.375835
24, 30, 16.719487
24, 31, -17.372315
24, 33, 26.399740
24, 35, 10.714241
24, 36, -20.296540
24, 38, 13.063014
24, 39, -2.826209
24, 40, 3.019885
24, 41, 25.011028
24, 42, -15.070558
24, 43, 9.548802
24, 44, -2.630056
24, 45, 10.219151
24, 46, -1.029976
24, 47, 20.663329
24, 49, -2.371290
24, 50, -62.000000
25, 1, 16.327803
25, 3, 35.568847
25, 4, 35.274773
25, 5, -3.887463
25, 7, -24.000586
25, 8, 0.313134
25, 9, -13.652342
25, 10, -7.664928
25, 11, -7.473823
25, 12, -29.101369
25, 15, -2.406341
25, 16, -25.804312
25, 17, -14.056335
25, 18, 14.000000
25, 20, 20.254614
25, 21, 12.660902
25, 22, -12.946352
25, 24, -60.432945
25, 25, 25.000000
25, 27, -31.255308
25, 28, -18.583925
25, 29, -54.477325
25, 30, 16.032982
25, 31, -19.158000
25, 33, 27.428522
25, 35, 12.041073
25, 36, -17.589140
25, 38, 13.149986
25, 39, -4.370797
25, 40, 3.285651
25, 41, 25.525537
25, 42, -14.980783
25, 43, 29.251248
25, 44, -3.824386
25, 46, -0.288321
25, 47, 18.624514
25, 48, -14.898441
26, 1, 16.264483
26, 2, -51.070573
26, 3, 35.849964
26, 4, 36.099790
26, 6, 10.185960
26, 8, 0.418632
26, 9, -15.841817
26, 10, -7.135201
26, 11, -7.359930
26, 12, -28.158143
26, 13, 54.885740
26, 14, -56.682340
26, 15, -2.572497
26, 17, -10.650869
26, 19, -26.343164
26, 20, 21.851456
26, 21, 11.597789
26, 22, -12.838372
26, 23, -1.222618
26, 24, -60.538827
26, 26, -25.021372
26, 27, -30.831490
26, 28, -19.775220
26, 29, -54.664973
26, 30, 15.161103
26, 31, -20.944717
26, 32, -49.979836
26, 33, 28.427131
26, 35, 13.368385
26, 36, -14.534264
26, 39, -11.538457
26, 41, 25.960892
26, 42, -14.727710
26, 43, 12.675716
26, 44, -4.840232
26, 47, 16.814194
26, 48, -14.684979
26, 49, 38.000000
26, 50, -33.419232
27, 1, 16.232055
27, 2, -50.929427
27, 3, 36.206365
27, 4, 36.422088
27, 5, -18.102103
27, 6, 10.096186
27, 7, 20.689462
27, 9, -18.433263
27, 10, -6.787274
27, 12, -27.444515
27, 13, 55.114260
27, 14, -56.820851
27, 15, -2.734359
27, 16, -19.596690
27, 17, -8.127303
27, 18, -7.184336
27, 19, -25.597001
27, 20, 23.352121
27, 21, 13.216020
27, 22, -12.966560
27, 23, -0.588261
27, 24, -60.696318
27, 25, -56.000000
27, 26, -25.161693
27, 27, -30.532404
27, 28, -20.518053
27, 29, -54.903240
27, 30, 14.191334
27, 31, -22.516517
27, 33, 29.275880
27, 34, 33.508561
27, 35, 14.570711
27, 36, -11.324347
27, 37, 9.737873
27, 38, -18.843108
27, 39, -11.340575
27, 40, -28.002805
27, 42, -14.285376
27, 43, 30.076796
27, 44, -5.605525
27, 45, -25.509106
27, 46, 7.876493
27, 47, 15.434705
27, 48, -14.594590
27, 50, -32.765131
28, 3, 36.568177
28, 5, -11.813243
28, 6, 9.969826
28, 7, 21.045250
28, 8, -22.286602
28, 9, -21.174344
28, 12, -27.066073
28, 14, -57.064101
28, 16, -19.274360
28, 17, -6.775644
28, 18, -7.540530
28, 19, -24.281375
28, 20, 24.788436
28, 21, 12.627665
28, 22, -13.318632
28, 23, 0.655324
28, 24, -60.864808
28, 26, -25.514070
28, 27, -30.421620
28, 28, -20.758358
28, 29, -55.147829
28, 30, 13.217880
28, 31, -23.682623
28, 33, 29.865971
28, 34, 13.328098
28, 35, 15.572051
28, 36, -8.172255
28, 37, 10.262127
28, 38, -19.101574
28, 39, -20.108610
28, 40, -27.647786
28, 41, -36.137400
28, 42, -13.637046
28, 43, 16.939966
28, 44, -6.079267
28, 45, -25.665693
28, 46, 7.550586
28, 47, 14.658711
28, 48, -14.651256
28, 49, -81.020164
28, 50, -31.645200
29, 1, 2.876585
29, 5, -17.120181
29, 6, 9.828229
29, 7, 21.431776
29, 8, -22.713398
29, 9, -23.813466
29, 10, 25.406131
29, 11, 47.258971
29, 16, -18.993311
29, 18, -7.961997
29, 19, -22.539007
29, 20, 26.187925
29, 21, 13.792873
29, 22, -13.847449
29, 23, 2.368616
29, 24, -61.020272
29, 25, 19.457431
29, 26, -26.032395
29, 27, -30.517632
29, 30, 12.328328
29, 31, -24.284220
29, 34, 33.273110
29, 35, 16.306193
29, 36, -5.287363
29, 38, -19.614693
29, 39, -17.037775
29, 40, -27.400166
29, 41, -36.055921
29, 42, -12.814066
29, 43, 31.542660
29, 44, -6.240370
29, 45, -25.903724
29, 46, 7.296782
29, 48, -14.872986
29, 49, -80.979836
29, 50, -30.173499
30, 1, 2.124245
30, 2, -31.659833
30, 3, 15.856566
30, 4, 18.834671
30, 5, -10.240073
30, 6, 9.719784
30, 9, -26.088502
30, 10, 25.814337
30, 11, 46.512873
30, 12, 40.906226
30, 14, 31.242200
30, 16, -18.826801
30, 17, 6.754321
30, 19, -20.520517
30, 20, 27.543711
30, 22, -14.469578
30, 23, 4.355560
30, 25, 19.664349
30, 26, -26.676118
30, 28, -5.694757
30, 29, -9.997584
30, 30, 11.599898
30, 32, -1.744818
30, 33, -62.000000
30, 34, 14.026643
30, 35, 16.756492
30, 36, -2.876753
30, 37, 9.390692
30, 38, -20.294078
30, 39, -27.225283
30, 40, -27.312139
30, 41, -36.087912
30, 42, -11.871548
30, 43, 20.401991
30, 45, -26.176139
30, 47, 24.040327
30, 48, -15.243956
30, 50, -28.483344
31, 1, 1.013803
31, 2, -31.348346
31, 3, 15.418823
31, 4, 18.536460
31, 5, -16.474382
31, 6, 9.677014
31, 7, -43.843133
31, 8, 11.869849
31, 9, -27.770858
31, 10, 26.260669
31, 11, 44.816558
31, 12, 40.465803
31, 13, -10.638130
31, 14, 31.152907
31, 15, 12.464714
31, 16, -18.829543
31, 17, 7.369916
31, 18, 63.000000
31, 19, -18.385415
31, 20, 28.816830
31, 21, -0.477668
31, 22, -15.078132
31, 23, 6.429097
31, 24, -54.053358
31, 25, 20.031938
31, 26, -27.381839
31, 28, -5.762814
31, 29, -9.677294
31, 30, 11.083800
31, 32, -7.932788
31, 34, 33.383167
31, 35, 16.924393
31, 36, -1.130812
31, 37, 8.769285
31, 38, -21.020651
31, 39, -20.362734
31, 42, -10.893047
31, 43, 32.792113
31, 44, -85.000000
31, 45, -26.431254
31, 46, -34.404223
31, 47, 23.959673
31, 48, -15.730448
31, 50, -26.689575
32, 1, -0.267894
32, 2, -30.549763
32, 3, 14.801009
32, 4, 18.432486
32, 5, -9.066425
32, 6, 9.728391
32, 7, -43.524830
32, 8, 11.561865
32, 9, -28.676231
32, 10, 26.654709
32, 11, 42.369262
32, 12, 39.540122
32, 13, 15.040117
32, 14, 31.212654
32, 16, -19.015027
32, 17, 8.280166
32, 19, -16.262839
32, 20, 29.941880
32, 21, -1.394184
32, 22, -15.571185
32, 23, 8.385307
32, 24, -54.180057
32, 25, 20.494392
32, 26, -28.076314
32, 28, -5.868359
32, 29, -9.436209
32, 30, 10.835186
32, 33, -49.000000
32, 35, 16.857920
32, 36, -0.206974
32, 37, 8.075087
32, 38, -21.671881
32, 39, -31.495197
32, 40, -9.630578
32, 42, -9.976293
32, 46, -34.595777
32, 48, -16.265850
32, 49, 5.870471
32, 50, -24.925232
33, 1, -1.535708
33, 2, -29.321186
33, 3, 14.107896
33, 4, 18.568713
33, 6, 9.864937
33, 7, -43.185656
33, 8, 10.821965
33, 11, 39.446507
33, 12, 38.235286
33, 13, -8.401303
33, 14, 31.416731
33, 15, 55.000000
33, 16, -19.364472
33, 17, 9.314299
33, 18, -21.110900
33, 19, -14.258042
33, 20, 30.846775
33, 21, -2.762455
33, 22, -15.859255
33, 23, 10.059230
33, 24, -54.316147
33, 25, 20.963075
33, 26, -28.675458
33, 27, -17.390449
33, 28, -6.004970
33, 29, -9.341975
33, 32, -5.790411
33, 34, 11.000000
33, 35, 16.613033
33, 37, 7.444033
33, 38, -22.130432
33, 40, -9.255445
33, 42, -9.237888
33, 45, 18.075895
33, 47, -96.010082
33, 48, -16.792024
33, 49, 5.402371
33, 50, -23.289017
34, 1, -2.620606
34, 2, -27.743318
34, 3, 13.453327
34, 4, 18.953202
34, 6, 10.072106
34, 8, 9.702215
34, 9, -58.270070
34, 10, -22.875329
34, 11, 36.392327
34, 12, 36.683866
34, 13, 15.995890
34, 14, 31.736829
34, 16, -19.820104
34, 17, 10.285137
34, 18, -20.889100
34, 19, -12.440569
34, 20, 31.436991
34, 21, -4.415095
34, 23, 11.319577
34, 24, -54.433631
34, 26, -29.108433
34, 27, -17.098791
34, 28, -6.188898
34, 29, -9.453608
34, 30, 4.000000
34, 31, -14.636104
34, 32, -5.629547
34, 33, 21.609219
34, 35, 16.280495
34, 36, 15.073543
34, 37, 6.998904
34, 40, -8.832760
34, 41, 24.969755
34, 42, -8.772512
34, 43, -25.542056
34, 44, 41.300546
34, 45, 17.897415
34, 46, 85.000000
34, 47, -61.849784
34, 48, -17.217754
34, 49, 4.570309
34, 50, -21.883120
35, 1, -3.397274
35, 2, -25.920185
35, 3, 12.944660
35, 4, 19.557893
35, 7, -43.151227
35, 8, 8.249769
35, 9, -58.195465
35, 10, -23.183123
35, 11, 33.572664
35, 12, 35.046162
35, 13, -6.599171
35, 14, 32.110642
35, 17, 11.011070
35, 19, -10.844669
35, 21, -6.168921
35, 22, -32.981656
35, 23, 12.109536
35, 24, -54.509529
35, 25, -15.447911
35, 27, -16.708735
35, 28, -6.425704
35, 29, -9.789712
35, 32, -5.372475
35, 33, 21.390781
35, 34, -25.988928
35, 35, 15.922196
35, 36, 16.022573
35, 38, 12.146260
35, 40, -8.431719
35, 43, -25.640468
35, 44, 41.349306
35, 45, 17.888500
35, 48, -17.482246
35, 49, 3.504345
35, 50, -20.777014
36, 1, -3.806076
36, 2, -23.978760
36, 3, 12.654001
36, 4, 20.320043
36, 6, -93.000000
36, 7, -24.700185
36, 8, 6.532971
36, 9, -58.178164
36, 10, -23.848601
36, 11, 31.340039
36, 12, 33.496236
36, 18, -8.757086
36, 19, -9.477940
36, 20, -26.232326
36, 21, -7.867703
36, 22, -32.449739
36, 23, 12.415179
36, 25, -15.552089
36, 26, -60.545201
36, 27, -16.299460
36, 28, -6.728858
36, 29, -10.360126
36, 30, -10.050409
36, 31, 15.302498
36, 32, -5.047805
36, 34, -26.113981
36, 35, 15.616082
36, 36, 17.622170
36, 37, 0.000000
36, 38, 11.665554
36, 39, -10.213679
36, 40, -8.104883
36, 42, 7.713513
36, 43, -25.796564
36, 44, 41.434481
36, 45, 18.100126
36, 46, 47.959673
36, 49, 2.364979
36, 50, -20.031360
37, 1, -3.860532
37, 2, -22.044353
37, 4, 21.144836
37, 5, -13.000000
37, 8, 4.619474
37, 10, -24.753749
37, 11, 29.994305
37, 12, 32.197402
37, 13, 14.762665
37, 14, -27.621853
37, 16, -43.000000
37, 17, -21.524125
37, 18, -8.242914
37, 19, -8.328074
37, 20, -26.559962
37, 21, -9.371645
37, 22, -31.405558
37, 23, 12.306051
37, 24, 46.387194
37, 26, -60.535604
37, 27, -15.957105
37, 28, -7.079918
37, 29, -11.123524
37, 30, -9.949591
37, 31, 15.575108
37, 32, -4.670491
37, 33, 5.761398
37, 34, -26.509478
37, 35, 15.408425
37, 36, 19.635128
37, 38, 11.226945
37, 39, 18.825300
37, 40, -7.888917
37, 41, 99999.000000
37, 42, 7.917620
37, 44, 41.537541
37, 45, 18.548996
37, 46, -12.980505
37, 48, 8.771479
37, 49, 1.322792
37, 50, -19.683009
38, 1, -3.633886
38, 2, -20.237944
38, 4, 21.934747
38, 6, 3.941368
38, 8, 2.589487
38, 10, -25.739543
38, 12, 31.298434
38, 13, 15.483438
38, 14, -23.989725
38, 15, 24.564803
38, 17, -21.378434
38, 19, -7.360209
38, 20, -27.017231
38, 21, -10.567289
38, 22, -29.924977
38, 23, 11.864480
38, 24, 46.490770
38, 25, -25.582335
38, 26, -60.618161
38, 28, -7.473809
38, 29, -12.015633
38, 31, 15.861000
38, 32, -4.273603
38, 33, 6.238602
38, 34, -27.110650
38, 35, 15.343011
38, 36, 21.768098
38, 37, -3.049033
38, 38, 10.936817
38, 39, -8.388158
38, 40, -7.803575
38, 42, 8.619729
38, 43, 62.000000
38, 44, 41.639854
38, 45, 19.239411
38, 48, 9.228521
38, 49, 0.542443
39, 1, -3.246594
39, 2, -18.664381
39, 3, 74.621459
39, 4, 22.592002
39, 5, 26.814162
39, 6, 3.810179
39, 8, 0.520364
39, 9, 13.265887
39, 10, -26.637482
39, 12, 30.901340
39, 13, 16.773028
39, 14, -26.980620
39, 15, 0.398852
39, 16, 9.981211
39, 17, -21.241077
39, 18, 84.000000
39, 19, -6.557106
39, 20, -27.510258
39, 21, -11.367046
39, 22, -28.118392
39, 23, 11.235627
39, 24, 46.728358
39, 25, -30.815206
39, 26, -60.782926
39, 27, -6.891028
39, 28, -7.882954
39, 29, -12.944438
39, 30, 34.015461
39, 32, -3.878999
39, 34, -27.812846
39, 35, 15.424525
39, 36, 23.718999
39, 37, -2.802732
39, 38, 10.872475
39, 39, 17.042192
39, 41, -46.848438
39, 42, 9.834395
39, 44, 41.722771
39, 45, 20.127937
39, 49, 0.138395
40, 1, -2.834370
40, 2, -17.398140
40, 3, 74.505336
40, 4, 23.034981
40, 5, 26.661987
40, 6, 3.701000
40, 7, 8.656839
40, 8, -1.496294
40, 9, 13.349580
40, 10, -27.277905
40, 13, 18.481819
40, 14, -22.333520
40, 15, 22.519812
40, 16, 9.880433
40, 17, -21.165206
40, 19, -5.906548
40, 20, -27.937835
40, 21, -11.722909
40, 22, -26.090292
40, 23, 10.550492
40, 24, 47.052067
40, 27, -6.060009
40, 28, -8.299293
40, 29, -13.806271
40, 30, 33.408528
40, 31, -66.343254
40, 32, -3.527899
40, 33, -95.000000
40, 34, -28.495315
40, 35, 15.662548
40, 36, 25.203919
40, 37, -2.204849
40, 38, 11.087030
40, 39, -6.182333
40, 40, -30.989666
40, 41, -46.616477
40, 42, 11.575371
40, 43, -12.373978
40, 45, 21.152604
40, 47, -33.332219
40, 48, 0.325947
40, 50, 27.825249
41, 1, -2.513293
41, 2, -16.464793
41, 3, 74.430578
41, 4, 23.211174
41, 5, 26.523830
41, 7, 0.735488
41, 8, -3.386565
41, 9, 13.456102
41, 12, -4.258302
41, 13, 20.467793
41, 14, -26.183168
41, 15, -0.933596
41, 16, 9.881634
41, 17, -21.201915
41, 18, 53.210183
41, 19, -5.416940
41, 20, -28.216769
41, 22, -23.952703
41, 23, 9.943040
41, 26, 51.114260
41, 27, -4.205209
41, 28, -8.688211
41, 29, -14.485096
41, 30, 32.418989
41, 31, -66.233734
41, 32, -3.252256
41, 34, -29.035285
41, 35, 16.025369
41, 36, 26.005140
41, 37, -1.298539
41, 38, 11.580434
41, 39, 15.565558
41, 40, -30.614419
41, 41, -46.406561
41, 42, 13.822360
41, 43, -12.626022
41, 44, 12.705941
41, 45, 22.190803
41, 46, -24.063851
41, 47, -33.270881
41, 48, 0.423696
41, 49, 26.268129
41, 50, 28.174751
42, 2, -15.868291
42, 5, 26.421368
42, 6, -13.711678
42, 7, 6.934532
42, 8, -5.079986
42, 9, 13.573299
42, 12, -3.808570
42, 13, 22.579534
42, 14, -20.062524
42, 15, 19.959603
42, 16, 9.984853
42, 17, -21.383533
42, 18, 53.930464
42, 19, -5.112470
42, 22, -21.789998
42, 23, 9.497759
42, 24, 7.000000
42, 27, -1.469126
42, 28, -9.033399
42, 29, -14.894989
42, 30, 31.195699
42, 31, -66.104993
42, 32, -3.098652
42, 33, -45.712069
42, 35, 16.486824
42, 37, -0.128745
42, 38, 12.335744
42, 39, -4.377330
42, 40, -30.358620
42, 41, -46.257422
42, 42, 16.524364
42, 44, 12.658061
42, 45, 23.139708
42, 47, -33.318079
42, 48, 0.566661
42, 49, 25.719557
43, 1, 8.295605
43, 2, -15.566046
43, 3, 42.478156
43, 4, 15.830003
43, 5, 26.368233
43, 6, -14.164250
43, 7, 0.281094
43, 8, -6.529831
43, 9, 13.694964
43, 10, 12.908556
43, 11, 21.127703
43, 12, -3.220731
43, 13, 24.691583
43, 14, -25.522371
43, 15, -2.674160
43, 16, 10.167367
43, 17, -21.736292
43, 18, 52.888396
43, 20, 85.956312
43, 22, -19.694069
43, 23, 9.275914
43, 25, -20.849551
43, 27, 1.947666
43, 28, -9.305791
43, 30, 29.910525
43, 31, -65.983885
43, 32, -3.095134
43, 33, -2.130040
43, 34, -54.134424
43, 35, 16.980659
43, 36, -38.020733
43, 37, 1.246052
43, 38, 13.293451
43, 39, 15.278680
43, 40, -30.274710
43, 42, 19.580290
43, 43, -12.439572
43, 44, 12.517766
43, 45, 23.871594
43, 46, -59.000000
43, 48, 0.724347
43, 49, 25.088211
44, 1, 7.812964
44, 2, -15.484372
44, 3, 42.521844
44, 4, 16.009119
44, 6, -15.125913
44, 7, 5.348292
44, 8, -7.681930
44, 9, 13.832112
44, 10, 13.308529
44, 12, -2.610782
44, 13, 26.694670
44, 14, -17.818668
44, 15, 18.050335
44, 17, -22.260486
44, 18, 53.732779
44, 19, -88.000000
44, 20, 86.043688
44, 21, 10.922491
44, 22, -17.724316
44, 23, 9.257681
44, 24, 0.161309
44, 25, -19.499519
44, 27, 5.809276
44, 28, -9.496755
44, 29, 3.659628
44, 30, 28.745370
44, 31, -65.901634
44, 32, -3.272123
44, 33, -45.218801
44, 34, -53.865576
44, 35, 17.458031
44, 36, -37.696306
44, 37, 2.767073
44, 38, 14.377099
44, 40, -30.370220
44, 41, 11.978779
44, 42, 22.855562
44, 43, -11.954400
44, 44, 12.298431
44, 45, 24.294165
44, 47, -6.404662
44, 49, 24.501764
45, 1, 7.022087
45, 2, -15.541624
45, 4, 16.558766
45, 5, 30.330290
45, 6, -16.479650
45, 7, 0.568066
45, 8, -8.519301
45, 9, 13.981844
45, 10, 14.040201
45, 11, -12.333319
45, 12, -2.104040
45, 13, 28.510576
45, 14, -25.167657
45, 16, -41.067212
45, 17, -22.923602
45, 21, -0.364730
45, 22, -15.943047
45, 23, 9.413015
45, 24, -0.161309
45, 25, -18.904349
45, 26, 59.375231
45, 27, 9.834669
45, 28, -9.591424
45, 29, 3.340372
45, 30, 27.854890
45, 31, -65.881441
45, 32, -3.626764
45, 33, -0.301771
45, 35, 17.849223
45, 36, -37.324857
45, 37, 4.355570
45, 38, 15.493116
45, 40, -30.619131
45, 41, 11.984003
45, 42, 26.181611
45, 43, -10.925767
45, 44, 12.016909
45, 46, -31.094832
45, 47, -5.861912
45, 48, 59.080654
45, 49, 24.077718
46, 1, 6.038824
46, 2, -15.661305
46, 4, 17.401831
46, 5, 30.669710
46, 6, -18.079530
46, 7, 4.710682
46, 8, -9.038441
46, 9, 14.146617
46, 10, 14.992295
46, 11, -11.831624
46, 13, 30.080447
46, 14, -16.276484
46, 16, -40.932788
46, 17, -23.654336
46, 19, 5.236193
46, 20, 65.310025
46, 21, 8.082951
46, 22, -14.384264
46, 23, 9.657688
46, 25, -17.557064
46, 26, 53.592416
46, 27, 13.740565
46, 28, -9.604515
46, 30, 27.379679
46, 31, -65.935445
46, 32, -4.149222
46, 34, -52.987735
46, 35, 18.109794
46, 36, -36.981904
46, 37, 5.937000
46, 38, 16.547249
46, 40, -30.968155
46, 41, 12.224748
46, 42, 29.361496
46, 43, -9.500674
46, 44, 11.714015
46, 45, -73.000000
46, 46, -31.133644
46, 47, -5.235916
46, 48, 58.919346
46, 50, 5.282290
47, 1, 5.022908
47, 2, -15.782924
47, 3, 10.163248
47, 4, 18.403375
47, 6, -19.744851
47, 7, 1.568911
47, 8, -9.259210
47, 9, 14.326184
47, 10, 16.017087
47, 11, -11.255912
47, 12, 74.922706
47, 13, 31.369203
47, 17, -24.371032
47, 19, 5.763807
47, 20, 65.400370
47, 21, -2.276084
47, 22, -13.093824
47, 23, 9.916476
47, 24, -33.000000
47, 25, -15.885706
47, 27, 17.233358
47, 28, -9.542443
47, 29, 99999.000000
47, 31, -66.054998
47, 32, -4.778278
47, 34, -52.979111
47, 37, 7.420840
47, 38, 17.438517
47, 39, -5.238582
47, 40, -31.350039
47, 41, 12.664123
47, 42, 32.187829
47, 43, -7.905989
47, 44, 11.421392
47, 46, -31.189420
47, 47, -4.652898
47, 49, 23.669136
48, 1, 4.128870
48, 3, 9.916304
48, 4, 19.396991
48, 5, -28.865554
48, 6, -21.289433
48, 7, 5.069699
48, 8, -9.226733
48, 9, 14.509746
48, 10, 16.977308
48, 11, -10.715448
48, 13, 32.346987
48, 15, 24.259717
48, 16, -52.193940
48, 17, -24.983462
48, 20, 65.536254
48, 21, 5.204606
48, 22, -12.100717
48, 23, 10.106584
48, 25, -14.934932
48, 26, -92.000000
48, 27, 20.049733
48, 30, -62.913248
48, 32, -5.445834
48, 34, -53.096179
48, 35, -14.703316
48, 36, -10.580076
48, 37, 8.718849
48, 38, 18.097126
48, 39, -5.904544
48, 41, 13.235207
48, 42, 34.471636
48, 43, -6.380221
48, 44, 11.192578
48, 45, 38.532315
48, 46, -31.254387
48, 47, -4.225081
48, 48, -34.606948
48, 49, 23.570114
48, 50, 35.790970
49, 1, 3.498217
49, 3, 9.631780
49, 4, 20.218538
49, 5, -28.555613
49, 6, -22.514496
49, 7, 2.661011
49, 8, -9.010727
49, 9, 14.664532
49, 10, 17.725743
49, 11, -10.314135
49, 13, 33.007144
49, 16, -52.060333
49, 17, -25.418034
49, 18, -36.198275
49, 19, -31.434468
49, 21, -3.829418
49, 22, -11.439296
49, 24, -76.000000
49, 25, -13.249507
49, 27, 21.957048
49, 28, -18.235242
49, 29, 23.892461
49, 30, -62.750462
49, 31, 44.343732
49, 32, -6.055679
49, 33, 18.665607
49, 34, -53.318143
49, 35, -14.296684
49, 36, -11.095527
49, 37, 9.732404
49, 38, 18.450087
49, 39, -6.599340
49, 40, 22.474796
49, 41, 13.836752
49, 42, 36.037710
49, 43, -5.160613
49, 45, 38.185410
49, 48, -34.895650
49, 49, 23.451048
49, 50, 36.060333
50, 1, 3.217994
50, 3, 9.368490
50, 4, 20.735502
50, 5, -28.321191
50, 6, -23.270702
50, 8, -8.692358
50, 10, 18.150448
50, 13, 33.317808
50, 14, -48.902543
50, 15, 61.000000
50, 16, -51.967711
50, 17, -25.616882
50, 18, -35.801725
50, 19, -31.565532
50, 20, 4.000000
50, 22, -11.123734
50, 23, 75.000000
50, 25, -13.171770
50, 26, 68.000000
50, 27, 22.798055
50, 28, -17.764758
50, 29, 24.107539
50, 30, -62.644601
50, 31, 44.656268
50, 32, -6.512013
50, 33, -0.771479
50, 34, -53.600940
50, 36, -11.675872
50, 37, 10.367741
50, 39, -7.184659
50, 40, 22.525204
50, 41, 14.356133
50, 42, 36.756089
50, 43, -4.438192
50, 44, -53.000000
50, 45, 37.888977
50, 46, -72.000000
50, 47, -8.000000
50, 48, -35.264426
50, 49, 23.333500
50, 50, 36.370681
