1, 1, 33.000000
1, 3, -17.161463
1, 4, 32.813195
1, 6, 27.450150
1, 7, 8.595439
1, 8, 32.903955
1, 9, -31.540715
1, 10, -19.000000
1, 11, 10.443884
1, 12, 99999.000000
1, 13, -86.000000
1, 14, -59.547680
1, 15, -38.000000
1, 16, 20.706688
1, 18, -85.000000
1, 19, -55.097893
1, 20, -40.040851
1, 21, 14.883606
1, 22, 0.762787
1, 23, 36.741088
1, 24, 24.563539
1, 25, -54.990632
1, 26, 99999.000000
1, 27, 62.000000
1, 28, 2.725871
1, 29, -41.000000
1, 30, -39.726879
1, 32, -10.950050
1, 33, -44.310415
1, 34, -16.784042
1, 35, -29.005764
1, 37, -82.000000
1, 38, -87.000000
1, 39, 82.000000
1, 40, 13.674822
1, 41, 18.209674
1, 42, -25.126660
1, 43, -34.326632
1, 45, -2.797014
1, 46, -81.000000
1, 47, -34.315180
1, 49, 45.000000
1, 50, 12.637455
2, 2, 32.953376
2, 3, -18.057280
2, 4, 26.214596
2, 5, -29.684178
2, 6, 20.871825
2, 7, 10.857895
2, 8, 36.096045
2, 9, -17.814876
2, 11, 13.409302
2, 14, -56.452320
2, 16, 0.483650
2, 17, -38.268273
2, 18, -91.580380
2, 19, -48.944981
2, 20, -30.218534
2, 21, -1.044912
2, 22, -4.984475
2, 23, 25.020570
2, 24, 16.041339
2, 25, -46.118018
2, 26, -24.126603
2, 28, 7.616534
2, 30, -33.102343
2, 31, 19.748547
2, 32, -16.673250
2, 33, -47.741498
2, 34, -15.271466
2, 35, -21.341689
2, 36, -71.032015
2, 40, 3.977177
2, 41, 17.797070
2, 42, -20.332870
2, 43, -29.792914
2, 44, 9.610207
2, 45, 4.970757
2, 47, -28.985622
2, 48, -5.336573
2, 50, 17.239655
3, 1, -26.902750
3, 2, 49.841324
3, 3, -22.078634
3, 4, 13.164015
3, 5, -36.505860
3, 6, 9.454657
3, 7, 10.077855
3, 9, -24.679595
3, 11, 13.138624
3, 12, 35.623827
3, 13, 99999.000000
3, 15, -24.162130
3, 16, 34.604339
3, 17, -6.436801
3, 18, 99999.000000
3, 19, -40.598394
3, 20, -18.532872
3, 21, -14.329473
3, 22, -27.032515
3, 23, 15.112677
3, 24, 11.433915
3, 25, -35.663527
3, 26, -1.339879
3, 27, -21.281326
3, 28, 9.952649
3, 29, 51.544096
3, 30, -34.723725
3, 31, 13.919208
3, 32, -17.198173
3, 33, -49.447080
3, 34, -15.590552
3, 35, -9.954208
3, 36, -69.967985
3, 37, -79.000000
3, 38, 46.094675
3, 39, 21.723293
3, 40, -5.366203
3, 41, 15.059540
3, 42, -21.050016
3, 43, -29.397122
3, 44, 3.699129
3, 45, 10.561737
3, 47, -18.330869
3, 48, -9.916782
3, 49, -42.979536
3, 50, 18.977889
4, 1, -25.254267
4, 2, 13.903154
4, 3, -26.031533
4, 4, -2.160839
4, 5, -42.334620
4, 6, -3.480474
4, 8, -51.094805
4, 9, -18.119680
4, 10, -95.000000
4, 11, 11.133593
4, 12, 32.314349
4, 14, 9.932089
4, 15, -27.837870
4, 16, 99999.000000
4, 17, -48.089280
4, 18, 97.000000
4, 19, -40.522391
4, 20, -14.715595
4, 21, -21.506754
4, 22, -25.377275
4, 23, 2.575800
4, 24, 14.949258
4, 25, -22.468349
4, 26, -32.407429
4, 27, -14.234468
4, 29, 53.225323
4, 30, -23.492192
4, 31, 9.615845
4, 32, -13.127507
4, 33, -49.414897
4, 34, -16.470981
4, 35, -1.801959
4, 38, 36.905325
4, 39, 10.920811
4, 40, -9.218022
4, 43, -37.882485
4, 44, -5.425911
4, 45, 15.915630
4, 46, 99999.000000
4, 47, -4.629261
4, 48, -13.119258
4, 49, -41.520858
4, 50, 16.405516
5, 1, -21.912738
5, 2, 51.472810
5, 3, -27.515780
5, 4, -17.804836
5, 5, -50.303176
5, 6, -11.973756
5, 7, 27.210830
5, 8, -43.096425
5, 9, -38.832678
5, 11, 6.248165
5, 12, 27.655840
5, 13, 16.197302
5, 14, 16.455502
5, 16, -49.846708
5, 17, 13.425063
5, 18, 99999.000000
5, 19, -39.897914
5, 21, -24.857533
5, 22, 99999.000000
5, 23, -4.616727
5, 24, 22.692195
5, 25, -15.629968
5, 26, -26.220994
5, 27, -7.162177
5, 28, -64.000000
5, 29, 59.326780
5, 30, 99999.000000
5, 31, 8.833511
5, 32, -8.362278
5, 33, -43.888343
5, 34, -15.717481
5, 35, 3.717559
5, 36, 25.492727
5, 39, -1.012027
5, 40, -10.273126
5, 41, 46.516765
5, 43, -39.257950
5, 44, -10.962774
5, 45, 16.020647
5, 46, -92.000000
5, 47, 2.465230
5, 49, -45.693506
5, 50, 14.667557
6, 1, -13.229057
6, 2, -14.192080
6, 3, -24.591941
6, 5, -56.117687
6, 6, -16.093315
6, 7, 14.220903
6, 8, -41.041255
6, 9, 99999.000000
6, 10, 11.699795
6, 11, -4.257936
6, 13, 11.374660
6, 14, 21.357703
6, 15, 99999.000000
6, 16, -6.455992
6, 17, 99999.000000
6, 18, 31.868516
6, 19, -37.147274
6, 20, -38.306551
6, 21, -28.491688
6, 22, 50.528179
6, 23, -9.083444
6, 24, 34.405955
6, 25, -8.934799
6, 26, -36.657673
6, 27, -1.514737
6, 28, 99999.000000
6, 30, -23.000000
6, 31, 14.554547
6, 32, -1.356585
6, 33, -33.139793
6, 34, -14.424405
6, 35, 6.487740
6, 36, 23.560604
6, 38, -25.331116
6, 39, -8.819199
6, 40, -15.024155
6, 41, 39.787814
6, 42, -56.676472
6, 43, -49.788199
6, 44, -22.909926
6, 47, 7.554503
6, 49, -51.699037
7, 1, 1.028947
7, 2, 99999.000000
7, 3, -21.313104
7, 4, -15.357644
7, 6, -15.272314
7, 7, -3.734607
7, 8, -37.048842
7, 9, 6.705890
7, 10, 3.695356
7, 11, -16.776227
7, 12, 20.302371
7, 13, 3.799272
7, 14, 24.334152
7, 15, 43.000000
7, 16, -31.963017
7, 17, -66.000000
7, 18, -29.000000
7, 19, -37.916950
7, 20, -26.467024
7, 21, -31.477048
7, 22, 16.667842
7, 23, -14.855314
7, 25, -3.512057
7, 26, -32.610161
7, 27, 7.068972
7, 28, -52.000000
7, 29, -19.584383
7, 31, 26.082151
7, 32, 4.235795
7, 33, -21.720744
7, 34, -10.948045
7, 35, 5.680687
7, 36, 16.529056
7, 38, -23.054232
7, 39, -13.341442
7, 40, -14.430526
7, 41, 26.751885
7, 42, -51.126068
7, 43, -41.063252
7, 44, -33.204822
7, 46, -14.489639
7, 47, 12.011756
7, 50, 25.137440
8, 1, 13.364491
8, 4, -27.642356
8, 5, -9.181901
8, 6, -9.272839
8, 8, -29.999264
8, 9, -45.050626
8, 10, -4.009391
8, 11, -29.377983
8, 12, 15.957697
8, 13, 2.644928
8, 14, 24.026343
8, 16, -14.474693
8, 19, -37.232362
8, 20, -13.703638
8, 21, -34.799059
8, 22, 37.272145
8, 23, -15.634424
8, 24, -2.000000
8, 25, -6.339578
8, 26, -32.248038
8, 27, 9.611784
8, 29, -21.672825
8, 30, -32.218878
8, 32, 5.918640
8, 33, -7.989801
8, 34, -5.952743
8, 35, -1.325596
8, 36, 3.426762
8, 37, -44.119736
8, 38, -24.645707
8, 39, -15.156611
8, 41, 9.696124
8, 42, -53.526337
8, 43, 99999.000000
8, 44, -45.565593
8, 45, -24.952963
8, 46, -3.392466
8, 47, 11.469505
8, 48, 8.488608
8, 49, 14.000000
8, 50, 19.101148
9, 3, -18.489337
9, 5, -0.657248
9, 6, 2.528869
9, 8, -20.210464
9, 9, -8.508934
9, 10, -6.835263
9, 11, -42.005596
9, 12, 19.190559
9, 13, 5.589583
9, 14, 20.252603
9, 15, 23.000000
9, 16, -23.716285
9, 17, 60.000000
9, 18, -12.000000
9, 19, -41.093603
9, 20, -9.119717
9, 21, -38.291739
9, 22, 17.860599
9, 23, -16.699503
9, 25, -14.041691
9, 26, -31.850006
9, 27, 6.941480
9, 29, -26.375585
9, 30, -22.001406
9, 31, -68.000000
9, 32, 7.262248
9, 33, 6.183571
9, 34, 2.265311
9, 35, -6.502553
9, 36, -9.532378
9, 37, -35.718135
9, 38, -25.929368
9, 39, -19.116106
9, 40, -30.428085
9, 41, -5.782099
9, 43, -6.191406
9, 44, -54.768319
9, 45, -8.375248
9, 46, 0.786573
9, 47, 9.809250
9, 48, 4.589946
9, 50, 12.904735
10, 1, 3.716965
10, 2, -36.436910
10, 3, -19.113843
10, 4, -25.160830
10, 5, 8.692150
10, 6, 16.963461
10, 7, -12.098442
10, 8, -14.305791
10, 9, -24.075876
10, 10, -12.424101
10, 13, 10.706400
10, 14, 17.430862
10, 16, -11.336197
10, 18, 99999.000000
10, 19, -41.720561
10, 20, -8.749988
10, 21, -43.202456
10, 22, 25.200469
10, 23, -18.419740
10, 24, -30.091770
10, 25, -24.477888
10, 26, -29.639147
10, 27, 9.468115
10, 29, -35.647628
10, 30, -16.544865
10, 32, 6.786051
10, 33, 16.104637
10, 34, 7.048703
10, 35, -6.223287
10, 36, -23.115348
10, 37, -36.108028
10, 38, -23.653620
10, 40, -15.973232
10, 41, -14.807197
10, 42, -49.414874
10, 43, 47.000000
10, 45, 6.195215
10, 46, -3.663438
10, 47, 13.982244
10, 48, -5.431727
10, 49, -14.053323
10, 50, 13.211007
11, 1, 12.634095
11, 2, -37.509909
11, 3, -20.634129
11, 4, -14.659810
11, 5, 16.599463
11, 6, 28.259507
11, 7, -8.538816
11, 8, -4.657280
11, 9, 4.496841
11, 10, -15.898140
11, 11, -36.213853
11, 12, -16.000000
11, 13, 15.879267
11, 14, 10.886389
11, 15, 0.000000
11, 16, -6.610489
11, 17, -16.628795
11, 20, -11.850212
11, 21, -43.907567
11, 22, 16.495952
11, 23, -22.575910
11, 24, -21.322331
11, 25, -31.479747
11, 26, -24.506719
11, 27, 17.923599
11, 28, 9.741825
11, 30, -14.352821
11, 32, 7.350792
11, 33, 29.868689
11, 34, 16.612722
11, 35, -0.212750
11, 36, -32.690590
11, 37, -37.813196
11, 38, -18.818182
11, 39, 9.344283
11, 40, 0.911990
11, 41, -16.550962
11, 42, -53.324578
11, 44, 22.084749
11, 45, 14.182327
11, 46, -8.415904
11, 47, 22.500856
11, 48, -16.229777
11, 49, 0.404419
11, 50, 14.403965
12, 1, 15.030288
12, 2, -41.312512
12, 3, -21.507325
12, 4, -7.848519
12, 6, 32.509609
12, 7, -6.582442
12, 8, 10.021275
12, 9, 4.961176
12, 10, -14.919140
12, 11, -30.912675
12, 13, 19.113678
12, 14, -1.065172
12, 15, 12.064030
12, 16, 4.620463
12, 17, -11.393993
12, 18, 4.307527
12, 19, -19.313139
12, 20, -12.902628
12, 21, -47.617066
12, 22, 19.859857
12, 23, -21.625986
12, 24, -12.368021
12, 25, -40.120804
12, 26, -17.200839
12, 27, 25.025344
12, 28, 9.258175
12, 29, 80.000000
12, 31, 22.320835
12, 32, 4.849905
12, 33, 43.115345
12, 37, -39.758556
12, 38, -14.446073
12, 39, 0.203732
12, 40, 19.707734
12, 41, -17.564401
12, 42, -58.124069
12, 43, 11.646356
12, 44, 13.419098
12, 45, 19.512883
12, 46, -13.600310
12, 47, 32.429172
12, 48, -23.276597
12, 49, 11.643320
13, 1, 13.249398
13, 2, -46.190389
13, 3, -25.196769
13, 4, 1.704281
13, 5, 47.664560
13, 6, 28.685594
13, 7, -12.298458
13, 8, 24.862810
13, 9, 18.585282
13, 11, -25.707987
13, 12, 99999.000000
13, 14, -10.493796
13, 15, 99999.000000
13, 16, 8.608588
13, 17, -2.016276
13, 18, 0.409440
13, 19, -9.264397
13, 20, -10.763853
13, 21, -45.233630
13, 22, 20.108170
13, 23, -16.677208
13, 24, -9.532371
13, 25, -45.437353
13, 26, -8.164309
13, 27, 29.029184
13, 30, -45.893991
13, 31, 14.679165
13, 32, -1.623946
13, 34, -10.931861
13, 35, -36.453619
13, 36, -44.580380
13, 37, -39.091797
13, 38, -6.550973
13, 39, -3.309665
13, 40, 35.923061
13, 41, -14.777830
13, 43, 2.730111
13, 44, 0.964827
13, 46, -23.477949
13, 48, -34.601410
13, 49, 20.432753
13, 50, 35.200414
14, 1, 8.522315
14, 2, -49.709701
14, 3, -32.212912
14, 4, 6.222943
14, 5, 41.823013
14, 6, 18.201801
14, 7, -18.424480
14, 8, 36.028374
14, 9, 20.998814
14, 10, 22.568087
14, 11, -22.410848
14, 12, 13.499565
14, 13, -19.561387
14, 14, -17.208146
14, 16, 99999.000000
14, 17, 7.259300
14, 18, -0.225700
14, 19, 3.635485
14, 20, -8.286560
14, 21, -55.481379
14, 22, 21.704751
14, 23, -8.787193
14, 24, -12.791600
14, 25, -45.805355
14, 26, 2.546367
14, 27, 34.756148
14, 28, -39.766540
14, 30, -50.114021
14, 32, -6.855957
14, 33, -37.286508
14, 34, 4.931861
14, 35, -28.696749
14, 36, -43.419620
14, 37, -42.709869
14, 38, 1.450795
14, 39, -3.440888
14, 40, 47.566956
14, 41, -16.270141
14, 42, 99999.000000
14, 43, -9.028275
14, 44, -14.491572
14, 46, -31.316719
14, 47, -12.029624
14, 48, -44.890963
14, 50, 25.725370
15, 1, 9.416753
15, 2, -54.797819
15, 3, -34.981965
15, 4, 11.719345
15, 5, 42.770129
15, 6, 3.357443
15, 7, -25.277491
15, 9, 24.469726
15, 10, 20.124851
15, 11, -23.928238
15, 12, -15.175835
15, 13, -10.170338
15, 14, -30.169188
15, 15, 99999.000000
15, 16, -0.196359
15, 18, 2.274108
15, 19, 11.944449
15, 20, -8.196370
15, 21, 99999.000000
15, 22, 18.219430
15, 23, 0.688744
15, 24, -18.267882
15, 25, -41.332623
15, 26, 8.131093
15, 27, 38.503369
15, 28, -32.049219
15, 29, 46.717368
15, 30, -39.729566
15, 31, -84.000000
15, 32, -8.316682
15, 33, -43.261221
15, 35, -12.690360
15, 37, -45.560749
15, 38, 7.386822
15, 39, -5.222872
15, 40, 54.422021
15, 41, -15.856411
15, 42, 40.000000
15, 43, -23.861431
15, 45, -8.414906
15, 46, -33.109512
15, 47, -9.457064
15, 49, 15.652041
15, 50, 16.789310
16, 1, 10.306402
16, 2, -56.770415
16, 3, -34.977122
16, 4, 20.377550
16, 5, 44.961904
16, 6, -6.527396
16, 7, -28.165334
16, 8, -14.628615
16, 10, 22.195090
16, 11, -26.200206
16, 12, 10.157486
16, 13, -7.289725
16, 14, -41.331153
16, 15, -42.963902
16, 16, -7.184077
16, 17, 57.611025
16, 20, -9.706612
16, 21, 33.042971
16, 22, 9.460388
16, 23, 8.256851
16, 24, -22.040768
16, 25, -32.448094
16, 26, 9.069523
16, 27, 40.016819
16, 28, -31.078226
16, 29, 36.242633
16, 30, -52.247954
16, 32, -12.436825
16, 33, -46.716713
16, 34, 2.000000
16, 35, 8.029288
16, 36, 66.000000
16, 38, 17.903497
16, 40, 61.560752
16, 41, -17.615943
16, 43, -36.415367
16, 44, 31.318442
16, 45, -13.557169
16, 46, -30.109184
16, 47, -10.847035
16, 48, -18.609537
16, 49, 9.446406
16, 50, 8.582719
17, 1, 17.337496
17, 2, -55.449847
17, 4, 24.801745
17, 5, 45.648760
17, 6, -9.199712
17, 7, -24.821749
17, 8, -16.368077
17, 9, -37.736233
17, 10, 20.526815
17, 11, -24.237601
17, 12, -5.172928
17, 13, -5.086425
17, 14, -50.518070
17, 15, 4.155110
17, 16, 1.710729
17, 17, 49.388975
17, 18, 29.358451
17, 19, 86.000000
17, 20, -6.037964
17, 21, 14.761997
17, 22, -3.921082
17, 23, 11.465132
17, 25, -29.525481
17, 26, 9.248217
17, 27, 37.562765
17, 28, -38.794420
17, 29, 32.212723
17, 30, -37.040014
17, 31, 99999.000000
17, 32, -22.933972
17, 33, -48.257798
17, 35, 27.635787
17, 38, 22.462985
17, 39, 36.403616
17, 42, -13.049178
17, 43, -42.828363
17, 44, 30.208739
17, 45, -15.007207
17, 46, -25.115007
17, 47, -18.748476
17, 48, -9.871845
17, 49, 5.592270
17, 50, 2.363921
18, 1, 30.204217
18, 2, -51.478639
18, 3, -73.000000
18, 4, 25.336326
18, 5, 41.673054
18, 6, -9.139617
18, 7, -20.435370
18, 8, -19.529976
18, 9, -25.746475
18, 10, 16.698934
18, 12, 3.936434
18, 13, -8.073343
18, 14, -55.456859
18, 15, -39.373567
18, 16, -2.644955
18, 18, 15.832532
18, 20, 3.985878
18, 21, 12.572575
18, 22, -18.477104
18, 24, -28.196199
18, 25, -25.580228
18, 26, 12.157996
18, 27, 32.951700
18, 29, 28.631871
18, 30, 99999.000000
18, 32, -30.454090
18, 34, 23.000000
18, 35, 42.369436
18, 36, 22.225475
18, 37, 73.000000
18, 38, 21.563320
18, 39, 30.039576
18, 40, -6.116575
18, 41, 44.285651
18, 42, -4.072716
18, 44, 24.276966
18, 45, -12.614768
18, 46, -24.197851
18, 47, -24.061867
18, 48, -0.569048
18, 49, 1.273083
18, 50, -2.846928
19, 1, 40.838477
19, 2, -44.835816
19, 4, 23.613081
19, 5, 34.376577
19, 6, -9.792882
19, 7, -14.025864
19, 8, -24.435431
19, 9, -14.388178
19, 10, 9.057756
19, 11, -5.118782
19, 13, -15.968079
19, 14, -56.974786
19, 15, -19.992120
19, 16, -2.725232
19, 17, -65.902664
19, 18, 9.078843
19, 19, -27.146162
19, 20, 12.574647
19, 21, -1.376942
19, 22, -31.101317
19, 23, -6.703670
19, 24, -39.803801
19, 25, -19.087331
19, 26, 20.882836
19, 27, 28.539993
19, 28, 13.639925
19, 29, 26.703169
19, 30, -55.517035
19, 31, -90.000000
19, 33, 16.842369
19, 35, 51.850306
19, 36, 20.774525
19, 38, 15.117369
19, 39, 19.617392
19, 40, -2.158938
19, 41, 35.680044
19, 42, -0.478731
19, 45, -4.157998
19, 46, -22.170243
19, 48, 11.143104
19, 49, 0.080511
19, 50, -10.225528
20, 1, 48.914631
20, 3, 62.000000
20, 4, 22.619816
20, 5, 23.183014
20, 6, -16.269682
20, 8, -32.247143
20, 10, 6.402740
20, 11, -12.012722
20, 15, -34.511440
20, 16, -6.520792
20, 17, -60.104685
20, 18, 6.618713
20, 19, -16.035929
20, 20, 17.277143
20, 21, -4.155546
20, 23, -4.977822
20, 25, -12.363755
20, 27, 25.828633
20, 28, 4.068107
20, 29, 30.058601
20, 30, -78.000000
20, 33, 12.068934
20, 34, 28.191008
20, 37, -33.775895
20, 39, 11.375128
20, 40, 4.633318
20, 41, 32.390432
20, 42, -0.700014
20, 43, 63.000000
20, 44, 18.202380
20, 46, -18.777778
20, 47, 42.944807
20, 49, -2.351589
20, 50, -18.868682
21, 2, 66.000000
21, 4, 26.694193
21, 5, 11.806796
21, 6, -23.837958
21, 7, -33.492914
21, 8, -43.475751
21, 11, -15.441729
21, 12, -48.699646
21, 13, -61.965930
21, 14, 6.726821
21, 15, -27.938562
21, 16, -11.674357
21, 17, -51.590059
21, 18, 4.655562
21, 19, 0.982378
21, 20, 18.954787
21, 21, -5.519669
21, 23, -4.026500
21, 25, -4.982949
21, 28, -7.813411
21, 31, 7.225562
21, 32, -13.000000
21, 33, 11.760426
21, 34, 25.805977
21, 35, -9.973492
21, 36, -40.798739
21, 37, -41.224105
21, 38, 9.286646
21, 39, 2.511259
21, 40, 5.667511
21, 41, 35.402053
21, 42, -6.167031
21, 43, 76.160760
21, 44, 4.791823
21, 45, 18.403781
21, 46, -15.474228
21, 47, 31.851739
21, 48, -38.529529
21, 49, -5.830626
21, 50, -27.036808
22, 1, -96.000000
22, 2, 99999.000000
22, 3, 34.604407
22, 4, 30.309158
22, 5, -5.659430
22, 6, -29.430151
22, 7, -23.901276
22, 10, -24.584596
22, 11, -13.338609
22, 12, -41.464244
22, 13, -54.034070
22, 14, 8.687459
22, 15, -32.750031
22, 16, -16.415871
22, 17, -41.093162
22, 18, 0.203933
22, 19, 17.722682
22, 20, 18.956937
22, 21, 3.489666
22, 22, 80.741825
22, 23, -7.375470
22, 24, -57.951779
22, 25, 0.601888
22, 26, 50.436795
22, 28, -14.905556
22, 31, 2.616695
22, 33, 15.183408
22, 34, 5.670025
22, 35, -2.614914
22, 36, -35.004712
22, 38, 6.071265
22, 39, 1.853461
22, 40, 3.428217
22, 42, -12.974046
22, 43, 99999.000000
22, 44, -7.602854
22, 45, 9.091324
22, 46, -6.209170
22, 47, 27.090872
22, 48, -29.596624
22, 49, -8.997954
22, 50, -31.051349
23, 3, 27.850700
23, 4, 34.453971
23, 5, -25.481967
23, 6, -38.557073
23, 7, -12.299599
23, 8, -1.692124
23, 9, 10.268863
23, 10, -15.783174
23, 11, -12.518071
23, 12, -33.542483
23, 14, 13.125193
23, 16, -24.750965
23, 17, -30.868454
23, 18, -0.013294
23, 19, 33.116310
23, 20, 21.332906
23, 21, 9.839155
23, 22, 80.258175
23, 23, -7.194684
23, 24, -53.389336
23, 25, 5.227874
23, 26, 46.965442
23, 28, -24.364770
23, 30, 27.268470
23, 31, -2.068219
23, 32, 91.000000
23, 33, 21.935231
23, 34, 4.680365
23, 35, 7.073092
23, 36, -33.719064
23, 37, 76.000000
23, 38, 6.112121
23, 39, 7.863290
23, 40, -0.018215
23, 41, 11.432557
23, 42, -19.197238
23, 43, -11.045798
23, 44, -14.051193
23, 45, 0.162221
23, 46, 7.511568
23, 47, 23.624618
23, 48, -27.782012
23, 49, -8.278263
24, 1, 17.078098
24, 2, -73.000000
24, 3, 19.733871
24, 4, 41.423127
24, 5, -40.745929
24, 6, -47.206065
24, 7, -6.898682
24, 8, 5.496175
24, 9, 2.845402
24, 10, -4.939553
24, 11, -13.223285
24, 12, -25.580944
24, 13, 33.000000
24, 14, 23.223503
24, 15, 1.525283
24, 16, -34.071201
24, 17, -22.158848
24, 19, 41.500827
24, 20, 27.633939
24, 21, 16.472927
24, 24, -52.538100
24, 26, 41.542298
24, 27, -42.814935
24, 28, -31.754618
24, 29, -46.608574
24, 30, 20.829944
24, 31, -8.893761
24, 33, 24.512380
24, 34, -21.121359
24, 35, 12.162321
24, 36, -30.036505
24, 37, 99999.000000
24, 38, 8.664906
24, 39, 9.558456
24, 40, 0.817201
24, 41, 23.756496
24, 42, -23.481827
24, 43, 19.962695
24, 44, -16.570287
24, 45, -3.987024
24, 46, 19.095501
24, 47, 19.528803
24, 49, -9.691826
24, 50, -62.000000
25, 1, 14.531943
25, 3, 16.956757
25, 4, 45.819530
25, 5, -49.125208
25, 7, -8.123011
25, 8, 10.053703
25, 9, -1.623950
25, 10, 1.155711
25, 11, -13.764416
25, 12, -22.465042
25, 15, -1.578654
25, 16, -45.789384
25, 17, -9.441806
25, 18, 14.000000
25, 20, 30.176271
25, 21, 17.334243
25, 22, -5.164191
25, 24, -51.124903
25, 25, 25.000000
25, 27, -29.873369
25, 28, -34.361447
25, 29, -47.062281
25, 30, 15.926923
25, 31, -20.308758
25, 33, 23.757532
25, 34, 99999.000000
25, 35, 20.763194
25, 36, -24.095114
25, 38, 12.140033
25, 39, 4.773864
25, 40, 5.266384
25, 41, 33.684397
25, 42, -22.830103
25, 43, -2.928555
25, 44, -18.242269
25, 46, 27.120307
25, 47, 18.663912
25, 48, -14.429595
26, 1, 12.328448
26, 2, -53.031330
26, 3, 22.989208
26, 4, 49.363043
26, 6, 20.721711
26, 8, 10.731865
26, 9, -8.841071
26, 10, 1.729097
26, 11, -9.092879
26, 12, -22.118423
26, 13, 51.711180
26, 14, -42.686332
26, 15, -1.185588
26, 17, 4.894006
26, 19, -46.695166
26, 20, 29.313843
26, 21, 13.159601
26, 22, 2.969947
26, 23, -24.352730
26, 24, -55.491729
26, 26, -20.596253
26, 27, -15.108962
26, 28, -33.447315
26, 29, -49.621139
26, 30, 11.712369
26, 31, -27.603947
26, 32, -44.000000
26, 33, 21.194935
26, 34, 34.762835
26, 35, 24.137221
26, 36, -18.273455
26, 39, -0.882738
26, 41, 43.033877
26, 42, -21.082298
26, 43, 16.007034
26, 44, -16.065262
26, 47, 15.496516
26, 48, -6.652782
26, 49, 38.000000
26, 50, -48.178166
27, 1, 12.251655
27, 2, -48.968670
27, 3, 33.305739
27, 4, 49.477225
27, 5, -25.651570
27, 6, 20.004498
27, 7, 8.637037
27, 9, -16.304588
27, 10, 6.610323
27, 12, -18.519409
27, 13, 58.288820
27, 14, -43.728501
27, 15, -5.243597
27, 16, -34.939455
27, 17, 18.444081
27, 18, 8.341641
27, 19, -36.831354
27, 20, 23.456850
27, 21, 7.882453
27, 22, 6.387162
27, 23, -18.913441
27, 24, -59.043216
27, 25, -56.000000
27, 26, -21.011763
27, 27, -6.761054
27, 28, -33.250773
27, 29, -51.158842
27, 30, 9.310357
27, 31, -32.641059
27, 32, -50.580380
27, 33, 26.994753
27, 34, 2.666825
27, 35, 22.476752
27, 36, -10.241575
27, 37, 2.455059
27, 38, -2.484862
27, 39, -10.245488
27, 40, -27.265273
27, 42, -22.256446
27, 43, 8.623746
27, 44, -8.589317
27, 45, -16.075536
27, 46, 8.861884
27, 47, 6.871887
27, 48, -3.396696
27, 50, -38.738156
28, 3, 43.333185
28, 5, -13.363381
28, 6, 16.432239
28, 7, 17.202930
28, 8, -16.357644
28, 9, -21.256276
28, 12, -14.936373
28, 14, -52.692641
28, 16, -26.125368
28, 17, 33.362527
28, 18, 0.618470
28, 19, -28.510200
28, 20, 15.786384
28, 21, 6.486121
28, 22, 6.583661
28, 23, -11.006220
28, 24, -63.759546
28, 26, -24.365024
28, 27, -7.211165
28, 28, -30.577071
28, 29, -57.771929
28, 30, 5.871219
28, 31, -41.810261
28, 32, 99999.000000
28, 33, 38.130681
28, 34, 25.104575
28, 35, 23.308670
28, 36, -5.165024
28, 37, 17.544941
28, 38, -3.692518
28, 39, -17.673604
28, 40, -15.232653
28, 41, -26.812167
28, 42, -21.852592
28, 43, 19.434409
28, 44, -4.299902
28, 45, -18.094787
28, 46, -1.462264
28, 47, -3.311853
28, 48, -5.098119
28, 49, -81.580380
28, 50, -29.409342
29, 1, 33.145040
29, 5, -2.177834
29, 6, 9.733229
29, 7, 28.093749
29, 8, -28.642356
29, 9, -28.699302
29, 10, 11.789153
29, 11, 74.646565
29, 13, 99999.000000
29, 15, 99999.000000
29, 16, -11.744908
29, 18, -12.041581
29, 19, -21.781595
29, 20, 13.490086
29, 21, 12.448713
29, 22, -0.669584
29, 23, -2.744977
29, 24, -67.242600
29, 25, 5.864039
29, 26, -25.161477
29, 27, -15.124196
29, 30, 7.685276
29, 31, -47.127386
29, 32, -5.642484
29, 34, 10.300170
29, 35, 26.266496
29, 36, -0.998586
29, 38, -9.282451
29, 39, -33.175910
29, 40, -7.899070
29, 41, -21.872543
29, 42, -19.728585
29, 43, 23.423221
29, 44, -3.778846
29, 45, -22.972348
29, 46, -6.332881
29, 48, -4.461963
29, 49, -80.419620
29, 50, -27.550348
30, 1, 20.758404
30, 2, -40.104620
30, 3, 26.195326
30, 4, 17.399908
30, 5, -1.392611
30, 6, -0.982852
30, 9, -35.074645
30, 10, 21.506247
30, 11, 72.277169
30, 12, 53.111562
30, 13, -40.445360
30, 14, 30.752218
30, 15, 13.515665
30, 16, 0.695099
30, 17, -17.241320
30, 19, -14.545862
30, 20, 18.322986
30, 22, -12.785649
30, 23, 2.630388
30, 25, 7.202170
30, 26, -21.783969
30, 28, -12.147140
30, 29, -13.269075
30, 30, 11.343243
30, 32, -9.934600
30, 33, -62.000000
30, 34, 24.252568
30, 35, 28.561802
30, 36, 3.295727
30, 37, 26.953377
30, 38, -15.715538
30, 39, -40.365053
30, 40, -9.616309
30, 41, -25.515053
30, 42, -20.951189
30, 43, 37.401969
30, 45, -25.726756
30, 47, 25.160760
30, 48, -8.379347
30, 50, -26.967292
31, 1, 3.213071
31, 2, -40.143612
31, 3, 18.011464
31, 4, 5.450836
31, 5, 5.566316
31, 6, -4.947638
31, 7, -53.961030
31, 8, 21.141693
31, 9, -39.910818
31, 10, 32.262274
31, 11, 68.914144
31, 12, 50.159256
31, 13, 0.443306
31, 14, 25.081767
31, 15, 2.000000
31, 16, 5.192630
31, 17, -7.770628
31, 18, 63.000000
31, 19, -10.254307
31, 20, 22.930260
31, 21, 18.087033
31, 22, -24.082383
31, 23, 10.312113
31, 24, -50.222295
31, 25, 8.188763
31, 26, -23.050403
31, 28, -14.048222
31, 29, -3.552028
31, 30, 10.153299
31, 31, -69.000000
31, 32, -1.751142
31, 34, 23.484269
31, 35, 27.706194
31, 36, 8.387281
31, 37, 12.465549
31, 38, -22.326086
31, 39, -51.372758
31, 42, -16.745470
31, 43, 47.628253
31, 44, -85.000000
31, 45, -32.009490
31, 46, -31.743195
31, 47, 22.839240
31, 48, -9.460390
31, 50, -23.563508
32, 1, -9.361160
32, 2, -39.420356
32, 3, 13.489790
32, 4, -2.467944
32, 5, -2.828306
32, 6, -4.842317
32, 7, -46.133813
32, 8, 19.900263
32, 9, -50.415892
32, 10, 41.249783
32, 11, 62.501328
32, 12, 47.329500
32, 13, -13.079446
32, 14, 16.426203
32, 16, 4.965562
32, 17, 1.540020
32, 19, -7.152926
32, 20, 24.888205
32, 21, 1.238978
32, 22, -33.212622
32, 23, 21.506865
32, 24, -53.309922
32, 25, 14.169482
32, 26, -21.476842
32, 28, -10.940602
32, 29, 3.207331
32, 30, 7.788834
32, 31, 99999.000000
32, 33, -49.000000
32, 35, 21.754893
32, 36, 19.166208
32, 37, 0.953565
32, 38, -29.585085
32, 39, -44.434902
32, 40, -7.832730
32, 42, -10.145182
32, 46, -37.256805
32, 48, -11.579607
32, 49, 26.194632
32, 50, -19.053953
33, 1, -20.265385
33, 2, -41.291833
33, 3, 7.391220
33, 4, -2.655095
33, 5, 2.436023
33, 6, 1.546598
33, 7, -36.727943
33, 8, 16.634604
33, 11, 52.315329
33, 12, 48.701279
33, 13, 9.584740
33, 14, 13.625368
33, 15, 55.000000
33, 16, -2.222618
33, 17, 9.229724
33, 18, -24.192090
33, 19, -2.929765
33, 20, 32.370903
33, 21, -12.275996
33, 22, -36.104253
33, 23, 28.322420
33, 24, -56.840998
33, 25, 26.665951
33, 26, -24.320445
33, 27, -34.085498
33, 28, -5.224112
33, 29, 2.877477
33, 31, -10.582435
33, 32, -4.259398
33, 34, 11.000000
33, 35, 13.499357
33, 37, -9.434620
33, 38, -37.607951
33, 39, -57.059003
33, 40, 2.073827
33, 42, -0.969815
33, 45, 21.325429
33, 47, -71.763093
33, 48, -19.102675
33, 49, 21.324822
33, 50, -15.771001
34, 1, -30.377694
34, 2, -39.904086
34, 3, 6.717420
34, 4, 1.694490
34, 5, 99999.000000
34, 6, 8.917019
34, 8, 13.692996
34, 9, -54.404146
34, 10, 0.974016
34, 11, 39.108369
34, 12, 46.575325
34, 13, 9.681992
34, 14, 17.133437
34, 16, -17.401552
34, 17, 19.992779
34, 18, -17.807910
34, 19, -1.545902
34, 20, 42.988679
34, 21, -19.788538
34, 23, 33.637198
34, 24, -58.809027
34, 26, -33.088426
34, 27, -28.937314
34, 28, 2.633039
34, 29, -0.626756
34, 30, 4.000000
34, 31, -55.000000
34, 32, -1.046107
34, 33, 24.643725
34, 35, 10.441984
34, 36, -15.426815
34, 37, -16.372692
34, 39, 99999.000000
34, 40, 5.662606
34, 41, 16.000000
34, 42, 6.240854
34, 43, -17.276165
34, 44, 38.516412
34, 45, 13.895164
34, 46, 85.000000
34, 47, -95.709810
34, 48, -27.262731
34, 49, 13.675122
34, 50, -13.906854
35, 1, -35.154052
35, 2, -34.324602
35, 3, 7.486808
35, 4, 10.770443
35, 5, 36.000000
35, 7, -33.833227
35, 8, 13.654394
35, 9, -51.032622
35, 10, 0.918996
35, 11, 27.867910
35, 12, 39.591433
35, 13, 27.857603
35, 14, 28.838886
35, 15, -90.000000
35, 17, 33.594801
35, 19, 0.412349
35, 21, -21.081986
35, 22, -47.298852
35, 23, 33.721406
35, 24, -59.740568
35, 25, -14.000685
35, 27, -19.978659
35, 28, 3.581066
35, 29, -1.175030
35, 32, -1.772496
35, 33, 18.356275
35, 34, -11.702033
35, 35, 9.384198
35, 36, -3.049703
35, 38, 19.790280
35, 39, -11.118180
35, 40, 2.346395
35, 41, 25.870570
35, 43, -18.430189
35, 44, 39.024148
35, 45, 11.151623
35, 47, -56.568327
35, 48, -30.768147
35, 49, 7.732780
35, 50, -18.521042
36, 1, -33.468388
36, 2, -27.284723
36, 3, 4.388199
36, 4, 22.207377
36, 6, -93.000000
36, 7, -38.647150
36, 8, 11.112247
36, 9, -51.995220
36, 10, -7.221789
36, 11, 12.165973
36, 12, 29.576770
36, 15, 99999.000000
36, 18, -15.899846
36, 19, -2.953798
36, 20, -6.682624
36, 21, -17.561730
36, 22, -42.061040
36, 23, 31.536675
36, 25, -16.999315
36, 26, -54.093976
36, 27, -7.492576
36, 28, -1.713880
36, 29, -2.237194
36, 30, -11.450950
36, 31, 7.097715
36, 32, -3.742402
36, 34, -8.970358
36, 35, 8.816931
36, 36, 8.154840
36, 37, 0.000000
36, 38, 6.033620
36, 39, 45.120981
36, 40, -6.476384
36, 41, 99999.000000
36, 42, 14.095743
36, 43, -23.947037
36, 44, 40.031333
36, 45, 6.104862
36, 46, 3.192895
36, 47, 99999.000000
36, 49, -1.996301
36, 50, -18.771939
37, 1, -24.588160
37, 2, -18.985103
37, 4, 29.282368
37, 5, -13.000000
37, 7, -11.596985
37, 8, 9.861990
37, 10, -15.519608
37, 11, -7.182041
37, 12, 16.663061
37, 13, -8.993035
37, 14, -26.521470
37, 15, 39.154851
37, 16, -43.000000
37, 17, -30.344868
37, 18, -1.100154
37, 19, -10.894900
37, 20, -12.050141
37, 21, -17.314023
37, 22, -38.061719
37, 23, 28.648492
37, 24, 31.355737
37, 26, -51.437012
37, 27, -0.223961
37, 28, -8.030183
37, 29, -5.041107
37, 30, -8.549050
37, 31, 13.914846
37, 32, -6.026731
37, 33, -0.867831
37, 34, -10.307676
37, 35, 12.092977
37, 36, 16.876298
37, 38, -4.920779
37, 39, 1.360654
37, 40, -12.602532
37, 41, 99999.000000
37, 42, 12.471447
37, 44, 41.879371
37, 45, 4.840437
37, 46, 49.160760
37, 47, -80.000000
37, 48, 2.422359
37, 49, -11.851913
37, 50, -15.907164
38, 1, -9.930273
38, 2, -8.421230
38, 4, 32.823253
38, 6, 5.041403
38, 7, 99999.000000
38, 8, 3.441867
38, 10, -26.282122
38, 12, 8.902500
38, 13, 0.364338
38, 14, -20.099327
38, 15, 12.933731
38, 17, -27.131376
38, 19, -14.781644
38, 20, -23.431523
38, 21, -13.545755
38, 22, -34.082855
38, 23, 20.642140
38, 24, 30.669400
38, 25, -31.470716
38, 26, -48.873501
38, 28, -9.766959
38, 29, -4.983378
38, 31, 21.736575
38, 32, -7.432985
38, 33, 12.867831
38, 34, -15.962637
38, 35, 13.314897
38, 36, 27.838857
38, 37, -14.173508
38, 38, -11.244260
38, 39, 16.856813
38, 40, -12.559219
38, 42, 4.403353
38, 43, 62.000000
38, 44, 41.714314
38, 45, 1.662122
38, 46, -18.302139
38, 48, 15.577641
38, 49, -17.536618
39, 1, 7.314719
39, 2, -1.593150
39, 3, 73.400686
39, 4, 33.907368
39, 5, 24.103819
39, 6, 1.058888
39, 7, 35.404062
39, 8, -3.987961
39, 9, 10.956992
39, 10, -39.851685
39, 12, 7.897350
39, 13, 14.639606
39, 14, -21.125741
39, 15, 28.030164
39, 16, 2.923365
39, 17, -19.981647
39, 18, 84.000000
39, 19, -15.186460
39, 20, -36.025489
39, 21, -10.755144
39, 22, -26.925395
39, 23, 7.889050
39, 24, 36.235123
39, 25, -23.130115
39, 26, -55.196037
39, 27, -27.139683
39, 28, -7.964179
39, 29, -10.520179
39, 30, 49.670280
39, 32, -8.737114
39, 34, -23.084069
39, 35, 13.434105
39, 36, 38.318633
39, 37, -13.563607
39, 38, -8.924607
39, 39, -11.749101
39, 41, -49.404649
39, 42, -6.622394
39, 44, 43.491326
39, 45, 5.826968
39, 46, 99999.000000
39, 49, -20.399335
40, 1, 18.002092
40, 2, -0.390957
40, 3, 69.334807
40, 4, 31.742793
40, 5, 19.724624
40, 6, -1.258865
40, 7, 14.717011
40, 8, -8.711022
40, 9, 13.137829
40, 10, -51.242593
40, 11, -87.000000
40, 13, 24.050901
40, 14, -20.548223
40, 15, 12.460813
40, 16, -2.348785
40, 17, -17.570351
40, 19, -12.335760
40, 20, -43.808302
40, 21, -13.247946
40, 22, -23.660423
40, 23, -1.236902
40, 24, 46.885404
40, 25, -25.726353
40, 27, -22.392109
40, 28, -6.710204
40, 29, -16.750052
40, 30, 40.738891
40, 31, -73.158218
40, 32, -7.938825
40, 33, -95.000000
40, 34, -32.524968
40, 35, 11.205770
40, 36, 49.823945
40, 37, -9.222540
40, 38, -1.351509
40, 39, -9.218881
40, 40, -28.627803
40, 41, -42.815898
40, 42, -12.377277
40, 43, -8.872625
40, 45, 15.502866
40, 46, -22.162130
40, 47, -23.993973
40, 48, -6.753715
40, 50, 22.970039
41, 1, 22.872837
41, 2, 1.953183
41, 3, 68.397531
41, 4, 31.058686
41, 5, 22.269756
41, 7, 11.828132
41, 8, -7.310518
41, 9, 19.337861
41, 11, 99999.000000
41, 12, -26.253369
41, 13, 29.112269
41, 14, -26.032554
41, 15, 19.289320
41, 16, -2.188417
41, 17, -16.445499
41, 18, 52.901585
41, 19, -5.661676
41, 20, -47.334750
41, 22, -20.720864
41, 23, -11.665331
41, 25, 99999.000000
41, 26, 85.000000
41, 27, -18.543600
41, 28, -8.141082
41, 29, -23.075508
41, 30, 36.464981
41, 31, -71.094297
41, 32, -6.984350
41, 34, -43.846039
41, 35, 11.724461
41, 36, 57.587781
41, 37, -3.734560
41, 38, 5.146627
41, 39, -14.278127
41, 40, -15.613569
41, 41, -40.306596
41, 42, -10.651404
41, 43, -16.127375
41, 44, 9.892855
41, 45, 22.664937
41, 46, -43.000000
41, 47, -19.704171
41, 48, -5.324693
41, 49, 46.226755
41, 50, 33.029961
42, 2, -2.008204
42, 5, 26.109620
42, 6, -0.945341
42, 7, -6.531016
42, 8, -4.846713
42, 9, 20.571773
42, 11, 17.324260
42, 12, -17.955393
42, 13, 32.234140
42, 14, -29.181737
42, 15, 7.493399
42, 16, 1.417646
42, 17, -11.545563
42, 18, 43.908086
42, 19, 0.042032
42, 21, 99999.000000
42, 22, -18.050694
42, 23, -14.761935
42, 24, 7.000000
42, 25, -34.785181
42, 26, 47.711180
42, 27, -18.246616
42, 28, -9.977979
42, 29, -28.735346
42, 30, 30.190721
42, 31, -68.097202
42, 32, -3.630082
42, 33, -35.622730
42, 35, 12.914625
42, 37, -1.134809
42, 38, 10.481455
42, 39, -4.270231
42, 40, -9.067587
42, 41, -37.983107
42, 42, -1.911466
42, 44, 10.076763
42, 45, 29.457525
42, 47, -23.623368
42, 48, -0.849818
42, 49, 33.926019
43, 1, 27.759677
43, 2, -11.679418
43, 3, 41.871255
43, 4, -3.421756
43, 5, 25.961632
43, 6, -4.042700
43, 7, -17.248753
43, 8, -8.260056
43, 9, 17.145484
43, 10, -5.456852
43, 11, 59.000000
43, 12, -7.470562
43, 13, 32.464030
43, 14, -25.765947
43, 15, 13.880434
43, 16, 8.252514
43, 17, -4.588889
43, 18, 41.204498
43, 20, 84.742510
43, 21, 46.445641
43, 22, -15.071971
43, 23, -10.601808
43, 25, -40.810141
43, 26, 99999.000000
43, 27, -13.992399
43, 28, -14.742273
43, 30, 27.245693
43, 31, -63.670453
43, 32, 0.439536
43, 33, -45.306372
43, 34, -57.869200
43, 35, 15.657439
43, 36, -50.486350
43, 37, 2.448860
43, 38, 16.807802
43, 39, 2.995824
43, 40, -10.528753
43, 42, 9.100664
43, 43, -41.216004
43, 44, 16.307290
43, 45, 37.691538
43, 46, -59.000000
43, 48, 3.665907
43, 49, 19.717242
43, 50, -81.000000
44, 1, 21.609196
44, 2, -18.134710
44, 3, 43.128745
44, 4, -6.892059
44, 6, -5.562174
44, 7, -25.923206
44, 8, -10.885366
44, 9, 14.493495
44, 10, -1.538366
44, 12, 8.482855
44, 13, 34.934394
44, 14, -24.744149
44, 15, -15.128824
44, 17, -5.340364
44, 18, 41.346044
44, 19, -88.000000
44, 20, 87.257490
44, 21, 26.825090
44, 22, -14.032731
44, 23, -3.253620
44, 24, 4.643041
44, 25, -38.772365
44, 26, 53.651097
44, 27, -5.881259
44, 28, -16.661358
44, 29, 8.094675
44, 30, 22.380918
44, 31, -58.207498
44, 32, 6.620840
44, 33, -4.283882
44, 34, -50.130800
44, 35, 15.625028
44, 36, -43.184260
44, 37, 6.141523
44, 38, 19.115710
44, 40, -17.214601
44, 41, 4.254244
44, 42, 18.797058
44, 43, -39.857831
44, 44, 18.280346
44, 45, 42.558183
44, 47, -24.798411
44, 49, 7.194573
44, 50, 99999.000000
45, 1, 15.170624
45, 2, -21.352014
45, 4, -6.580157
45, 5, 25.615134
45, 6, -9.600267
45, 7, -23.124895
45, 8, -16.013133
45, 9, 11.033897
45, 10, 8.747724
45, 11, -25.706276
45, 12, 19.141508
45, 13, 34.793394
45, 14, -10.025262
45, 15, 1.641664
45, 16, -42.934600
45, 17, -14.225363
45, 18, 47.919991
45, 21, 22.709819
45, 22, -12.516513
45, 23, 6.084470
45, 24, -4.643041
45, 25, -36.982509
45, 26, 50.839925
45, 27, 5.638476
45, 28, -15.736228
45, 29, -1.094675
45, 30, 14.727740
45, 31, -55.151021
45, 32, 11.978704
45, 33, -33.336072
45, 35, 19.908338
45, 36, -34.051498
45, 37, 8.228590
45, 38, 22.155007
45, 40, -22.447012
45, 41, -0.842102
45, 42, 31.255666
45, 43, -32.801702
45, 44, 19.298706
45, 46, -29.561841
45, 47, -12.673384
45, 48, 61.321520
45, 49, 0.212938
45, 50, -3.125321
46, 1, 7.533836
46, 2, -21.671485
46, 4, 1.741541
46, 5, 35.384866
46, 6, -9.829632
46, 7, -16.186532
46, 8, -23.826100
46, 9, 4.936631
46, 10, 14.839781
46, 11, -14.387654
46, 13, 36.211778
46, 14, -19.443454
46, 15, 99999.000000
46, 16, -39.065400
46, 17, -24.625507
46, 18, 99999.000000
46, 19, -2.093306
46, 20, 58.465379
46, 21, 6.153080
46, 22, -10.392653
46, 23, 18.093545
46, 25, -30.078801
46, 26, 60.136667
46, 27, 18.626619
46, 28, -11.764154
46, 30, 9.906995
46, 31, -56.005262
46, 32, 11.747302
46, 33, 29.419741
46, 34, -43.673654
46, 35, 24.270513
46, 36, -25.795336
46, 37, 6.629398
46, 38, 22.083541
46, 40, -29.439263
46, 41, -5.425226
46, 42, 39.954460
46, 43, -20.309950
46, 44, 17.197523
46, 45, -73.000000
46, 46, -30.110633
46, 47, 1.492648
46, 48, 56.678480
46, 50, 89.000000
47, 1, -4.900443
47, 2, -23.715808
47, 3, 20.097068
47, 4, 17.336297
47, 6, -15.717379
47, 7, -2.246218
47, 8, -26.935589
47, 9, 5.764214
47, 10, 17.948133
47, 11, -8.017752
47, 12, 52.000000
47, 13, 33.769019
47, 14, -3.402059
47, 15, 31.416196
47, 17, -32.733937
47, 18, -54.000000
47, 19, 13.093306
47, 20, 59.708044
47, 21, -3.225614
47, 22, -7.259735
47, 23, 24.684177
47, 24, -33.000000
47, 25, -21.080217
47, 27, 33.368790
47, 28, -8.867125
47, 29, 99999.000000
47, 31, -61.037210
47, 32, 7.797442
47, 33, 99999.000000
47, 34, -40.222116
47, 37, 3.727026
47, 38, 17.479133
47, 39, 13.151891
47, 40, -39.878230
47, 41, -5.330998
47, 42, 44.380973
47, 43, -5.576127
47, 44, 13.254302
47, 46, -29.085944
47, 47, 9.457173
47, 49, 27.250087
48, 1, -11.167240
48, 3, 14.573993
48, 4, 29.116219
48, 5, -29.105895
48, 6, -22.404842
48, 7, 8.003312
48, 8, -23.741751
48, 9, 12.328235
48, 10, 21.799567
48, 11, -0.144696
48, 12, 77.224790
48, 13, 29.848884
48, 14, 99999.000000
48, 15, -47.000000
48, 16, -51.452023
48, 17, -35.904415
48, 20, 64.395044
48, 21, -22.245205
48, 22, -9.068301
48, 23, 27.257033
48, 25, -9.927133
48, 26, -92.000000
48, 27, 44.960067
48, 30, -61.308503
48, 32, 0.713297
48, 33, 5.199105
48, 34, -40.736239
48, 35, -20.352166
48, 36, 8.922855
48, 37, 0.281646
48, 38, 16.907767
48, 39, -3.520225
48, 41, 1.137043
48, 42, 48.878937
48, 43, 4.516940
48, 44, 7.897322
48, 45, 42.216393
48, 46, -30.981661
48, 47, 16.746511
48, 48, -19.298244
48, 49, 25.193410
48, 50, 24.889807
49, 1, -15.371498
49, 2, 99999.000000
49, 3, 6.928146
49, 4, 37.191941
49, 5, -19.115839
49, 6, -29.822526
49, 7, 19.593005
49, 8, -14.299445
49, 9, 16.504138
49, 10, 29.948385
49, 11, 6.840714
49, 12, 99999.000000
49, 13, 31.600110
49, 14, -51.805170
49, 16, -46.937240
49, 17, -36.844747
49, 18, -41.707071
49, 19, -29.613765
49, 21, -31.843472
49, 22, -11.250653
49, 24, -76.000000
49, 25, 2.750564
49, 27, 52.134055
49, 28, -24.771101
49, 29, 20.904640
49, 30, -55.635055
49, 31, 40.002055
49, 32, -12.628574
49, 33, -7.577641
49, 34, -44.646904
49, 35, -8.647834
49, 36, -2.983963
49, 37, 4.191426
49, 38, 21.377803
49, 39, -18.623663
49, 40, 21.774525
49, 41, 15.234687
49, 42, 53.946169
49, 43, 17.420021
49, 45, 31.876415
49, 48, -24.886644
49, 49, 24.042348
49, 50, 30.937240
50, 1, -15.245661
50, 2, 40.000000
50, 3, 0.563243
50, 4, 44.164554
50, 5, -14.837640
50, 6, -41.358381
50, 8, -4.066350
50, 10, 34.664519
50, 12, 83.000000
50, 13, 35.016834
50, 14, -20.000000
50, 15, 61.000000
50, 16, -45.522358
50, 17, -37.148856
50, 18, -30.292929
50, 19, -33.386235
50, 20, 4.000000
50, 22, -8.318263
50, 23, 75.000000
50, 25, 12.940612
50, 26, 68.000000
50, 27, 55.396692
50, 28, -11.228899
50, 29, 27.095360
50, 30, -54.267026
50, 31, 48.997945
50, 32, -21.791051
50, 33, 19.096756
50, 34, -53.652124
50, 36, -19.798958
50, 37, 15.353650
50, 39, -31.142760
50, 40, 23.225475
50, 41, 27.487714
50, 42, 58.269848
50, 43, 26.141177
50, 44, -53.000000
50, 45, 25.353909
50, 46, -72.000000
50, 47, -8.000000
50, 48, -36.531332
50, 49, 21.031599
50, 50, 40.084573
