1, 1, 33.000000
1, 3, -20.710523
1, 4, 5.720050
1, 6, 8.741805
1, 7, 5.814369
1, 8, 34.431487
1, 9, -29.982552
1, 10, -19.000000
1, 11, -4.149677
1, 12, 99999.000000
1, 13, -86.000000
1, 14, -58.066437
1, 15, -38.000000
1, 16, -0.020762
1, 18, -90.975086
1, 19, -46.487355
1, 20, -31.917364
1, 21, -9.786161
1, 22, -6.557260
1, 23, 11.406434
1, 24, 31.540636
1, 25, -33.073019
1, 27, 62.000000
1, 28, 3.240994
1, 29, -41.000000
1, 30, -28.697135
1, 32, -3.837510
1, 33, -29.144036
1, 34, -11.793193
1, 35, -11.318041
1, 37, -82.000000
1, 38, -87.000000
1, 39, 82.000000
1, 40, 1.342766
1, 41, 14.043921
1, 42, -29.501083
1, 43, -43.964758
1, 45, 3.063482
1, 46, -81.000000
1, 47, -8.715921
1, 49, 45.000000
1, 50, 11.418102
2, 2, 53.934144
2, 3, -20.736248
2, 4, 5.163902
2, 5, -41.410717
2, 6, 8.314281
2, 7, 5.874504
2, 8, 34.568513
2, 9, -39.878489
2, 11, -4.469593
2, 14, -57.933563
2, 16, 29.451909
2, 17, 7.204212
2, 19, -46.076404
2, 20, -31.482921
2, 21, -10.524225
2, 22, -16.792977
2, 23, 10.359500
2, 24, 31.326505
2, 25, -32.400219
2, 28, 3.432366
2, 30, -35.102290
2, 31, 24.541174
2, 32, -3.966602
2, 33, -28.597766
2, 34, -11.443395
2, 35, -10.681651
2, 36, -70.522838
2, 40, 0.762425
2, 41, 13.989007
2, 42, -29.359390
2, 43, -38.383940
2, 44, -15.968441
2, 45, 3.419023
2, 47, -7.919735
2, 48, -7.465444
2, 50, 11.593993
3, 1, -7.935324
3, 2, 7.418687
3, 3, -20.731911
3, 4, 4.351894
3, 5, -41.812835
3, 6, 7.761884
3, 7, 5.884193
3, 9, -29.550781
3, 11, -5.428246
3, 12, 30.281200
3, 13, 99999.000000
3, 15, -25.921106
3, 17, -43.668702
3, 19, -45.467013
3, 20, -31.074880
3, 21, -13.374010
3, 22, -7.614167
3, 23, 8.585238
3, 24, 31.311815
3, 25, -31.403374
3, 26, -28.721300
3, 27, -3.196291
3, 28, 3.581384
3, 29, 60.318701
3, 30, -28.316994
3, 31, 24.439640
3, 32, -3.949196
3, 33, -26.951817
3, 34, -10.649366
3, 35, -9.628548
3, 36, -70.477162
3, 37, -79.000000
3, 38, 41.697235
3, 39, 2.299637
3, 40, 0.008008
3, 41, 13.895546
3, 42, -29.309068
3, 43, -43.747154
3, 44, -16.742458
3, 45, 3.764268
3, 47, -6.290254
3, 48, -7.660153
3, 49, -52.089088
3, 50, 11.727747
4, 1, -7.589564
4, 2, 53.924961
4, 3, -20.691129
4, 4, 3.445903
4, 5, -42.299085
4, 6, 7.187778
4, 8, -29.983618
4, 9, -39.968610
4, 10, -95.000000
4, 11, -6.923338
4, 12, 30.104733
4, 14, 9.199772
4, 15, -26.078894
4, 17, 7.970182
4, 19, -44.759252
4, 20, -30.785645
4, 21, -15.430989
4, 23, 6.282938
4, 24, 31.503527
4, 25, -30.236231
4, 26, -13.565594
4, 27, -2.397850
4, 29, 60.465344
4, 31, 24.530743
4, 32, -3.793547
4, 33, -24.279131
4, 34, -9.450557
4, 35, -8.277188
4, 38, 41.302765
4, 39, 1.548680
4, 40, -0.777189
4, 43, -37.850295
4, 44, -18.162433
4, 45, 4.031597
4, 47, -3.975950
4, 48, -7.832018
4, 49, -52.119544
4, 50, 11.792888
5, 1, -6.952978
5, 2, 5.665858
5, 3, -20.608422
5, 4, 2.626781
5, 5, -42.777282
5, 6, 6.689603
5, 7, 6.775253
5, 8, -28.876884
5, 11, -8.790116
5, 12, 29.905898
5, 13, 13.755838
5, 14, 9.170433
5, 19, -44.015358
5, 21, -19.784136
5, 23, 3.707768
5, 24, 31.863370
5, 25, -29.077499
5, 26, -27.667569
5, 27, -0.861814
5, 29, 60.685275
5, 31, 24.803703
5, 32, -3.551032
5, 33, -20.719147
5, 34, -7.929614
5, 35, -6.759743
5, 36, -0.198925
5, 39, 0.479750
5, 40, -1.471202
5, 41, 13.132448
5, 43, -43.922125
5, 44, -20.026195
5, 45, 4.164965
5, 47, -1.160437
5, 49, -52.256040
5, 50, 11.783483
6, 1, -6.138145
6, 3, -20.492779
6, 5, -43.150974
6, 6, 6.330187
6, 7, 6.087633
6, 8, -26.626590
6, 10, 0.215293
6, 11, -10.815862
6, 13, 13.571320
6, 14, 8.559867
6, 16, -28.515207
6, 19, -43.311998
6, 20, -22.695756
6, 21, -21.924780
6, 23, 1.090165
6, 24, 32.318498
6, 25, -28.065031
6, 26, -14.892633
6, 27, 1.285571
6, 31, 25.215218
6, 32, -3.287916
6, 33, -16.475844
6, 34, -6.175655
6, 35, -5.188840
6, 36, -0.664248
6, 38, -18.442078
6, 39, -0.722825
6, 40, -1.964971
6, 41, 12.207738
6, 42, -64.288802
6, 43, -37.502887
6, 44, -22.065949
6, 47, 1.965391
6, 49, -52.466989
7, 1, -5.297317
7, 3, -20.364330
7, 4, -21.236328
7, 6, 6.124533
7, 7, 5.317683
7, 8, -23.431187
7, 10, -0.278144
7, 11, -12.745686
7, 12, 28.458163
7, 13, 13.422624
7, 14, 7.318854
7, 16, -3.800914
7, 18, 26.269546
7, 19, -42.712905
7, 20, -21.817536
7, 21, -27.249328
7, 22, 32.627212
7, 23, -1.354763
7, 25, -27.304744
7, 26, -25.126731
7, 27, 3.905800
7, 29, -31.903537
7, 31, 25.687824
7, 32, -3.101051
7, 33, -11.832032
7, 34, -4.320080
7, 35, -3.682809
7, 36, -1.568119
7, 38, -17.968417
7, 39, -1.858155
7, 40, -2.171614
7, 41, 10.397899
7, 42, -64.148703
7, 44, -23.995117
7, 46, -19.023093
7, 47, 5.207103
7, 50, 22.280514
8, 1, -4.598866
8, 4, -21.763672
8, 5, 2.624017
8, 6, 6.035778
8, 8, -19.535209
8, 9, 11.838288
8, 10, -0.917563
8, 11, -14.325202
8, 12, 28.369161
8, 13, 13.344651
8, 14, 5.401054
8, 16, -24.693431
8, 19, -42.260876
8, 20, -20.393774
8, 21, -28.316957
8, 22, 13.799558
8, 23, -3.449457
8, 24, -2.000000
8, 25, -26.852022
8, 26, -14.968383
8, 27, 6.835229
8, 29, -32.116596
8, 30, -29.104843
8, 32, -3.084519
8, 33, -7.105770
8, 34, -2.495524
8, 35, -2.331227
8, 36, -2.750272
8, 37, -45.582849
8, 38, -16.911422
8, 39, -2.746449
8, 41, 7.908196
8, 42, -64.140427
8, 44, -25.523992
8, 45, -7.974040
8, 46, -18.618794
8, 47, 8.351425
8, 48, -15.975924
8, 49, 14.000000
8, 50, 22.025198
9, 3, -24.620980
9, 5, 3.066020
9, 6, 5.974975
9, 8, -15.251206
9, 9, -12.061528
9, 10, -1.589033
9, 11, -15.329665
9, 12, 28.405795
9, 13, 13.349172
9, 14, 2.806233
9, 15, 23.000000
9, 16, -3.257940
9, 17, 60.000000
9, 19, -41.987842
9, 20, -18.557378
9, 21, -34.281272
9, 22, 28.722314
9, 23, -5.076124
9, 25, -26.682021
9, 26, -20.861358
9, 27, 9.927201
9, 29, -32.447877
9, 30, -28.680113
9, 31, -68.000000
9, 32, -3.317297
9, 33, -2.664977
9, 34, -0.868390
9, 35, -1.210989
9, 36, -4.001431
9, 37, -45.205467
9, 38, -15.331811
9, 39, -3.244914
9, 40, 11.368851
9, 41, 4.963257
9, 44, -26.431100
9, 45, -7.138952
9, 46, -18.308593
9, 47, 11.211554
9, 48, -16.519124
9, 50, 21.798952
10, 1, 9.975338
10, 2, -44.759316
10, 3, -24.754326
10, 4, -3.510530
10, 5, 3.549533
10, 6, 5.812252
10, 7, -17.167256
10, 8, -10.909310
10, 9, 11.533159
10, 10, -2.183745
10, 13, 13.423121
10, 14, -0.427847
10, 16, -19.939109
10, 19, -41.902051
10, 20, -16.425161
10, 21, -33.357094
10, 22, 12.513952
10, 23, -6.183573
10, 24, -24.545475
10, 25, -26.711424
10, 26, -12.908232
10, 27, 13.059206
10, 29, -32.834642
10, 30, -28.317696
10, 32, -3.856617
10, 33, 1.117891
10, 34, 0.403825
10, 35, -0.379733
10, 36, -5.099315
10, 37, -44.812868
10, 38, -13.322313
10, 40, 12.721508
10, 41, 1.829460
10, 42, -54.584254
10, 43, -1.298612
10, 45, -6.245957
10, 46, -18.125719
10, 47, 13.604510
10, 48, -17.506124
10, 49, -1.515282
10, 50, 21.652540
11, 1, 10.725721
11, 2, -44.883630
11, 3, -25.012631
11, 4, -2.479329
11, 5, 3.976608
11, 6, 5.397497
11, 7, -17.035976
11, 8, -6.852831
11, 9, -8.807421
11, 10, -2.600597
11, 11, -29.675938
11, 12, -16.000000
11, 13, 13.548389
11, 14, -4.211293
11, 15, 10.954324
11, 16, -2.319817
11, 17, -2.609629
11, 20, -14.084137
11, 21, -39.809962
11, 22, 22.568886
11, 23, -6.769259
11, 24, -24.131497
11, 25, -26.808749
11, 26, -14.967400
11, 27, 16.108617
11, 28, 9.510381
11, 30, -28.087029
11, 32, -4.722332
11, 33, 3.902753
11, 34, 1.176514
11, 35, 0.090343
11, 36, -5.846741
11, 37, -44.466535
11, 38, -10.998010
11, 39, 5.332510
11, 40, 14.976530
11, 41, -1.270385
11, 42, -54.781985
11, 44, 0.294784
11, 45, -5.473607
11, 46, -18.045600
11, 47, 15.357100
11, 48, -18.757851
11, 49, -0.832564
11, 50, 21.609072
12, 1, 12.055750
12, 2, -45.081965
12, 3, -25.349281
12, 4, -0.607520
12, 6, 4.593335
12, 7, -16.899171
12, 8, -3.407763
12, 9, 11.839900
12, 10, -2.762582
12, 11, -29.343469
12, 13, 13.689497
12, 14, -8.411621
12, 16, -16.372780
12, 17, -2.274434
12, 18, 7.581399
12, 19, -5.593845
12, 20, -11.600565
12, 21, -36.246443
12, 22, 9.656735
12, 23, -6.887228
12, 24, -23.689826
12, 25, -26.837591
12, 26, -8.650279
12, 27, 18.955263
12, 28, 9.489619
12, 29, 80.000000
12, 31, 18.664017
12, 32, -5.898305
12, 33, 5.397350
12, 37, -44.197358
12, 38, -8.503145
12, 39, 4.899761
12, 40, 17.786273
12, 41, -4.121286
12, 42, -54.994468
12, 43, -12.932505
12, 44, -0.260644
12, 45, -4.966845
12, 46, -18.010339
12, 47, 16.307768
12, 48, -20.061751
12, 49, -0.151903
13, 1, 13.839894
13, 2, -45.307096
13, 3, -25.716467
13, 4, 1.940799
13, 5, 37.024932
13, 6, 3.298186
13, 7, -16.764791
13, 8, -0.901233
13, 9, -5.203867
13, 11, -28.887561
13, 14, -12.817329
13, 17, -1.845551
13, 18, 7.467115
13, 19, -5.086630
13, 20, -9.009585
13, 21, -43.074632
13, 22, 15.158807
13, 23, -6.635035
13, 24, -23.304443
13, 25, -26.651810
13, 26, -8.042876
13, 27, 21.511251
13, 30, -53.849880
13, 31, 18.335983
13, 32, -7.323347
13, 34, -3.340490
13, 35, 4.030638
13, 36, -44.024914
13, 37, -44.039436
13, 38, -5.974801
13, 39, 4.464541
13, 40, 20.741146
13, 41, -6.558874
13, 43, -13.574048
13, 44, -0.968272
13, 46, -17.936013
13, 48, -21.203893
13, 49, 0.393751
13, 50, 11.004807
14, 1, 15.955916
14, 2, -45.510614
14, 3, -26.053617
14, 4, 4.978204
14, 5, 36.093484
14, 6, 1.460884
14, 7, -16.616507
14, 8, 0.417400
14, 9, 12.362612
14, 10, 17.893232
14, 11, -28.385486
14, 13, -20.866618
14, 14, -17.208633
14, 17, -1.412646
14, 18, 7.426244
14, 19, -4.542265
14, 20, -6.347099
14, 22, 5.444231
14, 23, -6.157003
14, 24, -23.038982
14, 25, -26.137273
14, 26, -3.028317
14, 27, 23.717547
14, 28, -49.493341
14, 30, -41.338105
14, 32, -8.882941
14, 33, -39.530218
14, 34, -2.659510
14, 35, 4.913508
14, 36, -43.975086
14, 37, -43.997519
14, 38, -3.575271
14, 39, 4.107322
14, 40, 23.410788
14, 41, -8.443322
14, 43, -14.456795
14, 44, -1.687906
14, 46, -17.699399
14, 47, -20.266078
14, 48, -21.983328
14, 50, 9.997544
15, 1, 18.259397
15, 2, -45.648648
15, 3, -26.297164
15, 4, 8.328850
15, 5, 34.049131
15, 6, -0.913178
15, 7, -16.437274
15, 9, -3.332094
15, 10, 17.674690
15, 11, -27.920163
15, 12, 9.331578
15, 13, -20.526968
15, 14, -21.340677
15, 18, 7.466667
15, 19, -4.077120
15, 20, -3.626975
15, 22, 7.608032
15, 23, -5.594556
15, 24, -22.925022
15, 25, -25.229231
15, 26, -1.174844
15, 27, 25.532902
15, 28, -49.306430
15, 29, 42.006980
15, 30, -53.954312
15, 31, -84.000000
15, 32, -10.438313
15, 33, -39.782337
15, 35, 6.403695
15, 37, -44.067411
15, 38, -1.446390
15, 39, 3.889054
15, 40, 25.419503
15, 41, -9.679701
15, 43, -15.411955
15, 45, -1.541409
15, 46, -17.184441
15, 47, -20.242220
15, 49, 5.351228
15, 50, 8.156710
16, 1, 20.593771
16, 2, -45.685877
16, 3, -26.407654
16, 4, 11.841975
16, 5, 31.005746
16, 6, -3.755636
16, 7, -16.213617
16, 8, -28.945852
16, 10, 17.325904
16, 11, -27.557685
16, 12, -15.321198
16, 13, -20.293959
16, 14, -24.957884
16, 16, -8.479483
16, 17, 53.676474
16, 20, -0.869974
16, 22, 0.693405
16, 23, -5.100087
16, 24, -22.970615
16, 25, -23.920559
16, 26, 2.510901
16, 27, 26.940352
16, 28, -49.304742
16, 29, 41.522574
16, 30, -41.027831
16, 32, -11.844127
16, 33, -40.002090
16, 34, 2.000000
16, 35, 8.235080
16, 36, 66.000000
16, 38, 0.289681
16, 40, 26.476510
16, 41, -10.190722
16, 43, -16.251779
16, 44, 22.436390
16, 45, -1.640581
16, 46, -16.299433
16, 47, -20.319240
16, 48, -2.604134
16, 49, 4.830324
16, 50, 5.691686
17, 1, 22.790985
17, 2, -45.607324
17, 4, 15.367725
17, 5, 27.094400
17, 6, -6.960332
17, 7, -15.940651
17, 8, -29.249898
17, 9, -27.335860
17, 10, 16.903950
17, 11, -27.347213
17, 12, 8.860425
17, 13, -20.208546
17, 14, -27.815704
17, 15, -39.580958
17, 16, -15.701310
17, 17, 53.323526
17, 18, 18.073337
17, 19, 86.000000
17, 20, 1.917371
17, 21, 16.199136
17, 22, 1.330385
17, 23, -4.780563
17, 25, -22.278007
17, 26, 4.260336
17, 27, 27.950948
17, 28, -49.491028
17, 29, 41.041618
17, 31, 99999.000000
17, 32, -12.952033
17, 33, -40.147000
17, 35, 10.079149
17, 38, 1.527774
17, 39, 16.581987
17, 42, -15.524591
17, 43, -16.810131
17, 44, 22.310534
17, 45, -1.591615
17, 46, -14.995797
17, 47, -20.482759
17, 48, -2.099986
17, 49, 3.953312
17, 50, 2.862005
18, 1, 24.689192
18, 2, -45.429405
18, 3, -73.000000
18, 4, 18.807985
18, 5, 22.504674
18, 6, -10.395288
18, 7, -15.648395
18, 8, -29.806355
18, 9, -26.780763
18, 10, 16.471023
18, 12, -14.998062
18, 13, -20.288600
18, 14, -29.722270
18, 15, -8.584289
18, 16, -10.920912
18, 18, 17.291003
18, 20, 4.697316
18, 21, 9.867584
18, 22, -3.125032
18, 24, -33.750861
18, 25, -20.397106
18, 26, 6.390412
18, 27, 28.591283
18, 29, 40.648072
18, 32, -13.610182
18, 34, 23.000000
18, 35, 11.609727
18, 36, 21.531142
18, 37, 73.000000
18, 38, 2.202740
18, 39, 15.574718
18, 40, 0.153767
18, 41, 47.760836
18, 42, -15.198824
18, 44, 22.104728
18, 45, -1.400925
18, 46, -13.275605
18, 47, -20.689785
18, 48, -1.502224
18, 49, 2.830468
18, 50, -0.055332
19, 1, 26.101476
19, 2, -45.181794
19, 4, 22.084786
19, 5, 17.455022
19, 6, -13.896027
19, 7, -15.367288
19, 8, -30.512941
19, 9, -26.236137
19, 10, 16.106744
19, 11, -6.487662
19, 13, -20.521448
19, 14, -30.526545
19, 15, -38.683766
19, 16, -17.457529
19, 17, -33.487389
19, 18, 16.294721
19, 19, 4.383968
19, 20, 7.420283
19, 21, 14.576774
19, 22, -1.998877
19, 23, -7.225568
19, 24, -34.249139
19, 25, -18.422355
19, 26, 6.950883
19, 27, 28.906670
19, 28, -9.379382
19, 29, 40.413791
19, 31, -90.000000
19, 33, 23.513778
19, 35, 12.555181
19, 36, 21.468858
19, 38, 2.304393
19, 39, 14.314387
19, 40, 0.451681
19, 41, 47.472416
19, 42, -14.960761
19, 45, -1.104585
19, 46, -11.184012
19, 48, -0.926151
19, 49, 1.574734
19, 50, -2.783720
20, 1, 26.892704
20, 3, 62.000000
20, 4, 25.149233
20, 5, 12.226503
20, 6, -17.282765
20, 8, -31.243352
20, 10, 15.875211
20, 11, -6.802293
20, 15, -10.250483
20, 16, -15.107354
20, 17, -32.349540
20, 18, 15.255690
20, 19, 5.190941
20, 20, 10.028904
20, 21, 9.343203
20, 23, -7.149175
20, 25, -16.532960
20, 27, 28.933259
20, 28, -10.224448
20, 29, 40.387883
20, 30, -57.585123
20, 33, 23.502616
20, 34, 17.466015
20, 37, -37.340136
20, 39, 11.700850
20, 40, 0.927308
20, 41, 47.307630
20, 42, -14.844045
20, 43, 74.950172
20, 44, 2.079201
20, 46, -8.826451
20, 47, 27.523865
20, 49, 0.312314
20, 50, -5.062592
21, 4, 27.960428
21, 5, 7.125285
21, 6, -20.347281
21, 7, -25.033188
21, 8, -31.861428
21, 11, -7.114835
21, 12, -32.901513
21, 13, -58.170245
21, 14, 19.865974
21, 15, -37.884116
21, 16, -20.663748
21, 17, -29.930228
21, 18, 14.329787
21, 19, 6.307226
21, 20, 12.484986
21, 21, 13.076168
21, 23, -7.077563
21, 25, -14.908278
21, 28, -11.627289
21, 31, -13.390615
21, 32, -13.000000
21, 33, 23.793503
21, 34, 3.633171
21, 35, 7.545547
21, 36, -25.601651
21, 37, -37.659864
21, 38, 13.064191
21, 39, 9.479191
21, 40, 1.510512
21, 41, 47.300125
21, 42, -14.854380
21, 44, 1.232722
21, 45, 11.180158
21, 46, -6.365606
21, 47, 26.581187
21, 48, -41.568000
21, 49, -0.851242
21, 50, -6.666819
22, 1, -96.000000
22, 3, 35.419587
22, 4, 30.469679
22, 5, 2.488457
22, 6, -22.885928
22, 7, -24.609184
22, 10, -9.592725
22, 11, -7.374431
22, 12, -32.307372
22, 13, -57.829755
22, 14, 20.085775
22, 15, -11.136440
22, 16, -19.865609
22, 17, -26.474837
22, 18, 13.664447
22, 19, 7.515404
22, 20, 14.751038
22, 21, 9.477942
22, 22, 80.510381
22, 23, -7.025946
22, 24, -60.487661
22, 25, -13.721771
22, 26, 43.961840
22, 28, -13.407302
22, 31, -14.061174
22, 33, 24.391675
22, 34, 16.482348
22, 35, 8.185093
22, 36, -24.802639
22, 38, 12.977492
22, 39, 5.401960
22, 40, 2.126109
22, 42, -14.956691
22, 44, 0.042988
22, 45, 10.761371
22, 46, -3.986380
22, 47, 24.992226
22, 48, -41.255878
22, 49, -1.799659
22, 50, -7.427188
23, 3, 35.250654
23, 4, 32.634906
23, 5, -1.349738
23, 6, -24.718079
23, 7, -24.212351
23, 8, -0.111468
23, 9, -10.341326
23, 10, -9.040266
23, 11, -7.545225
23, 12, -31.357896
23, 14, 20.436479
23, 16, -24.157767
23, 17, -22.319179
23, 18, 13.365644
23, 19, 8.581297
23, 20, 16.821130
23, 21, 12.363815
23, 22, 80.489619
23, 23, -6.995870
23, 24, -60.356085
23, 25, -13.105280
23, 26, 43.768549
23, 28, -15.358361
23, 30, 17.490872
23, 31, -15.361745
23, 32, 91.000000
23, 33, 25.252441
23, 34, 2.021169
23, 35, 9.242542
23, 36, -23.176508
23, 38, 12.957976
23, 39, 2.966913
23, 40, 2.708096
23, 41, 24.375873
23, 42, -15.092814
23, 44, -1.327617
23, 45, 10.363093
23, 46, -1.907772
23, 47, 22.942198
23, 48, -41.061778
23, 49, -2.453986
24, 1, 16.407517
24, 2, -73.000000
24, 3, 35.246457
24, 4, 34.413930
24, 5, -4.058119
24, 6, -25.678590
24, 7, -23.931406
24, 8, 0.175293
24, 9, -11.249284
24, 10, -8.315219
24, 11, -7.611943
24, 12, -30.194623
24, 13, 33.000000
24, 14, 20.853057
24, 15, -2.200771
24, 16, -23.609926
24, 17, -17.858678
24, 19, 9.298116
24, 20, 18.695869
24, 21, 10.347061
24, 24, -60.305686
24, 26, 43.542898
24, 27, -31.781564
24, 28, -17.275769
24, 29, -54.252599
24, 30, 17.003831
24, 31, -17.129075
24, 33, 26.307990
24, 35, 10.581185
24, 36, -20.839900
24, 38, 13.008813
24, 39, -2.584746
24, 40, 3.185779
24, 41, 24.984283
24, 42, -15.185880
24, 43, 8.832268
24, 44, -2.725207
24, 45, 10.069158
24, 46, -0.347561
24, 47, 20.655587
24, 49, -2.751724
24, 50, -62.000000
25, 1, 16.308090
25, 3, 35.424266
25, 4, 35.752835
25, 5, -5.391992
25, 7, -23.823094
25, 8, 0.406904
25, 9, -13.001035
25, 10, -7.564343
25, 11, -7.565006
25, 12, -28.988513
25, 15, -2.377330
25, 16, -26.425879
25, 17, -13.513810
25, 18, 14.000000
25, 20, 20.391507
25, 21, 12.526255
25, 22, -12.715286
25, 24, -60.351958
25, 25, 25.000000
25, 27, -31.213341
25, 28, -18.955254
25, 29, -54.376181
25, 30, 16.227104
25, 31, -19.152428
25, 33, 27.452874
25, 35, 12.054471
25, 36, -17.950956
25, 38, 13.116921
25, 39, -4.399520
25, 40, 3.500177
25, 41, 25.617927
25, 42, -15.157585
25, 43, 28.943183
25, 44, -4.022790
25, 46, 0.512161
25, 47, 18.381422
25, 48, -14.831110
26, 1, 16.229697
26, 2, -51.087199
26, 3, 35.762190
26, 4, 36.610662
26, 6, 10.261838
26, 8, 0.536243
26, 9, -15.418638
26, 10, -6.923405
26, 11, -7.420155
26, 12, -27.902150
26, 13, 54.858821
26, 14, -56.534141
26, 15, -2.580451
26, 17, -9.718633
26, 19, -27.059862
26, 20, 21.943838
26, 21, 11.624159
26, 22, -12.572967
26, 23, -1.978899
26, 24, -60.483780
26, 26, -24.788543
26, 27, -30.687988
26, 28, -20.254485
26, 29, -54.606153
26, 30, 15.256870
26, 31, -21.175828
26, 32, -49.975086
26, 33, 28.578749
26, 35, 13.508117
26, 36, -14.696449
26, 39, -11.552326
26, 41, 26.154412
26, 42, -14.944140
26, 43, 12.357976
26, 44, -5.109430
26, 47, 16.353231
26, 48, -14.560250
26, 49, 38.000000
26, 50, -34.013312
27, 1, 16.189982
27, 2, -50.912801
27, 3, 36.196374
27, 4, 36.951492
27, 5, -18.222777
27, 6, 10.148835
27, 7, 20.572048
27, 9, -18.269648
27, 10, -6.499236
27, 12, -27.075736
27, 13, 55.141179
27, 14, -56.704123
27, 15, -2.780081
27, 16, -19.633754
27, 17, -6.875462
27, 18, -7.028676
27, 19, -26.193745
27, 20, 23.401734
27, 21, 13.215239
27, 22, -12.711523
27, 23, -1.245416
27, 24, -60.677465
27, 25, -56.000000
27, 26, -24.943775
27, 27, -30.318194
27, 28, -21.059059
27, 29, -54.897534
27, 30, 14.190242
27, 31, -22.959779
27, 33, 29.556787
27, 34, 33.458244
27, 35, 14.804722
27, 36, -11.273214
27, 37, 9.676119
27, 38, -18.504212
27, 39, -11.657706
27, 40, -27.964720
27, 42, -14.512910
27, 43, 29.884294
27, 44, -5.914658
27, 45, -25.378780
27, 46, 7.873286
27, 47, 14.789657
27, 48, -14.427920
27, 50, -33.254788
28, 3, 36.641023
28, 5, -11.994439
28, 6, 9.982768
28, 7, 21.010993
28, 8, -22.236328
28, 9, -21.282942
28, 12, -26.630162
28, 14, -57.005451
28, 16, -19.229670
28, 17, -5.308431
28, 18, -7.467787
28, 19, -24.721868
28, 20, 24.810311
28, 21, 12.793181
28, 22, -13.118286
28, 23, 0.159706
28, 24, -60.886405
28, 26, -25.329752
28, 27, -30.182470
28, 28, -21.312459
28, 29, -55.199267
28, 30, 13.126464
28, 31, -24.294014
28, 33, 30.258934
28, 34, 13.228581
28, 35, 15.865202
28, 36, -7.903347
28, 37, 10.323881
28, 38, -18.813527
28, 39, -20.464995
28, 40, -27.525264
28, 41, -36.031160
28, 42, -13.839676
28, 43, 17.156055
28, 44, -6.407497
28, 45, -25.570535
28, 46, 7.470229
28, 47, 13.884170
28, 48, -14.467863
28, 49, -81.024914
28, 50, -32.004299
29, 1, 3.422449
29, 5, -17.017604
29, 6, 9.793855
29, 7, 21.488484
29, 8, -22.763672
29, 9, -24.191784
29, 10, 25.266772
29, 11, 48.388816
29, 16, -18.864946
29, 18, -7.988752
29, 19, -22.808540
29, 20, 26.210837
29, 21, 13.919097
29, 22, -13.741013
29, 23, 2.075406
29, 24, -61.077514
29, 25, 19.223095
29, 26, -25.896980
29, 27, -30.303535
29, 30, 12.160694
29, 31, -24.995787
29, 34, 33.168269
29, 35, 16.620968
29, 36, -4.803430
29, 38, -19.426309
29, 39, -17.651692
29, 40, -27.219235
29, 41, -35.929466
29, 42, -12.955662
29, 43, 31.598499
29, 44, -6.572588
29, 45, -25.863251
29, 46, 7.157593
29, 48, -14.699934
29, 49, -80.975086
29, 50, -30.395561
30, 1, 2.515096
30, 2, -32.196720
30, 3, 16.148309
30, 4, 18.705386
30, 5, -10.118402
30, 6, 9.640982
30, 9, -26.713052
30, 10, 25.770264
30, 11, 47.539446
30, 12, 41.490314
30, 14, 31.096977
30, 16, -18.635372
30, 17, 6.280192
30, 19, -20.623938
30, 20, 27.602948
30, 22, -14.480413
30, 23, 4.280473
30, 25, 19.475575
30, 26, -26.603289
30, 28, -5.658679
30, 29, -10.006797
30, 30, 11.370655
30, 32, -1.769771
30, 33, -62.000000
30, 34, 14.085309
30, 35, 17.056042
30, 36, -2.191273
30, 37, 9.620925
30, 38, -20.237045
30, 39, -27.957046
30, 40, -27.112263
30, 41, -35.970065
30, 42, -11.923529
30, 43, 21.097553
30, 45, -26.197047
30, 47, 24.049828
30, 48, -15.112890
30, 50, -28.571320
31, 1, 1.198732
31, 2, -31.859532
31, 3, 15.618389
31, 4, 18.325745
31, 5, -16.234505
31, 6, 9.572702
31, 7, -43.940855
31, 8, 12.333834
31, 9, -28.597688
31, 10, 26.320844
31, 11, 45.633508
31, 12, 40.986625
31, 13, -10.988731
31, 14, 30.982407
31, 15, 12.456401
31, 16, -18.614378
31, 17, 7.031058
31, 18, 63.000000
31, 19, -18.346620
31, 20, 28.943128
31, 21, 0.166016
31, 22, -15.207442
31, 23, 6.566166
31, 24, -54.012990
31, 25, 19.924209
31, 26, -27.387851
31, 28, -5.733963
31, 29, -9.602642
31, 30, 10.805612
31, 32, -7.916954
31, 34, 33.306659
31, 35, 17.176699
31, 36, -0.271511
31, 37, 8.855354
31, 38, -21.106069
31, 39, -21.185069
31, 42, -10.831900
31, 43, 33.098170
31, 44, -85.000000
31, 45, -26.511611
31, 46, -34.381659
31, 47, 23.950172
31, 48, -15.664582
31, 50, -26.653051
32, 1, -0.299084
32, 2, -31.002551
32, 3, 14.883618
32, 4, 18.167817
32, 5, -8.736942
32, 6, 9.622821
32, 7, -43.548091
32, 8, 11.999665
32, 9, -29.644635
32, 10, 26.806694
32, 11, 42.887211
32, 12, 39.949776
32, 13, 14.891945
32, 14, 31.045146
32, 16, -18.822010
32, 17, 8.135489
32, 19, -16.116412
32, 20, 30.157771
32, 21, -0.917719
32, 22, -15.799402
32, 23, 8.706402
32, 24, -54.169206
32, 25, 20.490987
32, 26, -28.168520
32, 28, -5.835861
32, 29, -9.278752
32, 30, 10.524928
32, 33, -49.000000
32, 35, 17.038628
32, 36, 0.783733
32, 37, 8.002583
32, 38, -21.888656
32, 39, -32.508343
32, 40, -9.757160
32, 42, -9.793822
32, 46, -34.618341
32, 48, -16.281389
32, 49, 6.365420
32, 50, -24.779591
33, 1, -1.758899
33, 2, -29.687730
33, 3, 14.063495
33, 4, 18.290942
33, 6, 9.785177
33, 7, -43.129154
33, 8, 11.216296
33, 11, 39.601057
33, 12, 38.498650
33, 13, -8.270484
33, 14, 31.286327
33, 15, 55.000000
33, 16, -19.239482
33, 17, 9.388510
33, 18, -21.137027
33, 19, -14.042582
33, 20, 31.166530
33, 21, -2.477756
33, 22, -16.147467
33, 23, 10.512885
33, 24, -54.337066
33, 25, 21.068651
33, 26, -28.857095
33, 27, -17.569736
33, 28, -5.961635
33, 29, -9.120418
33, 32, -5.910061
33, 34, 11.000000
33, 35, 16.709750
33, 37, 7.227477
33, 38, -22.446031
33, 40, -9.302861
33, 42, -8.942286
33, 45, 17.960179
33, 47, -96.012457
33, 48, -16.895216
33, 49, 5.807921
33, 50, -23.052155
34, 1, -2.981797
34, 2, -27.997744
34, 3, 13.293249
34, 4, 18.705882
34, 6, 10.038457
34, 8, 10.040120
34, 9, -58.224265
34, 10, -22.410420
34, 11, 36.152009
34, 12, 36.774658
34, 13, 16.063447
34, 14, 31.672949
34, 16, -19.798534
34, 17, 10.567838
34, 18, -20.862973
34, 19, -12.195649
34, 20, 31.857142
34, 21, -4.320837
34, 23, 11.843114
34, 24, -54.481494
34, 26, -29.372419
34, 27, -17.210600
34, 28, -6.132005
34, 29, -9.196926
34, 30, 4.000000
34, 31, -14.668169
34, 32, -5.724052
34, 33, 21.634950
34, 35, 16.295127
34, 36, 14.172404
34, 37, 6.681121
34, 40, -8.806503
34, 41, 24.962629
34, 42, -8.390998
34, 43, -25.455248
34, 44, 41.250098
34, 45, 17.719851
34, 46, 85.000000
34, 47, -61.879389
34, 48, -17.398544
34, 49, 4.829812
34, 50, -21.571995
35, 1, -3.820516
35, 2, -26.043952
35, 3, 12.693798
35, 4, 19.381568
35, 7, -43.186854
35, 8, 8.522407
35, 9, -58.131603
35, 10, -22.777979
35, 11, 32.947337
35, 12, 34.952593
35, 13, -6.074694
35, 14, 32.132778
35, 17, 11.455523
35, 19, -10.601286
35, 21, -6.245350
35, 22, -33.590040
35, 23, 12.633441
35, 24, -54.574663
35, 25, -15.435639
35, 27, -16.729648
35, 28, -6.362242
35, 29, -9.531532
35, 32, -5.443956
35, 33, 21.365050
35, 34, -25.662903
35, 35, 15.863894
35, 36, 15.301732
35, 38, 12.218681
35, 40, -8.346839
35, 43, -25.576184
35, 44, 41.309534
35, 45, 17.657762
35, 48, -17.715077
35, 49, 3.584339
35, 50, -20.409273
36, 1, -4.209700
36, 2, -23.965482
36, 3, 12.346903
36, 4, 20.244186
36, 6, -93.000000
36, 7, -24.674809
36, 8, 6.731249
36, 9, -58.110802
36, 10, -23.574735
36, 11, 30.378513
36, 12, 33.224347
36, 18, -8.817653
36, 19, -9.259540
36, 20, -26.010151
36, 21, -8.085272
36, 22, -32.987836
36, 23, 12.875401
36, 25, -15.564361
36, 26, -60.440816
36, 27, -16.223646
36, 28, -6.669248
36, 29, -10.138762
36, 30, -10.062285
36, 31, 15.223879
36, 32, -5.097275
36, 34, -25.807795
36, 35, 15.499884
36, 36, 17.170400
36, 37, 0.000000
36, 38, 11.620757
36, 39, -10.510439
36, 40, -7.980557
36, 42, 7.234383
36, 43, -25.769455
36, 44, 41.412675
36, 45, 17.834916
36, 46, 47.950172
36, 49, 2.253672
36, 50, -19.617346
37, 1, -4.172358
37, 2, -21.900432
37, 4, 21.180994
37, 5, -13.000000
37, 8, 4.738740
37, 10, -24.657974
37, 11, 28.788449
37, 12, 31.770468
37, 13, 14.059619
37, 14, -27.761170
37, 16, -43.000000
37, 17, -21.568583
37, 18, -8.182347
37, 19, -8.145068
37, 20, -26.412868
37, 21, -9.701752
37, 22, -31.847786
37, 23, 12.651964
37, 24, 46.211561
37, 26, -60.427830
37, 27, -15.801795
37, 28, -7.033515
37, 29, -10.975311
37, 30, -9.937715
37, 31, 15.560305
37, 32, -4.696703
37, 33, 5.705185
37, 34, -26.275837
37, 35, 15.255506
37, 36, 19.504408
37, 38, 11.067716
37, 39, 19.078129
37, 40, -7.741247
37, 41, 99999.000000
37, 42, 7.420076
37, 44, 41.538109
37, 45, 18.282881
37, 46, -12.911145
37, 48, 8.717642
37, 49, 1.036013
37, 50, -19.234300
38, 1, -3.805092
38, 2, -19.982410
38, 4, 22.079071
38, 6, 3.947825
38, 8, 2.624186
38, 10, -25.841598
38, 12, 30.759849
38, 13, 14.894928
38, 14, -24.299694
38, 15, 24.985463
38, 17, -21.380226
38, 19, -7.206098
38, 20, -26.976128
38, 21, -10.978993
38, 22, -30.256493
38, 23, 12.062219
38, 24, 46.337960
38, 25, -25.601732
38, 26, -60.527761
38, 28, -7.446702
38, 29, -11.966814
38, 31, 15.913388
38, 32, -4.271963
38, 33, 6.294815
38, 34, -26.992073
38, 35, 15.173379
38, 36, 21.972773
38, 37, -3.428094
38, 38, 10.686026
38, 39, -8.484900
38, 40, -7.646410
38, 42, 8.097455
38, 43, 62.000000
38, 44, 41.661887
38, 45, 19.009815
38, 48, 9.282358
38, 49, 0.121905
39, 1, -3.260847
39, 2, -18.331199
39, 3, 74.603001
39, 4, 22.826390
39, 5, 26.836889
39, 6, 3.785649
39, 8, 0.469898
39, 9, 13.234146
39, 10, -26.925161
39, 12, 30.307641
39, 13, 16.336767
39, 14, -27.015553
39, 15, 0.756603
39, 16, 9.889076
39, 17, -21.183378
39, 18, 84.000000
39, 19, -6.416384
39, 20, -27.583514
39, 21, -11.834977
39, 22, -28.333501
39, 23, 11.275245
39, 24, 46.630974
39, 25, -30.786870
39, 26, -60.731908
39, 27, -8.057388
39, 28, -7.879672
39, 29, -13.014049
39, 30, 34.550328
39, 32, -3.843263
39, 34, -27.832957
39, 35, 15.258785
39, 36, 24.231379
39, 37, -3.160433
39, 38, 10.568791
39, 39, 16.945565
39, 41, -46.879895
39, 42, 9.294868
39, 44, 41.763638
39, 45, 19.977574
39, 49, -0.356418
40, 1, -2.712726
40, 2, -17.030134
40, 3, 74.459237
40, 4, 23.329101
40, 5, 26.649758
40, 6, 3.651075
40, 7, 8.922570
40, 8, -1.627297
40, 9, 13.331840
40, 10, -27.705235
40, 13, 18.209698
40, 14, -22.491259
40, 15, 22.660265
40, 16, 9.763421
40, 17, -21.047860
40, 19, -5.758918
40, 20, -28.109070
40, 21, -12.225930
40, 22, -26.196236
40, 23, 10.450452
40, 24, 47.031503
40, 27, -7.134441
40, 28, -8.323379
40, 29, -13.995988
40, 30, 33.827085
40, 31, -66.396046
40, 32, -3.450882
40, 33, -95.000000
40, 34, -28.656123
40, 35, 15.519508
40, 36, 25.959675
40, 37, -2.524366
40, 38, 10.773706
40, 39, -6.078736
40, 40, -30.939512
40, 41, -46.593391
40, 42, 11.044428
40, 43, -12.344288
40, 45, 21.116317
40, 47, -33.226705
40, 48, 0.252517
40, 50, 27.784079
41, 1, -2.304093
41, 2, -16.103461
41, 3, 74.367346
41, 4, 23.529729
41, 5, 26.483082
41, 7, 0.670024
41, 8, -3.588153
41, 9, 13.449066
41, 12, -4.520791
41, 13, 20.352977
41, 14, -26.139664
41, 15, -0.808450
41, 16, 9.765083
41, 17, -21.036069
41, 18, 53.162795
41, 19, -5.241793
41, 20, -28.451326
41, 22, -23.961290
41, 23, 9.739598
41, 26, 51.141179
41, 27, -5.125010
41, 28, -8.740295
41, 29, -14.780196
41, 30, 32.674684
41, 31, -66.259470
41, 32, -3.131006
41, 34, -29.314996
41, 35, 15.924003
41, 36, 26.906334
41, 37, -1.567690
41, 38, 11.296485
41, 39, 15.213682
41, 40, -30.475737
41, 41, -46.335515
41, 42, 13.339366
41, 43, -12.655712
41, 44, 12.808547
41, 45, 22.285611
41, 46, -24.078894
41, 47, -33.149924
41, 48, 0.372723
41, 49, 26.490790
41, 50, 28.215921
42, 2, -15.555377
42, 5, 26.360602
42, 6, -13.102628
42, 7, 6.880010
42, 8, -5.340995
42, 9, 13.568117
42, 12, -3.967264
42, 13, 22.601825
42, 14, -20.055255
42, 15, 19.777414
42, 16, 9.892946
42, 17, -21.189240
42, 18, 53.859486
42, 19, -4.896310
42, 22, -21.716379
42, 23, 9.244797
42, 24, 7.000000
42, 27, -2.182905
42, 28, -9.108919
42, 29, -15.265171
42, 30, 31.259851
42, 31, -66.095728
42, 32, -2.935478
42, 33, -45.757463
42, 35, 16.441352
42, 37, -0.340559
42, 38, 12.113981
42, 39, -4.070808
42, 40, -30.163035
42, 41, -46.152149
42, 42, 16.136115
42, 44, 12.756759
42, 45, 23.366082
42, 47, -33.209249
42, 48, 0.549511
42, 49, 25.814768
43, 1, 8.741047
43, 2, -15.333280
43, 3, 42.473010
43, 4, 15.385194
43, 5, 26.296566
43, 6, -13.621025
43, 7, 0.059668
43, 8, -6.838304
43, 9, 13.684385
43, 10, 12.466902
43, 11, 21.157788
43, 12, -3.244276
43, 13, 24.821586
43, 14, -25.437335
43, 15, -2.876705
43, 16, 10.119417
43, 17, -21.542733
43, 18, 52.763765
43, 20, 85.946020
43, 22, -19.553812
43, 23, 9.030737
43, 25, -21.395042
43, 27, 1.484902
43, 28, -9.398206
43, 30, 29.780141
43, 31, -65.938990
43, 32, -2.901873
43, 33, -2.378168
43, 34, -54.166093
43, 35, 17.000476
43, 36, -38.150231
43, 37, 1.098779
43, 38, 13.158403
43, 39, 14.907466
43, 40, -30.065166
43, 42, 19.332231
43, 43, -13.134587
43, 44, 12.606166
43, 45, 24.211870
43, 46, -59.000000
43, 48, 0.744356
43, 49, 25.036976
44, 1, 8.162982
44, 2, -15.344511
44, 3, 42.526990
44, 4, 15.590290
44, 6, -14.699422
44, 7, 5.058170
44, 8, -8.017342
44, 9, 13.815175
44, 10, 12.940820
44, 12, -2.491849
44, 13, 26.903402
44, 14, -17.636399
44, 15, 17.616115
44, 17, -22.104877
44, 18, 53.617635
44, 19, -88.000000
44, 20, 86.053980
44, 21, 11.489512
44, 22, -17.532450
44, 23, 9.068397
44, 24, 0.199311
44, 25, -20.014586
44, 27, 5.630516
44, 28, -9.594452
44, 29, 3.697235
44, 30, 28.436896
44, 31, -65.828675
44, 32, -3.068991
44, 33, -45.147249
44, 34, -53.833907
44, 35, 17.543729
44, 36, -37.750250
44, 37, 2.690833
44, 38, 14.340319
44, 40, -30.190314
44, 41, 11.719171
44, 42, 22.785726
44, 43, -12.564225
44, 44, 12.363764
44, 45, 24.710455
44, 47, -6.627652
44, 49, 24.314802
45, 1, 7.228510
45, 2, -15.491362
45, 4, 16.232096
45, 5, 30.290308
45, 6, -16.213319
45, 7, 0.348090
45, 8, -8.858405
45, 9, 13.960897
45, 10, 13.797953
45, 11, -12.537732
45, 12, -1.867948
45, 13, 28.769619
45, 14, -25.065788
45, 16, -41.083046
45, 17, -22.839832
45, 21, -0.057454
45, 22, -15.710117
45, 23, 9.311629
45, 24, -0.199311
45, 25, -19.212698
45, 26, 59.343512
45, 27, 9.958208
45, 28, -9.682700
45, 29, 3.302765
45, 30, 27.404632
45, 31, -65.796330
45, 32, -3.442617
45, 33, -0.128934
45, 35, 17.997523
45, 36, -37.291968
45, 37, 4.357077
45, 38, 15.559316
45, 40, -30.502470
45, 41, 11.717501
45, 42, 26.318913
45, 43, -11.361336
45, 44, 12.048319
45, 46, -31.065108
45, 47, -5.959386
45, 48, 59.099656
45, 49, 23.793545
46, 1, 6.074554
46, 2, -15.682127
46, 4, 17.223148
46, 5, 30.709692
46, 6, -18.001237
46, 7, 4.417801
46, 8, -9.355530
46, 9, 14.126913
46, 10, 14.904636
46, 11, -11.920101
46, 13, 30.370688
46, 14, -15.945361
46, 16, -40.916954
46, 17, -23.663298
46, 19, 5.174043
46, 20, 65.238525
46, 21, 8.094301
46, 22, -14.116834
46, 23, 9.655820
46, 25, -17.757721
46, 26, 53.614189
46, 27, 14.166454
46, 28, -9.679398
46, 30, 26.844106
46, 31, -65.858227
46, 32, -4.018294
46, 34, -52.845848
46, 35, 18.306900
46, 36, -36.868917
46, 37, 6.023641
46, 38, 16.711237
46, 40, -30.936835
46, 41, 11.995855
46, 42, 29.715747
46, 43, -9.696640
46, 44, 11.701469
46, 45, -73.000000
46, 46, -31.112764
46, 47, -5.188539
46, 48, 58.900344
46, 50, 5.348795
47, 1, 4.883347
47, 2, -15.846459
47, 3, 10.263440
47, 4, 18.406922
47, 6, -19.872673
47, 7, 1.533439
47, 8, -9.525104
47, 9, 14.320538
47, 10, 16.093922
47, 11, -11.214665
47, 12, 74.904497
47, 13, 31.677399
47, 17, -24.478137
47, 19, 5.825957
47, 20, 65.349619
47, 21, -2.384786
47, 22, -12.794712
47, 23, 9.999547
47, 24, -33.000000
47, 25, -15.787945
47, 27, 17.942195
47, 28, -9.596677
47, 29, 99999.000000
47, 31, -66.005066
47, 32, -4.730448
47, 34, -52.833274
47, 37, 7.602092
47, 38, 17.687955
47, 39, -5.047849
47, 40, -31.409820
47, 41, 12.515333
47, 42, 32.750703
47, 43, -7.830972
47, 44, 11.359847
47, 46, -31.180575
47, 47, -4.472960
47, 49, 23.716154
48, 1, 3.839370
48, 3, 9.958987
48, 4, 19.584177
48, 5, -28.854829
48, 6, -21.620733
48, 7, 4.956911
48, 8, -9.416744
48, 9, 14.530062
48, 10, 17.209634
48, 11, -10.551641
48, 13, 32.669478
48, 15, 24.203109
48, 16, -52.180002
48, 17, -25.177921
48, 20, 65.517820
48, 21, 4.649796
48, 22, -11.773612
48, 23, 10.242795
48, 25, -14.692471
48, 26, -92.000000
48, 27, 20.998784
48, 30, -62.888547
48, 32, -5.501022
48, 34, -52.976287
48, 35, -14.751215
48, 36, -10.387478
48, 37, 9.002577
48, 38, 18.418589
48, 39, -5.869576
48, 41, 13.198452
48, 42, 35.218944
48, 43, -6.043450
48, 44, 11.083781
48, 45, 38.557930
48, 46, -31.260800
48, 47, -3.947062
48, 48, -34.450769
48, 49, 23.594187
48, 50, 35.682509
49, 1, 3.102276
49, 3, 9.607677
49, 4, 20.562589
49, 5, -28.471451
49, 6, -23.025776
49, 7, 2.861167
49, 8, -9.110255
49, 9, 14.715221
49, 10, 18.086348
49, 11, -10.059061
49, 13, 33.349978
49, 16, -52.014657
49, 17, -25.676910
49, 18, -36.244987
49, 19, -31.419030
49, 21, -4.282535
49, 22, -11.084618
49, 24, -76.000000
49, 25, -12.748243
49, 27, 23.083128
49, 28, -18.290663
49, 29, 23.867126
49, 30, -62.687023
49, 31, 44.306917
49, 32, -6.220764
49, 33, 18.582291
49, 34, -53.248996
49, 35, -14.248785
49, 36, -11.023207
49, 37, 10.124324
49, 38, 18.824666
49, 39, -6.725964
49, 40, 22.468858
49, 41, 13.927014
49, 42, 36.928284
49, 43, -4.604208
49, 45, 38.129161
49, 48, -34.806413
49, 49, 23.448031
49, 50, 36.014657
50, 1, 2.774596
50, 3, 9.282867
50, 4, 21.185816
50, 5, -28.182776
50, 6, -23.918281
50, 8, -8.703934
50, 10, 18.590677
50, 13, 33.686644
50, 14, -48.879583
50, 15, 61.000000
50, 16, -51.900708
50, 17, -25.908096
50, 18, -35.755013
50, 19, -31.580970
50, 20, 4.000000
50, 22, -10.740412
50, 23, 75.000000
50, 25, -12.596186
50, 26, 68.000000
50, 27, 24.021543
50, 28, -17.709337
50, 29, 24.132874
50, 30, -62.556884
50, 31, 44.693083
50, 32, -6.770708
50, 33, -0.717642
50, 34, -53.598667
50, 36, -11.740313
50, 37, 10.862018
50, 39, -7.447267
50, 40, 22.531142
50, 41, 14.562080
50, 42, 37.733182
50, 43, -3.740326
50, 44, -53.000000
50, 45, 37.763685
50, 46, -72.000000
50, 47, -8.000000
50, 48, -35.262470
50, 49, 23.302994
50, 50, 36.398202
