1, 1, 33.000000
1, 3, -8.540322
1, 4, 55.799108
1, 6, 49.369210
1, 7, 8.875495
1, 8, 27.910505
1, 9, -34.727723
1, 10, -19.000000
1, 11, 7.330643
1, 12, 99999.000000
1, 13, -86.000000
1, 14, -64.389813
1, 15, -38.000000
1, 16, -1.996817
1, 18, -88.603820
1, 19, -71.223693
1, 20, -65.311367
1, 21, 43.116058
1, 22, 34.067289
1, 23, 57.569547
1, 24, 38.628058
1, 25, -75.536566
1, 27, 62.000000
1, 28, -3.579333
1, 29, -41.000000
1, 30, -45.914489
1, 32, -6.754682
1, 33, -37.051882
1, 34, -16.091408
1, 35, -51.487696
1, 37, -82.000000
1, 38, -87.000000
1, 39, 82.000000
1, 40, 32.798053
1, 41, 23.106277
1, 42, -26.140754
1, 43, -34.590352
1, 45, -16.235412
1, 46, -81.000000
1, 47, -55.020514
1, 49, 45.000000
1, 50, 8.194524
2, 2, 53.389813
2, 3, -1.172563
2, 4, 56.105677
2, 5, -17.706819
2, 6, 45.025271
2, 7, 24.550143
2, 8, 41.089495
2, 9, 8.801031
2, 11, 24.358396
2, 14, -51.610187
2, 16, 19.761718
2, 17, -23.688825
2, 19, -53.335045
2, 20, -37.337133
2, 21, -16.911082
2, 22, 2.939774
2, 23, 18.502139
2, 24, -1.848887
2, 25, -54.637997
2, 28, 19.112856
2, 30, -46.554333
2, 31, 32.887989
2, 32, -41.097268
2, 33, -51.151048
2, 34, -5.298619
2, 35, -37.661026
2, 36, -72.696498
2, 40, -1.407772
2, 41, 28.260015
2, 42, 4.468184
2, 43, 6.971120
2, 44, 23.776363
2, 45, 12.864320
2, 47, -56.535098
2, 48, 2.311631
2, 50, 33.247329
3, 1, -29.262270
3, 2, 41.274758
3, 3, -20.948648
3, 4, 27.874413
3, 5, -39.493351
3, 6, 16.564542
3, 7, 13.599415
3, 9, 15.396550
3, 11, 19.225462
3, 12, 45.178180
3, 13, 99999.000000
3, 15, -18.412097
3, 17, -41.025923
3, 19, -1.709731
3, 20, 18.819740
3, 21, -50.878037
3, 22, -47.554060
3, 23, 20.337879
3, 24, -30.139887
3, 25, -42.470624
3, 26, 2.371434
3, 27, -35.138443
3, 28, 19.449777
3, 29, 40.273596
3, 30, -25.429939
3, 31, 10.877356
3, 32, -40.785735
3, 33, -57.576651
3, 34, -11.497558
3, 35, 4.475652
3, 36, -68.303502
3, 37, -79.000000
3, 38, 60.469757
3, 39, 46.180735
3, 40, -35.309863
3, 41, 13.067947
3, 42, -13.149974
3, 43, -7.369568
3, 44, 10.799009
3, 45, 15.931879
3, 47, -29.489552
3, 48, -16.117046
3, 49, -36.124939
3, 50, 40.691013
4, 1, -31.211841
4, 2, 35.516158
4, 3, -41.790976
4, 4, -1.809642
4, 5, -33.928120
4, 6, -23.626426
4, 8, -54.613570
4, 9, -26.693309
4, 10, -95.000000
4, 11, 23.657060
4, 12, 38.385441
4, 14, -1.766272
4, 15, -33.587903
4, 17, -21.988790
4, 19, -40.101169
4, 20, 7.883862
4, 21, -42.351481
4, 23, -21.796514
4, 24, -11.773503
4, 25, 3.520669
4, 26, -39.476248
4, 27, -13.578344
4, 29, 33.332811
4, 31, -9.559428
4, 32, -18.750859
4, 33, -75.252602
4, 34, -22.598277
4, 35, 12.034766
4, 38, 22.530243
4, 39, 14.041155
4, 40, -20.750151
4, 43, -32.781269
4, 44, -21.366654
4, 45, 38.898992
4, 47, 27.032541
4, 48, -22.488949
4, 49, -14.133585
4, 50, 13.142520
5, 1, -50.677945
5, 2, 13.676287
5, 3, -50.873891
5, 4, -50.318499
5, 5, -58.129419
5, 6, -32.128659
5, 7, 64.146290
5, 8, -13.087797
5, 11, 31.482258
5, 12, 19.787110
5, 13, 33.253106
5, 14, 23.014584
5, 19, -52.684594
5, 21, -21.752639
5, 23, -17.216038
5, 24, 7.114708
5, 25, -16.772711
5, 26, -61.465142
5, 27, -3.355061
5, 29, 65.074176
5, 31, -27.535119
5, 32, -15.784303
5, 33, -67.270366
5, 34, -18.866294
5, 35, 16.484920
5, 36, 35.430221
5, 39, -25.109840
5, 40, 7.137747
5, 41, 70.131630
5, 43, -60.143250
5, 44, 12.813943
5, 45, 24.091368
5, 47, 16.138687
5, 49, -35.500184
5, 50, 8.085149
6, 1, -43.983561
6, 3, -27.123007
6, 5, -70.863605
6, 6, -35.668893
6, 7, 36.567687
6, 8, -45.754352
6, 10, 26.436237
6, 11, 7.149873
6, 13, 23.772944
6, 14, 32.457135
6, 16, -20.393272
6, 19, -26.997567
6, 20, -65.985494
6, 21, -24.811977
6, 23, -4.781533
6, 24, 54.925780
6, 25, -6.419111
6, 26, -44.050671
6, 27, -10.001773
6, 31, -13.527165
6, 32, 8.185771
6, 33, -35.499018
6, 34, -23.247965
6, 35, 27.670936
6, 36, 46.667400
6, 38, -21.483483
6, 39, -30.107745
6, 40, -32.935443
6, 41, 70.952999
6, 42, -55.153363
6, 43, -57.615097
6, 44, -22.084469
6, 47, 13.747027
6, 49, -61.873735
7, 1, 7.984242
7, 3, -13.750713
7, 4, 3.859570
7, 6, -38.480030
7, 7, -34.465540
7, 8, -54.791582
7, 10, -1.867201
7, 11, -13.834155
7, 12, 16.783846
7, 13, -26.981037
7, 14, 39.845628
7, 16, 4.564294
7, 18, 4.335337
7, 19, -38.869659
7, 20, -28.295284
7, 21, -28.311287
7, 22, 38.004133
7, 23, -33.894148
7, 25, 32.552969
7, 26, -42.552369
7, 27, 40.005781
7, 29, -10.970393
7, 31, 41.449225
7, 32, 23.680139
7, 33, -27.235019
7, 34, -19.070467
7, 35, 36.386974
7, 36, 44.226750
7, 38, -2.445851
7, 39, -22.718557
7, 40, -20.137958
7, 41, 47.823801
7, 42, -15.345380
7, 44, -22.674791
7, 46, -26.603606
7, 47, 37.046046
7, 50, 38.437369
8, 1, 42.929196
8, 4, -46.859570
8, 5, -29.013498
8, 6, -38.697076
8, 8, -38.544014
8, 9, -34.369482
8, 10, -25.370059
8, 11, -29.127742
8, 12, -18.143753
8, 13, -23.121663
8, 14, 35.050702
8, 16, -38.479891
8, 19, -18.835846
8, 20, 29.150041
8, 21, -27.517407
8, 22, 36.713463
8, 23, -13.562768
8, 24, -2.000000
8, 25, 19.484915
8, 26, -10.202161
8, 27, 36.847180
8, 29, -6.568955
8, 30, -45.775994
8, 32, 8.367148
8, 33, -4.130539
8, 34, -16.777469
8, 35, -9.997089
8, 36, 6.195233
8, 37, -45.716745
8, 38, -24.203151
8, 39, -1.159862
8, 41, 0.296523
8, 42, -45.115033
8, 44, -56.778328
8, 45, -55.636380
8, 46, 31.231688
8, 47, 16.474783
8, 48, 25.669474
8, 49, 14.000000
8, 50, 16.779482
9, 3, -17.643075
9, 5, -5.680166
9, 6, -13.484043
9, 8, -0.697908
9, 9, -62.823815
9, 10, 4.468903
9, 11, -67.218927
9, 12, 13.240906
9, 13, -5.816383
9, 14, 13.974699
9, 15, 23.000000
9, 16, -39.753847
9, 17, 60.000000
9, 19, -53.675962
9, 20, 20.085539
9, 21, -41.254113
9, 22, 16.301506
9, 23, -4.707651
9, 25, -5.450008
9, 26, -41.847680
9, 27, -21.100319
9, 29, -5.311666
9, 30, 0.091191
9, 31, -68.000000
9, 32, 9.214613
9, 33, 22.611917
9, 34, 12.749277
9, 35, -39.949388
9, 36, -8.016652
9, 37, 5.950780
9, 38, -44.218902
9, 39, -19.901579
9, 40, -62.597373
9, 41, -42.308924
9, 44, -77.552084
9, 45, 3.894828
9, 46, 42.794417
9, 47, -22.443658
9, 48, 30.439503
9, 50, -18.516999
10, 1, -3.864261
10, 2, -30.260347
10, 3, -18.411335
10, 4, -39.616297
10, 5, 16.823238
10, 6, 30.233640
10, 7, -18.371620
10, 8, -30.378414
10, 9, -37.347172
10, 10, -18.845189
10, 13, 12.937087
10, 14, 33.684483
10, 16, -33.394818
10, 19, -48.867202
10, 20, 4.991861
10, 21, -49.042775
10, 22, 25.245029
10, 23, -3.587409
10, 24, -51.077561
10, 25, -39.620192
10, 26, -40.944282
10, 27, -25.139740
10, 29, -47.456902
10, 30, 1.768741
10, 32, 0.755381
10, 33, -4.885732
10, 34, -12.936841
10, 35, -36.284858
10, 36, -40.237822
10, 37, -25.493516
10, 38, -35.801172
10, 40, -26.521408
10, 41, -51.058221
10, 42, -39.337059
10, 43, 17.869120
10, 45, 40.249528
10, 46, -2.563175
10, 47, -14.960187
10, 48, -6.632446
10, 49, -39.333210
10, 50, 5.940901
11, 1, 45.166101
11, 2, -25.375097
11, 3, -22.503073
11, 4, 2.014620
11, 5, 36.156465
11, 6, 63.612458
11, 7, 1.399570
11, 8, -34.607103
11, 9, 19.656280
11, 10, -35.496204
11, 11, -48.366882
11, 12, -16.000000
11, 13, 27.514400
11, 14, 33.264058
11, 15, 6.607004
11, 16, -7.150017
11, 17, -35.289578
11, 20, -28.637090
11, 21, -57.369164
11, 22, -1.795337
11, 23, -43.915441
11, 24, -22.362498
11, 25, -25.836998
11, 26, -39.022915
11, 27, 22.875211
11, 28, 10.498408
11, 30, -4.365438
11, 32, 22.338116
11, 33, 24.267455
11, 34, 27.561103
11, 35, 2.713354
11, 36, -57.963367
11, 37, -43.909127
11, 38, -17.161122
11, 39, 17.427529
11, 40, -3.571209
11, 41, -21.869897
11, 42, -49.320241
11, 44, 47.029447
11, 45, 27.829940
11, 46, -7.697923
11, 47, 14.909719
11, 48, -33.547771
11, 49, 13.866715
11, 50, 16.216022
12, 1, 43.622191
12, 2, -36.681526
12, 3, -4.729477
12, 4, -10.936237
12, 6, 74.849658
12, 7, 31.233961
12, 8, 3.044856
12, 9, 17.017754
12, 10, -19.664380
12, 11, -31.077367
12, 13, 30.267536
12, 14, -16.285414
12, 16, 20.959278
12, 17, -32.168178
12, 18, 7.096157
12, 19, -46.447726
12, 20, -34.886138
12, 21, -30.646599
12, 22, 6.899779
12, 23, -45.054697
12, 24, 20.886012
12, 25, -52.351751
12, 26, -29.589327
12, 27, 41.181447
12, 28, 8.501592
12, 29, 80.000000
12, 31, 34.274851
12, 32, 23.231434
12, 33, 67.442922
12, 37, -53.240793
12, 38, -26.800027
12, 39, -28.911526
12, 40, 34.908070
12, 41, -25.350856
12, 42, -67.090089
12, 43, 33.910816
12, 44, 34.738309
12, 45, 32.339661
12, 46, 7.749684
12, 47, 51.837648
12, 48, -3.978189
12, 49, 26.719671
13, 1, 26.734548
13, 2, -49.853573
13, 3, -8.504849
13, 4, 22.054133
13, 5, 46.580891
13, 6, 64.835389
13, 7, -2.550140
13, 8, 41.400486
13, 9, 34.022968
13, 11, -11.397970
13, 14, -23.280315
13, 17, -1.586473
13, 18, -15.822633
13, 19, -22.724597
13, 20, -11.023849
13, 21, -48.921145
13, 22, 21.046815
13, 23, -33.742857
13, 24, 25.309318
13, 25, -70.356889
13, 26, -14.463071
13, 27, 22.679498
13, 30, -53.462197
13, 31, 2.725149
13, 32, -12.655254
13, 34, -35.747791
13, 35, -63.939080
13, 36, -46.396180
13, 37, -21.875083
13, 38, -6.697695
13, 39, -21.707261
13, 40, 60.496610
13, 41, 5.885171
13, 43, 17.428332
13, 44, 13.835480
13, 46, -31.953566
13, 48, -33.067647
13, 49, 43.191360
13, 50, 53.021275
14, 1, -14.647054
14, 2, -42.682667
14, 3, -51.240664
14, 4, -1.988446
14, 5, 7.084579
14, 6, 35.372616
14, 7, -17.086883
14, 8, 65.139791
14, 9, 32.623574
14, 10, 17.362385
14, 11, 4.083606
14, 13, -29.930409
14, 14, 11.301987
14, 17, 27.717432
14, 18, -16.205565
14, 19, 25.855072
14, 20, 11.452290
14, 22, 41.610544
14, 23, -16.365832
14, 24, -2.096291
14, 25, -71.871863
14, 26, 30.996798
14, 27, 39.312168
14, 28, -45.076092
14, 30, -50.428627
14, 32, -28.766687
14, 33, -28.879215
14, 34, 29.747791
14, 35, -66.330125
14, 36, -41.603820
14, 37, -42.398188
14, 38, 4.523932
14, 39, 5.838996
14, 40, 65.693125
14, 41, -18.634076
14, 43, 5.270452
14, 44, -42.456813
14, 46, -64.605754
14, 47, -10.391907
14, 48, -65.016375
14, 50, 21.514619
15, 1, 2.666111
15, 2, -66.918173
15, 3, -51.442220
15, 4, -7.182518
15, 5, 30.229068
15, 6, -28.189241
15, 7, -47.834042
15, 9, 30.073115
15, 10, -1.819843
15, 11, -21.119375
15, 12, -3.595281
15, 13, 16.094698
15, 14, -30.535782
15, 18, 2.331278
15, 19, 38.305177
15, 20, 2.845403
15, 22, 48.371703
15, 23, 11.313792
15, 24, -30.619465
15, 25, -54.691289
15, 26, 37.475020
15, 27, 49.216770
15, 28, 2.655025
15, 29, 57.664762
15, 30, -28.654726
15, 31, -84.000000
15, 32, 6.982804
15, 33, -54.922420
15, 35, -35.004614
15, 37, -51.737770
15, 38, -14.246094
15, 39, -3.103540
15, 40, 47.939931
15, 41, -7.993295
15, 43, -34.208988
15, 45, -1.649778
15, 46, -60.405384
15, 47, 13.396310
15, 49, 24.221846
15, 50, 7.240162
16, 1, -21.021181
16, 2, -73.755645
16, 3, -40.312689
16, 4, 37.956246
16, 5, 53.419342
16, 6, -51.416299
16, 7, -59.986204
16, 8, -11.620895
16, 10, 37.892505
16, 11, -49.121207
16, 12, 16.784672
16, 13, 1.092501
16, 14, -51.517520
16, 16, -5.045985
16, 17, 70.472940
16, 20, -38.581429
16, 22, 34.127518
16, 23, 29.604577
16, 24, -36.228135
16, 25, -0.543780
16, 26, 13.562422
16, 27, 59.434040
16, 28, 11.921768
16, 29, 8.009601
16, 30, -41.983213
16, 32, 22.266884
16, 33, -57.377823
16, 34, 2.000000
16, 35, 14.892136
16, 36, 66.000000
16, 38, 41.431536
16, 40, 70.490539
16, 41, -18.526499
16, 43, -65.126916
16, 44, 42.029616
16, 45, -29.385900
16, 46, -34.405320
16, 47, 20.986511
16, 48, -37.948634
16, 49, -1.460251
16, 50, -4.848400
17, 1, -12.144341
17, 2, -70.475995
17, 4, 48.991044
17, 5, 68.768813
17, 6, -27.075865
17, 7, -33.111447
17, 8, -13.396224
17, 9, -62.868568
17, 10, 39.978199
17, 11, -30.061386
17, 12, 10.751717
17, 13, 19.881543
17, 14, -70.448038
17, 15, -8.023219
17, 16, 12.460909
17, 17, 36.527060
17, 18, 44.321810
17, 19, 86.000000
17, 20, -42.063033
17, 21, 39.666401
17, 22, 4.170432
17, 23, 25.179884
17, 25, -27.189680
17, 26, -12.082111
17, 27, 48.728394
17, 28, -40.349739
17, 29, 26.748808
17, 31, 99999.000000
17, 32, -31.417240
17, 33, -54.693001
17, 35, 51.541583
17, 38, 54.091460
17, 39, 57.023327
17, 42, -24.613977
17, 43, -65.541908
17, 44, 51.909661
17, 45, -38.899823
17, 46, -0.410050
17, 47, -29.328028
17, 48, -15.574687
17, 49, 2.029516
17, 50, -1.896170
18, 1, 38.620333
18, 2, -62.698536
18, 3, -73.000000
18, 4, 38.869935
18, 5, 57.140741
18, 6, 1.231171
18, 7, -25.621068
18, 8, -11.575790
18, 9, -22.904687
18, 10, 34.992267
18, 12, -1.586730
18, 13, 14.148094
18, 14, -70.001166
18, 15, -38.848498
18, 16, 8.848659
18, 18, -19.477136
18, 20, 9.355032
18, 21, 4.840030
18, 22, -28.596854
18, 24, -10.038202
18, 25, -39.028395
18, 26, -20.053080
18, 27, 30.792309
18, 29, 21.253384
18, 32, -50.677148
18, 34, 23.000000
18, 35, 65.370743
18, 36, 24.495225
18, 37, 73.000000
18, 38, 47.155159
18, 39, 49.614264
18, 40, -20.873299
18, 41, 53.780321
18, 42, 19.223310
18, 44, 19.590996
18, 45, -40.935742
18, 46, -20.421356
18, 47, -41.253126
18, 48, -9.841932
18, 49, -11.774064
18, 50, 11.226599
19, 1, 56.565454
19, 2, -34.240517
19, 4, 16.332818
19, 5, 45.559821
19, 6, 22.652633
19, 7, -1.512604
19, 8, -6.456296
19, 9, 11.533172
19, 10, -13.089600
19, 11, 2.368266
19, 13, -25.614345
19, 14, -63.373368
19, 15, -53.808077
19, 16, -4.505715
19, 17, -80.940882
19, 18, -17.007477
19, 19, -58.828356
19, 20, 38.517047
19, 21, -14.056678
19, 22, -60.982926
19, 23, -8.029217
19, 24, -57.961798
19, 25, -24.774478
19, 26, 26.886719
19, 27, 18.697881
19, 28, 35.512741
19, 29, 5.121987
19, 31, -90.000000
19, 33, 19.597830
19, 35, 76.832440
19, 36, 18.504775
19, 38, 9.075109
19, 39, 14.529948
19, 40, -13.739656
19, 41, 9.130367
19, 42, 22.994191
19, 45, 4.078453
19, 46, -24.180052
19, 48, 31.805249
19, 49, 6.973341
19, 50, 1.978093
20, 1, 71.044755
20, 3, 62.000000
20, 4, -2.519415
20, 5, 24.456060
20, 6, -9.325936
20, 8, -14.673868
20, 10, -8.817174
20, 11, -32.409992
20, 15, -19.806176
20, 16, 3.001794
20, 17, -71.142824
20, 18, 8.626126
20, 19, -42.272785
20, 20, 38.752985
20, 21, -41.284419
20, 23, 2.668884
20, 25, -15.961481
20, 27, 16.497660
20, 28, 9.659309
20, 29, 29.848552
20, 30, -65.686948
20, 33, -10.675807
20, 34, 54.109186
20, 37, -22.124513
20, 39, 6.913426
20, 40, 34.520303
20, 41, 0.450011
20, 42, 24.982495
20, 43, 70.207640
20, 44, 44.588764
20, 46, -20.947181
20, 47, 54.222482
20, 49, 6.230492
20, 50, -19.328824
21, 4, 25.952564
21, 5, 41.656229
21, 6, -32.268100
21, 7, -58.960594
21, 8, -60.378161
21, 11, -43.058998
21, 12, -65.623903
21, 13, -74.373895
21, 14, -1.231577
21, 15, -41.046476
21, 16, -18.329381
21, 17, -56.429886
21, 18, 20.181707
21, 19, 0.846525
21, 20, 25.033678
21, 21, -42.776871
21, 23, 14.905603
21, 25, 1.501784
21, 28, -29.027249
21, 31, 14.359734
21, 32, -13.000000
21, 33, -13.055239
21, 34, 40.230584
21, 35, -28.197114
21, 36, -42.692624
21, 37, -52.875487
21, 38, 10.809705
21, 39, -42.894148
21, 40, 29.971293
21, 41, 31.074759
21, 42, 0.752844
21, 44, -2.111538
21, 45, 38.140879
21, 46, -47.012769
21, 47, 1.236564
21, 48, -45.832806
21, 49, -8.752282
21, 50, -45.789187
22, 1, -96.000000
22, 3, 55.298065
22, 4, 27.854952
22, 5, 10.598669
22, 6, -14.056559
22, 7, -33.060370
22, 10, -46.495828
22, 11, -5.575051
22, 12, -45.917767
22, 13, -41.626105
22, 14, -6.266401
22, 15, -31.898903
22, 16, 0.544931
22, 17, -33.307341
22, 18, -14.059215
22, 19, 26.850385
22, 20, -1.328661
22, 21, 5.307202
22, 22, 81.498408
22, 23, -22.028818
22, 24, -62.756142
22, 25, 4.854005
22, 26, 61.380693
22, 28, -6.468790
22, 31, 1.159805
22, 33, 1.316448
22, 34, 17.724632
22, 35, -10.017333
22, 36, -12.457540
22, 38, -9.810220
22, 39, -33.964874
22, 40, 8.448577
22, 42, -18.594050
22, 44, -39.023399
22, 45, 6.908609
22, 46, -31.992776
22, 47, 15.403467
22, 48, 2.438071
22, 49, -26.025112
22, 50, -46.059712
23, 3, 37.875688
23, 4, 22.831034
23, 5, -44.750397
23, 6, -37.369145
23, 7, 19.902650
23, 8, -12.726153
23, 9, 19.037156
23, 10, -22.101914
23, 11, 2.167303
23, 12, -28.391178
23, 14, -12.892271
23, 16, -14.209581
23, 17, -21.591618
23, 18, -6.214104
23, 19, 64.026352
23, 20, -3.838346
23, 21, 19.227246
23, 22, 79.501592
23, 23, -13.756470
23, 24, -39.537334
23, 25, 15.419424
23, 26, 55.749149
23, 28, -30.993113
23, 30, 37.672543
23, 31, 9.183964
23, 32, 91.000000
23, 33, 48.396752
23, 34, -26.832856
23, 35, 24.877545
23, 36, -41.446263
23, 38, -8.251304
23, 39, 30.538849
23, 40, -24.918348
23, 41, -10.558682
23, 42, -34.266966
23, 44, -32.351827
23, 45, -23.650663
23, 46, 15.095675
23, 47, 22.592911
23, 48, -11.584386
23, 49, -0.220812
24, 1, 22.145596
24, 2, -73.000000
24, 3, -8.383083
24, 4, 50.744462
24, 5, -73.121568
24, 6, -64.501458
24, 7, 27.589607
24, 8, 18.386911
24, 9, -10.866557
24, 10, 23.993457
24, 11, -14.031338
24, 12, 1.394192
24, 13, 33.000000
24, 14, 34.801560
24, 15, 1.259869
24, 16, -21.419462
24, 17, -39.742178
24, 19, 68.603722
24, 20, 41.514523
24, 21, 48.874167
24, 24, -50.186332
24, 26, 33.037173
24, 27, -76.242524
24, 28, -54.193190
24, 29, -44.068455
24, 30, 13.516691
24, 31, 9.594713
24, 33, 53.189303
24, 35, 2.309621
24, 36, -43.403102
24, 38, 4.759329
24, 39, 45.380950
24, 40, -20.699535
24, 41, 32.843444
24, 42, -48.807197
24, 43, 2.455293
24, 44, -18.602658
24, 45, -21.427510
24, 46, 38.140322
24, 47, 5.839673
24, 49, -8.286985
24, 50, -62.000000
25, 1, 12.404800
25, 3, -31.426531
25, 4, 52.529383
25, 5, -76.451805
25, 7, 0.380968
25, 8, 29.940026
25, 9, 7.243467
25, 10, 27.496757
25, 11, -38.795861
25, 12, -9.390536
25, 15, -15.407331
25, 16, -65.129878
25, 17, -21.528268
25, 18, 14.000000
25, 20, 54.535064
25, 21, 48.717473
25, 22, -17.773420
25, 24, -27.234931
25, 25, 25.000000
25, 27, -40.556754
25, 28, -49.537995
25, 29, -40.719056
25, 30, 10.798356
25, 31, -39.901597
25, 33, 31.196334
25, 35, 46.154106
25, 36, -28.204968
25, 38, 18.992054
25, 39, 13.549731
25, 40, 7.236553
25, 41, 39.573174
25, 42, -26.098698
25, 43, -10.343526
25, 44, -36.209241
25, 46, 50.209063
25, 47, 32.237230
25, 48, -22.357511
26, 1, 2.022914
26, 2, -59.386629
26, 3, -2.043018
26, 4, 63.931893
26, 6, 25.421250
26, 8, 18.870167
26, 9, -8.211294
26, 10, -18.945819
26, 11, -9.538348
26, 12, -40.078386
26, 13, 41.421648
26, 14, -26.796981
26, 15, 17.446624
26, 17, 1.455308
26, 19, -63.213946
26, 20, 59.969578
26, 21, 18.655386
26, 22, 19.910707
26, 23, -38.694799
26, 24, -55.881528
26, 26, -13.345083
26, 27, 18.837800
26, 28, -29.871325
26, 29, -50.390656
26, 30, 6.490455
26, 31, -37.328322
26, 32, -47.603820
26, 33, -24.377429
26, 35, 48.568909
26, 36, -25.734224
26, 39, 6.971931
26, 41, 63.702068
26, 42, -4.514174
26, 43, 22.455789
26, 44, -39.935260
26, 47, 47.451551
26, 48, 17.146048
26, 49, 38.000000
26, 50, -66.920495
27, 1, 8.282536
27, 2, -42.613371
27, 3, 38.089351
27, 4, 54.290174
27, 5, -47.872006
27, 6, 33.869143
27, 7, -14.087837
27, 9, -26.837594
27, 10, 5.793032
27, 12, -24.592773
27, 13, 68.578352
27, 14, -8.076985
27, 15, -5.402556
27, 16, -64.845886
27, 17, 10.435122
27, 18, 33.711311
27, 19, -27.525769
27, 20, 32.169835
27, 21, -18.135606
27, 22, 25.420540
27, 23, -28.127033
27, 24, -56.206999
27, 25, -56.000000
27, 26, -7.665346
27, 27, 42.947671
27, 28, -40.324151
27, 29, -28.912443
27, 30, 10.910245
27, 31, -12.703749
27, 33, -5.690212
27, 34, 17.380260
27, 35, 7.141908
27, 36, 5.328385
27, 37, -21.150338
27, 38, 6.057557
27, 39, -9.344516
27, 40, -45.517368
27, 42, -24.757422
27, 43, -1.196686
27, 44, 6.475918
27, 45, -8.468235
27, 46, 22.067482
27, 47, 17.979632
27, 48, 20.299308
27, 50, -32.317426
28, 3, 68.220028
28, 5, 3.801125
28, 6, 38.091182
28, 7, 6.739985
28, 8, 2.859570
28, 9, -13.496592
28, 12, -9.821457
28, 14, -58.683441
28, 16, -55.059287
28, 17, 59.994618
28, 18, 22.836082
28, 19, -18.346647
28, 20, -15.886535
28, 21, -32.369473
28, 22, 43.750317
28, 23, -6.499666
28, 24, -69.578857
28, 26, -39.188916
28, 27, 27.395978
28, 28, -27.345767
28, 29, -62.687564
28, 30, -19.674460
28, 31, -53.073938
28, 33, 50.312961
28, 34, 12.886833
28, 35, 3.583303
28, 36, 4.583033
28, 37, 41.150338
28, 38, 14.424599
28, 39, 5.332983
28, 40, 8.993298
28, 41, -22.868611
28, 42, -24.594693
28, 43, 5.979894
28, 44, 17.468860
28, 45, -8.090300
28, 46, -26.004974
28, 47, -21.472615
28, 48, -13.428228
28, 49, -83.396180
28, 50, 10.712949
29, 1, 65.816444
29, 5, 31.920791
29, 6, 29.310311
29, 7, 47.913613
29, 8, -47.859570
29, 9, -33.698181
29, 10, -11.010750
29, 11, 78.042063
29, 16, -3.188679
29, 18, -31.242589
29, 19, -21.401040
29, 20, -23.021689
29, 21, 11.000542
29, 22, 24.351755
29, 23, 12.431472
29, 24, -76.614362
29, 25, 7.282684
29, 26, -46.532546
29, 27, -22.397704
29, 30, -0.972448
29, 31, -62.301367
29, 34, -2.658584
29, 35, 24.935248
29, 36, -0.526082
29, 38, -6.247237
29, 39, -45.095658
29, 40, 37.102389
29, 41, 16.749932
29, 42, -5.369395
29, 43, -5.224556
29, 44, 5.087508
29, 45, -29.449813
29, 46, -26.352698
29, 48, 5.957580
29, 49, -78.603820
29, 50, -18.521668
30, 1, 39.212779
30, 2, -39.701069
30, 3, 37.564518
30, 4, 38.018052
30, 5, 2.528705
30, 6, -30.733373
30, 9, -36.872160
30, 10, 15.370915
30, 11, 73.508646
30, 12, 56.713095
30, 14, 51.671225
30, 16, 38.154498
30, 17, -32.754279
30, 19, -2.663601
30, 20, 23.650413
30, 22, -16.523521
30, 23, -10.234031
30, 25, 10.226275
30, 26, -8.547826
30, 28, -16.812571
30, 29, -28.837446
30, 30, 35.987364
30, 32, -12.164702
30, 33, -62.000000
30, 34, 10.795828
30, 35, 47.868887
30, 36, -7.739671
30, 37, 51.419725
30, 38, -16.528993
30, 39, -67.824989
30, 40, 2.519810
30, 41, -18.735181
30, 42, -43.776578
30, 43, 40.634700
30, 45, -11.534554
30, 47, 28.792360
30, 48, -23.530342
30, 50, -46.298699
31, 1, -22.034673
31, 2, -38.788898
31, 3, 3.359694
31, 4, -12.524320
31, 5, 27.203608
31, 6, -33.186675
31, 7, -73.788540
31, 8, 27.654867
31, 9, -12.389486
31, 10, 42.070897
31, 11, 80.713343
31, 12, 42.486685
31, 13, -26.315739
31, 14, 42.036258
31, 15, 8.306685
31, 16, 31.590907
31, 17, -0.592217
31, 18, 63.000000
31, 19, -7.539758
31, 20, 39.351592
31, 21, 48.748816
31, 22, -39.326458
31, 23, -9.185369
31, 24, -42.870988
31, 25, -19.144259
31, 26, -31.624572
31, 28, -39.993084
31, 29, 13.739928
31, 30, 20.513620
31, 32, -0.012734
31, 34, 35.722098
31, 35, 58.142648
31, 36, -20.848297
31, 37, -1.099821
31, 38, -17.670840
31, 39, -66.330417
31, 42, -34.944606
31, 43, 73.130914
31, 44, -85.000000
31, 45, -38.994654
31, 46, -23.118146
31, 47, 19.207640
31, 48, -4.300974
31, 50, -36.523411
32, 1, -18.778616
32, 2, -25.998605
32, 3, 13.048549
32, 4, -41.261017
32, 5, 0.443619
32, 6, -35.890128
32, 7, -53.238282
32, 8, 29.233232
32, 9, -60.438700
32, 10, 63.725165
32, 11, 78.618431
32, 12, 23.848611
32, 13, 14.076998
32, 14, -10.741485
32, 16, 40.721217
32, 17, 11.443148
32, 19, -15.590244
32, 20, -0.081054
32, 21, -14.655986
32, 22, -62.399920
32, 23, 36.531996
32, 24, -51.701284
32, 25, -19.351035
32, 26, 1.350942
32, 28, -31.463232
32, 29, 42.214038
32, 30, 5.851850
32, 33, -49.000000
32, 35, 32.723631
32, 36, 29.926390
32, 37, -8.073930
32, 38, -24.383324
32, 39, -55.437147
32, 40, -19.434905
32, 42, -23.867754
32, 46, -45.881854
32, 48, 17.957420
32, 49, 38.314863
32, 50, -15.051344
33, 1, -18.291880
33, 2, -54.244441
33, 3, -18.391021
33, 4, -28.513948
33, 6, -1.644620
33, 7, -18.872970
33, 8, 11.782771
33, 11, 60.638713
33, 12, 61.839880
33, 13, -13.336822
33, 14, -26.170232
33, 15, 55.000000
33, 16, 32.167438
33, 17, -8.911317
33, 18, -34.178989
33, 19, 2.489243
33, 20, 13.068554
33, 21, -47.698421
33, 22, -51.463760
33, 23, 38.997450
33, 24, -64.632705
33, 25, 40.502971
33, 26, 5.964119
33, 27, -51.862005
33, 28, -13.035242
33, 29, 18.111367
33, 32, -4.273190
33, 34, 11.000000
33, 35, -12.539097
33, 37, -23.520801
33, 38, -51.588051
33, 40, 32.996338
33, 42, 7.990617
33, 45, 28.326584
33, 47, -97.198090
33, 48, -12.605065
33, 49, 29.267515
33, 50, -0.622402
34, 1, -46.805528
34, 2, -60.433834
34, 3, 0.709425
34, 4, -20.888464
34, 6, 25.554469
34, 8, -2.208664
34, 9, -54.330112
34, 10, 11.965359
34, 11, 31.348115
34, 12, 74.790151
34, 13, 3.855571
34, 14, -21.934190
34, 16, -38.345221
34, 17, 1.438756
34, 18, -7.821011
34, 19, -1.638158
34, 20, 57.840080
34, 21, -53.779267
34, 23, 54.519325
34, 24, -64.449432
34, 26, -40.494087
34, 27, -50.475223
34, 28, 41.302569
34, 29, -18.272081
34, 30, 4.000000
34, 31, -30.674214
34, 32, 17.536778
34, 33, 34.479307
34, 35, -3.893152
34, 36, -35.854204
34, 37, -34.125961
34, 40, 47.917065
34, 41, 21.405730
34, 42, 25.243866
34, 43, -7.257093
34, 44, 36.551817
34, 45, -5.814243
34, 46, 85.000000
34, 47, -74.212359
34, 48, -49.536163
34, 49, 7.199018
34, 50, 16.592976
35, 1, -62.827052
35, 2, -42.836409
35, 3, 28.401628
35, 4, 3.156033
35, 7, -60.971349
35, 8, 19.466039
35, 9, -31.527626
35, 10, 33.158081
35, 11, 53.260615
35, 12, 62.326932
35, 13, 43.872165
35, 14, 40.787952
35, 17, 53.993299
35, 19, 29.243312
35, 21, -38.525859
35, 22, -54.457178
35, 23, 39.158592
35, 24, -63.187048
35, 25, -9.309869
35, 27, -35.995265
35, 28, 42.187912
35, 29, -5.838571
35, 32, 6.418303
35, 33, 8.520693
35, 34, -12.703146
35, 35, 3.993778
35, 36, 8.433840
35, 38, 46.485648
35, 40, 30.928604
35, 43, 1.203979
35, 44, 36.351872
35, 45, 18.324941
35, 48, -47.041867
35, 49, 24.878005
35, 50, -37.825932
36, 1, -68.506798
36, 2, -35.145163
36, 3, 7.386368
36, 4, 45.726299
36, 6, -93.000000
36, 7, -14.103692
36, 8, 11.728235
36, 9, -46.653742
36, 10, -5.266727
36, 11, 35.019800
36, 12, 43.612062
36, 18, -39.051293
36, 19, 21.872794
36, 20, 15.230749
36, 21, -1.795877
36, 22, -34.700448
36, 23, 31.318418
36, 25, -21.690131
36, 26, -60.684853
36, 27, 16.273223
36, 28, 2.129555
36, 29, 0.086826
36, 30, -15.990450
36, 31, -9.534835
36, 32, -3.602745
36, 34, 8.238890
36, 35, -5.929401
36, 36, 24.603460
36, 37, 0.000000
36, 38, -4.238371
36, 39, 39.483477
36, 40, -23.171888
36, 42, 30.456750
36, 43, -28.514733
36, 44, 38.204796
36, 45, -1.413162
36, 46, 43.207640
36, 49, 1.003993
36, 50, -39.388780
37, 1, -55.141039
37, 2, -28.913856
37, 4, 50.635064
37, 5, -13.000000
37, 8, 37.643078
37, 10, -4.970993
37, 11, -37.912706
37, 12, -9.246939
37, 13, -37.515782
37, 14, -28.096702
37, 16, -43.000000
37, 17, -42.797003
37, 18, 22.051293
37, 19, -28.266131
37, 20, 17.771348
37, 21, -28.132718
37, 22, -38.768284
37, 23, 52.248019
37, 24, 22.134992
37, 26, -47.236052
37, 27, 24.577659
37, 28, -38.068936
37, 29, -14.914562
37, 30, -4.009550
37, 31, 9.393821
37, 32, -10.799184
37, 33, -22.354795
37, 34, 9.115140
37, 35, 22.391935
37, 36, 8.507039
37, 38, -33.234499
37, 39, 59.817146
37, 40, -47.679720
37, 41, 99999.000000
37, 42, 48.227383
37, 44, 49.812768
37, 45, 11.907963
37, 46, 15.983241
37, 48, -18.156705
37, 49, -30.473713
37, 50, -17.696042
38, 1, -19.673322
38, 2, 8.670530
38, 4, 46.394064
38, 6, 10.889534
38, 8, 12.595293
38, 10, -11.002507
38, 12, -25.602967
38, 13, -20.635393
38, 14, 12.362899
38, 15, 27.385965
38, 17, -40.151870
38, 19, -36.642169
38, 20, -18.023400
38, 21, -8.013545
38, 22, -46.827996
38, 23, 43.850132
38, 24, -1.414906
38, 25, -35.284401
38, 26, -7.864723
38, 28, -34.379886
38, 29, 19.487386
38, 31, 37.113875
38, 32, -8.997646
38, 33, 34.354795
38, 34, -7.986898
38, 35, 24.928915
38, 36, 22.557865
38, 37, -21.763332
38, 38, -55.975962
38, 39, 12.080627
38, 40, -25.640374
38, 42, 22.571587
38, 43, 62.000000
38, 44, 34.013753
38, 45, -31.926754
38, 48, 36.156705
38, 49, -31.320300
39, 1, 39.997017
39, 2, 20.975965
39, 3, 76.916119
39, 4, 45.282946
39, 5, 19.584581
39, 6, -6.433097
39, 8, -22.873949
39, 9, -2.617398
39, 10, -47.369445
39, 12, -5.510193
39, 13, 40.077344
39, 14, -18.915066
39, 15, 17.032712
39, 16, 5.837333
39, 17, 4.680889
39, 18, 84.000000
39, 19, -35.005075
39, 20, -60.856022
39, 21, 14.135481
39, 22, -11.275851
39, 23, -1.559952
39, 24, 11.242135
39, 25, -18.982457
39, 26, -52.599267
39, 27, -32.897918
39, 28, -5.818120
39, 29, -2.082252
39, 30, 59.067989
39, 32, -15.631213
39, 34, -10.545961
39, 35, 24.331260
39, 36, 30.042746
39, 37, -31.017989
39, 38, -32.689369
39, 39, -31.743741
39, 41, -56.083210
39, 42, -32.521323
39, 44, 43.663818
39, 45, -20.484609
39, 49, -29.805752
40, 1, 48.220543
40, 2, -3.536079
40, 3, 55.255041
40, 4, 22.321499
40, 5, -15.243181
40, 6, -9.187126
40, 7, 44.901839
40, 8, -44.473103
40, 9, -5.437078
40, 10, -77.497493
40, 13, 51.033774
40, 14, 8.459986
40, 15, 16.978240
40, 16, -27.558117
40, 17, -11.536098
40, 19, -30.012418
40, 20, -66.157145
40, 21, -9.224040
40, 22, -19.555168
40, 23, 1.756160
40, 24, 61.148709
40, 27, -11.487108
40, 28, 10.024094
40, 29, -15.465042
40, 30, 18.811156
40, 31, -78.155139
40, 32, -8.160461
40, 33, -95.000000
40, 34, -23.349321
40, 35, -1.340675
40, 36, 63.415398
40, 37, -12.706640
40, 38, 8.779974
40, 39, -56.085929
40, 40, -46.169784
40, 41, -24.697325
40, 42, -54.424931
40, 43, 2.476124
40, 45, 27.880311
40, 47, -19.270564
40, 48, -15.304023
40, 50, 7.233108
41, 1, 41.665288
41, 2, 31.110495
41, 3, 60.972889
41, 4, 24.588950
41, 5, 14.419492
41, 7, 14.728988
41, 8, -13.452190
41, 9, 43.096653
41, 12, -47.092365
41, 13, 40.774473
41, 14, -42.980442
41, 15, 5.185683
41, 16, -23.563733
41, 17, -43.239727
41, 18, 63.931091
41, 19, 0.136499
41, 20, -61.065892
41, 22, -21.192363
41, 23, -44.053839
41, 26, 64.578352
41, 27, 1.982574
41, 28, 1.776235
41, 29, -26.678261
41, 30, 36.977675
41, 31, -75.734431
41, 32, -16.065087
41, 34, -63.859112
41, 35, 4.997145
41, 36, 78.183482
41, 37, 9.948792
41, 38, 15.450008
41, 39, -48.607910
41, 40, 15.902950
41, 41, -36.950544
41, 42, -45.159921
41, 43, -27.476124
41, 44, -2.123026
41, 45, 27.204927
41, 46, -31.587903
41, 47, 17.239066
41, 48, -20.143860
41, 49, 75.569882
41, 50, 48.766892
42, 2, 25.336152
42, 5, 47.649298
42, 6, 2.292310
42, 7, 3.449149
42, 8, 23.208929
42, 9, 45.985721
42, 12, -32.701101
42, 13, 39.087230
42, 14, -50.791854
42, 15, 41.912147
42, 16, -12.601688
42, 17, -26.916072
42, 18, 30.987902
42, 19, 15.468786
42, 22, -19.331578
42, 23, -49.562519
42, 24, 7.000000
42, 27, -32.863674
42, 28, 4.110444
42, 29, -41.613520
42, 30, 17.827525
42, 31, -77.391139
42, 32, -10.756514
42, 33, -71.319210
42, 35, 9.442549
42, 37, -5.378914
42, 38, 8.981487
42, 39, -9.687843
42, 40, 34.530258
42, 41, -33.201747
42, 42, -8.533335
42, 44, -17.303438
42, 45, 22.834740
42, 47, -18.089584
42, 48, -1.571499
42, 49, 43.862640
43, 1, 38.387685
43, 2, -28.331760
43, 3, 39.904139
43, 4, 1.167579
43, 5, 35.307184
43, 6, -11.169616
43, 7, -51.747948
43, 8, -3.275668
43, 9, 17.310822
43, 10, -24.570034
43, 11, 36.175806
43, 12, -31.772106
43, 13, 19.235334
43, 14, -52.758428
43, 15, 32.840861
43, 16, 18.733907
43, 17, 34.123107
43, 18, 1.768193
43, 20, 80.808277
43, 22, -7.648894
43, 23, -25.199342
43, 25, -41.053863
43, 27, -35.261488
43, 28, -28.053178
43, 30, 39.434641
43, 31, -70.696661
43, 32, -12.845079
43, 33, -50.853831
43, 34, -69.974532
43, 35, 26.324693
43, 36, -69.463489
43, 37, -1.804391
43, 38, 30.106044
43, 39, 23.453501
43, 40, 11.262397
43, 42, 17.585655
43, 43, -51.156885
43, 44, 32.053217
43, 45, 49.625716
43, 46, -59.000000
43, 48, 13.589189
43, 49, 9.603102
44, 1, 20.938807
44, 2, -41.489481
44, 3, 45.095861
44, 4, -23.971950
44, 6, -1.478881
44, 7, -67.520574
44, 8, 5.834093
44, 9, 20.786328
44, 10, -27.592148
44, 12, 30.505540
44, 13, 39.698352
44, 14, -30.894570
44, 15, -18.568084
44, 17, 41.271503
44, 18, 37.843853
44, 19, -88.000000
44, 20, 91.191723
44, 21, 50.145900
44, 22, -17.354887
44, 23, -12.158632
44, 24, 19.169439
44, 25, -60.860074
44, 27, -23.540640
44, 28, -35.795436
44, 29, 22.469757
44, 30, 39.483947
44, 31, -46.992351
44, 32, 8.253954
44, 33, -8.749982
44, 34, -38.025468
44, 35, -2.799016
44, 36, -53.012165
44, 37, 14.210501
44, 38, 17.702690
44, 40, -28.285499
44, 41, 18.437634
44, 42, 11.781199
44, 43, -65.557399
44, 44, 28.330724
44, 45, 56.494989
44, 47, -52.827727
44, 49, -19.440720
45, 1, 23.946902
45, 2, -35.156949
45, 4, -50.064231
45, 5, 10.332153
45, 6, -24.862939
45, 7, -52.406568
45, 8, -0.090814
45, 9, 20.136266
45, 10, 31.657779
45, 11, -39.327459
45, 12, 50.268344
45, 13, 32.170507
45, 14, 15.520796
45, 16, -48.987266
45, 17, -4.140848
45, 21, 10.895316
45, 22, -19.054598
45, 23, -2.422966
45, 24, -19.169439
45, 25, -43.117543
45, 26, 46.129616
45, 27, -3.659996
45, 28, -31.339368
45, 29, -15.469757
45, 30, 4.717479
45, 31, -32.979442
45, 32, 36.432864
45, 33, 16.377384
45, 35, 16.091746
45, 36, -29.027127
45, 37, 29.944509
45, 38, 39.636883
45, 40, -17.075667
45, 41, 1.537044
45, 42, 50.130815
45, 43, -58.929329
45, 44, 34.943188
45, 46, -31.601027
45, 47, -18.460108
45, 48, 68.584719
45, 49, -22.969384
46, 1, 28.577326
46, 2, -11.319540
46, 4, -33.199915
46, 5, 50.667847
46, 6, 11.685923
46, 7, -39.166158
46, 8, -45.196608
46, 9, -30.959093
46, 10, 35.862943
46, 11, 8.148489
46, 13, 57.055062
46, 14, 0.523553
46, 16, -33.012734
46, 17, -42.431521
46, 19, -25.850019
46, 20, 49.830513
46, 21, 16.715783
46, 22, -11.534278
46, 23, 43.157215
46, 25, -48.872324
46, 26, 64.482491
46, 27, 11.307472
46, 28, -6.101226
46, 30, -4.407129
46, 31, -36.107485
46, 32, 30.950116
46, 34, -46.269160
46, 35, 32.364540
46, 36, -6.393824
46, 37, 20.648127
46, 38, 43.794704
46, 40, -13.040260
46, 41, -27.856215
46, 42, 61.340085
46, 43, -26.443604
46, 44, 27.723511
46, 45, -73.000000
46, 46, -36.065911
46, 47, 30.283635
46, 48, 49.415281
46, 50, 38.546518
47, 1, -29.329763
47, 2, -21.974837
47, 3, 35.862736
47, 4, 36.651828
47, 6, -8.462863
47, 7, 12.085933
47, 8, -64.021567
47, 9, -25.495490
47, 10, 11.288460
47, 11, -11.853040
47, 12, 65.814644
47, 13, 40.941035
47, 17, -61.812372
47, 19, 36.850019
47, 20, 44.207385
47, 21, 19.560066
47, 22, 18.189605
47, 23, 45.273624
47, 24, -33.000000
47, 25, -27.895018
47, 27, 47.865874
47, 28, 0.681525
47, 29, 99999.000000
47, 31, -65.430146
47, 32, 27.466652
47, 34, -22.960318
47, 37, 4.156073
47, 38, -3.112478
47, 39, 46.151669
47, 40, -54.616564
47, 41, -43.587619
47, 42, 42.265288
47, 43, 14.121334
47, 44, 18.417495
47, 46, -16.349206
47, 47, 15.897594
47, 49, 29.762948
48, 1, -25.972185
48, 3, 25.220681
48, 4, 51.254626
48, 5, -41.137133
48, 6, -14.626777
48, 7, 7.366766
48, 8, -57.463564
48, 9, 23.257165
48, 10, -2.237320
48, 11, -0.125705
48, 13, 1.941281
48, 15, -4.054476
48, 16, -55.998357
48, 17, -47.956500
48, 20, 68.726193
48, 21, -45.223081
48, 22, -6.550847
48, 23, 38.283671
48, 25, -21.694621
48, 26, -92.000000
48, 27, 66.240995
48, 30, -66.317251
48, 32, 29.007847
48, 34, -19.367555
48, 35, -38.661480
48, 36, 43.391322
48, 37, -40.521001
48, 38, -11.507197
48, 39, -8.726442
48, 41, -38.168215
48, 42, 40.339461
48, 43, -6.080895
48, 44, -2.052155
48, 45, 58.267469
48, 46, -29.541591
48, 47, 31.703954
48, 48, 3.326681
48, 49, 22.219855
48, 50, 6.340427
49, 1, -32.986999
49, 3, 0.519871
49, 4, 42.486109
49, 5, 6.589420
49, 6, -10.457982
49, 7, 41.960745
49, 8, -16.896967
49, 9, 31.866576
49, 10, 40.438860
49, 11, 20.046494
49, 13, 19.303416
49, 16, -32.986646
49, 17, -35.763721
49, 18, -59.562435
49, 19, -23.712416
49, 21, -63.477338
49, 22, -36.890229
49, 24, -76.000000
49, 25, 14.153314
49, 27, 68.047390
49, 28, -45.955431
49, 29, 11.220374
49, 30, -36.259231
49, 31, 25.929606
49, 32, -30.574271
49, 33, -16.126210
49, 34, -21.084140
49, 35, 9.661480
49, 36, 19.104476
49, 37, -34.361310
49, 38, 20.218431
49, 39, -34.326949
49, 40, 19.504775
49, 41, 23.464393
49, 42, 53.357694
49, 43, 30.493269
49, 45, 14.696518
49, 48, 2.368681
49, 49, 31.819438
49, 50, 16.986646
50, 1, -19.721171
50, 3, -15.576872
50, 4, 57.882398
50, 5, 4.330597
50, 6, -57.631837
50, 8, 18.679942
50, 10, 49.096875
50, 13, 38.654119
50, 14, -37.418464
50, 15, 61.000000
50, 16, -37.102677
50, 17, -35.259478
50, 18, -12.437565
50, 19, -39.287584
50, 20, 4.000000
50, 22, -12.938507
50, 23, 75.000000
50, 25, 37.638807
50, 26, 68.000000
50, 27, 65.458856
50, 28, 9.955431
50, 29, 36.779626
50, 30, -43.878631
50, 31, 63.070394
50, 32, -49.029508
50, 33, 26.156705
50, 34, -64.600995
50, 36, -48.134628
50, 37, 25.598435
50, 39, -62.295263
50, 40, 25.495225
50, 41, 58.535921
50, 42, 66.640602
50, 43, 47.900658
50, 44, -53.000000
50, 45, 4.532879
50, 46, -72.000000
50, 47, -8.000000
50, 48, -51.588889
50, 49, 18.094364
50, 50, 54.760607
