1, 1, 33.000000
1, 3, -30.331303
1, 4, 6.413801
1, 6, 4.114934
1, 7, 5.795898
1, 8, 33.846546
1, 9, -23.651027
1, 10, -19.000000
1, 11, 1.918873
1, 12, 99999.000000
1, 13, -86.000000
1, 14, -58.633652
1, 15, -38.000000
1, 16, 29.492686
1, 18, -85.000000
1, 19, -41.209918
1, 20, -9.775630
1, 21, -22.862229
1, 22, -16.876015
1, 23, 5.108874
1, 24, 3.418405
1, 25, -30.940648
1, 26, 99999.000000
1, 27, 62.000000
1, 28, 3.366363
1, 29, -41.000000
1, 30, -35.054092
1, 32, -7.938354
1, 33, -32.553070
1, 34, -3.498881
1, 35, 4.252008
1, 37, -82.000000
1, 38, -87.000000
1, 39, 82.000000
1, 40, 2.178872
1, 41, 13.928943
1, 42, -29.501771
1, 43, -40.198777
1, 45, -1.534295
1, 46, -81.000000
1, 47, -11.579615
1, 49, 45.000000
1, 50, 24.484101
2, 2, 5.327910
2, 3, -19.065063
2, 4, 22.376463
2, 5, -32.556337
2, 6, -0.694047
2, 7, 15.597875
2, 8, 35.153454
2, 9, -12.403584
2, 11, 5.049024
2, 14, -57.366348
2, 16, 0.198016
2, 17, -43.679820
2, 18, -91.237620
2, 19, -38.584451
2, 20, -36.052256
2, 21, -22.641523
2, 22, -3.362525
2, 23, -1.387580
2, 24, 20.725349
2, 25, -18.630444
2, 26, -25.685072
2, 28, 11.596329
2, 30, -34.004328
2, 31, 7.022640
2, 32, -9.989941
2, 33, -39.344959
2, 34, -22.080644
2, 35, -14.008370
2, 36, -70.717818
2, 40, -18.380894
2, 41, 21.419131
2, 42, -11.747245
2, 43, -26.206342
2, 44, -41.209446
2, 45, 25.070676
2, 47, 0.820431
2, 48, -7.624553
2, 50, 14.643787
3, 1, -16.532754
3, 2, 52.514103
3, 3, -30.400576
3, 4, 6.407752
3, 5, -52.861289
3, 6, 4.106789
3, 7, 5.795900
3, 9, -23.651580
3, 11, 0.882249
3, 12, 30.069884
3, 13, 99999.000000
3, 15, -25.247538
3, 16, 29.492702
3, 17, 2.513755
3, 18, 99999.000000
3, 19, -42.086176
3, 20, -9.775574
3, 21, -24.437942
3, 22, -16.876048
3, 23, 3.012233
3, 24, 3.430923
3, 25, -29.807379
3, 26, -38.685624
3, 27, 6.493549
3, 28, 3.366372
3, 29, 60.579539
3, 30, -35.054086
3, 31, 9.471346
3, 32, -6.959195
3, 33, -29.921858
3, 34, -2.195041
3, 35, 4.478142
3, 36, -70.282182
3, 37, -79.000000
3, 38, 43.381155
3, 39, -14.953228
3, 40, 2.132004
3, 41, 13.928940
3, 42, -29.501766
3, 43, -40.278348
3, 44, 7.921504
3, 45, -1.532093
3, 47, -10.197426
3, 48, -12.063189
3, 49, -47.208803
3, 50, 24.484605
4, 1, -19.481193
4, 2, 5.321976
4, 3, -19.180876
4, 4, 22.368031
4, 5, -32.559628
4, 6, -0.063923
4, 8, -41.629844
4, 9, -12.403570
4, 10, -95.000000
4, 11, 3.178408
4, 12, 34.416039
4, 14, 19.555938
4, 15, -26.752462
4, 16, 99999.000000
4, 17, -43.679832
4, 18, 97.000000
4, 19, -36.318468
4, 20, -36.052206
4, 21, -24.042113
4, 22, -3.362592
4, 23, -2.025517
4, 24, 20.769550
4, 25, -19.536435
4, 26, -24.629185
4, 27, -2.404979
4, 29, 46.338936
4, 30, -34.004300
4, 31, 7.021538
4, 32, -8.781501
4, 33, -35.218013
4, 34, -22.220298
4, 35, -13.549839
4, 38, 39.618845
4, 39, 1.433111
4, 40, -18.828100
4, 43, -26.272360
4, 44, -41.938649
4, 45, 25.073809
4, 46, 99999.000000
4, 47, 2.894301
4, 48, -7.624563
4, 49, -36.371570
4, 50, 14.644132
5, 1, -16.451319
5, 2, 52.514107
5, 3, -30.539095
5, 4, 6.401694
5, 5, -52.865696
5, 6, 4.272963
5, 7, 5.959363
5, 8, -13.334588
5, 9, -23.652154
5, 11, -1.624455
5, 12, 30.069875
5, 13, -0.993435
5, 14, 13.984024
5, 16, -18.426420
5, 17, 2.513817
5, 18, 99999.000000
5, 19, -44.307072
5, 21, -28.695123
5, 22, 99999.000000
5, 23, -2.352938
5, 24, 3.451233
5, 25, -27.201407
5, 26, -38.074900
5, 27, 7.311491
5, 28, -64.000000
5, 29, 60.579548
5, 30, 99999.000000
5, 31, 9.494689
5, 32, -4.538713
5, 33, -22.756912
5, 34, 1.244282
5, 35, 5.015008
5, 36, 13.298392
5, 39, -15.231675
5, 40, 2.038313
5, 41, 17.885209
5, 43, -40.437513
5, 44, 6.245570
5, 45, -1.529897
5, 46, -92.000000
5, 47, -6.561426
5, 49, -47.208818
5, 50, 24.485096
6, 1, -19.372275
6, 2, 5.316035
6, 3, -19.296678
6, 5, -32.562923
6, 6, 1.402576
6, 7, 21.956909
6, 8, -39.252784
6, 9, 99999.000000
6, 10, -17.521628
6, 11, 0.528120
6, 13, 14.043571
6, 14, 18.383237
6, 15, 99999.000000
6, 16, -21.299598
6, 17, 99999.000000
6, 18, 28.697981
6, 19, -32.864041
6, 20, -3.207917
6, 21, -26.424306
6, 22, 45.419233
6, 23, -2.983117
6, 24, 20.796896
6, 25, -21.404829
6, 26, -21.639488
6, 27, 1.140990
6, 28, 99999.000000
6, 30, -23.000000
6, 31, 7.019795
6, 32, -6.831485
6, 33, -28.148533
6, 34, -22.392909
6, 35, -12.880510
6, 36, -4.670142
6, 38, -19.904308
6, 39, 1.053542
6, 40, -19.275253
6, 41, -2.790177
6, 42, -64.354116
6, 43, -26.313181
6, 44, -43.577012
6, 47, 6.291940
6, 49, -36.371591
7, 1, -16.319538
7, 2, 99999.000000
7, 3, -30.608338
7, 4, -18.985193
7, 6, 4.882377
7, 7, 5.959326
7, 8, -10.673015
7, 9, 17.237371
7, 10, 1.847276
7, 11, -4.136933
7, 12, 28.564932
7, 13, -0.683060
7, 14, 10.153354
7, 15, 43.000000
7, 16, -17.630220
7, 17, -66.000000
7, 18, -29.000000
7, 19, -46.836229
7, 20, -20.632250
7, 21, -34.399976
7, 22, 2.892287
7, 23, -8.723021
7, 25, -24.900228
7, 26, -35.912090
7, 27, 9.628028
7, 28, -52.000000
7, 29, -14.363039
7, 31, 9.509143
7, 32, -1.971041
7, 33, -13.137648
7, 34, 5.547284
7, 35, 5.568523
7, 36, 12.859635
7, 38, -16.431201
7, 39, -15.788501
7, 40, 1.991477
7, 41, 16.918551
7, 42, -38.739515
7, 43, -40.517100
7, 44, 4.155364
7, 46, -8.556312
7, 47, -1.956501
7, 50, 0.641217
8, 1, -19.304936
8, 4, -24.014807
8, 5, 2.271091
8, 6, 3.584325
8, 8, -32.987739
8, 9, -20.858227
8, 10, -17.650547
8, 11, -1.349364
8, 12, 4.152462
8, 13, 13.981349
8, 14, 14.764447
8, 16, -21.187826
8, 19, -29.843509
8, 20, -3.162845
8, 21, -29.143633
8, 22, 43.760013
8, 23, -3.786756
8, 24, -2.000000
8, 25, -24.009256
8, 26, -17.208823
8, 27, 7.443320
8, 29, -30.187972
8, 30, -24.764956
8, 32, -4.850438
8, 33, -20.276053
8, 34, -22.499412
8, 35, -12.300720
8, 36, -5.461979
8, 37, -56.786179
8, 38, -17.721283
8, 39, 0.673990
8, 41, -7.292060
8, 42, -64.354112
8, 43, 99999.000000
8, 44, -44.890787
8, 45, 11.948517
8, 46, -9.573039
8, 47, 9.859705
8, 48, -5.698411
8, 49, 14.000000
8, 50, 24.152223
9, 3, -22.434299
9, 5, 6.064303
9, 6, 5.715717
9, 8, -6.334738
9, 9, 18.014910
9, 10, 1.463607
9, 11, -5.179352
9, 12, 28.564931
9, 13, 0.014645
9, 14, 2.723260
9, 15, 23.000000
9, 16, -15.708357
9, 17, 60.000000
9, 18, -12.000000
9, 19, -48.489092
9, 20, -18.972384
9, 21, -39.980608
9, 22, 2.960668
9, 23, -13.710891
9, 25, -24.324272
9, 26, -31.554321
9, 27, 13.067354
9, 29, -14.363078
9, 30, -9.874156
9, 31, -68.000000
9, 32, -0.672700
9, 33, -4.062388
9, 34, 9.070458
9, 35, 5.927413
9, 36, 11.982094
9, 37, -18.036786
9, 38, -15.063511
9, 39, -16.066903
9, 40, 12.572171
9, 41, 14.427820
9, 43, -3.420758
9, 44, 3.224984
9, 45, 2.726741
9, 46, -9.449181
9, 47, 2.119186
9, 48, -21.916901
9, 50, 0.639909
10, 1, 1.854460
10, 2, -43.698248
10, 3, -27.449202
10, 4, -8.327579
10, 5, 2.271153
10, 6, 5.619467
10, 7, -8.568785
10, 8, -25.159831
10, 9, -19.764928
10, 10, -17.908316
10, 13, 13.903994
10, 14, 8.617513
10, 16, -20.964226
10, 18, 99999.000000
10, 19, -28.655054
10, 20, -2.866771
10, 21, -31.565945
10, 22, 39.100133
10, 23, -4.054340
10, 24, -9.075337
10, 25, -26.593122
10, 26, -12.036109
10, 27, 15.157724
10, 29, -30.188017
10, 30, -24.764907
10, 32, -3.463742
10, 33, -14.138748
10, 34, -22.532082
10, 35, -11.987065
10, 36, -6.253836
10, 37, -56.811625
10, 38, -11.569092
10, 40, 30.755404
10, 41, -14.588703
10, 42, -54.804968
10, 43, 47.000000
10, 45, 11.954151
10, 46, -11.675631
10, 47, 12.493911
10, 48, -5.991458
10, 49, -2.732080
10, 50, 24.150435
11, 1, 28.593646
11, 2, -51.287829
11, 3, -22.596986
11, 4, 16.840326
11, 5, 6.064365
11, 6, 5.881017
11, 7, -21.707460
11, 8, -1.956913
11, 9, 19.893019
11, 10, 1.079962
11, 11, -24.698773
11, 12, -16.000000
11, 13, 0.574445
11, 14, -7.574916
11, 15, 0.000000
11, 16, -13.786878
11, 17, -5.159211
11, 20, -15.865834
11, 21, -43.989297
11, 22, 3.008725
11, 23, -15.999464
11, 24, -15.425543
11, 25, -25.488410
11, 26, -24.800268
11, 27, 17.098731
11, 28, 9.599008
11, 30, -9.874114
11, 32, -1.440312
11, 33, 1.438356
11, 34, 10.426128
11, 35, 6.043541
11, 36, 11.543289
11, 37, -18.352389
11, 38, -12.490674
11, 39, -3.587359
11, 40, 13.814070
11, 41, 11.390304
11, 42, -51.938357
11, 44, 16.391959
11, 45, 2.734156
11, 46, -11.691275
11, 47, 4.471157
11, 48, -22.646527
11, 49, 17.539366
11, 50, 0.638617
12, 1, 3.029734
12, 2, -44.360027
12, 3, -28.229882
12, 4, -6.192062
12, 6, 6.177511
12, 7, -9.828681
12, 8, -18.758859
12, 9, -17.308385
12, 10, -18.037180
12, 11, -24.763910
12, 13, 13.869654
12, 14, 0.363395
12, 15, 11.435636
12, 16, -20.852389
12, 17, -10.218377
12, 18, -0.702734
12, 19, 4.691607
12, 20, -1.889998
12, 21, -33.210509
12, 22, 32.362475
12, 23, -3.707752
12, 24, -9.062473
12, 25, -28.085064
12, 26, -6.883633
12, 27, 22.785993
12, 28, 9.400992
12, 29, 80.000000
12, 31, 20.064329
12, 32, -2.943133
12, 33, -11.822730
12, 37, -56.868904
12, 38, -2.643428
12, 39, -4.715284
12, 40, 33.107678
12, 41, -22.133179
12, 42, -54.804978
12, 43, -13.652812
12, 44, 1.298152
12, 45, 11.959765
12, 46, -14.936329
12, 47, 13.456171
12, 48, -6.577567
12, 49, -2.731991
13, 1, 28.333070
13, 2, -51.996541
13, 3, -22.962576
13, 4, 18.061550
13, 5, 47.212254
13, 6, 4.268169
13, 7, -21.720890
13, 8, 0.768652
13, 9, 21.772449
13, 11, -24.604232
13, 12, 99999.000000
13, 14, -19.255775
13, 15, 99999.000000
13, 16, -12.991069
13, 17, -5.159158
13, 18, -2.228355
13, 19, -9.473572
13, 20, -11.633099
13, 21, -45.440717
13, 22, 2.742039
13, 23, -15.848638
13, 24, -15.370953
13, 25, -27.016386
13, 26, -16.441102
13, 27, 21.132031
13, 30, -27.514610
13, 31, 16.935671
13, 32, -4.001378
13, 34, -6.247467
13, 35, 8.120252
13, 36, -44.237620
13, 37, -18.746387
13, 38, -9.129708
13, 39, -3.589690
13, 40, 16.604375
13, 41, 8.822489
13, 43, -19.480485
13, 44, 16.391872
13, 46, -14.165636
13, 48, -23.376167
13, 49, 17.539450
13, 50, 4.637367
14, 1, 6.171274
14, 2, -46.030801
14, 3, -29.203361
14, 4, -0.332577
14, 5, 23.787896
14, 6, 4.270792
14, 7, -13.013281
14, 8, -16.297776
14, 9, -15.338431
14, 10, 39.231574
14, 11, -24.757343
14, 12, 21.890337
14, 13, -16.506464
14, 14, -8.723164
14, 16, 99999.000000
14, 17, -10.218320
14, 18, -0.702742
14, 19, 4.691677
14, 20, 0.280270
14, 21, -33.790280
14, 22, 24.974341
14, 23, -3.030954
14, 24, -9.036817
14, 25, -27.682225
14, 26, -2.439060
14, 27, 29.115116
14, 28, -24.169678
14, 30, -59.269870
14, 32, -3.125783
14, 33, -42.123991
14, 34, 0.247467
14, 35, 4.135061
14, 36, -43.762380
14, 37, -56.914924
14, 38, 7.141950
14, 39, -4.717726
14, 40, 36.040564
14, 41, -27.616452
14, 42, 99999.000000
14, 43, -13.766315
14, 44, 1.298059
14, 46, -17.846309
14, 47, 0.338961
14, 48, -6.870654
14, 50, 4.536976
15, 1, 27.952764
15, 2, -53.062052
15, 3, -23.255799
15, 4, 20.211075
15, 5, 44.929812
15, 6, 0.282009
15, 7, -21.726052
15, 9, 22.551320
15, 10, -0.745487
15, 11, -24.415178
15, 12, -12.395042
15, 13, 6.486571
15, 14, -30.155945
15, 15, 99999.000000
15, 16, -12.916362
15, 18, -2.228358
15, 19, -9.473503
15, 20, -6.611312
15, 21, 99999.000000
15, 22, 2.085241
15, 23, -14.686889
15, 24, -15.316409
15, 25, -27.163689
15, 26, -8.205197
15, 27, 24.616745
15, 28, -31.443911
15, 29, 35.216660
15, 30, -27.513529
15, 31, -84.000000
15, 32, -7.117308
15, 33, -50.012441
15, 35, 8.806056
15, 37, -18.921895
15, 38, -5.705302
15, 39, -3.592011
15, 40, 18.841883
15, 41, 7.397353
15, 42, 40.000000
15, 43, -19.642405
15, 45, -6.446370
15, 46, -15.573657
15, 47, -20.803272
15, 49, 13.959973
15, 50, 3.054415
16, 1, 10.183906
16, 2, -47.922176
16, 3, -29.636596
16, 4, 7.911096
16, 5, 20.223180
16, 6, -0.075381
16, 7, -16.624913
16, 8, -17.569217
16, 10, 39.119698
16, 11, -24.750790
16, 12, 21.888909
16, 13, -16.480370
16, 14, -16.634767
16, 15, -35.110676
16, 16, 3.654054
16, 17, 55.183139
16, 20, 3.926167
16, 21, 10.428365
16, 22, 18.648831
16, 23, -2.507696
16, 24, -9.024018
16, 25, -25.351262
16, 26, 0.780897
16, 27, 33.520976
16, 28, -24.169671
16, 29, 23.521801
16, 30, -59.269880
16, 32, -3.553949
16, 33, -42.124021
16, 34, 2.000000
16, 35, 5.322836
16, 36, 66.000000
16, 38, 15.485210
16, 40, 37.345720
16, 41, -29.599200
16, 43, -13.949951
16, 44, 22.185957
16, 45, -27.170373
16, 46, -18.982802
16, 47, 0.337860
16, 48, -17.048674
16, 49, -13.057704
16, 50, 2.460737
17, 1, 27.623804
17, 2, -53.978737
17, 4, 22.863854
17, 5, 38.428776
17, 6, -5.706993
17, 7, -21.715146
17, 8, -25.116536
17, 9, -26.797092
17, 10, -0.917082
17, 11, -24.320655
17, 12, -12.395012
17, 13, 6.470540
17, 14, -37.926248
17, 15, -32.046897
17, 16, -14.476712
17, 17, 51.816861
17, 18, 19.556736
17, 19, 86.000000
17, 20, -1.161257
17, 21, -2.366284
17, 22, 1.353035
17, 23, -14.078197
17, 25, -25.076604
17, 26, -2.159893
17, 27, 27.134122
17, 28, -31.443917
17, 29, 35.165998
17, 30, -27.512454
17, 31, 99999.000000
17, 32, -9.213764
17, 33, -50.012467
17, 35, 10.177637
17, 38, -3.123886
17, 39, -1.194222
17, 42, -12.436222
17, 43, -19.742480
17, 44, 37.721161
17, 45, -6.445683
17, 46, -15.034251
17, 47, -20.805268
17, 48, 5.159581
17, 49, 13.424452
17, 50, -0.951243
18, 1, 13.535108
18, 2, -49.151756
18, 3, -73.000000
18, 4, 17.046268
18, 5, 13.702436
18, 6, -5.801533
18, 7, -18.976606
18, 8, -17.612511
18, 9, -24.762705
18, 10, 38.895922
18, 12, 21.887476
18, 13, -16.438183
18, 14, -21.266476
18, 15, -34.900126
18, 16, 3.215539
18, 18, -6.579968
18, 20, 8.804295
18, 21, 10.459876
18, 22, 14.990855
18, 24, -31.623804
18, 25, -21.888621
18, 26, 2.460846
18, 27, 35.975991
18, 29, 23.507382
18, 30, 99999.000000
18, 32, -3.761411
18, 34, 23.000000
18, 35, 6.510620
18, 36, 21.797024
18, 37, 73.000000
18, 38, 20.285484
18, 39, 24.017221
18, 40, 12.552493
18, 41, 31.452769
18, 42, -2.332355
18, 44, 22.185948
18, 45, -27.169659
18, 46, -17.685569
18, 47, 0.336741
18, 48, -17.048599
18, 49, -13.968177
18, 50, -0.719988
19, 1, 27.446303
19, 2, -54.335515
19, 4, 25.637795
19, 5, 28.918291
19, 6, -12.443284
19, 7, -21.706843
19, 8, -25.207023
19, 9, -26.797064
19, 10, -1.088657
19, 11, -23.046861
19, 13, 6.460603
19, 14, -40.744970
19, 15, -32.115116
19, 16, -18.573659
19, 17, -32.960828
19, 18, 19.425022
19, 19, 18.999423
19, 20, 4.288253
19, 21, -1.785552
19, 22, 1.031245
19, 23, 9.568410
19, 24, -36.376196
19, 25, -21.415613
19, 26, 0.060339
19, 27, 28.440880
19, 28, -31.845877
19, 29, 35.084060
19, 30, -56.688133
19, 31, -90.000000
19, 33, 27.918390
19, 35, 10.863445
19, 36, 21.202976
19, 38, -2.161050
19, 39, -2.505232
19, 40, -7.314545
19, 41, 30.961845
19, 42, -12.648905
19, 45, -6.444979
19, 46, -12.531009
19, 48, 5.159658
19, 49, 12.069584
19, 50, -5.502053
20, 1, 14.839966
20, 3, 62.000000
20, 4, 25.886131
20, 5, 5.623706
20, 6, -11.350148
20, 8, -17.682577
20, 10, 38.784014
20, 11, -5.519162
20, 15, -34.479052
20, 16, 2.085707
20, 17, -33.201057
20, 18, -6.828480
20, 19, -0.341662
20, 20, 14.097192
20, 21, 10.517951
20, 23, -17.988820
20, 25, -18.551359
20, 27, 36.744230
20, 28, -5.036837
20, 29, 23.498491
20, 30, -78.000000
20, 33, 5.074341
20, 34, 8.762109
20, 37, -35.975274
20, 39, 21.697387
20, 40, 12.368797
20, 41, 31.452743
20, 42, -5.077326
20, 43, 63.000000
20, 44, -12.882063
20, 46, -14.435408
20, 47, 24.023625
20, 49, -15.355907
20, 50, -3.516884
21, 2, 66.000000
21, 4, 28.245858
21, 5, 18.677009
21, 6, -18.250835
21, 7, -7.255034
21, 8, -25.262966
21, 11, -23.115798
21, 12, -28.049337
21, 13, -59.623734
21, 14, -1.550764
21, 15, -32.225442
21, 16, -23.661661
21, 17, -31.084058
21, 18, 19.161655
21, 19, 19.132740
21, 20, 9.280995
21, 21, -0.144400
21, 23, 9.568630
21, 25, -17.970977
21, 28, -32.710200
21, 31, -13.316197
21, 32, -13.000000
21, 33, 28.265585
21, 34, 18.627564
21, 35, 26.208475
21, 36, -26.329864
21, 37, -39.024726
21, 38, 7.980765
21, 39, -6.395422
21, 40, -7.122900
21, 41, 30.961829
21, 42, -13.080694
21, 43, 75.475239
21, 44, -8.057601
21, 45, 0.164329
21, 46, -8.994692
21, 47, 20.674619
21, 48, -41.439791
21, 49, 10.530778
21, 50, -8.469980
22, 1, -96.000000
22, 2, 99999.000000
22, 3, 21.128060
22, 4, 33.567294
22, 5, -1.851007
22, 6, -15.294269
22, 7, -15.116578
22, 10, -10.331710
22, 11, -5.337419
22, 12, -27.606809
22, 13, -56.376266
22, 14, 19.401522
22, 15, -34.268519
22, 16, 0.766990
22, 17, -28.862207
22, 18, -7.076926
22, 19, -0.129512
22, 20, 18.714943
22, 21, 10.514134
22, 22, 80.599008
22, 23, -17.988895
22, 24, -72.855506
22, 25, -16.531193
22, 26, 43.718129
22, 28, -7.286710
22, 31, -15.941491
22, 33, 5.897898
22, 34, 8.756335
22, 35, 2.468098
22, 36, -20.468629
22, 38, 2.596142
22, 39, 17.268102
22, 40, 11.955911
22, 42, -9.788678
22, 43, 99999.000000
22, 44, -13.161289
22, 45, 6.575541
22, 46, -10.695008
22, 47, 23.371800
22, 48, -18.506858
22, 49, -16.569101
22, 50, -4.621438
23, 3, 20.141632
23, 4, 30.431888
23, 5, 10.714356
23, 6, -21.603782
23, 7, -7.252350
23, 8, 8.757939
23, 9, -7.335241
23, 10, 5.971652
23, 11, -23.270386
23, 12, -27.532072
23, 14, -1.550723
23, 16, -27.797375
23, 17, -26.328372
23, 18, 19.029982
23, 19, 19.348423
23, 20, 13.483007
23, 21, 2.223031
23, 22, 80.400992
23, 23, 9.568840
23, 24, -36.475232
23, 25, -16.569282
23, 26, 50.006184
23, 28, -34.881923
23, 30, 19.178795
23, 31, -14.070470
23, 32, 91.000000
23, 33, 29.141037
23, 34, 18.627493
23, 35, 26.144289
23, 36, -24.962909
23, 37, 76.000000
23, 38, 7.980973
23, 39, -12.676438
23, 40, -6.883883
23, 41, 17.932676
23, 42, -13.223141
23, 43, -19.207681
23, 44, -7.998083
23, 45, 0.164276
23, 46, -5.932813
23, 47, 20.165928
23, 48, -41.439778
23, 49, 9.527458
24, 1, 10.466364
24, 2, -73.000000
24, 3, 21.211006
24, 4, 39.331846
24, 5, -6.369699
24, 6, -16.712050
24, 7, -15.112361
24, 8, 9.961390
24, 9, -19.493330
24, 10, -10.295123
24, 11, -5.110588
24, 12, -27.241380
24, 13, 33.000000
24, 14, 19.401569
24, 15, 16.424714
24, 16, -0.113247
24, 17, -22.196999
24, 19, 0.001615
24, 20, 21.797592
24, 21, 10.377721
24, 24, -72.915210
24, 26, 43.718118
24, 27, -3.869867
24, 28, -10.713396
24, 29, -63.909349
24, 30, 6.148846
24, 31, -18.524343
24, 33, 7.168471
24, 34, 8.750556
24, 35, 4.969578
24, 36, -17.874197
24, 37, 99999.000000
24, 38, 2.596614
24, 39, 11.154672
24, 40, 11.624701
24, 41, 40.956261
24, 42, -15.196785
24, 43, 43.994813
24, 44, -13.848252
24, 45, 6.575492
24, 46, -8.230229
24, 47, 21.798710
24, 49, -17.046389
24, 50, -62.000000
25, 1, 15.191820
25, 3, 20.194193
25, 4, 31.915881
25, 5, 7.701082
25, 7, -7.249685
25, 8, 8.757971
25, 9, -8.504001
25, 10, 6.089817
25, 11, -23.394068
25, 12, -26.369936
25, 15, -18.724438
25, 16, -29.381702
25, 17, -20.914108
25, 18, 14.000000
25, 20, 16.819058
25, 21, 4.730114
25, 22, -6.332134
25, 24, -37.042005
25, 25, 25.000000
25, 27, -16.166242
25, 28, -37.322338
25, 29, -33.144353
25, 30, 18.567265
25, 31, -15.891046
25, 33, 30.130159
25, 34, 99999.000000
25, 35, 25.861512
25, 36, -21.348079
25, 38, 7.981191
25, 39, -20.847625
25, 40, -6.777486
25, 41, 17.932758
25, 42, -12.552033
25, 43, -18.064534
25, 44, -7.877568
25, 46, -4.726271
25, 47, 19.445766
25, 48, 5.542405
26, 1, 10.466353
26, 2, -51.831668
26, 3, 21.376973
26, 4, 42.456539
26, 6, -7.030616
26, 8, 9.961417
26, 9, -21.849274
26, 10, -10.235940
26, 11, -5.009565
26, 12, -26.785851
26, 13, 53.653489
26, 14, -56.908786
26, 15, 16.424689
26, 17, -16.317916
26, 19, -20.999888
26, 20, 23.102310
26, 21, 10.142671
26, 22, -1.124770
26, 23, 5.597858
26, 24, -73.049427
26, 26, -13.285380
26, 27, -3.811190
26, 28, -13.706493
26, 29, -63.910962
26, 30, 6.449609
26, 31, -22.177804
26, 32, -44.000000
26, 33, 8.294618
26, 34, 33.543647
26, 35, 8.800799
26, 36, -13.409378
26, 39, 4.097280
26, 41, 40.956340
26, 42, -20.012955
26, 43, 44.164515
26, 44, -14.594627
26, 47, 20.226314
26, 48, -19.341349
26, 49, 38.000000
26, 50, -16.067589
27, 1, 15.191811
27, 2, -50.168332
27, 3, 20.246821
27, 4, 32.445525
27, 5, 20.565458
27, 6, 20.523439
27, 7, 21.071047
27, 9, -11.458093
27, 10, 6.162843
27, 12, -25.438088
27, 13, 56.346511
27, 14, -31.386665
27, 15, -18.724463
27, 16, -1.700510
27, 17, -17.376511
27, 18, -7.595322
27, 19, -16.865626
27, 20, 19.446365
27, 21, 6.650615
27, 22, -6.939597
27, 23, -0.870402
27, 24, -37.749179
27, 25, -56.000000
27, 26, -32.470865
27, 27, -16.075905
27, 28, -38.898477
27, 29, -33.146220
27, 30, 17.023198
27, 31, -17.711105
27, 32, -50.237620
27, 33, 30.772110
27, 34, 2.466171
27, 35, 25.207661
27, 36, -16.727737
27, 37, 6.910946
27, 38, -20.071105
27, 39, -29.908114
27, 40, -3.920381
27, 42, -10.858362
27, 43, -15.301394
27, 44, -7.742323
27, 45, -38.201690
27, 46, 7.611134
27, 47, 18.935949
27, 48, 4.719468
27, 50, -35.779896
28, 3, 21.459998
28, 5, -20.207526
28, 6, -7.713234
28, 7, 13.580869
28, 8, -19.985193
28, 9, -25.468637
28, 12, -26.583163
28, 14, -56.908798
28, 16, -4.560261
28, 17, -13.991453
28, 18, 8.309760
28, 19, -20.237927
28, 20, 23.030242
28, 21, 9.954968
28, 22, -3.716335
28, 23, 7.526542
28, 24, -73.157121
28, 26, -13.145776
28, 27, -3.716309
28, 28, -14.883338
28, 29, -63.912577
28, 30, 6.929559
28, 31, -24.761751
28, 32, 99999.000000
28, 33, 8.741670
28, 34, 33.523323
28, 35, 12.222957
28, 36, -8.408264
28, 37, 13.089054
28, 38, -10.059620
28, 39, -2.714302
28, 40, -12.517219
28, 41, -36.151192
28, 42, -23.397480
28, 43, 44.546030
28, 44, -15.061834
28, 45, -5.941848
28, 46, -9.958455
28, 47, 19.575184
28, 48, -19.857044
28, 49, -81.237620
28, 50, -15.314676
29, 1, -12.672466
29, 5, 20.774709
29, 6, 19.379221
29, 7, 21.071070
29, 8, -25.014807
29, 9, -14.808223
29, 10, 25.328543
29, 11, 59.308251
29, 13, 99999.000000
29, 15, 99999.000000
29, 16, -1.203299
29, 18, -7.595346
29, 19, -14.919719
29, 20, 21.553398
29, 21, 7.371066
29, 22, -8.409501
29, 23, 0.943085
29, 24, -38.064057
29, 25, 8.268231
29, 26, -32.586785
29, 27, -16.020100
29, 30, 15.274918
29, 31, -18.464865
29, 32, -1.726021
29, 34, 2.468951
29, 35, 24.205315
29, 36, -12.595085
29, 38, -20.304337
29, 39, -38.331265
29, 40, -3.920336
29, 41, -8.502220
29, 42, -8.445608
29, 43, -12.533489
29, 44, -7.681376
29, 45, -38.203764
29, 46, 7.611116
29, 48, 2.519016
29, 49, -80.762380
29, 50, -35.130716
30, 1, -5.711189
30, 2, -28.728104
30, 3, 20.698833
30, 4, 5.829868
30, 5, -20.167483
30, 6, -9.357389
30, 9, -28.661382
30, 10, 28.795108
30, 11, 48.662076
30, 12, 36.939098
30, 13, -1.048421
30, 14, -1.242311
30, 15, 12.915834
30, 16, -3.906317
30, 17, 4.205665
30, 19, -18.277593
30, 20, 22.313108
30, 22, -7.386081
30, 23, 12.475800
30, 25, 5.519520
30, 26, -12.811235
30, 28, 2.950751
30, 29, 3.415994
30, 30, 7.370729
30, 32, -8.792065
30, 33, -62.000000
30, 34, 33.490457
30, 35, 13.780339
30, 36, -4.489194
30, 37, 9.518096
30, 38, -10.500187
30, 39, -7.742344
30, 40, -12.517186
30, 41, -36.151191
30, 42, -25.207317
30, 43, 44.852185
30, 45, -5.944506
30, 47, 24.475239
30, 48, -20.704755
30, 50, -13.330178
31, 1, -12.531086
31, 2, -37.671030
31, 3, -0.980592
31, 4, 8.557978
31, 5, 21.193096
31, 6, 17.762660
31, 7, -43.507316
31, 8, 21.780468
31, 9, -16.989676
31, 10, 25.328614
31, 11, 57.817552
31, 12, 43.087748
31, 13, 0.882930
31, 14, 29.614554
31, 15, 2.000000
31, 16, -0.086690
31, 17, 5.775677
31, 18, 63.000000
31, 19, -11.945803
31, 20, 23.149959
31, 21, -19.996531
31, 22, -9.884123
31, 23, 3.524667
31, 24, -59.078823
31, 25, 8.271317
31, 26, -32.749547
31, 28, -16.445778
31, 29, -4.107514
31, 30, 14.138132
31, 31, -69.000000
31, 32, -1.726017
31, 34, 2.471738
31, 35, 23.174034
31, 36, -10.189977
31, 37, -9.804017
31, 38, -20.770810
31, 39, -44.356745
31, 42, -6.062559
31, 43, -11.385557
31, 44, -85.000000
31, 45, -38.205837
31, 46, -33.371307
31, 47, 23.524761
31, 48, -0.292703
31, 50, -34.092327
32, 1, -7.672659
32, 2, -27.782670
32, 3, 20.458668
32, 4, 7.075739
32, 5, -20.142748
32, 6, -10.996136
32, 7, -48.593237
32, 8, 1.689500
32, 9, -29.924886
32, 10, 28.795178
32, 11, 46.121495
32, 12, 36.166122
32, 13, -0.942652
32, 14, -1.255980
32, 16, -3.091628
32, 17, 4.287677
32, 19, -15.902907
32, 20, 21.620778
32, 21, -9.199984
32, 22, -9.984317
32, 23, 18.359309
32, 24, -54.980568
32, 25, 5.523001
32, 26, -12.480227
32, 28, 2.876985
32, 29, 3.267826
32, 30, 7.549876
32, 31, 99999.000000
32, 33, -49.000000
32, 35, 12.922416
32, 36, -3.005827
32, 37, 9.512602
32, 38, -10.940786
32, 39, -9.606021
32, 40, -4.417388
32, 42, -25.882378
32, 46, -35.628693
32, 48, -21.568877
32, 49, -3.043390
32, 50, -10.808236
33, 1, -11.801682
33, 2, -34.506104
33, 3, -0.980897
33, 4, 11.354028
33, 5, 21.402250
33, 6, 16.620725
33, 7, -43.507296
33, 8, 20.570900
33, 11, 54.214722
33, 12, 40.233838
33, 13, 0.886675
33, 14, 29.600414
33, 15, 55.000000
33, 16, 0.808164
33, 17, 5.921878
33, 18, -22.306908
33, 19, -9.208150
33, 20, 24.046787
33, 21, -20.230338
33, 22, -10.496320
33, 23, 5.335816
33, 24, -59.079943
33, 25, 8.274419
33, 26, -32.863824
33, 27, -29.688296
33, 28, -16.191296
33, 29, -5.946911
33, 31, -12.896068
33, 32, -11.094130
33, 34, 11.000000
33, 35, 22.607328
33, 37, -9.811242
33, 38, -21.004066
33, 39, -46.550203
33, 40, 5.070019
33, 42, -4.581331
33, 45, 29.961448
33, 47, -61.827489
33, 48, -2.641656
33, 49, 9.545610
33, 50, -33.038504
34, 1, -10.373478
34, 2, -25.143585
34, 3, 19.978363
34, 4, 10.414625
34, 5, 99999.000000
34, 6, -11.673329
34, 8, 0.493239
34, 9, -58.243580
34, 10, -23.988698
34, 11, 42.524927
34, 12, 34.195318
34, 13, -0.771540
34, 14, -1.278048
34, 16, -2.729348
34, 17, 4.420367
34, 18, -19.693092
34, 19, -13.917441
34, 20, 21.349863
34, 21, -9.135425
34, 23, 22.886909
34, 24, -54.982153
34, 26, -12.344173
34, 27, -10.248677
34, 28, 2.588126
34, 29, 2.752131
34, 30, 4.000000
34, 31, -55.000000
34, 32, 3.830046
34, 33, 22.787106
34, 35, 10.107571
34, 36, 28.849105
34, 37, 9.507116
34, 39, 99999.000000
34, 40, -4.511460
34, 41, 16.000000
34, 42, -26.017863
34, 43, -25.688896
34, 44, 32.597161
34, 45, -8.557303
34, 46, 85.000000
34, 47, -95.881190
34, 48, -22.111140
34, 49, -3.568952
34, 50, -8.567495
35, 1, -9.994242
35, 2, -29.195963
35, 3, -0.981168
35, 4, 16.110459
35, 5, 36.000000
35, 7, -24.719316
35, 8, 17.052116
35, 9, -44.280385
35, 10, -7.117182
35, 11, 50.606225
35, 12, 35.846000
35, 13, 0.890431
35, 14, 29.591697
35, 15, -90.000000
35, 17, 6.012251
35, 19, -7.596022
35, 21, -20.797344
35, 22, -20.848435
35, 23, 5.197063
35, 24, -59.081058
35, 25, -14.886149
35, 27, -29.684569
35, 28, -16.027880
35, 29, -9.174498
35, 32, -10.998397
35, 33, 20.212894
35, 34, -16.660515
35, 35, 22.891119
35, 36, 13.064206
35, 38, 5.704801
35, 39, -9.776441
35, 40, 4.729666
35, 41, 25.356429
35, 43, -11.633236
35, 44, 48.939390
35, 45, 29.769185
35, 47, -61.827471
35, 48, -3.556401
35, 49, 7.970119
35, 50, -32.286808
36, 1, -12.393614
36, 2, -21.386630
36, 3, 19.738206
36, 4, 14.779638
36, 6, -93.000000
36, 7, -41.217853
36, 8, -1.618904
36, 9, -58.243577
36, 10, -24.267395
36, 11, 39.979143
36, 12, 31.930518
36, 15, 99999.000000
36, 18, -11.529649
36, 19, -12.756546
36, 20, -28.770595
36, 21, -9.022714
36, 22, -39.020328
36, 23, 24.671295
36, 25, -16.113851
36, 26, -30.119579
36, 27, -10.243045
36, 28, 1.949823
36, 29, 1.784279
36, 30, -10.594049
36, 31, 15.586251
36, 32, 3.989384
36, 34, -15.083112
36, 35, 6.423622
36, 36, 29.821662
36, 37, 0.000000
36, 38, -8.024038
36, 39, 4.295172
36, 40, -4.699656
36, 41, 99999.000000
36, 42, 1.995919
36, 43, -25.688904
36, 44, 32.601499
36, 45, -5.809117
36, 46, -13.032748
36, 47, 99999.000000
36, 49, -4.749772
36, 50, -7.270482
37, 1, -7.251277
37, 2, -23.452478
37, 4, 21.359234
37, 5, -13.000000
37, 7, -24.719289
37, 8, 11.605068
37, 10, -7.914860
37, 11, 49.109833
37, 12, 31.971981
37, 13, 20.379602
37, 14, -40.810310
37, 15, 22.420707
37, 16, -43.000000
37, 17, -10.401735
37, 18, -5.470351
37, 19, -7.237909
37, 20, -30.398254
37, 21, -21.398729
37, 22, -19.869342
37, 23, 2.987409
37, 24, 29.154508
37, 26, -65.819225
37, 27, -29.680833
37, 28, -16.376885
37, 29, -12.965561
37, 30, -9.405951
37, 31, 12.349758
37, 32, -10.620664
37, 33, 3.188169
37, 34, -16.905243
37, 35, 24.076236
37, 36, 14.522284
37, 38, 6.481719
37, 39, -10.111465
37, 40, 4.389267
37, 41, 99999.000000
37, 42, 4.703541
37, 44, 48.963634
37, 45, 29.361601
37, 46, 48.475239
37, 47, -80.000000
37, 48, 6.306978
37, 49, 6.005502
37, 50, -32.018224
38, 1, -13.191853
38, 2, -17.361628
38, 4, 18.781864
38, 6, 3.828663
38, 7, 99999.000000
38, 8, -4.304600
38, 10, -24.824808
38, 12, 30.438662
38, 13, 25.251271
38, 14, -2.096798
38, 15, 15.054258
38, 17, -24.773716
38, 19, -12.372876
38, 20, -28.848397
38, 21, -8.909889
38, 22, -37.041661
38, 23, 23.794558
38, 24, 32.230709
38, 25, -30.836558
38, 26, -30.119587
38, 28, 0.900901
38, 29, 0.510430
38, 31, 15.586269
38, 32, 4.486240
38, 33, 8.811831
38, 34, -15.448769
38, 35, 3.004789
38, 36, 32.006770
38, 37, -8.494966
38, 38, -6.124560
38, 39, 3.616113
38, 40, -4.793769
38, 42, 2.971259
38, 43, 62.000000
38, 44, 32.608524
38, 45, -1.018743
38, 46, -13.032773
38, 48, 11.693022
38, 49, -5.696639
39, 1, -4.650759
39, 2, -19.029985
39, 3, 74.540069
39, 4, 25.417187
39, 5, 24.560102
39, 6, -1.534686
39, 7, -1.712216
39, 8, 4.946703
39, 9, 21.034450
39, 10, -8.712592
39, 12, 30.438029
39, 13, 20.801759
39, 14, -39.034839
39, 15, 22.088355
39, 16, 5.339761
39, 17, -11.027227
39, 18, 84.000000
39, 19, -7.626258
39, 20, -30.541940
39, 21, -21.766395
39, 22, -17.290510
39, 23, -0.266422
39, 24, 29.154541
39, 25, -24.529720
39, 26, -65.819240
39, 27, 1.860086
39, 28, -17.417134
39, 29, -16.302822
39, 30, 42.181445
39, 32, -9.819344
39, 34, -17.394748
39, 35, 25.857461
39, 36, 16.340452
39, 37, 1.476073
39, 38, 8.615062
39, 39, -10.919204
39, 41, -51.153328
39, 42, 7.328212
39, 44, 48.978618
39, 45, 29.066245
39, 46, 99999.000000
39, 49, 5.131149
40, 1, -13.250666
40, 2, -13.928455
40, 3, 64.460676
40, 4, 21.155963
40, 5, 18.879160
40, 6, 3.828655
40, 7, -13.568611
40, 8, -7.367391
40, 9, 9.547814
40, 10, -25.103545
40, 11, -87.000000
40, 13, 27.313344
40, 14, -4.577682
40, 15, 14.882084
40, 16, -12.918754
40, 17, -24.195029
40, 19, -12.404028
40, 20, -28.974273
40, 21, -8.861815
40, 22, -33.471280
40, 23, 21.529559
40, 24, 32.230751
40, 25, -30.836551
40, 27, -14.202427
40, 28, -0.457074
40, 29, -0.617312
40, 30, 17.650898
40, 31, -59.551920
40, 32, 5.495319
40, 33, -95.000000
40, 34, -15.814480
40, 35, 0.564506
40, 36, 33.758951
40, 37, -8.054955
40, 38, -2.615374
40, 39, 2.090857
40, 40, -19.063904
40, 41, -29.892642
40, 42, 6.029446
40, 43, -11.014878
40, 45, 4.430689
40, 46, -23.247538
40, 47, -33.362009
40, 48, -0.429858
40, 50, 25.940630
41, 1, -3.573759
41, 2, -16.946918
41, 3, 74.540063
41, 4, 26.940961
41, 5, 24.559631
41, 7, -1.429025
41, 8, -1.949393
41, 9, 20.316711
41, 11, 99999.000000
41, 12, -24.093533
41, 13, 21.977158
41, 14, -34.341658
41, 15, 21.286836
41, 16, 5.340291
41, 17, -12.955901
41, 18, 31.019871
41, 19, -8.055785
41, 20, -30.630745
41, 22, -13.990209
41, 23, -3.044850
41, 25, 99999.000000
41, 26, 85.000000
41, 27, 3.971068
41, 28, -18.956388
41, 29, -18.251947
41, 30, 41.434068
41, 31, -64.811853
41, 32, -8.648303
41, 34, -17.639539
41, 35, 27.740937
41, 36, 17.149629
41, 37, 2.443053
41, 38, 11.561567
41, 39, -11.725345
41, 40, -9.627609
41, 41, -51.153294
41, 42, 12.431122
41, 43, -13.985122
41, 44, 32.477453
41, 45, 29.033510
41, 46, -43.000000
41, 47, -6.915167
41, 48, -7.247447
41, 49, 22.380747
41, 50, 30.059370
42, 2, -11.615476
42, 5, 18.879452
42, 6, 3.393093
42, 7, -14.341474
42, 8, -10.740052
42, 9, 9.216356
42, 11, 19.495076
42, 12, 9.483024
42, 13, 30.397225
42, 14, -8.382243
42, 15, 14.537680
42, 16, -12.917869
42, 17, -23.593340
42, 18, 47.059832
42, 19, -12.467114
42, 21, 99999.000000
42, 22, -28.974807
42, 23, 19.416268
42, 24, 7.000000
42, 25, -41.946009
42, 26, 49.653489
42, 27, -9.412707
42, 28, -1.876722
42, 29, -1.071558
42, 30, 17.477421
42, 31, -59.179062
42, 32, 6.982685
42, 33, 10.432920
42, 35, -0.766808
42, 37, -6.894549
42, 38, 1.891517
42, 39, 0.868232
42, 40, -19.247066
42, 41, -29.892611
42, 42, 11.278527
42, 44, 1.115338
42, 45, 8.757182
42, 47, -33.362009
42, 48, -0.429837
42, 49, 15.691160
43, 1, -11.694961
43, 2, -17.005894
43, 3, 42.242579
43, 4, 12.306027
43, 5, 24.559166
43, 6, -26.080335
43, 7, -0.574772
43, 8, -8.111039
43, 9, 18.430612
43, 10, 29.109243
43, 11, 59.000000
43, 12, -24.088238
43, 13, 23.654670
43, 14, -28.450633
43, 15, 20.486466
43, 16, 5.340834
43, 17, -16.161296
43, 18, 31.019123
43, 20, 85.485158
43, 21, 16.346963
43, 22, -10.913310
43, 23, -4.335732
43, 25, -12.286580
43, 26, 99999.000000
43, 27, 9.695853
43, 28, -20.548365
43, 30, 39.754740
43, 31, -64.353266
43, 32, -7.434594
43, 33, -50.938390
43, 34, -55.584130
43, 35, 29.257078
43, 36, -39.594540
43, 37, 3.924053
43, 38, 14.598266
43, 39, -12.058770
43, 40, -10.427502
43, 42, 19.429437
43, 43, -2.463005
43, 44, 32.321090
43, 45, 29.122481
43, 46, -59.000000
43, 48, -7.247422
43, 49, 22.375362
43, 50, -81.000000
44, 1, 18.649334
44, 2, -10.432877
44, 3, 42.757421
44, 4, 4.890072
44, 6, 2.309571
44, 7, -16.262324
44, 8, -14.268946
44, 9, 8.680580
44, 10, -0.561724
44, 12, 9.490583
44, 13, 33.159945
44, 14, -11.731501
44, 15, 14.365430
44, 17, -23.587350
44, 18, 47.059817
44, 19, -88.000000
44, 20, 86.514842
44, 21, -8.321949
44, 22, -24.342309
44, 23, 18.318798
44, 24, 1.900957
44, 25, -40.942715
44, 26, 59.399124
44, 27, -1.207414
44, 28, -3.052248
44, 29, 5.381155
44, 30, 17.261301
44, 31, -58.341442
44, 32, 8.659420
44, 33, 10.440781
44, 34, -52.415870
44, 35, -1.290590
44, 36, -38.105770
44, 37, -5.406906
44, 38, 6.510186
44, 40, -19.659138
44, 41, -10.626058
44, 42, 18.218769
44, 43, -30.228515
44, 44, 1.534595
44, 45, 10.406707
44, 47, 16.673673
44, 49, 15.683498
44, 50, 99999.000000
45, 1, -12.513426
45, 2, -17.993718
45, 4, 13.165717
45, 5, 28.500035
45, 6, -26.194354
45, 7, 0.706703
45, 8, -12.859313
45, 9, 16.085307
45, 10, 29.512373
45, 11, -21.034114
45, 12, -24.082931
45, 13, 25.472243
45, 14, -23.611889
45, 15, 20.155267
45, 16, -41.792065
45, 17, -20.182894
45, 18, 31.018395
45, 21, 15.928900
45, 22, -8.661072
45, 23, -4.250078
45, 24, -1.900957
45, 25, -11.587333
45, 26, 52.410910
45, 27, 17.330801
45, 28, -21.720709
45, 29, 1.618845
45, 30, 38.407999
45, 31, -63.781588
45, 32, -6.565034
45, 33, -50.938353
45, 35, 30.088399
45, 36, -39.594481
45, 37, 5.329881
45, 38, 17.079192
45, 40, -11.425660
45, 41, 5.037100
45, 42, 27.080629
45, 43, -1.274844
45, 44, 31.969468
45, 46, -19.933828
45, 47, -13.387973
45, 48, 59.950478
45, 49, 22.369983
45, 50, 1.673326
46, 1, 17.586395
46, 2, -10.015919
46, 4, 6.569449
46, 5, 32.499965
46, 6, -0.309569
46, 7, -18.383795
46, 8, -17.531857
46, 9, 8.145562
46, 10, 0.335208
46, 11, 6.687079
46, 13, 34.815293
46, 14, -13.055149
46, 15, 99999.000000
46, 16, -40.207935
46, 17, -24.301701
46, 18, 99999.000000
46, 19, 2.391144
46, 20, 65.438602
46, 21, -8.447038
46, 22, -20.350558
46, 23, 18.109990
46, 25, -38.516295
46, 26, 59.399132
46, 27, 7.930309
46, 28, -3.716784
46, 30, 17.165176
46, 31, -57.669903
46, 32, 10.131664
46, 33, 10.448640
46, 34, -49.041719
46, 35, -1.406252
46, 36, -38.105711
46, 37, -4.029900
46, 38, 10.270954
46, 40, -19.990080
46, 41, -10.513777
46, 42, 25.441382
46, 43, -28.664471
46, 44, 2.057326
46, 45, -73.000000
46, 46, -38.606986
46, 47, 16.678798
46, 48, 58.049522
46, 50, 89.000000
47, 1, -14.352203
47, 2, -18.523528
47, 3, 9.022561
47, 4, 15.097622
47, 6, -26.356012
47, 7, 1.925896
47, 8, -15.939579
47, 9, 14.176715
47, 10, 30.418073
47, 11, -21.029705
47, 12, 52.000000
47, 13, 27.016415
47, 14, -21.746451
47, 15, 27.331633
47, 17, -23.996627
47, 18, -54.000000
47, 19, 8.608856
47, 20, 54.342028
47, 21, 15.092794
47, 22, -7.356458
47, 23, -3.759220
47, 24, -33.000000
47, 25, -10.015999
47, 27, 24.484601
47, 28, -22.148578
47, 29, 99999.000000
47, 31, -63.527234
47, 32, -6.180345
47, 33, 99999.000000
47, 34, -29.105049
47, 37, 6.285366
47, 38, 18.632516
47, 39, -3.069726
47, 40, -11.870145
47, 41, 5.340299
47, 42, 33.650757
47, 43, 1.394952
47, 44, 31.687212
47, 46, -19.933835
47, 47, -13.381048
47, 49, 31.927903
48, 1, 16.260942
48, 3, 12.889470
48, 4, 8.663957
48, 5, -28.619029
48, 6, -2.933389
48, 7, -19.732399
48, 8, -19.889277
48, 9, 7.815334
48, 10, 1.453773
48, 11, 6.692514
48, 12, 75.910875
48, 13, 35.438294
48, 14, 99999.000000
48, 15, -47.000000
48, 16, -52.094748
48, 17, -25.231773
48, 20, 65.438609
48, 21, -8.649415
48, 22, -17.656428
48, 23, 18.153917
48, 25, -36.083856
48, 26, -92.000000
48, 27, 15.054023
48, 30, -62.798261
48, 32, 11.099748
48, 33, 18.728369
48, 34, -49.043057
48, 35, -16.895997
48, 36, -11.149995
48, 37, -3.090733
48, 38, 12.372632
48, 39, -21.095963
48, 41, -10.289132
48, 42, 30.960716
48, 43, -26.713809
48, 44, 2.289931
48, 45, 38.227798
48, 46, -38.606995
48, 47, 16.683909
48, 48, -34.962871
48, 49, 17.772366
48, 50, 36.094736
49, 1, -15.826524
49, 2, 99999.000000
49, 3, 9.022516
49, 4, 16.647099
49, 5, -10.217197
49, 6, -26.470644
49, 7, 2.434674
49, 8, -17.414363
49, 9, 13.445076
49, 10, 31.144296
49, 11, -21.025296
49, 12, 99999.000000
49, 13, 27.906251
49, 14, -50.148495
49, 16, -42.107825
49, 17, -26.341236
49, 18, -38.336592
49, 19, -30.727736
49, 21, 14.674716
49, 22, -6.807494
49, 24, -76.000000
49, 25, -8.755720
49, 27, 28.798951
49, 28, -20.772228
49, 29, 22.732696
49, 30, -48.927535
49, 31, 42.658448
49, 32, -6.105891
49, 33, -3.693022
49, 34, -29.106715
49, 35, -12.104003
49, 36, 4.662610
49, 37, 6.726862
49, 38, 19.151523
49, 39, -3.069837
49, 40, 22.202976
49, 41, 5.643558
49, 42, 37.452272
49, 43, 3.536016
49, 45, 25.929081
49, 48, -15.451399
49, 49, 31.927885
49, 50, 26.107825
50, 1, 15.671053
50, 2, 40.000000
50, 3, 12.889425
50, 4, 9.596244
50, 5, -28.619012
50, 6, -4.021609
50, 8, -20.754207
50, 10, 1.951635
50, 12, 83.000000
50, 13, 35.551670
50, 14, -20.000000
50, 15, 61.000000
50, 16, -52.094741
50, 17, -25.653744
50, 18, -33.663408
50, 19, -32.272264
50, 20, 4.000000
50, 22, -16.705427
50, 23, 75.000000
50, 25, -35.074521
50, 26, 68.000000
50, 27, 17.742220
50, 28, -15.227772
50, 29, 25.267304
50, 30, -62.798252
50, 31, 46.341552
50, 32, 11.431410
50, 33, 18.728385
50, 34, -49.044408
50, 36, -11.150030
50, 37, -2.761308
50, 39, -21.096070
50, 40, 22.797024
50, 41, -10.176756
50, 42, 33.031453
50, 43, -25.845542
50, 44, -53.000000
50, 45, 38.227777
50, 46, -72.000000
50, 47, -8.000000
50, 48, -34.962891
50, 49, 17.772347
50, 50, 36.094754
