1, 1, 33.000000
1, 3, -18.310038
1, 4, 22.884682
1, 6, 0.562802
1, 7, 15.598680
1, 8, 35.152571
1, 9, -12.412483
1, 10, -19.000000
1, 11, 11.335377
1, 12, 99999.000000
1, 13, -86.000000
1, 14, -57.367204
1, 15, -38.000000
1, 16, 0.197749
1, 18, -91.237298
1, 19, -45.624660
1, 20, -36.077942
1, 21, -18.839797
1, 22, -3.328538
1, 23, 0.659707
1, 24, 20.143857
1, 25, -18.467467
1, 27, 62.000000
1, 28, 11.594273
1, 29, -41.000000
1, 30, -34.018111
1, 32, -13.365093
1, 33, -48.625249
1, 34, -21.158509
1, 35, -16.027116
1, 37, -82.000000
1, 38, -87.000000
1, 39, 82.000000
1, 40, -15.465518
1, 41, 21.421702
1, 42, -11.746423
1, 43, -25.330441
1, 45, 24.879429
1, 46, -81.000000
1, 47, -5.049534
1, 49, 45.000000
1, 50, 14.624451
2, 2, 52.512601
2, 3, -29.688789
2, 4, 6.774484
2, 5, -52.595568
2, 6, 5.898183
2, 7, 5.796818
2, 8, 33.847429
2, 9, -23.612648
2, 11, 7.373135
2, 14, -58.632796
2, 16, 29.492217
2, 17, 2.483564
2, 19, -37.094776
2, 20, -9.783366
2, 21, -16.395316
2, 22, -16.875060
2, 23, 15.227842
2, 24, 3.205225
2, 25, -38.252473
2, 28, 3.367139
2, 30, -35.054652
2, 31, 9.168719
2, 32, -12.799427
2, 33, -42.218664
2, 34, -8.816588
2, 35, 2.571655
2, 36, -70.282476
2, 40, 2.609560
2, 41, 13.929644
2, 42, -29.500104
2, 43, -39.462448
2, 44, 15.231463
2, 45, -1.663924
2, 47, -17.868605
2, 48, -12.060305
2, 50, 24.457672
3, 1, -20.923574
3, 2, 5.680141
3, 3, -18.748326
3, 4, 22.377318
3, 5, -32.360983
3, 6, -0.968615
3, 7, 15.600034
3, 9, -12.394330
3, 11, 8.703475
3, 12, 34.420335
3, 13, 99999.000000
3, 15, -26.751445
3, 17, -43.679696
3, 19, -42.629315
3, 20, -36.039619
3, 21, -20.442866
3, 22, -3.378406
3, 23, -0.254214
3, 24, 20.557058
3, 25, -17.750613
3, 26, -29.423909
3, 27, -10.411702
3, 28, 11.600874
3, 29, 46.333228
3, 30, -33.999279
3, 31, 7.042347
3, 32, -12.031879
3, 33, -45.624822
3, 34, -21.738872
3, 35, -14.900604
3, 36, -70.717524
3, 37, -79.000000
3, 38, 39.621387
3, 39, 3.899728
3, 40, -17.165314
3, 41, 21.418825
3, 42, -11.742699
3, 43, -25.960670
3, 44, -36.373505
3, 45, 25.077340
3, 47, -2.601512
3, 48, -7.624974
3, 49, -36.362185
3, 50, 14.646225
4, 1, -17.906915
4, 2, 52.513590
4, 3, -30.476919
4, 4, 6.044569
4, 5, -52.865192
4, 6, 3.058986
4, 8, -20.125131
4, 9, -23.682856
4, 10, -95.000000
4, 11, 2.349214
4, 12, 30.070287
4, 14, 20.274870
4, 15, -25.248555
4, 17, 2.524347
4, 19, -40.707439
4, 20, -9.748890
4, 21, -21.835267
4, 23, 5.925487
4, 24, 3.512170
4, 25, -30.536958
4, 26, -38.489771
4, 27, 3.519394
4, 29, 60.578208
4, 31, 9.379505
4, 32, -8.422651
4, 33, -35.159567
4, 34, -4.603081
4, 35, 4.625724
4, 38, 43.378613
4, 39, -12.384745
4, 40, 2.077398
4, 43, -40.354119
4, 44, 11.677679
4, 45, -1.398368
4, 47, -12.177491
4, 48, -12.067414
4, 49, -47.202515
4, 50, 24.515810
5, 1, -19.877799
5, 2, 4.966396
5, 3, -19.617241
5, 4, 21.856962
5, 5, -32.757095
5, 6, -2.981125
5, 7, 21.973462
5, 8, -51.393101
5, 11, 2.060570
5, 12, 34.413057
5, 13, 14.349412
5, 14, 22.145317
5, 19, -35.417835
5, 21, -24.169741
5, 23, -2.323845
5, 24, 21.256644
5, 25, -17.342116
5, 26, -26.604341
5, 27, -7.626044
5, 29, 46.340338
5, 31, 7.002957
5, 32, -8.635760
5, 33, -36.895408
5, 34, -22.793308
5, 35, -12.733605
5, 36, 0.462809
5, 39, 2.466685
5, 40, -20.508955
5, 41, 10.408168
5, 43, -27.004136
5, 44, -41.491816
5, 45, 25.262190
5, 47, 3.261589
5, 49, -36.371849
5, 50, 14.662195
6, 1, -15.851416
6, 3, -31.246949
6, 5, -53.130461
6, 6, 1.295003
6, 7, 5.960844
6, 8, -17.669334
6, 10, 4.342563
6, 11, -5.245789
6, 13, -3.024327
6, 14, 18.814854
6, 16, -22.741818
6, 19, -46.365164
6, 20, -24.352970
6, 21, -30.456651
6, 23, -7.561485
6, 24, 3.729450
6, 25, -21.018015
6, 26, -40.276014
6, 27, 5.887208
6, 31, 9.749092
6, 32, -1.721964
6, 33, -21.574007
6, 34, 2.838178
6, 35, 6.476749
6, 36, 17.342638
6, 38, -18.799661
6, 39, -15.521232
6, 40, 1.564978
6, 41, 22.774697
6, 42, -38.737081
6, 43, -41.255465
6, 44, 3.610279
6, 47, -3.925663
6, 49, -47.216961
7, 1, -18.172622
7, 3, -20.045711
7, 4, -24.011409
7, 6, -1.041979
7, 7, 21.945194
7, 8, -43.589955
7, 10, -16.330771
7, 11, -4.993484
7, 12, 4.149279
7, 13, 14.173621
7, 14, 21.225195
7, 16, -22.325672
7, 18, 28.695011
7, 19, -27.834579
7, 20, -2.973995
7, 21, -28.204017
7, 22, 51.360059
7, 23, -4.429000
7, 25, -20.043487
7, 26, -21.571613
7, 27, -0.106740
7, 29, -30.166204
7, 31, 7.000985
7, 32, -4.709291
7, 33, -23.958611
7, 34, -23.108138
7, 35, -11.508539
7, 36, -2.497150
7, 38, -27.245854
7, 39, -0.366091
7, 40, -22.162670
7, 41, 4.809824
7, 42, -64.351712
7, 44, -47.827619
7, 46, -3.749756
7, 47, 9.629625
7, 50, 24.260695
8, 1, -14.563743
8, 4, -18.988591
8, 5, 6.033410
8, 6, 3.646778
8, 8, -11.043620
8, 9, 13.059158
8, 10, 2.894208
8, 11, -10.978211
8, 12, 28.562642
8, 13, -0.925109
8, 14, 13.618859
8, 16, -18.602801
8, 19, -51.429951
8, 20, -22.942844
8, 21, -39.479884
8, 22, 1.711476
8, 23, -18.685435
8, 24, -2.000000
8, 25, -16.693885
8, 26, -40.164827
8, 27, 9.753217
8, 29, -14.349602
8, 30, -9.896655
8, 32, 3.853847
8, 33, -4.383366
8, 34, 11.089956
8, 35, 6.603672
8, 36, 12.432699
8, 37, -16.706036
8, 38, -18.213040
8, 39, -18.629260
8, 41, 17.992205
8, 42, -38.734203
8, 44, -2.962630
8, 45, 2.279859
8, 46, -4.290596
8, 47, 3.378665
8, 48, -17.186499
8, 49, 14.000000
8, 50, 0.715268
9, 3, -24.021869
9, 5, 2.257152
9, 6, 5.459274
9, 8, -29.977492
9, 9, -28.104922
9, 10, -17.792666
9, 11, -8.054190
9, 12, 4.148263
9, 13, 13.852168
9, 14, 17.573945
9, 15, 23.000000
9, 16, -21.091890
9, 17, 60.000000
9, 19, -23.240588
9, 20, -3.170014
9, 21, -31.610067
9, 22, 46.815144
9, 23, -5.755227
9, 25, -25.936447
9, 26, -15.229140
9, 27, 10.247535
9, 29, -30.195651
9, 30, -24.773091
9, 31, -68.000000
9, 32, -1.832165
9, 33, -10.505927
9, 34, -22.495617
9, 35, -11.619832
9, 36, -8.420103
9, 37, -56.622299
9, 38, -22.190068
9, 39, -1.782469
9, 40, 20.383120
9, 41, -8.552319
9, 44, -50.643382
9, 45, 11.619654
9, 46, -5.912418
9, 47, 14.420772
9, 48, -3.000516
9, 50, 24.149499
10, 1, 29.697641
10, 2, -48.817884
10, 3, -21.361829
10, 4, 13.698365
10, 5, 6.078803
10, 6, 8.536332
10, 7, -21.391149
10, 8, -2.296470
10, 9, 17.005351
10, 10, 0.025237
10, 13, 1.814425
10, 14, 3.421561
10, 16, -12.794031
10, 19, -53.446207
10, 20, -19.472659
10, 21, -46.733553
10, 22, 3.240345
10, 23, -23.186473
10, 24, -15.791844
10, 25, -20.237208
10, 26, -34.644266
10, 27, 14.453719
10, 29, -14.383651
10, 30, -9.859496
10, 32, 5.161000
10, 33, 10.436018
10, 34, 16.619973
10, 35, 5.861818
10, 36, 7.492611
10, 37, -17.312682
10, 38, -16.227382
10, 40, 4.333403
10, 41, 11.765176
10, 42, -51.933946
10, 43, -3.418162
10, 45, 2.734972
10, 46, -8.068503
10, 47, 7.945000
10, 48, -19.916422
10, 49, 17.496310
10, 50, 0.558634
11, 1, -2.420665
11, 2, -40.465592
11, 3, -25.703284
11, 4, -17.216692
11, 5, 2.302150
11, 6, 11.914723
11, 7, -2.484279
11, 8, -15.051667
11, 9, -20.451102
11, 10, -19.220899
11, 11, -24.809502
11, 12, -16.000000
11, 13, 13.660792
11, 14, 9.462879
11, 15, 11.435047
11, 16, -19.817629
11, 17, -10.246182
11, 20, -3.790337
11, 21, -34.250056
11, 22, 38.911567
11, 23, -5.664267
11, 24, -9.196137
11, 25, -31.718987
11, 26, -8.538939
11, 27, 21.200154
11, 28, 9.401126
11, 30, -24.741073
11, 32, -0.870658
11, 33, -1.749277
11, 34, -22.027805
11, 35, -11.900827
11, 36, -11.397172
11, 37, -56.783250
11, 38, -11.951950
11, 39, -4.571650
11, 40, 25.514792
11, 41, -22.551339
11, 42, -54.804704
11, 44, 1.343982
11, 45, 12.295528
11, 46, -11.781068
11, 47, 16.900062
11, 48, -6.274820
11, 49, -2.750683
11, 50, 24.042992
12, 1, 29.123893
12, 2, -49.996422
12, 3, -22.485818
12, 4, 14.976412
12, 6, 11.256049
12, 7, -21.654485
12, 8, 5.334866
12, 9, 22.703347
12, 10, -1.403379
12, 11, -25.570259
12, 13, 3.079607
12, 14, -11.486742
12, 16, -8.692650
12, 17, -5.172910
12, 18, -2.226274
12, 19, -9.508311
12, 20, -15.155371
12, 21, -50.761623
12, 22, 4.771662
12, 23, -20.699872
12, 24, -15.565429
12, 25, -28.249848
12, 26, -23.533527
12, 27, 19.665566
12, 28, 9.598874
12, 29, 80.000000
12, 31, 16.937785
12, 32, 1.217065
12, 33, 16.354678
12, 37, -18.808641
12, 38, -12.447080
12, 39, -3.453521
12, 40, 13.052921
12, 41, 7.352438
12, 42, -51.941902
12, 43, -17.326277
12, 44, 16.416054
12, 45, 3.178495
12, 46, -13.924002
12, 47, 9.465300
12, 48, -25.371919
12, 49, 17.562632
13, 1, 0.492818
13, 2, -43.434324
13, 3, -29.479240
13, 4, -9.483908
13, 5, 30.205106
13, 6, 12.901113
13, 7, -7.999560
13, 8, -5.114593
13, 9, -10.933921
13, 11, -24.776782
13, 14, -2.965887
13, 17, -10.207885
13, 18, -0.704044
13, 19, 4.677468
13, 20, -3.986003
13, 21, -35.828722
13, 22, 28.934230
13, 23, -3.886926
13, 24, -9.033785
13, 25, -33.674960
13, 26, -2.501306
13, 27, 30.432757
13, 30, -59.264642
13, 31, 20.062215
13, 32, -1.770468
13, 34, 0.243079
13, 35, -3.569997
13, 36, -43.762702
13, 37, -57.016006
13, 38, 2.200520
13, 39, -4.719904
13, 40, 36.908739
13, 41, -32.011987
13, 43, -11.737299
13, 44, 1.279448
13, 46, -19.122955
13, 48, -9.573748
13, 49, -2.687993
13, 50, 10.711838
14, 1, 27.901909
14, 2, -52.564501
14, 3, -23.909043
14, 4, 18.036947
14, 5, 54.101650
14, 6, 8.553613
14, 7, -22.020672
14, 8, 8.412749
14, 9, 26.802892
14, 10, 0.372778
14, 11, -24.505342
14, 13, 6.693293
14, 14, -28.384456
14, 17, -5.132025
14, 18, -2.232215
14, 19, -9.457959
14, 20, -10.359801
14, 22, 4.307647
14, 23, -14.433521
14, 24, -15.160015
14, 25, -34.236378
14, 26, -9.948574
14, 27, 24.654534
14, 28, -31.442753
14, 30, -27.577344
14, 32, -6.123023
14, 33, -49.998760
14, 34, -6.243079
14, 35, 1.794035
14, 36, -44.237298
14, 37, -20.115786
14, 38, -7.100727
14, 39, -3.729754
14, 40, 23.845440
14, 41, 5.475979
14, 43, -18.899921
14, 44, 16.347171
14, 46, -19.049871
14, 47, -20.680519
14, 48, -28.113756
14, 50, 12.190267
15, 1, 6.780310
15, 2, -47.760065
15, 3, -32.507763
15, 4, 2.155719
15, 5, 28.610966
15, 6, 7.152243
15, 7, -16.206685
15, 9, -6.698290
15, 10, 40.260601
15, 11, -24.732698
15, 12, 21.975114
15, 13, -16.946572
15, 14, -17.105456
15, 18, -0.705886
15, 19, 4.726705
15, 20, -1.923082
15, 22, 18.238953
15, 23, -1.401450
15, 24, -8.911919
15, 25, -30.726784
15, 26, 2.019601
15, 27, 36.107603
15, 28, -24.163047
15, 29, 23.716827
15, 30, -59.271889
15, 31, -84.000000
15, 32, -3.674527
15, 33, -42.118954
15, 35, 0.879176
15, 37, -57.128912
15, 38, 16.819475
15, 39, -4.859450
15, 40, 45.963232
15, 41, -36.121990
15, 43, -14.611587
15, 45, -27.209873
15, 46, -24.508620
15, 47, 0.409014
15, 49, -10.221284
15, 50, 8.210117
16, 1, 27.131299
16, 2, -54.761033
16, 3, -24.551700
16, 4, 21.497664
16, 5, 50.033589
16, 6, 0.905653
16, 7, -21.887255
16, 8, -23.918142
16, 10, -0.279702
16, 11, -23.451622
16, 12, -12.399198
16, 13, 6.555545
16, 14, -43.040359
16, 16, -6.311344
16, 17, 51.819136
16, 20, -4.704714
16, 22, 1.476558
16, 23, -9.388979
16, 24, -14.975738
16, 25, -33.488222
16, 26, 1.899441
16, 27, 28.306155
16, 28, -31.438083
16, 29, 36.070404
16, 30, -27.447500
16, 32, -13.082115
16, 33, -50.021085
16, 34, 2.000000
16, 35, 9.490878
16, 36, 66.000000
16, 38, -1.589754
16, 40, 28.638057
16, 41, 5.073226
16, 43, -21.430761
16, 44, 37.726725
16, 45, -6.489748
16, 46, -20.940535
16, 47, -20.801998
16, 48, 5.121118
16, 49, 16.520969
16, 50, 5.413046
17, 1, 15.102298
17, 2, -51.325628
17, 4, 13.496829
17, 5, 23.129892
17, 6, -2.219924
17, 7, -23.141114
17, 8, -16.841215
17, 9, -24.773061
17, 10, 39.015924
17, 11, -24.713392
17, 12, 21.804667
17, 13, -16.278830
17, 14, -28.554862
17, 15, -37.053872
17, 16, 5.353802
17, 17, 55.180864
17, 18, -4.951604
17, 19, 86.000000
17, 20, 3.528829
17, 21, 10.336249
17, 22, 9.377179
17, 23, -0.207536
17, 25, -24.637533
17, 26, 4.655465
17, 27, 38.045067
17, 28, -24.168263
17, 29, 23.564345
17, 31, 99999.000000
17, 32, -5.210404
17, 33, -42.138439
17, 35, 9.763617
17, 38, 27.623036
17, 39, 28.901895
17, 42, 4.289792
17, 43, -16.392082
17, 44, 22.187409
17, 45, -27.177439
17, 46, -25.042633
17, 47, 0.272776
17, 48, -17.068494
17, 49, -11.437770
17, 50, 1.933503
18, 1, 27.219247
18, 2, -55.766092
18, 3, -73.000000
18, 4, 24.536414
18, 5, 40.240105
18, 6, -9.131639
18, 7, -21.467461
18, 8, -24.787938
18, 9, -26.796887
18, 10, -1.561372
18, 12, -12.380459
18, 13, 6.293612
18, 14, -51.503422
18, 15, -30.900546
18, 16, -11.767153
18, 18, 20.769984
18, 20, 1.841487
18, 21, -4.113860
18, 22, -1.389802
18, 24, -36.372984
18, 25, -26.037528
18, 26, 8.684289
18, 27, 30.136609
18, 29, 34.783162
18, 32, -15.933177
18, 34, 23.000000
18, 35, 17.190150
18, 36, 21.203377
18, 37, 73.000000
18, 38, 1.955644
18, 39, 2.836742
18, 40, -8.152691
18, 41, 30.971427
18, 42, -11.040105
18, 44, 37.720293
18, 45, -6.407230
18, 46, -18.466057
18, 47, -20.929300
18, 48, 5.177076
18, 49, 14.215567
18, 50, -4.824357
19, 1, 21.310927
19, 2, -52.661153
19, 4, 23.018925
19, 5, 12.759077
19, 6, -11.334275
19, 7, -25.791690
19, 8, -17.927524
19, 9, -24.751734
19, 10, 37.750458
19, 11, -6.293641
19, 13, -15.881190
19, 14, -32.988610
19, 15, -34.685607
19, 16, 4.221594
19, 17, -45.769326
19, 18, -5.913861
19, 19, -3.162763
19, 20, 11.520847
19, 21, 10.236660
19, 22, 5.821995
19, 23, -17.981725
19, 24, -31.627016
19, 25, -18.113420
19, 26, 5.507602
19, 27, 38.016533
19, 28, 2.014490
19, 29, 23.350073
19, 31, -90.000000
19, 33, 2.783165
19, 35, 14.220083
19, 36, 21.796623
19, 38, 31.549490
19, 39, 27.089626
19, 40, 13.761439
19, 41, 31.452863
19, 42, 1.934678
19, 45, -27.125987
19, 46, -20.077269
19, 48, -17.010631
19, 49, -14.334838
19, 50, -5.190310
20, 1, 27.450604
20, 3, 62.000000
20, 4, 27.235092
20, 5, 24.342934
20, 6, -19.083859
20, 8, -26.203255
20, 10, -2.196391
20, 11, -22.567236
20, 15, -32.629982
20, 16, -20.862628
20, 17, -41.793013
20, 18, 19.283533
20, 19, 16.750922
20, 20, 8.400547
20, 21, -3.174612
20, 23, 9.558227
20, 25, -16.108748
20, 27, 30.609554
20, 28, -27.419934
20, 29, 33.998485
20, 30, -56.689230
20, 33, 26.192868
20, 34, 18.662388
20, 37, -39.022665
20, 39, 0.012481
20, 40, -7.741567
20, 41, 30.952351
20, 42, -12.390037
20, 43, 75.474597
20, 44, -7.692972
20, 46, -12.150092
20, 47, 22.408335
20, 49, 10.752665
20, 50, -13.722503
21, 4, 31.661773
21, 5, -1.184412
21, 6, -18.074747
21, 7, -15.375707
21, 8, -18.615719
21, 11, -5.933792
21, 12, -29.231975
21, 13, -56.378461
21, 14, 19.378443
21, 15, -32.327423
21, 16, 1.563990
21, 17, -40.858462
21, 18, -7.765753
21, 19, -1.104779
21, 20, 19.594578
21, 21, 10.643981
21, 23, -17.989847
21, 25, -13.310748
21, 28, -1.018084
21, 31, -7.023135
21, 32, -13.000000
21, 33, 3.625884
21, 34, 9.105922
21, 35, -5.240801
21, 36, -26.170793
21, 37, -35.977335
21, 38, 2.567479
21, 39, 22.659326
21, 40, 12.505062
21, 41, 31.441229
21, 42, -4.466334
21, 44, -11.165182
21, 45, 6.600624
21, 46, -11.666031
21, 47, 27.569006
21, 48, -18.508300
21, 49, -17.373027
21, 50, -9.859540
22, 1, -96.000000
22, 3, 19.819376
22, 4, 30.002787
22, 5, 6.347554
22, 6, -26.677757
22, 7, -7.411654
22, 10, 4.398527
22, 11, -23.112878
22, 12, -31.485792
22, 13, -59.621539
22, 14, -1.565462
22, 15, -33.684319
22, 16, -30.325655
22, 17, -33.990500
22, 18, 17.821968
22, 19, 20.127134
22, 20, 13.715878
22, 21, -0.518511
22, 22, 80.401126
22, 23, 9.582209
22, 24, -34.041924
22, 25, -9.259116
22, 26, 50.011197
22, 28, -31.696019
22, 31, -9.218482
22, 33, 27.807636
22, 34, 18.612941
22, 35, 25.732868
22, 36, -32.360654
22, 38, 7.966090
22, 39, -5.184104
22, 40, -6.820860
22, 42, -14.391474
22, 44, -8.125474
22, 45, 0.173345
22, 46, -4.325418
22, 47, 21.657531
22, 48, -41.437634
22, 49, 7.754531
22, 50, -17.220733
23, 3, 20.368249
23, 4, 40.109382
23, 5, -13.811185
23, 6, -21.666154
23, 7, -15.110058
23, 8, 9.947107
23, 9, -12.670393
23, 10, -10.943939
23, 11, -5.067370
23, 12, -28.414106
23, 14, 19.409694
23, 16, -1.713457
23, 17, -28.110890
23, 18, -8.670335
23, 19, 2.213612
23, 20, 25.081266
23, 21, 11.210519
23, 22, 80.598874
23, 23, -17.995433
23, 24, -72.465068
23, 25, -11.546531
23, 26, 43.718713
23, 28, -8.244390
23, 30, 5.611213
23, 31, -10.908371
23, 32, 91.000000
23, 33, 5.942095
23, 34, 8.408530
23, 35, -2.006269
23, 36, -24.368899
23, 38, 2.593021
23, 39, 16.993878
23, 40, 10.885262
23, 41, 40.915998
23, 42, -12.926433
23, 44, -13.099178
23, 45, 6.562306
23, 46, -3.793473
23, 47, 24.151428
23, 48, -18.498482
23, 49, -19.220659
24, 1, 15.196645
24, 2, -73.000000
24, 3, 19.986417
24, 4, 32.736108
24, 5, -5.937258
24, 6, -29.593131
24, 7, -7.086516
24, 8, 8.753809
24, 9, -1.685449
24, 10, 5.550809
24, 11, -23.682878
24, 12, -27.840390
24, 13, 33.000000
24, 14, -1.528998
24, 15, -18.711439
24, 16, -36.387111
24, 17, -21.912567
24, 19, 22.214564
24, 20, 17.083436
24, 21, 3.684789
24, 24, -35.191473
24, 26, 50.003072
24, 27, -17.376148
24, 28, -37.417857
24, 29, -33.035176
24, 30, 22.164374
24, 31, -13.155036
24, 33, 30.081551
24, 35, 26.641456
24, 36, -27.047842
24, 38, 7.992687
24, 39, -12.949187
24, 40, -6.073368
24, 41, 17.914172
24, 42, -15.598878
24, 43, -25.266242
24, 44, -8.552641
24, 45, 0.138334
24, 46, 1.202037
24, 47, 19.842283
24, 49, 6.574877
24, 50, -62.000000
25, 1, 10.467339
25, 3, 21.274503
25, 4, 46.950208
25, 5, -18.979742
25, 7, -14.855713
25, 8, 9.970805
25, 9, -15.340753
25, 10, -10.024163
25, 11, -4.327172
25, 12, -26.640120
25, 15, 16.433124
25, 16, -3.273460
25, 17, -12.994918
25, 18, 14.000000
25, 20, 26.574837
25, 21, 10.829657
25, 22, 7.658755
25, 24, -72.868246
25, 25, 25.000000
25, 27, -4.858933
25, 28, -15.729405
25, 29, -63.814294
25, 30, 5.640140
25, 31, -20.316445
25, 33, 8.869982
25, 35, 5.905910
25, 36, -19.065170
25, 38, 2.627164
25, 39, 9.806404
25, 40, 10.151848
25, 41, 40.977246
25, 42, -20.857629
25, 43, 42.889979
25, 44, -15.063472
25, 46, -0.561409
25, 47, 19.402543
25, 48, -18.106874
26, 1, 15.188842
26, 2, -50.169455
26, 3, 20.378020
26, 4, 34.563572
26, 6, 24.552528
26, 8, 8.773337
26, 9, -6.830282
26, 10, 7.394357
26, 11, -23.893249
26, 12, -23.352153
26, 13, 56.344691
26, 14, -31.378236
26, 15, -18.732103
26, 17, -11.107558
26, 19, -23.268563
26, 20, 18.905532
26, 21, 7.883763
26, 22, -3.171551
26, 23, -6.770675
26, 24, -37.899264
26, 26, -32.015008
26, 27, -16.482085
26, 28, -41.651629
26, 29, -33.140615
26, 30, 19.416486
26, 31, -18.660730
26, 32, -50.237298
26, 33, 31.893769
26, 35, 27.090201
26, 36, -19.043995
26, 39, -23.737077
26, 41, 17.973515
26, 42, -14.600639
26, 43, -19.629055
26, 44, -7.978452
26, 47, 17.953174
26, 48, 8.523241
26, 49, 38.000000
26, 50, -37.815972
27, 1, 10.461118
27, 2, -51.830545
27, 3, 22.230504
27, 4, 49.646020
27, 5, -20.742154
27, 6, -3.185933
27, 7, 13.570850
27, 9, -22.252803
27, 10, -9.453114
27, 12, -25.255112
27, 13, 53.655309
27, 14, -56.906399
27, 15, 16.411849
27, 16, -7.533058
27, 17, -2.730857
27, 18, 8.321474
27, 19, -24.718449
27, 20, 24.823129
27, 21, 9.525499
27, 22, 3.941652
27, 23, -3.426011
27, 24, -73.395404
27, 25, -56.000000
27, 26, -14.137618
27, 27, -3.362387
27, 28, -20.203204
27, 29, -64.006903
27, 30, 6.151368
27, 31, -29.794241
27, 33, 10.968214
27, 34, 33.886476
27, 35, 14.376672
27, 36, -10.958456
27, 37, 13.084880
27, 38, -7.209616
27, 39, 0.185315
27, 40, -12.535688
27, 42, -26.123210
27, 43, 44.027757
27, 44, -15.836811
27, 45, -5.783663
27, 46, -9.954172
27, 47, 16.073064
27, 48, -18.508770
27, 50, -19.440795
28, 3, 20.606344
28, 5, 18.631747
28, 6, 22.753638
28, 7, 21.070356
28, 8, -25.011409
28, 9, -14.413811
28, 12, -21.367511
28, 14, -31.387376
28, 16, -5.049977
28, 17, -6.762478
28, 18, -7.593843
28, 19, -20.420584
28, 20, 20.465837
28, 21, 10.407185
28, 22, -6.033691
28, 23, -4.335209
28, 24, -40.181294
28, 26, -32.249828
28, 27, -15.074585
28, 28, -43.116089
28, 29, -33.258023
28, 30, 15.433754
28, 31, -22.528093
28, 33, 32.576104
28, 34, 2.300875
28, 35, 25.953784
28, 36, -11.543955
28, 37, 6.915120
28, 38, -17.922371
28, 39, -36.512785
28, 40, -3.923133
28, 41, -8.498632
28, 42, -11.104968
28, 43, -11.263102
28, 44, -7.017383
28, 45, -38.079578
28, 46, 7.609478
28, 47, 17.129603
28, 48, 6.526881
28, 49, -80.762702
28, 50, -36.890777
29, 1, 2.827909
29, 5, -20.344504
29, 6, -7.034103
29, 7, 13.588623
29, 8, -19.988591
29, 9, -30.458087
29, 10, 28.759929
29, 11, 57.322325
29, 16, -5.996838
29, 18, 8.302855
29, 19, -21.231368
29, 20, 22.214398
29, 21, 8.785243
29, 22, -5.347201
29, 23, 4.619065
29, 24, -73.639528
29, 25, 5.315686
29, 26, -13.211760
29, 27, -2.461860
29, 30, 7.429680
29, 31, -33.749407
29, 34, 33.367799
29, 35, 19.424927
29, 36, -2.242993
29, 38, -8.847873
29, 39, -10.446823
29, 40, -12.503328
29, 41, -36.148599
29, 42, -27.817382
29, 43, 45.525221
29, 44, -15.899888
29, 45, -5.939271
29, 46, -9.968052
29, 48, -19.703944
29, 49, -81.237298
29, 50, -16.428895
30, 1, -10.683064
30, 2, -45.159493
30, 3, -0.971373
30, 4, 2.106974
30, 5, 21.007081
30, 6, 18.501105
30, 9, -20.833874
30, 10, 25.312733
30, 11, 67.224175
30, 12, 51.278249
30, 14, 29.810330
30, 16, -1.432058
30, 17, 3.836697
30, 19, -13.747789
30, 20, 22.801668
30, 22, -10.496216
30, 23, 1.805972
30, 25, 8.084078
30, 26, -32.723592
30, 28, -18.224101
30, 29, -0.103846
30, 30, 12.136184
30, 32, -1.726531
30, 33, -62.000000
30, 34, 2.634409
30, 35, 23.457530
30, 36, -6.568714
30, 37, -9.368606
30, 38, -20.531927
30, 39, -48.194746
30, 40, -3.899581
30, 41, -8.497447
30, 42, -6.262636
30, 43, -5.044960
30, 45, -38.328377
30, 47, 23.525403
30, 48, 2.097764
30, 50, -34.817924
31, 1, -1.575449
31, 2, -31.938208
31, 3, 22.913297
31, 4, 0.795199
31, 5, -19.727040
31, 6, -12.011787
31, 7, -48.601877
31, 8, 4.967077
31, 9, -36.045914
31, 10, 28.811577
31, 11, 53.615010
31, 12, 40.332082
31, 13, -2.826998
31, 14, -1.010031
31, 15, 12.915272
31, 16, -2.765669
31, 17, 2.827607
31, 18, 63.000000
31, 19, -16.341939
31, 20, 20.772823
31, 21, -9.130442
31, 22, -15.042410
31, 23, 16.836616
31, 24, -54.884386
31, 25, 5.516044
31, 26, -12.196379
31, 28, 2.712719
31, 29, 3.205627
31, 30, 8.645565
31, 32, -8.790995
31, 34, 33.055744
31, 35, 19.197653
31, 36, 3.565063
31, 37, 9.841230
31, 38, -12.141546
31, 39, -17.763688
31, 42, -26.715985
31, 43, 46.228892
31, 44, -85.000000
31, 45, -6.104886
31, 46, -35.627168
31, 47, 24.474597
31, 48, -21.431063
31, 50, -11.967518
32, 1, -14.138291
32, 2, -42.674250
32, 3, -0.989707
32, 4, 4.221172
32, 5, 23.323372
32, 6, 14.387683
32, 7, -43.507783
32, 8, 25.397888
32, 9, -23.328225
32, 10, 25.363914
32, 11, 59.839510
32, 12, 48.121948
32, 13, 0.660267
32, 14, 29.660589
32, 16, 2.839408
32, 17, 5.250220
32, 19, -7.277590
32, 20, 25.449045
32, 21, -18.396750
32, 22, -13.940444
32, 23, 8.583319
32, 24, -59.013269
32, 25, 8.452740
32, 26, -33.083585
32, 28, -17.222826
32, 29, -1.370094
32, 30, 10.880401
32, 33, -49.000000
32, 35, 20.996603
32, 36, -4.848592
32, 37, -9.812229
32, 38, -23.155824
32, 39, -55.168167
32, 40, 7.268569
32, 42, -2.074196
32, 46, -33.372832
32, 48, -3.759217
32, 49, 16.459124
32, 50, -32.850042
33, 1, -10.936243
33, 2, -29.765023
33, 3, 20.216224
33, 4, 4.830715
33, 6, -15.193366
33, 7, -48.586135
33, 8, 3.566107
33, 11, 44.478162
33, 12, 37.581249
33, 13, -0.157034
33, 14, -1.370779
33, 15, 55.000000
33, 16, -0.383683
33, 17, 4.892714
33, 18, -19.694859
33, 19, -12.482217
33, 20, 20.572297
33, 21, -9.306602
33, 22, -19.178649
33, 23, 27.606244
33, 24, -54.982085
33, 25, 5.729768
33, 26, -11.700613
33, 27, -10.591848
33, 28, 3.283737
33, 29, 3.932331
33, 32, 4.292881
33, 34, 11.000000
33, 35, 14.523084
33, 37, 9.181522
33, 38, -13.807696
33, 40, -3.547346
33, 42, -25.078790
33, 45, -14.077800
33, 47, -95.881351
33, 48, -23.033637
33, 49, 0.443298
33, 50, -7.904707
34, 1, -16.175677
34, 2, -35.476671
34, 3, -0.983773
34, 4, 10.386616
34, 6, 12.732258
34, 8, 23.209794
34, 9, -44.279375
34, 10, -1.955295
34, 11, 48.933025
34, 12, 39.818406
34, 13, 1.109106
34, 14, 29.439142
34, 16, 4.640208
34, 17, 7.531168
34, 18, -22.305141
34, 19, -4.216117
34, 20, 26.680405
34, 21, -20.329859
34, 23, 12.101239
34, 24, -59.148133
34, 26, -33.210011
34, 27, -29.912091
34, 28, -15.167094
34, 29, -5.119257
34, 30, 4.000000
34, 31, -12.898235
34, 32, -10.673592
34, 33, 20.214633
34, 35, 20.129269
34, 36, 6.662642
34, 37, -10.244068
34, 40, 6.015609
34, 41, 25.355948
34, 42, -0.411775
34, 43, -11.628064
34, 44, 48.616425
34, 45, 31.726226
34, 46, 85.000000
34, 47, -61.828087
34, 48, -8.083955
34, 49, 13.067617
34, 50, -31.669092
35, 1, -17.548739
35, 2, -25.203124
35, 3, 17.525034
35, 4, 11.798790
35, 7, -41.220262
35, 8, 0.284461
35, 9, -58.242269
35, 10, -21.422347
35, 11, 35.035378
35, 12, 32.712944
35, 13, 1.498935
35, 14, -1.566227
35, 17, 6.182214
35, 19, -10.899410
35, 21, -9.388213
35, 22, -43.422539
35, 23, 32.373447
35, 24, -55.077927
35, 25, -16.113021
35, 27, -10.245629
35, 28, 3.440162
35, 29, 4.057561
35, 32, 3.907057
35, 33, 22.785367
35, 34, -12.725583
35, 35, 7.978068
35, 36, 22.397699
35, 38, -11.471181
35, 40, -4.595716
35, 43, -25.687582
35, 44, 32.524502
35, 45, -12.602387
35, 48, -23.699560
35, 49, -3.247457
35, 50, -5.333161
36, 1, -12.442113
36, 2, -25.150267
36, 3, -0.972203
36, 4, 19.269813
36, 6, -93.000000
36, 7, -24.718782
36, 8, 18.109391
36, 9, -44.277174
36, 10, -4.921930
36, 11, 40.860277
36, 12, 29.816393
36, 18, -5.474445
36, 19, -4.892862
36, 20, -28.484877
36, 21, -22.036626
36, 22, -25.314482
36, 23, 9.666475
36, 25, -14.886979
36, 26, -65.812165
36, 27, -29.459847
36, 28, -14.012396
36, 29, -10.722313
36, 30, -9.406754
36, 31, 12.342583
36, 32, -11.547524
36, 34, -14.407728
36, 35, 21.484345
36, 36, 9.811220
36, 37, 0.000000
36, 38, 2.940309
36, 39, -7.913524
36, 40, 3.459501
36, 42, 0.979700
36, 43, -11.634157
36, 44, 48.852858
36, 45, 29.512722
36, 46, 48.474597
36, 49, 5.453250
36, 50, -31.201465
37, 1, -17.059955
37, 2, -18.896588
37, 4, 19.346834
37, 5, -13.000000
37, 8, -3.056825
37, 10, -24.536415
37, 11, 31.005312
37, 12, 27.759843
37, 13, 17.848732
37, 14, 5.196731
37, 16, -43.000000
37, 17, -28.038569
37, 18, -11.525555
37, 19, -11.280617
37, 20, -27.456935
37, 21, -8.980260
37, 22, -41.885395
37, 23, 29.871615
37, 24, 32.211015
37, 26, -30.110873
37, 27, -9.900005
37, 28, 2.490948
37, 29, 2.325640
37, 30, -10.593246
37, 31, 15.585956
37, 32, 3.182080
37, 33, 8.808032
37, 34, -14.072675
37, 35, 2.201669
37, 36, 29.227811
37, 38, -10.647055
37, 39, 8.843928
37, 40, -5.669209
37, 41, 99999.000000
37, 42, 0.464042
37, 44, 32.631513
37, 45, -7.586181
37, 46, -13.031338
37, 48, 11.689382
37, 49, -7.814731
37, 50, -4.488652
38, 1, -3.998304
38, 2, -15.404892
38, 4, 27.994866
38, 6, -1.532620
38, 8, 10.072245
38, 10, -10.889206
38, 12, 22.962793
38, 13, 18.755906
38, 14, -47.922501
38, 15, 24.250002
38, 17, -9.330133
38, 19, -7.251040
38, 20, -29.881547
38, 21, -22.348679
38, 22, -21.279655
38, 23, 2.039348
38, 24, 29.141283
38, 25, -24.531031
38, 26, -65.820694
38, 28, -14.938881
38, 29, -16.714953
38, 31, 12.355955
38, 32, -11.994500
38, 33, 3.191968
38, 34, -17.134593
38, 35, 24.369891
38, 36, 16.851486
38, 37, -1.917904
38, 38, 4.815779
38, 39, -9.739924
38, 40, 2.166189
38, 42, 1.464626
38, 43, 62.000000
38, 44, 49.231598
38, 45, 27.468958
38, 48, 6.310618
38, 49, -0.662816
39, 1, -12.180825
39, 2, -12.843699
39, 3, 64.461437
39, 4, 24.898982
39, 5, 18.856375
39, 6, 3.828156
39, 8, -5.520689
39, 9, 10.422936
39, 10, -27.675131
39, 12, 25.625255
39, 13, 21.345493
39, 14, 2.307234
39, 15, 16.634277
39, 16, -12.971244
39, 17, -26.278451
39, 18, 84.000000
39, 19, -12.420809
39, 20, -29.428531
39, 21, -8.461951
39, 22, -37.764183
39, 23, 22.796396
39, 24, 32.234819
39, 25, -30.835974
39, 26, -30.125153
39, 27, -24.955524
39, 28, 0.691592
39, 29, -0.956938
39, 30, 18.436746
39, 32, 3.222459
39, 34, -16.805682
39, 35, -1.316624
39, 36, 37.677137
39, 37, -10.524816
39, 38, -7.604939
39, 39, 3.964794
39, 41, -29.908745
39, 42, 0.189697
39, 44, 32.702630
39, 45, 1.122890
39, 49, -9.841455
40, 1, 3.075309
40, 2, -10.549858
40, 3, 74.539121
40, 4, 33.340393
40, 5, 24.584434
40, 6, -1.538375
40, 7, -1.516908
40, 8, 0.620990
40, 9, 24.043739
40, 10, -13.903230
40, 13, 20.121185
40, 14, -42.414051
40, 15, 22.460664
40, 16, 5.305061
40, 17, -9.265239
40, 19, -9.134429
40, 20, -32.131539
40, 21, -22.175687
40, 22, -15.383289
40, 23, -6.259245
40, 24, 29.172350
40, 27, -6.115275
40, 28, -17.544639
40, 29, -21.276337
40, 30, 47.127625
40, 31, -66.846721
40, 32, -10.602599
40, 33, -95.000000
40, 34, -19.900665
40, 35, 27.464498
40, 36, 22.506258
40, 37, -0.314433
40, 38, 8.893934
40, 39, -12.198835
40, 40, -6.206073
40, 41, -51.160356
40, 42, 4.317265
40, 43, -13.983115
40, 45, 27.678299
40, 47, -6.911338
40, 48, -7.259037
40, 50, 30.056587
41, 1, -9.424614
41, 2, -9.247356
41, 3, 64.456867
41, 4, 26.892557
41, 5, 18.877043
41, 7, -9.194255
41, 8, -7.889385
41, 9, 10.103553
41, 12, 9.024817
41, 13, 29.181418
41, 14, -5.130316
41, 15, 14.727950
41, 16, -12.924908
41, 17, -22.558765
41, 18, 47.068519
41, 19, -13.225822
41, 20, -30.648495
41, 22, -32.134299
41, 23, 16.271372
41, 26, 49.655309
41, 27, -21.485819
41, 28, -1.354549
41, 29, -3.685774
41, 30, 18.025950
41, 31, -62.039024
41, 32, 4.933380
41, 34, -18.201676
41, 35, -2.395057
41, 36, 41.428624
41, 37, -8.659855
41, 38, -1.974890
41, 39, -1.889964
41, 40, -17.890652
41, 41, -29.882138
41, 42, 2.676474
41, 43, -11.016885
41, 44, -0.737087
41, 45, 11.137295
41, 46, -23.248555
41, 47, -33.359529
41, 48, -0.435788
41, 49, 16.156065
41, 50, 25.943413
42, 2, -12.286264
42, 5, 24.533018
42, 6, -25.697039
42, 7, -2.942167
42, 8, -8.005086
42, 9, 21.596757
42, 12, -24.410352
42, 13, 22.187550
42, 14, -32.366630
42, 15, 20.042301
42, 16, 5.370507
42, 17, -10.967824
42, 18, 31.059400
42, 19, -9.757887
42, 22, -10.198658
42, 23, -9.955230
42, 24, 7.000000
42, 27, -0.082765
42, 28, -20.490372
42, 29, -22.980276
42, 30, 41.911658
42, 31, -65.832378
42, 32, -7.518428
42, 33, -50.957253
42, 35, 29.834386
42, 37, 3.265433
42, 38, 14.139297
42, 39, -13.821556
42, 40, -7.811488
42, 41, -51.136481
42, 42, 11.638186
42, 44, 33.487191
42, 45, 29.590861
42, 47, -6.910999
42, 48, -7.243986
42, 49, 22.699108
43, 1, 23.314908
43, 2, -8.764556
43, 3, 42.757073
43, 4, -2.434650
43, 5, 18.903508
43, 6, 9.130567
43, 7, -13.800581
43, 8, -11.545080
43, 9, 9.227763
43, 10, -4.486812
43, 11, 19.497110
43, 12, 9.487793
43, 13, 35.965121
43, 14, -13.714891
43, 15, 12.775659
43, 16, -12.861672
43, 17, -20.201398
43, 18, 47.052510
43, 20, 86.514147
43, 22, -26.073212
43, 23, 14.397094
43, 25, -47.214275
43, 27, -11.381162
43, 28, -3.259488
43, 30, 17.181023
43, 31, -59.390775
43, 32, 7.978025
43, 33, 9.967350
43, 34, -52.418010
43, 35, -1.819736
43, 36, -38.135184
43, 37, -6.014315
43, 38, 5.060532
43, 39, -4.409525
43, 40, -19.059932
43, 42, 10.428254
43, 43, -37.052154
43, 44, 0.178261
43, 45, 17.966668
43, 46, -59.000000
43, 48, -0.418760
43, 49, 15.684513
44, 1, -6.249139
44, 2, -18.066135
44, 3, 42.242927
44, 4, 6.627591
44, 6, -25.863968
44, 7, -2.359885
44, 8, -14.229271
44, 9, 17.408223
44, 10, 26.431819
44, 12, -23.770255
44, 13, 24.538793
44, 14, -20.905705
44, 15, 18.395539
44, 17, -15.966209
44, 18, 30.971406
44, 19, -88.000000
44, 20, 85.485853
44, 21, 20.198065
44, 22, -7.157791
44, 23, -7.345162
44, 24, -1.898388
44, 25, -16.902865
44, 27, 11.010142
44, 28, -22.637598
44, 29, 1.621387
44, 30, 35.401402
44, 31, -63.599117
44, 32, -4.831117
44, 33, -50.929521
44, 34, -55.581990
44, 35, 31.225069
44, 36, -39.608244
44, 37, 6.337883
44, 38, 18.293366
44, 40, -11.626021
44, 41, 3.086272
44, 42, 22.918215
44, 43, -10.330441
44, 44, 32.461899
44, 45, 30.706615
44, 47, -13.805339
44, 49, 22.049300
45, 1, 21.024260
45, 2, -9.994445
45, 4, 1.121589
45, 5, 32.497262
45, 6, 3.799156
45, 7, -19.114364
45, 8, -16.579196
45, 9, 8.122059
45, 10, -2.568501
45, 11, 6.361885
45, 12, 9.948234
45, 13, 38.165527
45, 14, -19.372404
45, 16, -40.209005
45, 17, -21.415364
45, 21, -6.213155
45, 22, -20.412597
45, 23, 17.128913
45, 24, 1.898388
45, 25, -42.376435
45, 26, 59.398478
45, 27, 3.653535
45, 28, -4.695262
45, 29, 5.378613
45, 30, 16.545433
45, 31, -56.158462
45, 32, 10.791271
45, 33, 10.914518
45, 35, -0.947551
45, 36, -38.092777
45, 37, -3.769541
45, 38, 11.368214
45, 40, -20.709193
45, 41, -11.654106
45, 42, 22.401624
45, 43, -33.734844
45, 44, 2.217582
45, 46, -38.602578
45, 47, 16.373366
45, 48, 58.050806
45, 49, 15.220177
46, 1, -12.033526
46, 2, -22.875155
46, 4, 12.589617
46, 5, 28.502738
46, 6, -26.258643
46, 7, 1.747411
46, 8, -17.695885
46, 9, 13.000491
46, 10, 29.272181
46, 11, -21.293659
46, 13, 27.065181
46, 14, -13.109090
46, 16, -41.790995
46, 17, -23.460344
46, 19, 8.604655
46, 20, 54.337642
46, 21, 15.514586
46, 22, -6.225964
46, 23, -1.878094
46, 25, -12.054733
46, 26, 52.412382
46, 27, 24.485946
46, 28, -23.635975
46, 30, 32.490765
46, 31, -61.852754
46, 32, -4.604562
46, 34, -29.007540
46, 35, 31.680646
46, 36, -39.565225
46, 37, 7.428352
46, 38, 20.061488
46, 40, -14.865479
46, 41, 4.196534
46, 42, 34.743831
46, 43, -2.035341
46, 44, 31.070074
46, 45, -73.000000
46, 46, -19.930178
46, 47, -13.384165
46, 48, 59.949194
46, 50, 1.677822
47, 1, 15.887634
47, 2, -10.753196
47, 3, 12.912040
47, 4, 9.212422
47, 6, -4.132781
47, 7, -22.041328
47, 8, -21.415009
47, 9, 7.261600
47, 10, 1.757136
47, 11, 6.693455
47, 12, 75.909644
47, 13, 36.430978
47, 17, -25.330278
47, 19, 2.395345
47, 20, 65.437565
47, 21, -9.377855
47, 22, -15.898104
47, 23, 20.492600
47, 24, -33.000000
47, 25, -35.022570
47, 27, 19.293252
47, 28, -5.243667
47, 29, 99999.000000
47, 31, -54.750250
47, 32, 12.081116
47, 34, -48.960027
47, 37, -2.387987
47, 38, 15.420471
47, 39, -21.041526
47, 40, -21.518759
47, 41, -10.424458
47, 42, 34.416666
47, 43, -26.203007
47, 44, 3.825939
47, 46, -38.609557
47, 47, 16.989405
47, 49, 17.781769
48, 1, -19.134283
48, 3, 9.032803
48, 4, 20.102233
48, 5, -10.220931
48, 6, -26.684827
48, 7, 6.050867
48, 8, -19.041210
48, 9, 10.199604
48, 10, 32.769527
48, 11, -20.765755
48, 13, 29.265191
48, 15, 27.327807
48, 16, -42.109024
48, 17, -30.322780
48, 20, 54.343059
48, 21, 10.821548
48, 22, -6.425721
48, 23, 0.847186
48, 25, -5.948016
48, 26, -92.000000
48, 27, 35.793588
48, 30, -48.928654
48, 32, -6.385997
48, 34, -29.099024
48, 35, -12.107241
48, 36, 4.678119
48, 37, 7.065645
48, 38, 20.243940
48, 39, -3.045576
48, 41, 6.462975
48, 42, 43.310896
48, 43, 8.319303
48, 44, 30.402440
48, 45, 25.934923
48, 46, -19.938020
48, 47, -12.963876
48, 48, -15.440579
48, 49, 31.933377
48, 50, 26.099375
49, 1, 11.763097
49, 3, 12.879863
49, 4, 15.799652
49, 5, -28.617295
49, 6, -10.038232
49, 7, -22.726532
49, 8, -24.249614
49, 9, 6.956444
49, 10, 5.254733
49, 11, 7.015651
49, 13, 34.139980
49, 16, -52.093808
49, 17, -28.704908
49, 18, -33.666565
49, 19, -32.271220
49, 21, -11.338999
49, 22, -13.331426
49, 24, -76.000000
49, 25, -29.448473
49, 27, 29.429350
49, 28, -15.231518
49, 29, 25.265592
49, 30, -62.796956
49, 31, 46.339063
49, 32, 12.155258
49, 33, 18.726669
49, 34, -49.121026
49, 35, -16.892759
49, 36, -11.148530
49, 37, -1.754306
49, 38, 16.777363
49, 39, -21.123574
49, 40, 22.796623
49, 41, -9.136121
49, 42, 41.833170
49, 43, -20.071764
49, 45, 38.226634
49, 48, -34.961051
49, 49, 17.767644
49, 50, 36.093808
50, 1, -22.255771
50, 3, 9.000086
50, 4, 23.481535
50, 5, -10.207898
50, 6, -26.888076
50, 8, -19.300927
50, 10, 34.316895
50, 13, 30.177045
50, 14, -50.146943
50, 15, 61.000000
50, 16, -42.103607
50, 17, -33.101395
50, 18, -38.333435
50, 19, -30.728780
50, 20, 4.000000
50, 22, -6.648314
50, 23, 75.000000
50, 25, -3.196486
50, 26, 68.000000
50, 27, 40.243821
50, 28, -20.768482
50, 29, 22.734408
50, 30, -48.922222
50, 31, 42.660937
50, 32, -7.515894
50, 33, -3.689382
50, 34, -29.208078
50, 36, 4.651882
50, 37, 6.717698
50, 39, -3.124964
50, 40, 22.203377
50, 41, 7.627188
50, 42, 46.381977
50, 43, 12.942228
50, 44, -53.000000
50, 45, 25.919520
50, 46, -72.000000
50, 47, -8.000000
50, 48, -15.456320
50, 49, 31.918641
50, 50, 26.113255
