1, 1, 33.000000
1, 3, -30.411392
1, 4, 6.408508
1, 6, 4.164732
1, 7, 5.795898
1, 8, 33.846548
1, 9, -23.651518
1, 10, -19.000000
1, 11, 0.579337
1, 12, 99999.000000
1, 13, -86.000000
1, 14, -58.633651
1, 15, -38.000000
1, 16, 29.492694
1, 18, -85.000000
1, 19, -42.377205
1, 20, -9.775597
1, 21, -25.055060
1, 22, -16.876032
1, 23, 2.294742
1, 24, 3.431458
1, 25, -29.519560
1, 26, 99999.000000
1, 27, 62.000000
1, 28, 3.366367
1, 29, -41.000000
1, 30, -35.054089
1, 32, -6.655461
1, 33, -28.876178
1, 34, -1.715672
1, 35, 4.542209
1, 37, -82.000000
1, 38, -87.000000
1, 39, 82.000000
1, 40, 2.124695
1, 41, 13.928941
1, 42, -29.501770
1, 43, -40.290788
1, 45, -1.532372
1, 46, -81.000000
1, 47, -9.690083
1, 49, 45.000000
1, 50, 24.484537
2, 2, 5.322718
2, 3, -19.132016
2, 4, 22.372773
2, 5, -32.559216
2, 6, -0.191116
2, 7, 15.597872
2, 8, 35.153452
2, 9, -12.403584
2, 11, 3.840779
2, 14, -57.366349
2, 16, 0.198016
2, 17, -43.679825
2, 18, -91.237619
2, 19, -37.078681
2, 20, -36.052242
2, 21, -23.616422
2, 22, -3.362544
2, 23, -1.808896
2, 24, 20.748372
2, 25, -19.315219
2, 26, -24.166695
2, 28, 11.596327
2, 30, -34.004319
2, 31, 7.021504
2, 32, -9.167659
2, 33, -36.468244
2, 34, -22.167166
2, 35, -13.707876
2, 36, -70.717817
2, 40, -18.639423
2, 41, 21.419129
2, 42, -11.747251
2, 43, -26.240724
2, 44, -42.110216
2, 45, 25.072042
2, 47, 2.240601
2, 48, -7.624557
2, 50, 14.643936
3, 1, -16.447940
3, 2, 52.514105
3, 3, -30.440611
3, 4, 6.407749
3, 5, -52.863214
3, 6, 4.248094
3, 7, 5.795898
3, 9, -23.651588
3, 11, -0.066729
3, 12, 30.069880
3, 13, 99999.000000
3, 15, -25.247540
3, 16, 29.492695
3, 17, 2.513776
3, 18, 99999.000000
3, 19, -42.981391
3, 20, -9.775595
3, 21, -26.309721
3, 22, -16.876033
3, 23, 0.800864
3, 24, 3.434975
3, 25, -28.875778
3, 26, -37.656451
3, 27, 7.670102
3, 28, 3.366367
3, 29, 60.579544
3, 30, -35.054088
3, 31, 9.483507
3, 32, -6.017698
3, 33, -26.769738
3, 34, -0.738932
3, 35, 4.684225
3, 36, -70.282183
3, 37, -79.000000
3, 38, 43.381151
3, 39, -15.275161
3, 40, 2.104929
3, 41, 13.928941
3, 42, -29.501770
3, 43, -40.324361
3, 44, 6.886285
3, 45, -1.532095
3, 47, -8.647344
3, 48, -12.063187
3, 49, -47.208815
3, 50, 24.484600
4, 1, -19.424474
4, 2, 5.321973
4, 3, -19.180872
4, 4, 22.371714
4, 5, -32.559629
4, 6, 0.503856
4, 8, -38.380517
4, 9, -12.403584
4, 10, -95.000000
4, 11, 2.675817
4, 12, 34.416038
4, 14, 17.766002
4, 15, -26.752460
4, 16, 99999.000000
4, 17, -43.679826
4, 18, 97.000000
4, 19, -35.525595
4, 20, -36.052240
4, 21, -24.736696
4, 22, -3.362548
4, 23, -2.237446
4, 24, 20.760768
4, 25, -20.206651
4, 26, -23.236808
4, 27, 0.110113
4, 29, 46.338941
4, 30, -34.004317
4, 31, 7.021200
4, 32, -8.269357
4, 33, -33.185086
4, 34, -22.245968
4, 35, -13.401898
4, 38, 39.618849
4, 39, 1.213679
4, 40, -18.828080
4, 43, -26.259236
4, 44, -42.500221
4, 45, 25.072435
4, 46, 99999.000000
4, 47, 3.813133
4, 48, -7.624558
4, 49, -36.371579
4, 50, 14.643980
5, 1, -16.425104
5, 2, 52.514105
5, 3, -30.499048
5, 4, 6.406989
5, 5, -52.863768
5, 6, 4.519820
5, 7, 5.959344
5, 8, -11.517880
5, 9, -23.651659
5, 11, -1.626983
5, 12, 30.069879
5, 13, -0.609933
5, 14, 11.158579
5, 16, -17.398583
5, 17, 2.513779
5, 18, 99999.000000
5, 19, -44.511670
5, 21, -29.718054
5, 22, 99999.000000
5, 23, -3.083123
5, 24, 3.440667
5, 25, -27.367618
5, 26, -36.858613
5, 27, 8.391456
5, 28, -64.000000
5, 29, 60.579545
5, 30, 99999.000000
5, 31, 9.490055
5, 32, -4.449900
5, 33, -21.081361
5, 34, 1.825466
5, 35, 5.040599
5, 36, 12.791073
5, 39, -15.392621
5, 40, 2.065400
5, 41, 16.580865
5, 43, -40.391506
5, 44, 5.989755
5, 45, -1.531820
5, 46, -92.000000
5, 47, -5.875411
5, 49, -47.208816
5, 50, 24.484663
6, 1, -19.393931
6, 2, 5.321228
6, 3, -19.229727
6, 5, -32.560043
6, 6, 1.810837
6, 7, 21.956904
6, 8, -36.602215
6, 9, 99999.000000
6, 10, -17.670670
6, 11, 1.027703
6, 13, 14.005172
6, 14, 16.556294
6, 15, 99999.000000
6, 16, -21.170346
6, 17, 99999.000000
6, 18, 28.697976
6, 19, -33.149617
6, 20, -3.081644
6, 21, -26.677643
6, 22, 43.048621
6, 23, -2.884270
6, 24, 20.768431
6, 25, -21.864670
6, 26, -20.596871
6, 27, 3.106848
6, 28, 99999.000000
6, 30, -23.000000
6, 31, 7.020711
6, 32, -6.793187
6, 33, -27.616431
6, 34, -22.358483
6, 35, -12.927135
6, 36, -5.127924
6, 38, -16.778761
6, 39, 1.053548
6, 40, -19.016735
6, 41, -5.860051
6, 42, -64.354116
6, 43, -26.270678
6, 44, -43.376545
6, 47, 6.426743
6, 49, -36.371580
7, 1, -16.388153
7, 2, 99999.000000
7, 3, -30.528266
7, 4, -18.985199
7, 6, 4.934182
7, 7, 5.959342
7, 8, -9.533651
7, 9, 18.241500
7, 10, 1.625473
7, 11, -3.187962
7, 12, 28.564933
7, 13, -0.443837
7, 14, 7.547320
7, 15, 43.000000
7, 16, -16.903566
7, 17, -66.000000
7, 18, -29.000000
7, 19, -46.252575
7, 20, -19.425673
7, 21, -34.328154
7, 22, 2.941478
7, 23, -7.876266
7, 25, -25.947211
7, 26, -34.345491
7, 27, 10.441257
7, 28, -52.000000
7, 29, -14.363068
7, 31, 9.494104
7, 32, -2.811387
7, 33, -13.547784
7, 34, 5.009764
7, 35, 5.450255
7, 36, 12.605964
7, 38, -15.437348
7, 39, -15.627538
7, 40, 2.045636
7, 41, 15.877656
7, 42, -38.739523
7, 43, -40.425080
7, 44, 4.871777
7, 46, -9.737945
7, 47, -2.300464
7, 50, 0.640078
8, 1, -19.375053
8, 4, -24.014801
8, 5, 2.271132
8, 6, 3.394929
8, 8, -31.934794
8, 9, -19.507657
8, 10, -17.725046
8, 11, -0.138121
8, 12, 4.152470
8, 13, 13.971956
8, 14, 12.960566
8, 16, -21.123180
8, 19, -31.063703
8, 20, -2.926264
8, 21, -28.948031
8, 22, 41.621878
8, 23, -3.439299
8, 24, -2.000000
8, 25, -23.940563
8, 26, -16.664241
8, 27, 8.474114
8, 29, -30.187987
8, 30, -24.764926
8, 32, -5.232823
8, 33, -21.493100
8, 34, -22.452458
8, 35, -12.477476
8, 36, -5.461987
8, 37, -56.817643
8, 38, -14.892846
8, 39, 0.893418
8, 41, -9.233952
8, 42, -64.354116
8, 43, 99999.000000
8, 44, -44.079297
8, 45, 11.953437
8, 46, -10.978836
8, 47, 9.224985
8, 48, -6.037250
8, 49, 14.000000
8, 50, 24.151442
9, 3, -22.635282
9, 5, 6.064321
9, 6, 5.178138
9, 8, -6.314144
9, 9, 18.725354
9, 10, 1.463616
9, 11, -3.834755
9, 12, 28.564933
9, 13, -0.070603
9, 14, 0.708427
9, 15, 23.000000
9, 16, -15.708526
9, 17, 60.000000
9, 18, -12.000000
9, 19, -47.389292
9, 20, -17.907732
9, 21, -38.885837
9, 22, 2.922481
9, 23, -11.967800
9, 25, -25.384263
9, 26, -29.933728
9, 27, 13.500311
9, 29, -14.363070
9, 30, -9.874148
9, 31, -68.000000
9, 32, -2.030333
9, 33, -6.541134
9, 34, 7.597674
9, 35, 5.756726
9, 36, 12.235747
9, 37, -18.231790
9, 38, -14.206760
9, 39, -15.744996
9, 40, 14.106272
9, 41, 14.027364
9, 43, -3.420754
9, 44, 4.374220
9, 45, 2.729979
9, 46, -10.338303
9, 47, 0.929435
9, 48, -22.338715
9, 50, 0.639915
10, 1, 3.475065
10, 2, -44.577808
10, 3, -27.931401
10, 4, -5.320038
10, 5, 2.271135
10, 6, 4.573716
10, 7, -10.244460
10, 8, -26.141994
10, 9, -18.922887
10, 10, -17.833796
10, 13, 13.930551
10, 14, 7.189836
10, 16, -21.028847
10, 18, 99999.000000
10, 19, -30.240810
10, 20, -2.342667
10, 21, -31.018300
10, 22, 37.634535
10, 23, -3.658157
10, 24, -9.060484
10, 25, -25.823238
10, 26, -12.037947
10, 27, 15.144481
10, 29, -30.187989
10, 30, -24.764924
10, 32, -4.035273
10, 33, -16.773036
10, 34, -22.501263
10, 35, -12.212119
10, 36, -5.796051
10, 37, -56.831280
10, 38, -9.619730
10, 40, 32.208274
10, 41, -14.812215
10, 42, -54.804973
10, 43, 47.000000
10, 45, 11.954143
10, 46, -12.442621
10, 47, 11.329462
10, 48, -6.160885
10, 49, -2.732023
10, 50, 24.151218
11, 1, 28.422890
11, 2, -51.756475
11, 3, -22.722311
11, 4, 17.703827
11, 5, 6.064324
11, 6, 4.639545
11, 7, -21.714021
11, 8, -3.083548
11, 9, 19.893598
11, 10, 1.301760
11, 11, -24.589469
11, 12, -16.000000
11, 13, 0.228725
11, 14, -8.491310
11, 15, 0.000000
11, 16, -14.513535
11, 17, -5.159175
11, 20, -15.025841
11, 21, -42.189332
11, 22, 2.810844
11, 23, -14.379262
11, 24, -15.393993
11, 25, -25.695931
11, 26, -23.763675
11, 27, 17.107495
11, 28, 9.599008
11, 30, -9.874146
11, 32, -2.612500
11, 33, -2.338871
11, 34, 8.588945
11, 35, 5.867900
11, 36, 12.050636
11, 37, -18.400724
11, 38, -11.954467
11, 39, -3.589394
11, 40, 14.770491
11, 41, 11.683417
11, 42, -51.938358
11, 44, 16.391899
11, 45, 2.730911
11, 46, -11.832985
11, 47, 2.824012
11, 48, -22.646532
11, 49, 17.539388
11, 50, 0.639752
12, 1, 4.374513
12, 2, -45.031438
12, 3, -28.348970
12, 4, -3.542435
12, 6, 4.508732
12, 7, -11.109627
12, 8, -21.436458
12, 9, -17.608926
12, 10, -17.888170
12, 11, -24.760117
12, 13, 13.912130
12, 14, -0.131594
12, 15, 11.435635
12, 16, -20.981679
12, 17, -10.218358
12, 18, -0.702736
12, 19, 4.691652
12, 20, -1.037831
12, 21, -32.447949
12, 22, 31.925465
12, 23, -3.495187
12, 24, -9.055070
12, 25, -26.801376
12, 26, -7.383538
12, 27, 21.917425
12, 28, 9.400992
12, 29, 80.000000
12, 31, 20.064325
12, 32, -3.417574
12, 33, -15.003537
12, 37, -56.861929
12, 38, -2.067359
12, 39, -4.716349
12, 40, 33.466373
12, 41, -20.742111
12, 42, -54.804973
12, 43, -13.771013
12, 44, 1.298122
12, 45, 11.954849
12, 46, -14.689834
12, 47, 12.106896
12, 48, -6.408155
12, 49, -2.732018
13, 1, 28.249086
13, 2, -52.236101
13, 3, -22.917867
13, 4, 18.733223
13, 5, 43.923773
13, 6, 2.660941
13, 7, -21.716935
13, 8, -1.081378
13, 9, 21.062010
13, 11, -24.549588
13, 12, 99999.000000
13, 14, -18.638874
13, 15, 99999.000000
13, 16, -14.018567
13, 17, -5.159172
13, 18, -2.228353
13, 19, -9.473551
13, 20, -11.046328
13, 21, -43.391571
13, 22, 2.516500
13, 23, -15.115820
13, 24, -15.370970
13, 25, -26.137973
13, 26, -16.594391
13, 27, 20.744540
13, 30, -27.513667
13, 31, 16.935675
13, 32, -4.357742
13, 34, -6.247460
13, 35, 8.913203
13, 36, -44.237619
13, 37, -18.611411
13, 38, -9.113288
13, 39, -3.589686
13, 40, 16.262963
13, 41, 9.608698
13, 43, -19.564797
13, 44, 16.391895
13, 46, -13.441791
13, 48, -22.954350
13, 49, 17.539392
13, 50, 2.530641
14, 1, 6.747456
14, 2, -46.179076
14, 3, -28.869670
14, 4, 1.424065
14, 5, 21.231315
14, 6, 2.626400
14, 7, -13.299174
14, 8, -19.634600
14, 9, -16.555214
14, 10, 39.102211
14, 11, -24.757348
14, 12, 21.889087
14, 13, -16.479299
14, 14, -7.827026
14, 16, 99999.000000
14, 17, -10.218356
14, 18, -0.702737
14, 19, 4.691655
14, 20, 1.292304
14, 21, -32.956244
14, 22, 25.749268
14, 23, -3.125636
14, 24, -9.044244
14, 25, -26.385007
14, 26, -3.320653
14, 27, 27.779636
14, 28, -24.169680
14, 30, -59.269873
14, 32, -3.308238
14, 33, -42.124010
14, 34, 0.247460
14, 35, 4.821741
14, 36, -43.762381
14, 37, -56.886514
14, 38, 6.098879
14, 39, -4.716656
14, 40, 35.035175
14, 41, -25.171420
14, 42, 99999.000000
14, 43, -13.802837
14, 44, 1.298118
14, 46, -16.654512
14, 47, 0.337992
14, 48, -6.531792
14, 50, 3.154893
15, 1, 27.979500
15, 2, -52.966825
15, 3, -23.074692
15, 4, 20.594648
15, 5, 41.928221
15, 6, -1.060170
15, 7, -21.718281
15, 9, 21.546030
15, 10, -0.844685
15, 11, -24.469828
15, 12, -12.395024
15, 13, 6.478215
15, 14, -27.905806
15, 15, 99999.000000
15, 16, -15.044309
15, 18, -2.228353
15, 19, -9.473548
15, 20, -6.301538
15, 21, 99999.000000
15, 22, 2.057569
15, 23, -14.942467
15, 24, -15.347949
15, 25, -25.756063
15, 26, -9.769885
15, 27, 23.923017
15, 28, -31.443919
15, 29, 35.163909
15, 30, -27.513531
15, 31, -84.000000
15, 32, -6.441998
15, 33, -50.012446
15, 35, 9.202525
15, 37, -18.705186
15, 38, -6.312620
15, 39, -3.589978
15, 40, 17.459824
15, 41, 8.411553
15, 42, 40.000000
15, 43, -19.610200
15, 45, -6.445764
15, 46, -14.269516
15, 47, -20.804147
15, 49, 13.247339
15, 50, 1.441769
16, 1, 9.716900
16, 2, -47.482389
16, 3, -29.101402
16, 4, 8.630178
16, 5, 18.150945
16, 6, -1.018427
16, 7, -15.787061
16, 8, -17.614309
16, 10, 39.055008
16, 11, -24.754579
16, 12, 21.888907
16, 13, -16.471986
16, 14, -14.312121
16, 15, -34.867235
16, 16, 3.064213
16, 17, 55.183135
16, 20, 4.748174
16, 21, 10.462616
16, 22, 20.536302
16, 23, -2.834811
16, 24, -9.038833
16, 25, -24.586418
16, 26, -0.341361
16, 27, 32.110956
16, 28, -24.169680
16, 29, 23.514300
16, 30, -59.269874
16, 32, -3.436859
16, 33, -42.124011
16, 34, 2.000000
16, 35, 5.322840
16, 36, 66.000000
16, 38, 12.982564
16, 40, 35.733351
16, 41, -26.800830
16, 43, -13.854329
16, 44, 22.185952
16, 45, -27.170055
16, 46, -17.363051
16, 47, 0.337854
16, 48, -17.048623
16, 49, -13.662681
16, 50, 1.725461
17, 1, 27.724310
17, 2, -53.605308
17, 4, 22.970731
17, 5, 36.363700
17, 6, -6.190277
17, 7, -21.716344
17, 8, -25.163656
17, 9, -26.797078
17, 10, -0.917074
17, 11, -24.429949
17, 12, -12.395023
17, 13, 6.473718
17, 14, -34.419714
17, 15, -32.117926
17, 16, -16.204466
17, 17, 51.816865
17, 18, 19.404460
17, 19, 86.000000
17, 20, -1.165101
17, 21, -1.534043
17, 22, 1.616754
17, 23, -14.755517
17, 25, -24.096929
17, 26, -4.843470
17, 27, 26.253392
17, 28, -31.443919
17, 29, 35.149708
17, 30, -27.513396
17, 31, 99999.000000
17, 32, -7.834303
17, 33, -50.012447
17, 35, 9.781168
17, 38, -4.252978
17, 39, -3.142799
17, 42, -12.681349
17, 43, -19.638260
17, 44, 37.721156
17, 45, -6.445677
17, 46, -13.731892
17, 47, -20.804397
17, 48, 5.159604
17, 49, 12.879076
17, 50, -1.314854
18, 1, 12.148629
18, 2, -48.332072
18, 3, -73.000000
18, 4, 16.881748
18, 5, 12.668618
18, 6, -5.688890
18, 7, -17.409779
18, 8, -17.626451
18, 9, -24.762706
18, 10, 38.960600
18, 12, 21.888727
18, 13, -16.460156
18, 14, -18.036808
18, 15, -34.778413
18, 16, 2.754294
18, 18, -6.723624
18, 20, 9.067425
18, 21, 10.470814
18, 22, 17.554497
18, 24, -31.623810
18, 25, -21.972008
18, 26, 1.227682
18, 27, 34.692992
18, 29, 23.510257
18, 30, 99999.000000
18, 32, -3.519415
18, 34, 23.000000
18, 35, 5.823939
18, 36, 21.797024
18, 37, 73.000000
18, 38, 16.914553
18, 39, 22.316866
18, 40, 12.325531
18, 41, 31.452756
18, 42, -4.249595
18, 44, 22.185951
18, 45, -27.169966
18, 46, -16.396859
18, 47, 0.337714
18, 48, -17.048619
18, 49, -14.286609
18, 50, -0.464510
19, 1, 27.573799
19, 2, -53.856406
19, 4, 25.519325
19, 5, 28.495796
19, 6, -11.773428
19, 7, -21.714774
19, 8, -25.189031
19, 9, -26.797077
19, 10, -0.989463
19, 11, -23.131934
19, 13, 6.470938
19, 14, -36.766716
19, 15, -32.137049
19, 16, -19.245150
19, 17, -30.461050
19, 18, 19.348903
19, 19, 19.138255
19, 20, 3.968395
19, 21, -1.033759
19, 22, 1.433166
19, 23, 9.568599
19, 24, -36.376190
19, 25, -21.584549
19, 26, -3.045849
19, 27, 27.479633
19, 28, -32.991422
19, 29, 35.126730
19, 30, -56.688135
19, 31, -90.000000
19, 33, 28.379502
19, 35, 10.070491
19, 36, 21.202976
19, 38, -3.494698
19, 39, -4.410660
19, 40, -7.196167
19, 41, 30.961845
19, 42, -12.759327
19, 45, -6.445589
19, 46, -11.859141
19, 48, 5.159607
19, 49, 11.946823
19, 50, -4.448712
20, 1, 13.084409
20, 3, 62.000000
20, 4, 25.039182
20, 5, 6.106010
20, 6, -10.237314
20, 8, -17.646098
20, 10, 38.913396
20, 11, -5.406875
20, 15, -34.600770
20, 16, 1.965612
20, 17, -30.310008
20, 18, -6.828456
20, 19, -0.231194
20, 20, 13.632149
20, 21, 10.475129
20, 23, -17.988852
20, 25, -19.450822
20, 27, 35.541347
20, 28, -6.531410
20, 29, 23.507760
20, 30, -78.000000
20, 33, 5.623936
20, 34, 8.757058
20, 37, -35.975278
20, 39, 20.157089
20, 40, 12.227243
20, 41, 31.452755
20, 42, -6.462926
20, 43, 63.000000
20, 44, -13.247623
20, 46, -14.121430
20, 47, 23.182248
20, 49, -15.241073
20, 50, -2.390298
21, 2, 66.000000
21, 4, 27.926522
21, 5, 20.319581
21, 6, -16.524317
21, 7, -7.252693
21, 8, -25.204715
21, 11, -23.168722
21, 12, -27.410383
21, 13, -59.623730
21, 14, -1.550733
21, 15, -32.167988
21, 16, -23.010359
21, 17, -29.167393
21, 18, 19.237790
21, 19, 19.175634
21, 20, 8.733917
21, 21, 0.355035
21, 23, 9.568626
21, 25, -19.313401
21, 28, -33.579632
21, 31, -14.289885
21, 32, -13.000000
21, 33, 28.617043
21, 34, 18.627542
21, 35, 26.082053
21, 36, -24.454955
21, 37, -39.024722
21, 38, 7.980950
21, 39, -8.129655
21, 40, -7.093647
21, 41, 30.961844
21, 42, -12.861428
21, 43, 75.475238
21, 44, -8.013449
21, 45, 0.164296
21, 46, -9.326887
21, 47, 20.346137
21, 48, -41.439786
21, 49, 10.887084
21, 50, -6.493701
22, 1, -96.000000
22, 2, 99999.000000
22, 3, 21.223988
22, 4, 32.140625
22, 5, 0.221226
22, 6, -13.512794
22, 7, -15.114737
22, 10, -10.293613
22, 11, -5.309608
22, 12, -27.381119
22, 13, -56.376270
22, 14, 19.401538
22, 15, -34.511949
22, 16, 1.061896
22, 17, -27.315353
22, 18, -6.933284
22, 19, -0.171706
22, 20, 17.673698
22, 21, 10.433068
22, 22, 80.599008
22, 23, -17.988861
22, 24, -72.929279
22, 25, -17.917839
22, 26, 43.718123
22, 28, -8.072150
22, 31, -17.608900
22, 33, 6.194586
22, 34, 8.756333
22, 35, 4.133952
22, 36, -18.656785
22, 38, 2.596351
22, 39, 16.064576
22, 40, 12.006384
22, 42, -10.307608
22, 43, 99999.000000
22, 44, -13.431655
22, 45, 6.575528
22, 46, -11.547769
22, 47, 22.777089
22, 48, -18.506865
22, 49, -16.078965
22, 50, -3.150841
23, 3, 20.172031
23, 4, 29.911617
23, 5, 14.138438
23, 6, -19.253284
23, 7, -7.252357
23, 8, 8.757958
23, 9, -8.889660
23, 10, 6.033178
23, 11, -23.251365
23, 12, -27.133744
23, 14, -1.550731
23, 16, -26.061916
23, 17, -25.891008
23, 18, 19.182234
23, 19, 19.236113
23, 20, 12.874387
23, 21, 2.303773
23, 22, 80.400992
23, 23, 9.568653
23, 24, -36.825371
23, 25, -18.400865
23, 26, 50.006182
23, 28, -35.065645
23, 30, 18.365972
23, 31, -14.758802
23, 32, 91.000000
23, 33, 29.217775
23, 34, 18.627538
23, 35, 25.970531
23, 36, -23.414288
23, 37, 76.000000
23, 38, 7.980977
23, 39, -14.002813
23, 40, -6.965803
23, 41, 17.932730
23, 42, -12.669987
23, 43, -17.730834
23, 44, -7.960438
23, 45, 0.164294
23, 46, -7.176288
23, 47, 20.029527
23, 48, -41.439786
23, 49, 10.195606
24, 1, 10.466358
24, 2, -73.000000
24, 3, 21.258995
24, 4, 37.397321
24, 5, -3.261602
24, 6, -14.701159
24, 7, -15.114208
24, 8, 9.961395
24, 9, -21.063170
24, 10, -10.283354
24, 11, -5.188305
24, 12, -27.185697
24, 13, 33.000000
24, 14, 19.401540
24, 15, 16.424695
24, 16, 0.468097
24, 17, -22.723685
24, 19, -0.134940
24, 20, 20.579572
24, 21, 10.322795
24, 24, -72.961231
24, 26, 43.718123
24, 27, -3.808777
24, 28, -10.428599
24, 29, -63.910760
24, 30, 6.352020
24, 31, -19.215340
24, 33, 7.070660
24, 34, 8.755608
24, 35, 5.864394
24, 36, -16.582482
24, 37, 99999.000000
24, 38, 2.596410
24, 39, 10.527306
24, 40, 11.829263
24, 41, 40.956282
24, 42, -14.833573
24, 43, 44.204507
24, 44, -13.893598
24, 45, 6.575526
24, 46, -9.865411
24, 47, 21.799014
24, 49, -16.409501
24, 50, -62.000000
25, 1, 15.191818
25, 3, 20.194218
25, 4, 31.226858
25, 5, 11.834574
25, 7, -7.252022
25, 8, 8.757959
25, 9, -9.692204
25, 10, 6.066312
25, 11, -23.317621
25, 12, -26.512151
25, 15, -18.724444
25, 16, -27.228794
25, 17, -22.163962
25, 18, 14.000000
25, 20, 16.293224
25, 21, 4.311438
25, 22, -7.117390
25, 24, -37.128645
25, 25, 25.000000
25, 27, -16.119210
25, 28, -36.749578
25, 29, -33.145173
25, 30, 17.946714
25, 31, -15.890820
25, 33, 29.899613
25, 34, 99999.000000
25, 35, 25.614227
25, 36, -20.640998
25, 38, 7.981003
25, 39, -21.420983
25, 40, -6.908906
25, 41, 17.932733
25, 42, -11.877070
25, 43, -17.018780
25, 44, -7.873300
25, 46, -6.336061
25, 47, 19.581674
25, 48, 4.407417
26, 1, 10.466357
26, 2, -51.831667
26, 3, 21.329014
26, 4, 40.200076
26, 6, -7.910784
26, 8, 9.961397
26, 9, -22.689333
26, 10, -10.266757
26, 11, -5.134316
26, 12, -26.942020
26, 13, 53.653492
26, 14, -56.908794
26, 15, 16.424694
26, 17, -18.682245
26, 19, -19.973011
26, 20, 22.130468
26, 21, 10.176860
26, 22, -2.798391
26, 23, 8.190335
26, 24, -73.033030
26, 26, -13.105878
26, 27, -3.792331
26, 28, -12.496724
26, 29, -63.910963
26, 30, 6.566957
26, 31, -21.487286
26, 32, -44.000000
26, 33, 7.842852
26, 34, 33.522487
26, 35, 8.543518
26, 36, -13.056967
26, 39, 4.340579
26, 41, 40.956286
26, 42, -19.064199
26, 43, 44.295334
26, 44, -14.411863
26, 47, 20.821025
26, 48, -19.694492
26, 49, 38.000000
26, 50, -15.037046
27, 1, 15.191818
27, 2, -50.168333
27, 3, 20.216409
27, 4, 31.688458
27, 5, 20.807370
27, 6, 19.785052
27, 7, 21.071059
27, 9, -11.723256
27, 10, 6.086790
27, 12, -26.013679
27, 13, 56.346508
27, 14, -31.386673
27, 15, -18.724445
27, 16, -1.086459
27, 17, -19.730568
27, 18, -7.595335
27, 19, -15.569377
27, 20, 19.025621
27, 21, 5.818088
27, 22, -7.496323
27, 23, 0.302328
27, 24, -37.506848
27, 25, -56.000000
27, 26, -32.545521
27, 27, -16.093883
27, 28, -37.845303
27, 29, -33.145408
27, 30, 16.885995
27, 31, -17.022774
27, 32, -50.237619
27, 33, 30.343911
27, 34, 2.468604
27, 35, 24.998146
27, 36, -17.049052
27, 37, 6.910953
27, 38, -20.340781
27, 39, -29.390474
27, 40, -3.920357
27, 42, -10.398564
27, 43, -15.299307
27, 44, -7.790754
27, 45, -38.203503
27, 46, 7.611127
27, 47, 19.264923
27, 48, 3.777320
27, 50, -35.339476
28, 3, 21.364025
28, 5, -20.186681
28, 6, -8.333932
28, 7, 13.580871
28, 8, -19.985199
28, 9, -25.182759
28, 12, -26.833576
28, 14, -56.908794
28, 16, -4.156450
28, 17, -17.085227
28, 18, 8.309755
28, 19, -19.421264
28, 20, 22.537674
28, 21, 10.071536
28, 22, -4.411636
28, 23, 9.567398
28, 24, -73.090613
28, 26, -13.019940
28, 27, -3.765724
28, 28, -13.312434
28, 29, -63.911165
28, 30, 6.900127
28, 31, -23.093863
28, 32, 99999.000000
28, 33, 8.148276
28, 34, 33.516790
28, 35, 10.985998
28, 36, -9.170028
28, 37, 13.089047
28, 38, -10.314327
28, 39, -1.408505
28, 40, -12.517214
28, 41, -36.151193
28, 42, -22.320863
28, 43, 44.499433
28, 44, -14.746100
28, 45, -5.943013
28, 46, -9.958450
28, 47, 20.415953
28, 48, -20.082220
28, 49, -81.237619
28, 50, -14.467114
29, 1, -12.359222
29, 5, 20.895629
29, 6, 19.074076
29, 7, 21.071060
29, 8, -25.014801
29, 9, -14.031042
29, 10, 25.328589
29, 11, 57.382512
29, 13, 99999.000000
29, 15, 99999.000000
29, 16, -0.820679
29, 18, -7.595336
29, 19, -14.211318
29, 20, 21.136527
29, 21, 6.377302
29, 22, -8.411567
29, 23, 1.431379
29, 24, -37.675175
29, 25, 8.270935
29, 26, -32.617197
29, 27, -16.078230
29, 30, 15.681318
29, 31, -17.491627
29, 32, -1.726019
29, 34, 2.468953
29, 35, 24.213752
29, 36, -13.788337
29, 38, -20.439179
29, 39, -36.594037
29, 40, -3.920355
29, 41, -8.502229
29, 42, -8.489541
29, 43, -13.579235
29, 44, -7.756628
29, 45, -38.203763
29, 46, 7.611126
29, 48, 2.114833
29, 49, -80.762381
29, 50, -34.859776
30, 1, -6.969141
30, 2, -27.383414
30, 3, 20.421150
30, 4, 7.553196
30, 5, -20.175452
30, 6, -9.355021
30, 9, -27.377446
30, 10, 28.795128
30, 11, 47.021529
30, 12, 35.905790
30, 13, -0.938278
30, 14, -1.256532
30, 15, 12.915833
30, 16, -3.806881
30, 17, 4.291072
30, 19, -17.971294
30, 20, 22.283733
30, 22, -6.693701
30, 23, 13.139222
30, 25, 5.521046
30, 26, -12.812783
30, 28, 2.816902
30, 29, 3.171071
30, 30, 7.196977
30, 32, -8.792063
30, 33, -62.000000
30, 34, 33.507574
30, 35, 12.150481
30, 36, -6.166704
30, 37, 9.513294
30, 38, -10.500199
30, 39, -5.516903
30, 40, -12.517212
30, 41, -36.151193
30, 42, -24.384504
30, 43, 44.663121
30, 45, -5.943347
30, 47, 24.475238
30, 48, -20.713303
30, 50, -12.950671
31, 1, -12.061542
31, 2, -35.483414
31, 3, -0.980760
31, 4, 10.501509
31, 5, 21.072140
31, 6, 18.068805
31, 7, -43.507306
31, 8, 20.008936
31, 9, -15.536287
31, 10, 25.328593
31, 11, 56.454107
31, 12, 41.185560
31, 13, 0.886208
31, 14, 29.607195
31, 15, 2.000000
31, 16, -0.223517
31, 17, 5.851805
31, 18, 63.000000
31, 19, -12.057930
31, 20, 22.623906
31, 21, -20.300093
31, 22, -9.327403
31, 23, 3.011778
31, 24, -59.079801
31, 25, 8.271323
31, 26, -32.718417
31, 28, -16.315491
31, 29, -5.403678
31, 30, 14.895898
31, 31, -69.000000
31, 32, -1.726019
31, 34, 2.469303
31, 35, 23.503137
31, 36, -11.868560
31, 37, -9.807172
31, 38, -20.635976
31, 39, -41.642578
31, 42, -6.686062
31, 43, -12.866581
31, 44, -85.000000
31, 45, -38.204024
31, 46, -33.371310
31, 47, 23.524762
31, 48, 0.034148
31, 50, -34.071613
32, 1, -8.190881
32, 2, -26.582028
32, 3, 20.319833
32, 4, 8.523610
32, 5, -20.168514
32, 6, -10.375432
32, 7, -48.593236
32, 8, 0.841464
32, 9, -28.244713
32, 10, 28.795131
32, 11, 45.440358
32, 12, 35.368009
32, 13, -0.908622
32, 14, -1.260358
32, 16, -3.371025
32, 17, 4.314068
32, 19, -16.130051
32, 20, 21.885653
32, 21, -9.154872
32, 22, -8.307782
32, 23, 17.503223
32, 24, -54.981260
32, 25, 5.521484
32, 26, -12.606069
32, 28, 2.704261
32, 29, 2.991460
32, 30, 7.315207
32, 31, 99999.000000
32, 33, -49.000000
32, 35, 11.569563
32, 36, -5.039219
32, 37, 9.512605
32, 38, -10.686073
32, 39, -7.011998
32, 40, -4.526174
32, 42, -25.420697
32, 46, -35.628690
32, 48, -21.348990
32, 49, -3.692605
32, 50, -10.991857
33, 1, -11.103716
33, 2, -33.021939
33, 3, -0.980884
33, 4, 12.709089
33, 5, 21.160394
33, 6, 17.358115
33, 7, -43.507305
33, 8, 18.890022
33, 11, 54.212239
33, 12, 39.214270
33, 13, 0.886679
33, 14, 29.603234
33, 15, 55.000000
33, 16, 0.255332
33, 17, 5.892803
33, 18, -22.306905
33, 19, -9.917625
33, 20, 23.407924
33, 21, -20.450825
33, 22, -9.706928
33, 23, 4.062319
33, 24, -59.079941
33, 25, 8.271712
33, 26, -32.789888
33, 27, -29.685034
33, 28, -16.273049
33, 29, -6.919635
33, 31, -12.896072
33, 32, -10.920644
33, 34, 11.000000
33, 35, 23.185598
33, 37, -9.808080
33, 38, -20.734376
33, 39, -43.460904
33, 40, 4.873242
33, 42, -5.588090
33, 45, 29.730880
33, 47, -61.827480
33, 48, -1.669982
33, 49, 8.572479
33, 50, -33.240898
34, 1, -10.013183
34, 2, -24.354074
34, 3, 20.117201
34, 4, 11.125395
34, 5, 99999.000000
34, 6, -10.797900
34, 8, -0.181890
34, 9, -58.243579
34, 10, -24.310946
34, 11, 43.203784
34, 12, 34.003552
34, 13, -0.860639
34, 14, -1.266547
34, 16, -3.177069
34, 17, 4.351278
34, 18, -19.693095
34, 19, -14.449772
34, 20, 21.709979
34, 21, -9.104770
34, 23, 21.091805
34, 24, -54.981459
34, 26, -12.520576
34, 27, -10.246215
34, 28, 2.338976
34, 29, 2.453644
34, 30, 4.000000
34, 31, -55.000000
34, 32, 3.980118
34, 33, 22.787103
34, 35, 9.466254
34, 36, 30.050480
34, 37, 9.511916
34, 39, 99999.000000
34, 40, -4.565869
34, 41, 16.000000
34, 42, -25.720487
34, 43, -25.688901
34, 44, 32.601680
34, 45, -6.628083
34, 46, 85.000000
34, 47, -95.881190
34, 48, -21.744168
34, 49, -3.973693
34, 50, -9.219013
35, 1, -9.453383
35, 2, -28.876907
35, 3, -0.981007
35, 4, 16.441532
35, 5, 36.000000
35, 7, -24.719304
35, 8, 15.666662
35, 9, -44.280390
35, 10, -7.578347
35, 11, 51.969659
35, 12, 36.190964
35, 13, 0.887150
35, 14, 29.600787
35, 15, -90.000000
35, 17, 5.918142
35, 19, -8.422175
35, 21, -20.827455
35, 22, -19.508057
35, 23, 3.847458
35, 24, -59.080081
35, 25, -14.886151
35, 27, -29.684566
35, 28, -16.369687
35, 29, -9.562477
35, 32, -10.779145
35, 33, 20.212897
35, 34, -16.943495
35, 35, 23.503298
35, 36, 13.964806
35, 38, 6.797683
35, 39, -10.208658
35, 40, 4.729649
35, 41, 25.356429
35, 43, -11.633240
35, 44, 48.952014
35, 45, 29.634956
35, 47, -61.827479
35, 48, -2.325816
35, 49, 7.729770
35, 50, -32.625485
36, 1, -11.653969
36, 2, -21.186268
36, 3, 20.015884
36, 4, 14.529940
36, 6, -93.000000
36, 7, -41.217857
36, 8, -2.072912
36, 9, -58.243579
36, 10, -24.428527
36, 11, 41.621960
36, 12, 32.447162
36, 15, 99999.000000
36, 18, -11.529642
36, 19, -13.282375
36, 20, -28.851617
36, 21, -9.025229
36, 22, -37.607192
36, 23, 22.888643
36, 25, -16.113849
36, 26, -30.119590
36, 27, -10.245508
36, 28, 1.670709
36, 29, 1.607367
36, 30, -10.594048
36, 31, 15.586260
36, 32, 4.241503
36, 34, -15.294516
36, 35, 6.548327
36, 36, 30.570634
36, 37, 0.000000
36, 38, -6.654263
36, 39, 3.456467
36, 40, -4.645262
36, 41, 99999.000000
36, 42, 3.499478
36, 43, -25.688901
36, 44, 32.602897
36, 45, -4.400540
36, 46, -13.032761
36, 47, 99999.000000
36, 49, -4.605285
36, 50, -8.177689
37, 1, -7.408360
37, 2, -24.309904
37, 4, 20.528820
37, 5, -13.000000
37, 7, -24.719302
37, 8, 10.741908
37, 10, -7.914880
37, 11, 51.040542
37, 12, 33.529198
37, 13, 20.979372
37, 14, -38.378947
37, 15, 21.991874
37, 16, -43.000000
37, 17, -11.353828
37, 18, -5.470358
37, 19, -7.760587
37, 20, -30.473072
37, 21, -21.246974
37, 22, -18.763003
37, 23, 2.291289
37, 24, 29.154534
37, 26, -65.819231
37, 27, -29.684097
37, 28, -16.829581
37, 29, -12.640994
37, 30, -9.405952
37, 31, 12.349759
37, 32, -10.336984
37, 33, 3.188175
37, 34, -17.046751
37, 35, 24.488658
37, 36, 14.744706
37, 38, 7.436024
37, 39, -10.416608
37, 40, 4.586053
37, 41, 99999.000000
37, 42, 6.640058
37, 44, 48.958812
37, 45, 29.416014
37, 46, 48.475238
37, 47, -80.000000
37, 48, 6.306985
37, 49, 6.678928
37, 50, -32.400239
38, 1, -12.673603
38, 2, -17.745762
38, 4, 17.655507
38, 6, 3.828660
38, 7, 99999.000000
38, 8, -4.608543
38, 10, -24.663691
38, 12, 31.428552
38, 13, 26.614296
38, 14, -3.748855
38, 15, 14.855167
38, 17, -24.436195
38, 19, -12.679381
38, 20, -28.873432
38, 21, -8.952505
38, 22, -35.899409
38, 23, 22.803143
38, 24, 32.230726
38, 25, -30.836555
38, 26, -30.119590
38, 28, 0.695350
38, 29, 0.631985
38, 31, 15.586261
38, 32, 4.833768
38, 33, 8.811825
38, 34, -15.448789
38, 35, 3.634283
38, 36, 31.739397
38, 37, -7.892131
38, 38, -4.976433
38, 39, 3.093406
38, 40, -4.684959
38, 42, 4.524259
38, 43, 62.000000
38, 44, 32.604867
38, 45, -0.593791
38, 46, -13.032762
38, 48, 11.693015
38, 49, -5.111777
39, 1, -5.661150
39, 2, -20.567213
39, 3, 74.540067
39, 4, 23.667591
39, 5, 24.559692
39, 6, -1.534685
39, 7, -1.290604
39, 8, 4.767613
39, 9, 20.055129
39, 10, -8.251416
39, 12, 32.477182
39, 13, 21.337101
39, 14, -37.044417
39, 15, 21.785490
39, 16, 5.340229
39, 17, -11.987173
39, 18, 84.000000
39, 19, -7.698059
39, 20, -30.513361
39, 21, -21.515764
39, 22, -16.762568
39, 23, 0.000995
39, 24, 29.154536
39, 25, -24.529722
39, 26, -65.819231
39, 27, 4.802272
39, 28, -17.745488
39, 29, -15.330118
39, 30, 41.258188
39, 32, -9.588726
39, 34, -17.253264
39, 35, 25.937371
39, 36, 15.717223
39, 37, 2.121326
39, 38, 9.192654
39, 39, -10.918505
39, 41, -51.153306
39, 42, 9.106108
39, 44, 48.963013
39, 45, 29.213836
39, 46, 99999.000000
39, 49, 6.211259
40, 1, -13.092669
40, 2, -14.676597
40, 3, 64.460679
40, 4, 19.511718
40, 5, 18.879290
40, 6, 3.828659
40, 7, -14.586432
40, 8, -7.584114
40, 9, 9.322290
40, 10, -24.781274
40, 11, -87.000000
40, 13, 28.024846
40, 14, -5.458468
40, 15, 14.782518
40, 16, -12.918362
40, 17, -24.188587
40, 19, -12.467720
40, 20, -28.908727
40, 21, -8.923069
40, 22, -32.800302
40, 23, 21.526422
40, 24, 32.230728
40, 25, -30.836555
40, 27, -10.863649
40, 28, -0.492531
40, 29, -0.164045
40, 30, 17.543779
40, 31, -59.091366
40, 32, 5.809293
40, 33, -95.000000
40, 34, -15.603066
40, 35, 1.318115
40, 36, 32.676663
40, 37, -7.556835
40, 38, -1.916239
40, 39, 2.277653
40, 40, -19.290315
40, 41, -29.892635
40, 42, 7.563070
40, 43, -11.014881
40, 45, 3.632434
40, 46, -23.247540
40, 47, -33.362011
40, 48, -0.429844
40, 50, 25.940635
41, 1, -4.968775
41, 2, -18.373019
41, 3, 74.540067
41, 4, 24.841665
41, 5, 24.559633
41, 7, -1.029188
41, 8, -1.451029
41, 9, 19.520774
41, 11, 99999.000000
41, 12, -24.088898
41, 13, 22.333106
41, 14, -33.537964
41, 15, 21.287339
41, 16, 5.340296
41, 17, -13.835586
41, 18, 31.019224
41, 19, -7.818205
41, 20, -30.538261
41, 22, -14.097638
41, 23, -2.126054
41, 25, 99999.000000
41, 26, 85.000000
41, 27, 6.480500
41, 28, -18.990192
41, 29, -16.892359
41, 30, 40.858427
41, 31, -64.528623
41, 32, -8.626063
41, 34, -17.356522
41, 35, 27.492253
41, 36, 16.150034
41, 37, 2.803548
41, 38, 11.642719
41, 39, -11.420202
41, 40, -10.121781
41, 41, -51.153304
41, 42, 13.735102
41, 43, -13.985119
41, 44, 32.284215
41, 45, 29.112630
41, 46, -43.000000
41, 47, -6.915175
41, 48, -7.247438
41, 49, 22.376040
41, 50, 30.059365
42, 2, -12.396833
42, 5, 18.879325
42, 6, 1.993241
42, 7, -15.103746
42, 8, -10.810516
42, 9, 9.077265
42, 11, 19.495080
42, 12, 9.486328
42, 13, 30.252075
42, 14, -8.078478
42, 15, 14.637218
42, 16, -12.918251
42, 17, -23.954070
42, 18, 47.059831
42, 19, -12.428915
42, 21, 99999.000000
42, 22, -28.870782
42, 23, 20.004737
42, 24, 7.000000
42, 25, -40.649450
42, 26, 49.653492
42, 27, -7.053019
42, 28, -1.700571
42, 29, -0.472765
42, 30, 17.451042
42, 31, -58.891982
42, 32, 7.105802
42, 33, 10.439794
42, 35, -0.179737
42, 37, -6.658028
42, 38, 1.960617
42, 39, 1.623504
42, 40, -19.388425
42, 41, -29.892634
42, 42, 12.386348
42, 44, 1.374291
42, 45, 6.918076
42, 47, -33.362011
42, 48, -0.429843
42, 49, 15.687813
43, 1, -12.705957
43, 2, -17.671792
43, 3, 42.242579
43, 4, 13.368089
43, 5, 24.559574
43, 6, -26.153996
43, 7, -0.313164
43, 8, -7.126843
43, 9, 18.119864
43, 10, 29.607209
43, 11, 59.000000
43, 12, -24.088233
43, 13, 23.750458
43, 14, -29.178528
43, 15, 20.789333
43, 16, 5.340364
43, 17, -16.674905
43, 18, 31.019130
43, 20, 85.485159
43, 21, 15.863585
43, 22, -11.446782
43, 23, -3.454128
43, 25, -11.422736
43, 26, 99999.000000
43, 27, 11.004425
43, 28, -20.259619
43, 30, 39.960175
43, 31, -64.283380
43, 32, -7.650260
43, 33, -50.938380
43, 34, -55.584127
43, 35, 28.774845
43, 36, -39.594501
43, 37, 3.903854
43, 38, 14.229616
43, 39, -11.627952
43, 40, -10.549827
43, 42, 19.832729
43, 43, -0.995220
43, 44, 32.200501
43, 45, 29.090875
43, 46, -59.000000
43, 48, -7.247437
43, 49, 22.375364
43, 50, -81.000000
44, 1, 17.992793
44, 2, -11.009207
44, 3, 42.757421
44, 4, 5.927421
44, 6, 1.318284
44, 7, -16.406334
44, 8, -14.032131
44, 9, 8.680975
44, 10, -0.007703
44, 12, 9.487277
44, 13, 32.479679
44, 14, -10.383204
44, 15, 14.564565
44, 17, -24.018139
44, 18, 47.059830
44, 19, -88.000000
44, 20, 86.514841
44, 21, -8.452214
44, 22, -24.800625
44, 23, 18.894925
44, 24, 1.900952
44, 25, -40.024048
44, 26, 59.399129
44, 27, -0.589608
44, 28, -2.689719
44, 29, 5.381151
44, 30, 17.335414
44, 31, -58.443982
44, 32, 8.521745
44, 33, 10.440780
44, 34, -52.415873
44, 35, -0.945721
44, 36, -38.105752
44, 37, -5.470864
44, 38, 5.897381
44, 40, -19.608909
44, 41, -10.496210
44, 42, 18.329964
44, 43, -29.262409
44, 44, 1.598522
44, 45, 8.155946
44, 47, 16.678150
44, 49, 15.686850
44, 50, 99999.000000
45, 1, -13.143661
45, 2, -17.788991
45, 4, 13.827980
45, 5, 28.500040
45, 6, -26.225049
45, 7, 0.635133
45, 8, -11.665558
45, 9, 16.384343
45, 10, 29.822805
45, 11, -21.030258
45, 12, -24.087568
45, 13, 25.273744
45, 14, -25.631262
45, 15, 20.583093
45, 16, -41.792063
45, 17, -19.987156
45, 18, 31.019038
45, 21, 15.687215
45, 22, -9.314878
45, 23, -3.933855
45, 24, -1.900952
45, 25, -11.048678
45, 26, 52.410913
45, 27, 16.978156
45, 28, -21.201506
45, 29, 1.618849
45, 30, 39.239831
45, 31, -63.977579
45, 32, -6.874612
45, 33, -50.938378
45, 35, 29.492761
45, 36, -39.594498
45, 37, 5.046271
45, 38, 16.430808
45, 40, -11.083637
45, 41, 5.212396
45, 42, 26.279631
45, 43, -0.359683
45, 44, 32.012381
45, 46, -19.933834
45, 47, -13.384946
45, 48, 59.950476
45, 49, 22.374689
45, 50, 1.673334
46, 1, 17.424246
46, 2, -10.388820
46, 4, 6.825793
46, 5, 32.499960
46, 6, -0.311619
46, 7, -17.874879
46, 8, -16.863011
46, 9, 8.284899
46, 10, 0.472084
46, 11, 6.689452
46, 13, 34.120695
46, 14, -11.293599
46, 15, 99999.000000
46, 16, -40.207937
46, 17, -24.425471
46, 18, 99999.000000
46, 19, 2.391151
46, 20, 65.438606
46, 21, -8.487287
46, 22, -21.284395
46, 23, 18.348382
46, 25, -38.513659
46, 26, 59.399129
46, 27, 6.517719
46, 28, -3.246543
46, 30, 17.283958
46, 31, -58.084725
46, 32, 9.782819
46, 33, 10.441767
46, 34, -49.042893
46, 35, -1.170551
46, 36, -38.105749
46, 37, -4.330366
46, 38, 9.092217
46, 40, -19.785756
46, 41, -10.448824
46, 42, 24.208906
46, 43, -28.425732
46, 44, 1.878130
46, 45, -73.000000
46, 46, -38.606989
46, 47, 16.678793
46, 48, 58.049524
46, 50, 89.000000
47, 1, -14.127153
47, 2, -17.941355
47, 3, 9.022531
47, 4, 14.861357
47, 6, -26.325587
47, 7, 1.453486
47, 8, -14.749031
47, 9, 14.977126
47, 10, 30.307237
47, 11, -21.029705
47, 12, 52.000000
47, 13, 26.552576
47, 14, -24.271508
47, 15, 27.331627
47, 17, -22.965035
47, 18, -54.000000
47, 19, 8.608849
47, 20, 54.342032
47, 21, 15.334474
47, 22, -7.919205
47, 23, -3.972174
47, 24, -33.000000
47, 25, -10.208169
47, 27, 22.516607
47, 28, -21.548217
47, 29, 99999.000000
47, 31, -63.841489
47, 32, -6.402225
47, 33, 99999.000000
47, 34, -29.105782
47, 37, 5.924883
47, 38, 17.877134
47, 39, -3.069798
47, 40, -11.321222
47, 41, 5.340321
47, 42, 31.693451
47, 43, 1.068357
47, 44, 31.861502
47, 46, -19.933835
47, 47, -13.384076
47, 49, 31.927890
48, 1, 16.715280
48, 3, 12.889456
48, 4, 7.946068
48, 5, -28.619022
48, 6, -1.942109
48, 7, -18.826110
48, 8, -18.832775
48, 9, 8.040219
48, 10, 1.070375
48, 11, 6.690135
48, 12, 75.910873
48, 13, 35.016755
48, 14, 99999.000000
48, 15, -47.000000
48, 16, -52.094746
48, 17, -24.918389
48, 20, 65.438606
48, 21, -8.544035
48, 22, -18.910720
48, 23, 18.203690
48, 25, -37.002515
48, 26, -92.000000
48, 27, 11.996339
48, 30, -62.798258
48, 32, 10.642348
48, 33, 18.728378
48, 34, -49.043062
48, 35, -16.895992
48, 36, -11.150013
48, 37, -3.524890
48, 38, 10.878049
48, 39, -21.095992
48, 41, -10.354049
48, 42, 28.564121
48, 43, -27.382393
48, 44, 2.002565
48, 45, 38.227789
48, 46, -38.606989
48, 47, 16.679435
48, 48, -34.962882
48, 49, 17.772361
48, 50, 36.094745
49, 1, -14.915836
49, 2, 99999.000000
49, 3, 9.022529
49, 4, 15.690075
49, 5, -10.217202
49, 6, -26.396717
49, 7, 1.778148
49, 8, -16.286873
49, 9, 14.438874
49, 10, 30.695716
49, 11, -21.029151
49, 12, 99999.000000
49, 13, 27.281625
49, 14, -50.148492
49, 16, -42.107828
49, 17, -24.739281
49, 18, -38.336587
49, 19, -30.727738
49, 21, 15.158102
49, 22, -7.254510
49, 24, -76.000000
49, 25, -9.534122
49, 27, 25.830492
49, 28, -20.772222
49, 29, 22.732699
49, 30, -48.927540
49, 31, 42.658453
49, 32, -6.201304
49, 33, -3.693015
49, 34, -29.105992
49, 35, -12.104008
49, 36, 4.662605
49, 37, 6.385412
49, 38, 18.377389
49, 39, -3.069803
49, 40, 22.202976
49, 41, 5.468249
49, 42, 34.788897
49, 43, 2.213560
49, 45, 25.929085
49, 48, -15.451406
49, 49, 31.927889
49, 50, 26.107828
50, 1, 16.399760
50, 2, 40.000000
50, 3, 12.889454
50, 4, 8.444646
50, 5, -28.619021
50, 6, -2.617654
50, 8, -19.541912
50, 10, 1.336643
50, 12, 83.000000
50, 13, 35.285714
50, 14, -20.000000
50, 15, 61.000000
50, 16, -52.094745
50, 17, -25.137863
50, 18, -33.663413
50, 19, -32.272262
50, 20, 4.000000
50, 22, -18.073322
50, 23, 75.000000
50, 25, -36.376356
50, 26, 68.000000
50, 27, 14.050221
50, 28, -15.227778
50, 29, 25.267301
50, 30, -62.798257
50, 31, 46.341547
50, 32, 10.945612
50, 33, 18.728379
50, 34, -49.043231
50, 36, -11.150014
50, 37, -3.236258
50, 39, -21.095997
50, 40, 22.797024
50, 41, -10.306659
50, 42, 30.174763
50, 43, -26.918055
50, 44, -53.000000
50, 45, 38.227788
50, 46, -72.000000
50, 47, -8.000000
50, 48, -34.962883
50, 49, 17.772360
50, 50, 36.094746
