1, 1, 33.000000
1, 3, -20.076536
1, 4, 34.831507
1, 6, 34.324388
1, 7, 5.708205
1, 8, 32.851503
1, 9, -21.483736
1, 10, -19.000000
1, 11, 10.273667
1, 12, 99999.000000
1, 13, -86.000000
1, 14, -59.598543
1, 15, -38.000000
1, 16, 24.409214
1, 18, -85.000000
1, 19, -31.883399
1, 20, -21.460408
1, 21, 9.255816
1, 22, -6.700946
1, 23, 55.263907
1, 24, 7.368465
1, 25, -73.087724
1, 26, 99999.000000
1, 27, 62.000000
1, 28, 1.200798
1, 29, -41.000000
1, 30, -37.067801
1, 32, -18.991246
1, 33, -43.134347
1, 34, -15.051147
1, 35, -21.869265
1, 37, -82.000000
1, 38, -87.000000
1, 39, 82.000000
1, 40, 8.437195
1, 41, 15.359666
1, 42, -30.147221
1, 43, -34.484392
1, 45, -12.765865
1, 46, -81.000000
1, 47, -47.126623
1, 49, 45.000000
1, 50, 22.086787
2, 2, 32.265630
2, 3, -12.240956
2, 4, 42.891828
2, 5, -17.433431
2, 6, 23.470942
2, 7, 17.674659
2, 8, 36.148497
2, 9, -9.992695
2, 11, 19.947455
2, 14, -56.401457
2, 16, 0.499545
2, 17, -40.184477
2, 18, -91.599453
2, 19, -63.620048
2, 20, -40.478095
2, 21, -9.101556
2, 22, 2.717074
2, 23, 7.512204
2, 24, 12.412717
2, 25, -32.433952
2, 26, -33.473656
2, 28, 13.340044
2, 30, -37.479077
2, 31, 14.941957
2, 32, -22.705951
2, 33, -56.157552
2, 34, -14.669708
2, 35, -31.201979
2, 36, -71.049499
2, 40, -0.904276
2, 41, 23.006107
2, 42, -7.985523
2, 43, -12.187281
2, 44, -11.278739
2, 45, 20.462390
2, 47, -25.012606
2, 48, -5.097995
2, 50, 16.713022
3, 1, -37.750737
3, 2, 51.546631
3, 3, -29.511033
3, 4, 8.852435
3, 5, -45.134414
3, 6, 13.922435
3, 7, 6.745005
3, 9, -18.327144
3, 11, 17.888279
3, 12, 33.047253
3, 13, 99999.000000
3, 15, -24.101731
3, 16, 34.129214
3, 17, -4.756217
3, 18, 99999.000000
3, 19, -24.976147
3, 20, -1.197245
3, 21, -16.085107
3, 22, -26.140946
3, 23, 29.500689
3, 24, -6.835859
3, 25, -54.229597
3, 26, -10.976587
3, 27, -14.660340
3, 28, 6.255198
3, 29, 57.232200
3, 30, -33.568601
3, 31, 6.290132
3, 32, -25.302261
3, 33, -53.073262
3, 34, -13.412348
3, 35, 0.572502
3, 36, -69.950501
3, 37, -79.000000
3, 38, 46.245673
3, 39, 13.020690
3, 40, -1.215417
3, 41, 13.156466
3, 42, -27.296021
3, 43, -33.925829
3, 44, 31.964257
3, 45, -0.253382
3, 47, -28.443890
3, 48, -13.003619
3, 49, -42.962410
3, 50, 27.472009
4, 1, -34.424346
4, 2, 7.091062
4, 3, -22.260646
4, 4, 6.728247
4, 5, -31.709663
4, 6, -11.085291
4, 8, -65.854657
4, 9, -8.066792
4, 10, -95.000000
4, 11, 19.316767
4, 12, 35.336877
4, 14, 10.227084
4, 15, -27.898269
4, 16, 99999.000000
4, 17, -47.053277
4, 18, 97.000000
4, 19, -43.037646
4, 20, -24.035272
4, 21, -31.242702
4, 22, -18.406152
4, 23, -11.376577
4, 24, 16.111996
4, 25, -5.819660
4, 26, -36.642957
4, 27, -24.271538
4, 29, 43.321722
4, 30, -28.163195
4, 31, 1.142152
4, 32, -15.731254
4, 33, -57.467902
4, 34, -21.535029
4, 35, -4.760948
4, 38, 36.754327
4, 39, 14.365259
4, 40, -25.844368
4, 43, -26.333052
4, 44, -29.940779
4, 45, 34.595321
4, 46, 99999.000000
4, 47, 5.781996
4, 48, -10.541195
4, 49, -31.468213
4, 50, 14.733539
5, 1, -28.073342
5, 2, 52.620349
5, 3, -37.279286
5, 4, -23.610646
5, 5, -62.244336
5, 6, -17.403746
5, 7, 17.483889
5, 8, -26.705479
5, 9, -29.270382
5, 11, 14.220287
5, 12, 27.474453
5, 13, -1.358932
5, 14, 20.873499
5, 16, -38.805585
5, 17, 13.986350
5, 18, 99999.000000
5, 19, -39.424354
5, 21, -28.908222
5, 22, 99999.000000
5, 23, -9.117418
5, 24, 4.097849
5, 25, -17.057661
5, 26, -40.107705
5, 27, 4.574316
5, 28, -64.000000
5, 29, 62.675400
5, 30, 99999.000000
5, 31, 3.055189
5, 32, -11.732373
5, 33, -52.011343
5, 34, -10.360920
5, 35, 23.546539
5, 36, 41.999484
5, 39, -11.338426
5, 40, 0.455515
5, 41, 56.028782
5, 43, -44.721592
5, 44, 22.133086
5, 45, 8.855557
5, 46, -92.000000
5, 47, 3.763414
5, 49, -46.950667
5, 50, 24.953106
6, 1, -19.356278
6, 2, -22.780825
6, 3, -23.982403
6, 5, -48.223213
6, 6, -34.041661
6, 7, 25.346378
6, 8, -59.949557
6, 9, 99999.000000
6, 10, -2.132395
6, 11, 1.885107
6, 13, 19.530065
6, 14, 24.701869
6, 15, 99999.000000
6, 16, -20.973293
6, 17, 99999.000000
6, 18, 32.044945
6, 19, -19.965238
6, 20, -18.009788
6, 21, -30.657850
6, 22, 68.045914
6, 23, -6.986930
6, 24, 35.524547
6, 25, 2.783152
6, 26, -27.207750
6, 27, -5.549477
6, 28, 99999.000000
6, 30, -23.000000
6, 31, 2.686849
6, 32, -1.532450
6, 33, -39.558735
6, 34, -31.000322
6, 35, 4.510337
6, 36, 25.261934
6, 38, -28.673991
6, 39, -3.564399
6, 40, -34.918969
6, 41, 48.410812
6, 42, -64.330189
6, 43, -45.292281
6, 44, -50.234516
6, 47, 19.328531
6, 49, -40.205118
7, 1, 1.826710
7, 2, 99999.000000
7, 3, -32.022619
7, 4, -15.155784
7, 6, -26.254692
7, 7, -4.159311
7, 8, -17.237980
7, 9, 4.370217
7, 10, 15.828288
7, 11, -17.242696
7, 12, 27.881029
7, 13, -13.174878
7, 14, 27.255681
7, 15, 43.000000
7, 16, -24.481383
7, 17, -66.000000
7, 18, -29.000000
7, 19, -58.611908
7, 20, -32.978100
7, 21, -33.501505
7, 22, 1.785172
7, 23, -30.411939
7, 25, 12.739165
7, 26, -58.323061
7, 27, 16.625850
7, 28, -52.000000
7, 29, -5.916255
7, 31, 18.528121
7, 32, 12.192921
7, 33, -21.778494
7, 34, 3.112640
7, 35, 18.199936
7, 36, 33.410886
7, 38, -17.394645
7, 39, -28.629707
7, 40, 2.463517
7, 41, 31.142464
7, 42, -33.312447
7, 43, -48.813373
7, 44, -10.884854
7, 46, -1.626753
7, 47, 12.298006
7, 50, 8.190081
8, 1, 4.686907
8, 4, -27.844216
8, 5, -10.463642
8, 6, -19.840648
8, 8, -50.447191
8, 9, -63.538431
8, 10, -18.217389
8, 11, -27.996962
8, 12, -1.019906
8, 13, 6.319492
8, 14, 33.864013
8, 16, -30.818327
8, 19, -13.075735
8, 20, 6.075118
8, 21, -28.304080
8, 22, 58.056129
8, 23, 1.949806
8, 24, -2.000000
8, 25, -11.838053
8, 26, -14.361279
8, 27, 5.055848
8, 29, -25.103471
8, 30, -33.655811
8, 32, 1.825460
8, 33, -17.201616
8, 34, -31.979532
8, 35, -12.816365
8, 36, -2.747147
8, 37, -56.015070
8, 38, -31.731489
8, 39, -9.295492
8, 41, 1.754141
8, 42, -62.126989
8, 43, 99999.000000
8, 44, -65.624870
8, 45, -15.581532
8, 46, 3.717501
8, 47, 10.942684
8, 48, 13.142055
8, 49, 14.000000
8, 50, 27.012417
9, 3, -20.215216
9, 5, 1.090565
9, 6, 1.421102
9, 8, -12.875371
9, 9, -0.840379
9, 10, -0.107533
9, 11, -46.811592
9, 12, 27.103429
9, 13, -6.156930
9, 14, 23.361615
9, 15, 23.000000
9, 16, -17.563516
9, 17, 60.000000
9, 18, -12.000000
9, 19, -62.611339
9, 20, -15.626980
9, 21, -47.776902
9, 22, -2.823797
9, 23, -35.504195
9, 25, 9.307404
9, 26, -56.152588
9, 27, 7.931031
9, 29, -14.480114
9, 30, -10.119087
9, 31, -68.000000
9, 32, 21.501569
9, 33, 15.897299
9, 34, 25.055056
9, 35, -2.183875
9, 36, -0.275235
9, 37, -11.469379
9, 38, -20.313998
9, 39, -30.659616
9, 40, -41.100564
9, 41, -3.802792
9, 43, -6.345582
9, 44, -41.644838
9, 45, -8.932528
9, 46, 10.471441
9, 47, 2.759595
9, 48, 5.829472
9, 50, -3.510901
10, 1, 0.540640
10, 2, -31.600064
10, 3, -13.811340
10, 4, -46.244739
10, 5, 7.671784
10, 6, 24.465439
10, 7, 10.678957
10, 8, -29.725983
10, 9, -43.423677
10, 10, -25.706904
10, 13, 10.950907
10, 14, 24.456623
10, 16, -23.481218
10, 18, 99999.000000
10, 19, -20.035701
10, 20, 7.661003
10, 21, -31.213166
10, 22, 40.722759
10, 23, -6.420454
10, 24, -18.893176
10, 25, -39.710967
10, 26, -16.119385
10, 27, 10.405468
10, 29, -38.237456
10, 30, -18.970386
10, 32, 1.963776
10, 33, 6.749143
10, 34, -16.714176
10, 35, -21.855746
10, 36, -37.026529
10, 37, -53.998158
10, 38, -34.409420
10, 40, -13.622286
10, 41, -40.339736
10, 42, -51.633412
10, 43, 47.000000
10, 45, 16.754975
10, 46, 8.031292
10, 47, 13.156628
10, 48, 5.710168
10, 49, -19.974680
10, 50, 19.564553
11, 1, 36.340059
11, 2, -37.316285
11, 3, -18.149789
11, 4, 9.550395
11, 5, 18.833245
11, 6, 39.320394
11, 7, -15.158368
11, 8, -0.676673
11, 9, 19.032892
11, 10, -13.629950
11, 11, -35.318018
11, 12, -16.000000
11, 13, 16.790821
11, 14, 8.676684
11, 15, 0.000000
11, 16, -4.728227
11, 17, -16.893340
11, 20, -15.648948
11, 21, -58.113960
11, 22, -2.525719
11, 23, -38.748204
11, 24, -18.585452
11, 25, -22.633978
11, 26, -42.486042
11, 27, 8.650856
11, 28, 9.749772
11, 30, -0.539351
11, 32, 15.003520
11, 33, 43.552731
11, 34, 39.289995
11, 35, -4.882983
11, 36, -28.863168
11, 37, -10.272368
11, 38, -19.233392
11, 39, 6.296064
11, 40, -8.399012
11, 41, -3.930293
11, 42, -51.330996
11, 44, 34.889525
11, 45, 18.715553
11, 46, -3.905692
11, 47, 11.835358
11, 48, -22.767248
11, 49, 13.273152
11, 50, -4.236083
12, 1, 1.017412
12, 2, -33.570259
12, 3, -22.625239
12, 4, -30.338949
12, 6, 51.993577
12, 7, 14.302800
12, 8, 7.753989
12, 9, -6.250334
12, 10, -22.218853
12, 11, -24.211971
12, 13, 20.773844
12, 14, 10.211160
12, 15, 12.098998
12, 16, -3.328119
12, 17, -16.823718
12, 18, 0.153687
12, 19, -10.298323
12, 20, -8.721798
12, 21, -36.080577
12, 22, 31.454376
12, 23, -19.455610
12, 24, -1.946654
12, 25, -56.202123
12, 26, -7.217217
12, 27, 29.348753
12, 28, 9.250228
12, 29, 80.000000
12, 31, 22.446402
12, 32, 1.541973
12, 33, 31.719612
12, 37, -57.922051
12, 38, -18.944549
12, 39, -5.072726
12, 40, 32.679747
12, 41, -47.126478
12, 42, -57.724612
12, 43, 22.807613
12, 44, 10.549815
12, 45, 36.385037
12, 46, -12.213823
12, 47, 29.211921
12, 48, -12.631345
12, 49, 5.453863
13, 1, 37.986591
13, 2, -52.657179
13, 3, -20.790086
13, 4, 20.133140
13, 5, 52.588471
13, 6, 34.814581
13, 7, -22.324751
13, 8, 26.410742
13, 9, 37.923170
13, 11, -24.707859
13, 12, 99999.000000
13, 14, -18.830096
13, 15, 99999.000000
13, 16, 9.466386
13, 17, -1.348016
13, 18, -4.088809
13, 19, -16.040787
13, 20, -13.119896
13, 21, -58.698629
13, 22, 15.496514
13, 23, -27.349958
13, 24, -6.095251
13, 25, -54.089243
13, 26, -13.925138
13, 27, 23.574846
13, 30, -33.147500
13, 31, 14.553598
13, 32, 1.613623
13, 34, -11.192531
13, 35, -46.126547
13, 36, -44.599453
13, 37, -21.385859
13, 38, -15.955319
13, 39, -6.296891
13, 40, 32.024780
13, 41, 10.820881
13, 43, 3.932055
13, 44, 11.836016
13, 46, -31.072834
13, 48, -49.528169
13, 49, 35.095580
13, 50, 37.386438
14, 1, -13.885313
14, 2, -45.008784
14, 3, -40.140976
14, 4, -1.308421
14, 5, 25.886654
14, 6, 25.458234
14, 7, -10.565908
14, 8, 37.759223
14, 9, 18.598022
14, 10, 41.801709
14, 11, -20.180539
14, 12, 27.258197
14, 13, -29.647862
14, 14, -3.760258
14, 16, 99999.000000
14, 17, 1.292303
14, 18, -3.266437
14, 19, 12.461950
14, 20, -13.905520
14, 21, -43.999524
14, 22, 33.864362
14, 23, -8.428578
14, 24, -3.722842
14, 25, -43.046465
14, 26, 11.775929
14, 27, 48.981917
14, 28, -24.056706
14, 30, -58.613271
14, 32, 0.058800
14, 33, -36.678831
14, 34, 5.192531
14, 35, -41.728895
14, 36, -43.400547
14, 37, -57.946390
14, 38, 14.920389
14, 39, -7.616732
14, 40, 65.408817
14, 41, -37.633129
14, 42, 99999.000000
14, 43, -3.688466
14, 44, -16.823893
14, 46, -38.239929
14, 47, 5.575018
14, 48, -32.920030
14, 50, 20.784648
15, 1, 17.170384
15, 2, -65.905802
15, 3, -30.986845
15, 4, 19.204909
15, 5, 53.609252
15, 6, -1.966266
15, 7, -32.767649
15, 9, 39.069483
15, 10, 3.719278
15, 11, -19.904148
15, 12, -17.409414
15, 13, 12.083922
15, 14, -47.991306
15, 15, 99999.000000
15, 16, 6.142488
15, 18, -3.438663
15, 19, 5.612658
15, 20, -12.510257
15, 21, 99999.000000
15, 22, 24.865502
15, 23, 0.764072
15, 24, -16.981658
15, 25, -58.917959
15, 26, 9.371735
15, 27, 36.556574
15, 28, -26.651112
15, 29, 54.706637
15, 30, -25.935346
15, 31, -84.000000
15, 32, -12.779933
15, 33, -49.632122
15, 35, -17.124847
15, 37, -31.316349
15, 38, -5.861735
15, 39, -11.720469
15, 40, 52.532429
15, 41, 6.781080
15, 42, 40.000000
15, 43, -29.597284
15, 45, -7.832441
15, 46, -33.651261
15, 47, -13.215813
15, 49, 25.490477
15, 50, 19.237801
16, 1, -7.851966
16, 2, -59.416765
16, 3, -46.812814
16, 4, 25.649040
16, 5, 32.895083
16, 6, -13.571833
16, 7, -38.909928
16, 8, -9.340724
16, 10, 46.555709
16, 11, -28.601104
16, 12, 23.289726
16, 13, -14.170202
16, 14, -30.876630
16, 15, -52.572976
16, 16, -2.604263
16, 17, 57.746129
16, 20, -11.708083
16, 21, 30.643490
16, 22, 19.478023
16, 23, 14.378592
16, 24, -17.675533
16, 25, -21.145093
16, 26, 7.754808
16, 27, 50.886270
16, 28, -18.290182
16, 29, 21.451690
16, 30, -60.441922
16, 32, -3.636047
16, 33, -45.570197
16, 34, 2.000000
16, 35, 5.148078
16, 36, 66.000000
16, 38, 44.709986
16, 40, 76.316503
16, 41, -32.257606
16, 43, -42.145149
16, 44, 25.330981
16, 45, -31.002024
16, 46, -41.426367
16, 47, 4.592847
16, 48, -32.248356
16, 49, -5.083205
16, 50, 6.244347
17, 1, 13.625642
17, 2, -60.179517
17, 4, 25.577417
17, 5, 62.268707
17, 6, -11.584765
17, 7, -23.510373
17, 8, -13.113460
17, 9, -34.872486
17, 10, -0.697023
17, 11, -20.834380
17, 12, -8.413313
17, 13, 12.940396
17, 14, -65.490217
17, 15, -6.745797
17, 16, 3.290382
17, 17, 49.253871
17, 18, 32.205778
17, 19, 86.000000
17, 20, -8.639103
17, 21, 14.264638
17, 22, -2.709054
17, 23, 16.330394
17, 25, -41.520943
17, 26, 14.750444
17, 27, 37.044005
17, 28, -30.703220
17, 29, 35.544594
17, 30, -22.885698
17, 31, 99999.000000
17, 32, -30.356305
17, 33, -55.702863
17, 35, 36.056226
17, 38, 11.261003
17, 39, 25.201046
17, 42, -14.838744
17, 43, -50.143426
17, 44, 41.012667
17, 45, -10.319562
17, 46, -19.471883
17, 47, -26.240631
17, 48, -1.019053
17, 49, 18.698357
17, 50, 1.073095
18, 1, 31.929729
18, 2, -58.144158
18, 3, -73.000000
18, 4, 26.392294
18, 5, 37.131095
18, 6, -16.600844
18, 7, -34.343384
18, 8, -10.920207
18, 9, -24.331675
18, 10, 39.160397
18, 12, 15.627807
18, 13, -7.759631
18, 14, -56.723047
18, 15, -42.003097
18, 16, 7.236157
18, 18, -0.149011
18, 20, 5.583462
18, 21, 6.444372
18, 22, -17.562578
18, 24, -28.005465
18, 25, -18.876316
18, 26, 0.180124
18, 27, 36.150515
18, 29, 18.301992
18, 30, 99999.000000
18, 32, -15.544203
18, 34, 23.000000
18, 35, 51.646355
18, 36, 22.249317
18, 37, 73.000000
18, 38, 44.962385
18, 39, 47.769918
18, 40, 12.385033
18, 41, 35.507053
18, 42, 14.650057
18, 44, 20.406181
18, 45, -30.471910
18, 46, -28.960387
18, 47, -7.642545
18, 48, -12.926807
18, 49, -14.081493
18, 50, 0.272608
19, 1, 36.808417
19, 2, -46.360301
19, 4, 28.408754
19, 5, 57.682365
19, 6, -5.108355
19, 7, -8.452530
19, 8, -25.868488
19, 9, -18.542886
19, 10, -8.038689
19, 11, -15.706474
19, 13, -3.908189
19, 14, -68.217076
19, 15, -33.766576
19, 16, -11.064008
19, 17, -68.753129
19, 18, 18.745869
19, 19, -24.752178
19, 20, 11.318854
19, 21, -10.012535
19, 22, -33.642777
19, 23, 8.850435
19, 24, -39.994535
19, 25, -19.294398
19, 26, 21.497296
19, 27, 26.456603
19, 28, -1.170075
19, 29, 21.452209
19, 30, -55.451867
19, 31, -90.000000
19, 33, 15.931925
19, 35, 64.789088
19, 36, 20.750683
19, 38, 13.541344
19, 39, 1.392661
19, 40, -11.256483
19, 41, 28.770818
19, 42, -3.279181
19, 45, -2.535042
19, 46, -22.637087
19, 48, 20.194814
19, 49, 12.206143
19, 50, -15.263831
20, 1, 59.738926
20, 3, 62.000000
20, 4, 15.260658
20, 5, 20.845101
20, 6, -9.452490
20, 8, -24.206839
20, 10, 24.106541
20, 11, -10.466405
20, 15, -25.635514
20, 16, 15.211113
20, 17, -63.915138
20, 18, -13.857224
20, 19, -31.811275
20, 20, 21.590225
20, 21, -9.994827
20, 23, -16.457825
20, 25, -17.239064
20, 27, 24.817082
20, 28, 21.439564
20, 29, 27.003447
20, 30, -78.000000
20, 33, -3.840790
20, 34, 36.697068
20, 37, -33.653507
20, 39, 17.695795
20, 40, 21.980363
20, 41, 25.610447
20, 42, 15.350504
20, 43, 63.000000
20, 44, 12.273687
20, 46, -23.113896
20, 47, 45.462376
20, 49, -17.406041
20, 50, -14.813574
21, 2, 66.000000
21, 4, 24.967497
21, 5, 25.888793
21, 6, -22.042284
21, 7, -23.003167
21, 8, -44.091989
21, 11, -24.983654
21, 12, -52.939361
21, 13, -62.096266
21, 14, -10.352298
21, 15, -48.000458
21, 16, -27.738051
21, 17, -51.562657
21, 18, 14.618670
21, 19, 9.477923
21, 20, 16.854689
21, 21, -22.788484
21, 23, 11.820594
21, 25, 1.975342
21, 28, -23.950475
21, 31, 8.422793
21, 32, -13.000000
21, 33, 20.551582
21, 34, 25.489642
21, 35, 8.694939
21, 36, -51.847047
21, 37, -41.346493
21, 38, 7.179112
21, 39, -14.219227
21, 40, -4.842920
21, 41, 26.264963
21, 42, -7.079840
21, 43, 76.198907
21, 44, 1.724728
21, 45, 10.877855
21, 46, -22.997448
21, 47, 20.625133
21, 48, -44.190494
21, 49, 7.065403
21, 50, -34.373866
22, 1, -96.000000
22, 2, 99999.000000
22, 3, 26.072982
22, 4, 27.855931
22, 5, -12.978445
22, 6, -21.517659
22, 7, -24.486776
22, 10, -20.554198
22, 11, -7.820901
22, 12, -34.913083
22, 13, -53.903734
22, 14, 14.137347
22, 15, -18.573662
22, 16, 9.060649
22, 17, -47.863230
22, 18, -13.118879
22, 19, 11.502616
22, 20, 26.265406
22, 21, 12.503794
22, 22, 80.749772
22, 23, -20.499751
22, 24, -72.457880
22, 25, -2.738920
22, 26, 47.104826
22, 28, -3.578015
22, 31, 10.798795
22, 33, 1.492785
22, 34, 10.005008
22, 35, -23.933466
22, 36, -26.182132
22, 38, -0.898227
22, 39, 5.017108
22, 40, 14.116218
22, 42, -11.769193
22, 43, 99999.000000
22, 44, -12.671740
22, 45, 9.750408
22, 46, -9.160934
22, 47, 27.680672
22, 48, -13.647967
22, 49, -22.374219
22, 50, -29.140086
23, 3, 22.322194
23, 4, 27.479159
23, 5, -26.911777
23, 6, -47.510703
23, 7, -2.696634
23, 8, 2.806972
23, 9, 21.908857
23, 10, -10.220158
23, 11, -27.587027
23, 12, -35.585841
23, 14, -1.913755
23, 16, -42.654118
23, 17, -29.295967
23, 18, 12.796302
23, 19, 51.914777
23, 20, 15.747398
23, 21, 1.744586
23, 22, 80.250228
23, 23, 8.845738
23, 24, -29.481525
23, 25, 13.155261
23, 26, 51.338461
23, 28, -44.790800
23, 30, 34.344782
23, 31, -4.165704
23, 32, 91.000000
23, 33, 36.820200
23, 34, 4.545008
23, 35, 29.670381
23, 36, -42.043178
23, 37, 76.000000
23, 38, 5.783648
23, 39, 0.230241
23, 40, -7.064803
23, 41, 1.970908
23, 42, -23.040880
23, 43, -35.185164
23, 44, -22.478248
23, 45, -6.580957
23, 46, 8.116732
23, 47, 19.310627
23, 48, -36.673694
23, 49, 2.180318
24, 1, 12.662940
24, 2, -73.000000
24, 3, 10.675077
24, 4, 53.240263
24, 5, -50.004777
24, 6, -39.395579
24, 7, -1.525404
24, 8, 9.683299
24, 9, -5.555583
24, 10, -10.208724
24, 11, -2.863483
24, 12, -22.132650
24, 13, 33.000000
24, 14, 27.752986
24, 15, 20.567859
24, 16, -16.191507
24, 17, -27.060069
24, 19, 41.174663
24, 20, 39.598756
24, 21, 32.477042
24, 24, -70.641495
24, 26, 40.884026
24, 27, -31.090529
24, 28, -25.033658
24, 29, -57.339294
24, 30, 11.225792
24, 31, -4.141548
24, 33, 8.859714
24, 34, -19.989710
24, 35, -1.591564
24, 36, -29.427136
24, 37, 99999.000000
24, 38, 2.869204
24, 39, 21.450173
24, 40, -0.223941
24, 41, 36.487990
24, 42, -27.948168
24, 43, 42.908675
24, 44, -29.676015
24, 45, -4.423625
24, 46, 19.310705
24, 47, 18.923997
24, 49, -23.633171
24, 50, -62.000000
25, 1, 15.563958
25, 3, 7.056936
25, 4, 37.713707
25, 5, -58.331632
25, 7, 5.551600
25, 8, 13.537828
25, 9, 5.237357
25, 10, 15.571411
25, 11, -25.111364
25, 12, -18.104526
25, 15, -18.633939
25, 16, -57.242719
25, 17, -13.213124
25, 18, 14.000000
25, 20, 26.016781
25, 21, 19.210811
25, 22, -8.189601
25, 24, -24.292321
25, 25, 25.000000
25, 27, -29.732103
25, 28, -50.237543
25, 29, -28.781588
25, 30, 25.459302
25, 31, -19.214957
25, 33, 34.440858
25, 34, 99999.000000
25, 35, 38.345146
25, 36, -20.584701
25, 38, 10.210223
25, 39, 0.606979
25, 40, -4.159928
25, 41, 24.457870
25, 42, -26.055652
25, 43, -34.793930
25, 44, -20.671891
25, 46, 34.484354
25, 47, 25.823428
25, 48, -0.514407
26, 1, 8.386649
26, 2, -53.098087
26, 3, 16.598981
26, 4, 64.156542
26, 6, 21.846835
26, 8, 16.272477
26, 9, -12.160908
26, 10, -5.560109
26, 11, -0.465156
26, 12, -24.130486
26, 13, 51.603097
26, 14, -52.288131
26, 15, 16.993931
26, 17, 9.377250
26, 19, -45.092763
26, 20, 39.047284
26, 21, 13.021596
26, 22, 22.103729
26, 23, -28.083212
26, 24, -72.119218
26, 26, -23.274654
26, 27, -0.177601
26, 28, -27.783239
26, 29, -63.451343
26, 30, -4.773675
26, 31, -32.031672
26, 32, -44.000000
26, 33, 8.375606
26, 34, 42.960581
26, 35, 18.122620
26, 36, -25.713472
26, 39, 26.404171
26, 41, 57.082634
26, 42, -24.964115
26, 43, 40.079850
26, 44, -22.898678
26, 47, 16.135397
26, 48, -12.731046
26, 49, 38.000000
26, 50, -31.520513
27, 1, 12.858648
27, 2, -48.901913
27, 3, 24.683795
27, 4, 44.275355
27, 5, -6.716448
27, 6, 37.172521
27, 7, 13.937934
27, 9, -16.941108
27, 10, 25.478653
27, 12, -12.747750
27, 13, 58.396903
27, 14, -25.979189
27, 15, -22.814836
27, 16, -36.472357
27, 17, 12.067289
27, 18, 0.231547
27, 19, -37.141851
27, 20, 20.240470
27, 21, 10.891927
27, 22, 6.664306
27, 23, -16.733028
27, 24, -42.389674
27, 25, -56.000000
27, 26, -25.654514
27, 27, -2.221370
27, 28, -44.345300
27, 29, -32.998204
27, 30, 14.829618
27, 31, -26.641666
27, 32, -50.599453
27, 33, 27.854110
27, 34, -9.258007
27, 35, 26.540231
27, 36, -2.892736
27, 37, 2.207105
27, 38, -4.024731
27, 39, -26.379033
27, 40, -12.017560
27, 42, -15.804430
27, 43, -27.193260
27, 44, -1.771925
27, 45, -28.731621
27, 46, 12.152705
27, 47, 12.784315
27, 48, 15.215669
27, 50, -43.325406
28, 3, 39.324057
28, 5, -22.797766
28, 6, 6.061921
28, 7, 11.993893
28, 8, -16.155784
28, 9, -21.002404
28, 12, -23.868150
28, 14, -59.286531
28, 16, -28.074521
28, 17, 41.338909
28, 18, 11.679636
28, 19, -25.658451
28, 20, 15.759121
28, 21, -7.483246
28, 22, 22.937108
28, 23, -16.397995
28, 24, -75.955048
28, 26, -17.823247
28, 27, 13.646125
28, 28, -23.081436
28, 29, -70.800731
28, 30, -2.081486
28, 31, -56.182323
28, 32, 99999.000000
28, 33, 20.550299
28, 34, 32.523785
28, 35, 27.202954
28, 36, -8.088337
28, 37, 17.792895
28, 38, 5.802816
28, 39, 1.361184
28, 40, -11.838959
28, 41, -35.389875
28, 42, -32.629336
28, 43, 39.764618
28, 44, -7.084709
28, 45, 0.507390
28, 46, -13.680993
28, 47, 3.454425
28, 48, -19.387110
28, 49, -81.599453
28, 50, -19.062036
29, 1, 21.182743
29, 5, 22.671871
29, 6, 25.227565
29, 7, 27.545934
29, 8, -28.844216
29, 9, -23.525728
29, 10, 10.796638
29, 11, 81.649946
29, 13, 99999.000000
29, 15, 99999.000000
29, 16, -9.081141
29, 18, -14.024453
29, 19, -20.104416
29, 20, 9.873742
29, 21, 9.572660
29, 22, 5.459968
29, 23, -4.923579
29, 24, -59.659018
29, 25, -3.048514
29, 26, -40.039853
29, 27, -4.035703
29, 30, 9.215133
29, 31, -34.549873
29, 32, -3.326552
29, 34, 0.624659
29, 35, 26.451594
29, 36, -5.829631
29, 38, -10.906506
29, 39, -54.200026
29, 40, 4.909442
29, 41, -2.644122
29, 42, -8.463786
29, 43, 0.055393
29, 44, 6.446302
29, 45, -38.549776
29, 46, 1.525505
29, 48, 18.567949
29, 49, -80.400547
29, 50, -32.515985
30, 1, 35.465508
30, 2, -29.373655
30, 3, 41.181816
30, 4, 5.349116
30, 5, -14.730163
30, 6, -25.158672
30, 9, -42.282917
30, 10, 23.079218
30, 11, 72.738402
30, 12, 38.564464
30, 13, -32.293153
30, 14, 12.803955
30, 15, 13.549044
30, 16, 11.454472
30, 17, -16.894308
30, 19, -12.675819
30, 20, 6.506197
30, 22, -14.160378
30, 23, 6.951812
30, 25, -0.328186
30, 26, -4.158580
30, 28, -10.914174
30, 29, -3.706093
30, 30, 14.668854
30, 32, -9.998178
30, 33, -62.000000
30, 34, 27.245846
30, 35, 35.326219
30, 36, 10.735321
30, 37, 35.390158
30, 38, -7.056726
30, 39, -33.842402
30, 40, -3.659465
30, 41, -34.482675
30, 42, -42.789913
30, 43, 51.436500
30, 45, -8.615115
30, 47, 25.198907
30, 48, -20.890335
30, 50, -16.403493
31, 1, -5.584819
31, 2, -48.694297
31, 3, -3.351709
31, 4, -1.224397
31, 5, 35.421482
31, 6, 5.153253
31, 7, -49.757186
31, 8, 22.960172
31, 9, -27.991131
31, 10, 31.549012
31, 11, 79.786381
31, 12, 58.661612
31, 13, -14.524643
31, 14, 34.165058
31, 15, 2.000000
31, 16, 21.139514
31, 17, -11.864106
31, 18, 63.000000
31, 19, -4.236134
31, 20, 19.313364
31, 21, 12.533875
31, 22, -20.899296
31, 23, 3.269561
31, 24, -53.264253
31, 25, 4.229267
31, 26, -35.870095
31, 28, -31.593392
31, 29, 3.864335
31, 30, 7.728900
31, 31, -69.000000
31, 32, -0.604952
31, 34, 15.380756
31, 35, 26.437032
31, 36, -5.410086
31, 37, 1.379065
31, 38, -26.970827
31, 39, -66.974858
31, 42, -4.115178
31, 43, 30.371366
31, 44, -85.000000
31, 45, -47.472953
31, 46, -31.652596
31, 47, 22.801093
31, 48, 5.206865
31, 50, -29.991665
32, 1, -5.843338
32, 2, -32.996193
32, 3, 27.253355
32, 4, -14.625247
32, 5, -17.473313
32, 6, -27.845257
32, 7, -49.670814
32, 8, 14.621270
32, 9, -61.262018
32, 10, 43.367439
32, 11, 59.901682
32, 12, 40.591497
32, 13, -6.934733
32, 14, -7.554323
32, 16, 15.358688
32, 17, -2.333742
32, 19, -12.475448
32, 20, 17.562144
32, 21, -7.302562
32, 22, -49.278650
32, 23, 35.824921
32, 24, -51.783726
32, 25, 6.370383
32, 26, -4.714802
32, 28, 0.086207
32, 29, 6.428142
32, 30, 19.163530
32, 31, 99999.000000
32, 33, -49.000000
32, 35, 27.842399
32, 36, 26.187267
32, 37, 7.835299
32, 38, -27.043546
32, 39, -47.572504
32, 40, -1.660610
32, 42, -26.005192
32, 46, -37.347404
32, 48, -17.958015
32, 49, 17.831013
32, 50, -5.826712
33, 1, -33.140553
33, 2, -52.175018
33, 3, -7.404798
33, 4, -13.703294
33, 5, 26.016822
33, 6, 5.487991
33, 7, -37.704386
33, 8, 25.226255
33, 11, 67.470179
33, 12, 59.287427
33, 13, -1.904928
33, 14, 21.762570
33, 15, 55.000000
33, 16, 12.892486
33, 17, 10.402429
33, 18, -24.296994
33, 19, 11.575193
33, 20, 36.448873
33, 21, -22.376986
33, 22, -37.224664
33, 23, 19.274086
33, 24, -60.141420
33, 25, 22.212159
33, 26, -26.631157
33, 27, -48.271985
33, 28, -14.481155
33, 29, 9.420370
33, 31, -10.453689
33, 32, -6.454015
33, 34, 11.000000
33, 35, 10.245165
33, 37, -25.422592
33, 38, -41.123054
33, 39, -67.783747
33, 40, 21.155780
33, 42, 7.598921
33, 45, 44.999648
33, 47, -67.425509
33, 48, -15.616370
33, 49, 36.948743
33, 50, -29.653533
34, 1, -44.129181
34, 2, -39.023787
34, 3, 10.862188
34, 4, -6.498699
34, 5, 99999.000000
34, 6, -7.980956
34, 8, 1.178105
34, 9, -58.472425
34, 10, -6.755842
34, 11, 39.719318
34, 12, 50.358487
34, 13, 20.281782
34, 14, -9.838459
34, 16, -11.213176
34, 17, 18.730803
34, 18, -17.703006
34, 19, -4.696490
34, 20, 34.516667
34, 21, -22.319640
34, 23, 50.249711
34, 24, -58.868064
34, 26, -21.069405
34, 27, -24.361047
34, 28, 17.763036
34, 29, 4.559873
34, 30, 4.000000
34, 31, -55.000000
34, 32, 8.654552
34, 33, 24.747040
34, 35, 5.558074
34, 36, -10.618860
34, 37, -15.265350
34, 39, 99999.000000
34, 40, 6.284287
34, 41, 16.000000
34, 42, -2.803574
34, 43, -22.738484
34, 44, 32.734511
34, 45, -12.425038
34, 46, 85.000000
34, 47, -95.700273
34, 48, -29.486672
34, 49, 6.034294
34, 50, 2.496209
35, 1, -45.085652
35, 2, -44.341303
35, 3, 4.600672
35, 4, 6.909617
35, 5, 36.000000
35, 7, -32.251507
35, 8, 33.139388
35, 9, -41.321948
35, 10, 22.825911
35, 11, 34.034879
35, 12, 41.821423
35, 13, 18.095865
35, 14, 29.067960
35, 15, -90.000000
35, 17, 32.650420
35, 19, 9.437940
35, 21, -43.243182
35, 22, -44.939666
35, 23, 34.267148
35, 24, -64.210510
35, 25, -13.951412
35, 27, -31.661777
35, 28, -0.953315
35, 29, -6.042847
35, 32, -6.401320
35, 33, 18.252960
35, 34, -4.623731
35, 35, 9.720012
35, 36, -8.208702
35, 38, 19.479350
35, 39, -1.093589
35, 40, 12.939595
35, 41, 25.899180
35, 43, -8.655206
35, 44, 45.349526
35, 45, 38.520115
35, 47, -56.798309
35, 48, -29.576091
35, 49, 16.823235
35, 50, -33.450160
36, 1, -52.734548
36, 2, -29.283615
36, 3, 3.085997
36, 4, 26.611297
36, 6, -93.000000
36, 7, -38.504099
36, 8, -5.222814
36, 9, -56.787625
36, 10, -12.212594
36, 11, 10.647493
36, 12, 34.729192
36, 15, 99999.000000
36, 18, -16.143032
36, 19, -2.477271
36, 20, -2.772904
36, 21, -9.521045
36, 22, -48.629707
36, 23, 47.928054
36, 25, -17.048588
36, 26, -28.526205
36, 27, 4.113889
36, 28, 6.924141
36, 29, 8.879852
36, 30, -11.498634
36, 31, 10.324846
36, 32, 5.754027
36, 34, -3.046917
36, 35, -3.698838
36, 36, 13.414584
36, 37, 0.000000
36, 38, -9.157239
36, 39, 48.140138
36, 40, -7.803276
36, 41, 99999.000000
36, 42, 21.737118
36, 43, -27.404084
36, 44, 31.267079
36, 45, -27.670393
36, 46, -4.849585
36, 47, 99999.000000
36, 49, -9.584044
36, 50, -6.655278
37, 1, -25.004433
37, 2, -16.990823
37, 4, 36.198419
37, 5, -13.000000
37, 7, -16.699507
37, 8, 27.934632
37, 10, -0.787791
37, 11, -2.556778
37, 12, 8.412579
37, 13, 2.966002
37, 14, -50.930711
37, 15, 36.484555
37, 16, -43.000000
37, 17, -16.275655
37, 18, -0.856968
37, 19, -14.425137
37, 20, -7.143068
37, 21, -27.918349
37, 22, -30.204320
37, 23, 25.468928
37, 24, 21.141985
37, 26, -64.158989
37, 27, -9.828755
37, 28, -11.543591
37, 29, -18.239917
37, 30, -8.501366
37, 31, 11.664028
37, 32, -13.481934
37, 33, -1.093533
37, 34, -3.200980
37, 35, 25.920639
37, 36, 7.946047
37, 38, -6.689423
37, 39, 3.678347
37, 40, -15.561474
37, 41, 99999.000000
37, 42, 17.183475
37, 44, 51.012058
37, 45, 21.313023
37, 46, 49.198907
37, 47, -80.000000
37, 48, 2.206194
37, 49, -13.605172
37, 50, -31.397849
38, 1, -19.952146
38, 2, -10.012252
38, 4, 37.082082
38, 6, 5.796190
38, 7, 99999.000000
38, 8, -11.403434
38, 10, -30.640797
38, 12, 5.063446
38, 13, -8.149035
38, 14, 20.810821
38, 15, 20.011326
38, 17, -39.270638
38, 19, -17.783542
38, 20, -22.271569
38, 21, -2.716123
38, 22, -43.899974
38, 23, 37.969602
38, 24, 25.223616
38, 25, -32.573116
38, 26, -25.570491
38, 28, -7.342071
38, 29, 13.556754
38, 31, 20.563246
38, 32, -0.671942
38, 33, 13.093533
38, 34, -8.241070
38, 35, -1.530704
38, 36, 40.737429
38, 37, -17.744557
38, 38, -27.455133
38, 39, 13.194389
38, 40, -19.011603
38, 42, 5.323631
38, 43, 62.000000
38, 44, 32.504434
38, 45, -19.601328
38, 46, -19.883185
38, 48, 15.793806
38, 49, -21.667178
39, 1, 19.906255
39, 2, 13.589738
39, 3, 75.846770
39, 4, 44.172590
39, 5, 24.602340
39, 6, -2.671040
39, 7, 32.918148
39, 8, 0.503016
39, 9, 23.131725
39, 10, -40.452431
39, 12, -5.172532
39, 13, 23.352540
39, 14, -53.650423
39, 15, 23.411756
39, 16, 3.494219
39, 17, -10.658103
39, 18, 84.000000
39, 19, -22.562040
39, 20, -40.574236
39, 21, -9.623395
39, 22, -12.757186
39, 23, -9.215114
39, 24, 28.322353
39, 25, -23.052232
39, 26, -66.915934
39, 27, -15.199290
39, 28, -16.070226
39, 29, -21.820592
39, 30, 67.575962
39, 32, -20.847505
39, 34, -20.881741
39, 35, 31.078744
39, 36, 29.642102
39, 37, -13.930627
39, 38, -13.803253
39, 39, -17.636057
39, 41, -57.125360
39, 42, -14.374730
39, 44, 53.154387
39, 45, 9.067914
39, 46, 99999.000000
39, 49, -28.573433
40, 1, 20.346196
40, 2, 1.915815
40, 3, 62.325115
40, 4, 26.988608
40, 5, 12.482250
40, 6, 1.389790
40, 7, 30.058960
40, 8, -10.360824
40, 9, 7.037012
40, 10, -50.881530
40, 11, -87.000000
40, 13, 27.997065
40, 14, 15.256982
40, 15, 24.479085
40, 16, -18.669259
40, 17, -29.433269
40, 19, -19.894437
40, 20, -48.842360
40, 21, -8.355338
40, 22, -35.621200
40, 23, 10.365529
40, 24, 39.616215
40, 25, -28.555516
40, 27, -29.975980
40, 28, 1.805575
40, 29, -5.926900
40, 30, 17.822584
40, 31, -76.987775
40, 32, -2.693801
40, 33, -95.000000
40, 34, -29.569747
40, 35, -4.995766
40, 36, 62.194909
40, 37, -15.186333
40, 38, -13.810329
40, 39, -21.511076
40, 40, -23.588483
40, 41, -29.797916
40, 42, -21.066408
40, 43, -8.753416
40, 45, 7.180064
40, 46, -22.101731
40, 47, -32.329515
40, 48, -5.480939
40, 50, 22.804736
41, 1, 41.746394
41, 2, 13.891874
41, 3, 72.347570
41, 4, 39.602752
41, 5, 23.307801
41, 7, 2.130780
41, 8, -15.177901
41, 9, 30.706225
41, 11, 99999.000000
41, 12, -49.226506
41, 13, 28.997088
41, 14, -56.069935
41, 15, 17.573922
41, 16, 1.879806
41, 17, -4.058716
41, 18, 35.720851
41, 19, -4.578062
41, 20, -58.922761
41, 22, -6.854389
41, 23, -37.433444
41, 25, 99999.000000
41, 26, 85.000000
41, 27, -10.273384
41, 28, -17.018687
41, 29, -28.689309
41, 30, 56.777293
41, 31, -75.126377
41, 32, -19.809965
41, 34, -43.797612
41, 35, 29.029379
41, 36, 50.110303
41, 37, -0.252616
41, 38, 12.326970
41, 39, -25.070769
41, 40, 1.725226
41, 41, -48.298587
41, 42, -21.006545
41, 43, -16.246584
41, 44, 28.833258
41, 45, 23.083657
41, 46, -43.000000
41, 47, -1.311769
41, 48, -10.802609
41, 49, 49.335336
41, 50, 33.195264
42, 2, 0.126323
42, 5, 23.102676
42, 6, 16.426730
42, 7, -0.135777
42, 8, 5.321306
42, 9, 18.658422
42, 11, 17.203461
42, 12, -7.097454
42, 13, 51.042137
42, 14, -17.524841
42, 15, 16.464513
42, 16, -13.507081
42, 17, -9.811024
42, 18, 46.451076
42, 19, -7.586606
42, 21, 99999.000000
42, 22, -27.444674
42, 23, -13.722971
42, 24, 7.000000
42, 25, -48.886168
42, 26, 47.603097
42, 27, -31.751853
42, 28, 2.612305
42, 29, -26.288579
42, 30, 13.394205
42, 31, -67.903492
42, 32, -0.574980
42, 33, -27.265126
42, 35, -8.830922
42, 37, -6.133025
42, 38, 4.488905
42, 39, -12.853138
42, 40, -8.616732
42, 41, -23.684656
42, 42, -16.832729
42, 44, -11.156043
42, 45, 29.981650
42, 47, -32.070315
42, 48, 0.990868
42, 49, 31.586485
43, 1, 25.893571
43, 2, -16.585158
43, 3, 41.850592
43, 4, -14.068293
43, 5, 25.331836
43, 6, -25.729520
43, 7, -34.024970
43, 8, -11.730063
43, 9, 28.218117
43, 10, 10.551237
43, 11, 59.000000
43, 12, -27.012325
43, 13, 17.908676
43, 14, -33.733357
43, 15, 18.804532
43, 16, 9.440745
43, 17, 4.447975
43, 18, 25.816074
43, 20, 84.701184
43, 21, 45.902577
43, 22, -5.657229
43, 23, -31.652785
43, 25, -33.288415
43, 26, 99999.000000
43, 27, -9.242392
43, 28, -28.550896
43, 30, 36.964215
43, 31, -64.303639
43, 32, -2.961458
43, 33, -54.565379
43, 34, -57.996357
43, 35, 30.837088
43, 36, -51.785169
43, 37, 14.862676
43, 38, 33.356675
43, 39, -8.074596
43, 40, 7.391648
43, 42, 13.578983
43, 43, -46.175940
43, 44, 38.433718
43, 45, 45.328311
43, 46, -59.000000
43, 48, -2.367076
43, 49, 20.774246
43, 50, -81.000000
44, 1, 35.789232
44, 2, -10.313054
44, 3, 43.149408
44, 4, -22.438010
44, 6, 18.990533
44, 7, -42.134667
44, 8, -2.075473
44, 9, 9.800130
44, 10, -16.924867
44, 12, 27.057636
44, 13, 55.409731
44, 14, -32.344517
44, 15, -6.163456
44, 17, 0.166838
44, 18, 42.234147
44, 19, -88.000000
44, 20, 87.298816
44, 21, 30.390199
44, 22, -22.991765
44, 23, 0.359121
44, 24, 4.795628
44, 25, -58.537543
44, 26, 56.826383
44, 27, -22.011072
44, 28, -8.490695
44, 29, 8.245673
44, 30, 18.586438
44, 31, -50.333643
44, 32, 12.248563
44, 33, 10.701209
44, 34, -50.003643
44, 35, -2.235569
44, 36, -43.503969
44, 37, 3.074530
44, 38, 16.546704
44, 40, -12.112258
44, 41, -6.235965
44, 42, 12.886861
44, 43, -55.471798
44, 44, 2.642737
44, 45, 40.645869
44, 47, -8.628979
44, 49, -2.917291
44, 50, 99999.000000
45, 1, 3.553775
45, 2, -36.215985
45, 4, -9.973424
45, 5, 25.454600
45, 6, -30.893069
45, 7, -25.801735
45, 8, -18.981731
45, 9, 10.831067
45, 10, 23.924674
45, 11, -40.343376
45, 12, 2.922678
45, 13, 21.300500
45, 14, 3.445523
45, 15, 13.414095
45, 16, -42.998178
45, 17, -11.701576
45, 18, 29.676775
45, 21, 30.016487
45, 22, -1.032109
45, 23, -2.605186
45, 24, -4.795628
45, 25, -27.785300
45, 26, 50.752505
45, 27, 8.680693
45, 28, -28.417856
45, 29, -1.245673
45, 30, 13.613897
45, 31, -54.862786
45, 32, 16.573047
45, 33, -42.047195
45, 35, 33.235307
45, 36, -34.856023
45, 37, 19.444527
45, 38, 29.626487
45, 40, -17.827485
45, 41, -2.994589
45, 42, 42.963764
45, 43, -28.664897
45, 44, 39.702449
45, 46, -18.778689
45, 47, -27.069544
45, 48, 61.397814
45, 49, -3.542702
45, 50, -3.392349
46, 1, 24.223256
46, 2, -16.455323
46, 4, -10.605595
46, 5, 35.545400
46, 6, 12.458246
46, 7, -44.235177
46, 8, -34.026263
46, 9, -2.341146
46, 10, -2.638943
46, 11, 0.312065
46, 13, 43.722570
46, 14, -29.416426
46, 15, 99999.000000
46, 16, -39.001822
46, 17, -20.293129
46, 18, 99999.000000
46, 19, -2.342850
46, 20, 62.877413
46, 21, 1.897829
46, 22, -16.618556
46, 23, 32.445896
46, 25, -54.306994
46, 26, 61.362383
46, 27, 11.872364
46, 28, -8.061733
46, 30, 15.348082
46, 31, -45.402210
46, 32, 27.422100
46, 33, 47.998515
46, 34, -44.265344
46, 35, 9.585637
46, 36, -25.967853
46, 37, -1.643614
46, 38, 20.153618
46, 40, -29.597532
46, 41, -22.144005
46, 42, 39.208727
46, 43, -41.272257
46, 44, 10.920456
46, 45, -73.000000
46, 46, -38.721311
46, 47, 20.323681
46, 48, 56.602186
46, 50, 89.000000
47, 1, -28.618357
47, 2, -36.421019
47, 3, 18.555797
47, 4, 18.871891
47, 6, -22.284040
47, 7, 16.819992
47, 8, -30.003200
47, 9, 1.245065
47, 10, 35.265857
47, 11, -21.074355
47, 12, 52.000000
47, 13, 30.576001
47, 14, 18.036226
47, 15, 31.643487
47, 17, -40.083839
47, 18, -54.000000
47, 19, 13.342850
47, 20, 51.990952
47, 21, 4.181122
47, 22, -3.308106
47, 23, 22.685086
47, 24, -33.000000
47, 25, -9.533284
47, 27, 41.952681
47, 28, -18.158685
47, 29, 99999.000000
47, 31, -57.878979
47, 32, 6.641779
47, 33, 99999.000000
47, 34, -23.261961
47, 37, 4.705708
47, 38, 14.525476
47, 39, 18.983211
47, 40, -41.735245
47, 41, -5.939266
47, 42, 49.335396
47, 43, 11.491714
47, 44, 22.977081
47, 46, -18.888111
47, 47, 0.596745
47, 49, 35.328079
48, 1, 3.579142
48, 3, 17.426764
48, 4, 28.163592
48, 5, -32.800031
48, 6, -16.357543
48, 7, -10.592985
48, 8, -37.349618
48, 9, 8.922004
48, 10, 10.038924
48, 11, 16.604570
48, 12, 77.297905
48, 13, 24.723433
48, 14, 99999.000000
48, 15, -47.000000
48, 16, -53.729512
48, 17, -39.306719
48, 20, 67.024613
48, 21, -38.082643
48, 22, -10.173746
48, 23, 44.299796
48, 25, -23.120782
48, 26, -92.000000
48, 27, 48.333755
48, 30, -64.651167
48, 32, 17.321828
48, 33, 13.067914
48, 34, -45.552333
48, 35, -20.544489
48, 36, -0.411194
48, 37, -8.651992
48, 38, 16.115709
48, 39, -14.159435
48, 41, -16.155567
48, 42, 51.909617
48, 43, -11.369900
48, 44, 5.907925
48, 45, 43.584173
48, 46, -39.687632
48, 47, 39.644546
48, 48, -28.079132
48, 49, 18.732609
48, 50, 30.342312
49, 1, -39.660165
49, 2, 99999.000000
49, 3, 5.067347
49, 4, 46.569083
49, 5, -6.318329
49, 6, -24.421162
49, 7, 43.714085
49, 8, -17.243339
49, 9, 6.943596
49, 10, 41.821887
49, 11, -1.705367
49, 12, 99999.000000
49, 13, 34.429553
49, 14, -51.897359
49, 16, -39.991857
49, 17, -45.080681
49, 18, -41.894626
49, 19, -29.551776
49, 21, -19.710018
49, 22, -12.928482
49, 24, -76.000000
49, 25, 15.184982
49, 27, 62.874427
49, 28, -24.993624
49, 29, 20.802915
49, 30, -45.988690
49, 31, 39.854235
49, 32, -25.718467
49, 33, -7.793806
49, 34, -28.358047
49, 35, -8.455511
49, 36, 8.012893
49, 37, -2.979704
49, 38, 12.821410
49, 39, -12.878181
49, 40, 21.750683
49, 41, 19.216796
49, 42, 52.977670
49, 43, 41.658144
49, 45, 23.323305
49, 48, -11.317424
49, 49, 31.627384
49, 50, 23.991857
50, 1, -7.897308
50, 2, 40.000000
50, 3, 3.402753
50, 4, 52.448335
50, 5, -22.820831
50, 6, -43.871422
50, 8, -15.768517
50, 10, 20.881655
50, 12, 83.000000
50, 13, 21.845473
50, 14, -20.000000
50, 15, 61.000000
50, 16, -49.582312
50, 17, -40.872569
50, 18, -30.105374
50, 19, -33.448224
50, 20, 4.000000
50, 22, -6.335279
50, 23, 75.000000
50, 25, 5.547519
50, 26, 68.000000
50, 27, 62.541042
50, 28, -11.006376
50, 29, 27.197085
50, 30, -59.726367
50, 31, 49.145765
50, 32, -5.606015
50, 33, 22.787914
50, 34, -56.095852
50, 36, -20.499194
50, 37, 2.992181
50, 39, -43.378722
50, 40, 23.249317
50, 41, 11.098051
50, 42, 58.381210
50, 43, 12.916317
50, 44, -53.000000
50, 45, 31.790573
50, 46, -72.000000
50, 47, -8.000000
50, 48, -40.131932
50, 49, 14.424944
50, 50, 40.969512
