1, 1, 33.000000
1, 3, -14.921086
1, 4, 34.771895
1, 6, 16.825670
1, 7, 15.734283
1, 8, 35.006247
1, 9, -13.393761
1, 10, -19.000000
1, 11, 18.087153
1, 12, 99999.000000
1, 13, -86.000000
1, 14, -57.509094
1, 15, -38.000000
1, 16, 0.153408
1, 18, -91.184090
1, 19, -59.806782
1, 20, -39.262908
1, 21, -8.172530
1, 22, 0.814257
1, 23, 8.160898
1, 24, 16.953032
1, 25, -29.764527
1, 27, 62.000000
1, 28, 11.259001
1, 29, -41.000000
1, 30, -35.709540
1, 32, -18.211538
1, 33, -54.555882
1, 34, -17.014055
1, 35, -26.598770
1, 37, -82.000000
1, 38, -87.000000
1, 39, 82.000000
1, 40, -3.165975
1, 41, 21.846878
1, 42, -11.605275
1, 43, -19.288599
1, 45, 20.046086
1, 46, -81.000000
1, 47, -19.251318
1, 49, 45.000000
1, 50, 14.420378
2, 2, 52.356726
2, 3, -26.727570
2, 4, 15.281451
2, 5, -46.381923
2, 6, 18.267867
2, 7, 5.950968
2, 8, 33.993753
2, 9, -22.006311
2, 11, 14.114235
2, 14, -58.490906
2, 16, 29.412234
2, 17, -1.087012
2, 19, -30.637555
2, 20, -10.553153
2, 21, -6.090348
2, 22, -16.712185
2, 23, 35.352758
2, 24, 1.432063
2, 25, -57.256005
2, 28, 3.496567
2, 30, -35.149178
2, 31, 8.246169
2, 32, -20.268739
2, 33, -48.727726
2, 34, -13.892215
2, 35, -6.112164
2, 36, -70.331251
2, 40, 3.852519
2, 41, 14.047438
2, 42, -29.220889
2, 43, -36.247390
2, 44, 29.558669
2, 45, -4.523773
2, 47, -31.735507
2, 48, -11.587798
2, 50, 24.307454
3, 1, -30.411839
3, 2, 13.750574
3, 3, -17.544176
3, 4, 23.225065
3, 5, -27.883436
3, 6, 3.842247
3, 7, 15.958232
3, 9, -11.100553
3, 11, 16.951885
3, 12, 35.128033
3, 13, 99999.000000
3, 15, -26.582951
3, 17, -43.657882
3, 19, -50.783518
3, 20, -34.474065
3, 21, -18.241771
3, 22, -5.273880
3, 23, 0.170396
3, 24, 17.748564
3, 25, -19.183406
3, 26, -33.975074
3, 27, -21.474046
3, 28, 12.350752
3, 29, 45.390214
3, 30, -33.456759
3, 31, 7.437446
3, 32, -16.624314
3, 33, -54.009717
3, 34, -19.482570
3, 35, -17.352701
3, 36, -70.668749
3, 37, -79.000000
3, 38, 40.042622
3, 39, 13.527461
3, 40, -13.386180
3, 41, 21.370987
3, 42, -10.989416
3, 43, -22.713132
3, 44, -24.229828
3, 45, 25.929261
3, 47, -8.436184
3, 48, -7.694778
3, 49, -35.134881
3, 50, 15.025375
4, 1, -27.875631
4, 2, 52.381072
4, 3, -31.557250
4, 4, -1.872256
4, 5, -53.149036
4, 6, -0.303826
4, 8, -28.505178
4, 9, -24.015882
4, 10, -95.000000
4, 11, 11.174281
4, 12, 30.138637
4, 14, 19.737776
4, 15, -25.417049
4, 17, 3.567040
4, 19, -35.466567
4, 20, -6.374580
4, 21, -19.912444
4, 23, 10.736236
4, 24, 2.071865
4, 25, -34.260139
4, 26, -29.314760
4, 27, -2.209808
4, 29, 60.354254
4, 31, 7.408355
4, 32, -14.738974
4, 33, -47.528747
4, 34, -10.411978
4, 35, 8.582689
4, 38, 42.957378
4, 39, -2.796159
4, 40, 1.063711
4, 43, -39.897816
4, 44, 22.897530
4, 45, 1.776684
4, 47, -13.596201
4, 48, -12.763529
4, 49, -46.332420
4, 50, 25.376694
5, 1, -23.786339
5, 2, -2.674170
5, 3, -21.511384
5, 4, 9.482115
5, 5, -37.038703
5, 6, -16.471508
5, 7, 24.699753
5, 8, -61.555356
5, 11, 6.952161
5, 12, 33.924308
5, 13, 17.457368
5, 14, 19.552525
5, 19, -33.216474
5, 21, -27.889070
5, 23, -5.707544
5, 24, 24.406277
5, 25, -6.677653
5, 26, -29.931822
5, 27, -14.092869
5, 29, 46.565945
5, 31, 5.188740
5, 32, -9.086986
5, 33, -45.562712
5, 34, -25.527115
5, 35, -5.580891
5, 36, 18.517335
5, 39, 5.712292
5, 40, -26.729294
5, 41, 38.306375
5, 43, -32.435085
5, 44, -39.648295
5, 45, 29.605821
5, 47, 7.659126
5, 49, -36.252813
5, 50, 14.647658
6, 1, -13.097202
6, 3, -33.643149
6, 5, -59.181293
6, 6, -14.465711
6, 7, 6.212429
6, 8, -22.649177
6, 10, 13.991149
6, 11, -4.744389
6, 13, -6.819090
6, 14, 22.788183
6, 16, -30.505938
6, 19, -47.697849
6, 20, -32.561337
6, 21, -31.384643
6, 23, -15.569461
6, 24, 7.089930
6, 25, -7.229331
6, 26, -45.295726
6, 27, 7.103857
6, 31, 10.927331
6, 32, -0.299669
6, 33, -32.319770
6, 34, -1.275538
6, 35, 15.453442
6, 36, 32.151038
6, 38, -19.457181
6, 39, -17.190471
6, 40, 0.755437
6, 41, 36.664598
6, 42, -38.328387
6, 43, -44.637941
6, 44, 2.985229
6, 47, 2.821757
6, 49, -48.208912
7, 1, -10.510334
7, 3, -22.324015
7, 4, -23.448285
7, 6, -18.540467
7, 7, 20.024822
7, 8, -53.331716
7, 10, -11.781611
7, 11, -12.176079
7, 12, 3.617831
7, 13, 13.825865
7, 14, 26.299234
7, 16, -25.473536
7, 18, 28.202832
7, 19, -20.293719
7, 20, -4.749649
7, 21, -29.916652
7, 22, 60.057737
7, 23, -4.127936
7, 25, -9.072579
7, 26, -22.201496
7, 27, -1.905635
7, 29, -27.617846
7, 31, 7.582448
7, 32, -1.602177
7, 33, -27.622879
7, 34, -28.386740
7, 35, -6.428229
7, 36, 7.002071
7, 38, -31.087295
7, 39, -4.718134
7, 40, -30.929206
7, 41, 20.187328
7, 42, -63.948886
7, 44, -55.863966
7, 46, -0.130455
7, 47, 13.723055
7, 50, 26.896504
8, 1, -1.227166
8, 4, -19.551715
8, 5, 2.370818
8, 6, -6.582611
8, 8, -14.731183
8, 9, 4.974951
8, 10, 6.760103
8, 11, -25.859949
8, 12, 28.178722
8, 13, -5.319483
8, 14, 22.682888
8, 16, -21.216752
8, 19, -57.810733
8, 20, -25.408704
8, 21, -41.351255
8, 22, -0.951038
8, 23, -30.685511
8, 24, -2.000000
8, 25, 3.301401
8, 26, -53.231074
8, 27, 10.862201
8, 29, -12.652031
8, 30, -12.448929
8, 32, 13.038134
8, 33, -3.268145
8, 34, 14.157376
8, 35, 8.327941
8, 36, 14.061428
8, 37, -16.211821
8, 38, -19.123036
8, 39, -27.362038
8, 41, 16.757806
8, 42, -37.852495
8, 44, -19.818804
8, 45, -8.124160
8, 46, 2.394473
8, 47, 7.596181
8, 48, -0.249669
8, 49, 14.000000
8, 50, 1.975965
9, 3, -16.167334
9, 5, 0.657228
9, 6, 3.974372
9, 8, -36.578238
9, 9, -46.749516
9, 10, -19.505933
9, 11, -25.143457
9, 12, 3.449869
9, 13, 11.504828
9, 14, 26.232732
9, 15, 23.000000
9, 16, -23.399303
9, 17, 60.000000
9, 19, -17.187193
9, 20, 1.807036
9, 21, -30.669622
9, 22, 49.457367
9, 23, -4.992834
9, 25, -25.990514
9, 26, -15.750419
9, 27, 8.768785
9, 29, -30.941276
9, 30, -25.559922
9, 31, -68.000000
9, 32, 1.431883
9, 33, -4.888245
9, 34, -22.716996
9, 35, -14.107079
9, 36, -16.997357
9, 37, -55.977228
9, 38, -30.753221
9, 39, -9.661487
9, 40, -7.268865
9, 41, -14.311407
9, 44, -63.543468
9, 45, 4.766386
9, 46, 1.905821
9, 47, 15.094415
9, 48, 6.435646
9, 50, 23.842866
10, 1, 31.592641
10, 2, -40.888222
10, 3, -19.200091
10, 4, 6.747591
10, 5, 7.760535
10, 6, 16.352344
10, 7, -17.989517
10, 8, -3.948553
10, 9, 12.083621
10, 10, -4.739117
10, 13, 4.716910
10, 14, 13.072701
10, 16, -10.245224
10, 19, -60.335595
10, 20, -17.477959
10, 21, -51.226033
10, 22, 0.171024
10, 23, -35.050785
10, 24, -18.923186
10, 25, -10.180356
10, 26, -46.010497
10, 27, 11.238994
10, 29, -16.705503
10, 30, -8.009163
10, 32, 15.409408
10, 33, 26.077619
10, 34, 28.266793
10, 35, 0.182706
10, 36, -8.067292
10, 37, -13.758101
10, 38, -19.008085
10, 40, -17.078372
10, 41, 2.322125
10, 42, -51.207868
10, 43, -2.988060
10, 45, 3.491758
10, 46, -1.619499
10, 47, 9.769101
10, 48, -11.551423
10, 49, 12.507440
10, 50, -1.685971
11, 1, -1.991969
11, 2, -34.314524
11, 3, -20.468337
11, 4, -33.429312
11, 5, 5.984207
11, 6, 29.384558
11, 7, 8.791180
11, 8, -9.825886
11, 9, -24.225168
11, 10, -23.047891
11, 11, -25.585587
11, 12, -16.000000
11, 13, 14.413191
11, 14, 16.763261
11, 15, 11.337498
11, 16, -15.526738
11, 17, -13.618880
11, 20, -1.386087
11, 21, -34.285184
11, 22, 38.535749
11, 23, -10.527451
11, 24, -9.914103
11, 25, -42.818472
11, 26, -9.091004
11, 27, 21.656243
11, 28, 9.423296
11, 30, -21.935750
11, 32, 1.557087
11, 33, 14.983077
11, 34, -15.365491
11, 35, -16.061612
11, 36, -30.796208
11, 37, -56.195632
11, 38, -22.106500
11, 39, -1.815059
11, 40, 12.171153
11, 41, -37.271859
11, 42, -54.759623
11, 44, 6.767098
11, 45, 20.293205
11, 46, -5.881479
11, 47, 20.214868
11, 48, -5.077545
11, 49, -4.794908
11, 50, 21.584456
12, 1, 33.034924
12, 2, -46.591527
12, 3, -21.001065
12, 4, 13.126640
12, 6, 27.750860
12, 7, -20.351996
12, 8, 12.377262
12, 9, 26.125229
12, 10, -9.848847
12, 11, -28.780734
12, 13, 12.152538
12, 14, -6.881666
12, 16, -0.381729
12, 17, -6.834060
12, 18, -2.024101
12, 19, -13.728287
12, 20, -14.307436
12, 21, -56.944740
12, 22, 7.626282
12, 23, -29.129537
12, 24, -14.686600
12, 25, -34.985587
12, 26, -26.996938
12, 27, 17.651374
12, 28, 9.576704
12, 29, 80.000000
12, 31, 17.288075
12, 32, 7.320421
12, 33, 40.463474
12, 37, -17.238887
12, 38, -16.471371
12, 39, -1.010089
12, 40, 10.300831
12, 41, 2.934026
12, 42, -52.523567
12, 43, -1.506006
12, 44, 19.337630
12, 45, 13.146483
12, 46, -16.010525
12, 47, 13.976374
12, 48, -33.306859
12, 49, 20.358002
13, 1, -5.716540
13, 2, -40.849769
13, 3, -31.108486
13, 4, -14.424196
13, 5, 31.079358
13, 6, 30.413722
13, 7, -2.135009
13, 8, 15.659048
13, 9, 1.727655
13, 11, -23.940365
13, 14, 1.607271
13, 17, -9.082205
13, 18, -0.980388
13, 19, 3.081151
13, 20, -8.991385
13, 21, -39.194312
13, 22, 32.013227
13, 23, -9.472157
13, 24, -6.691139
13, 25, -44.832648
13, 26, 0.657951
13, 27, 37.029919
13, 30, -58.742848
13, 31, 19.711925
13, 32, 0.390512
13, 34, -0.484105
13, 35, -31.483112
13, 36, -43.815910
13, 37, -57.429311
13, 38, -0.227970
13, 39, -5.288273
13, 40, 44.618421
13, 41, -40.832871
13, 43, 2.266719
13, 44, -0.742240
13, 46, -23.101921
13, 48, -19.476047
13, 49, 2.479605
13, 50, 20.881907
14, 1, 26.908478
14, 2, -56.641225
14, 3, -25.567414
14, 4, 19.132833
14, 5, 54.885294
14, 6, 15.791281
14, 7, -25.485697
14, 8, 23.354777
14, 9, 35.742722
14, 10, 4.711781
14, 11, -23.742966
14, 13, 7.151296
14, 14, -32.143518
14, 17, -1.886735
14, 18, -2.803698
14, 19, -7.631093
14, 20, -12.645572
14, 22, 14.491509
14, 23, -12.772155
14, 24, -13.500446
14, 25, -50.395629
14, 26, -5.161412
14, 27, 28.271928
14, 28, -31.256888
14, 30, -28.842818
14, 32, -6.106051
14, 33, -48.437363
14, 34, -5.515895
14, 35, -22.007394
14, 36, -44.184090
14, 37, -24.471447
14, 38, -9.167813
14, 39, -6.820783
14, 40, 37.945728
14, 41, 6.284700
14, 43, -14.598890
14, 44, 11.138174
14, 46, -27.201860
14, 47, -17.400948
14, 48, -45.540287
14, 50, 24.876424
15, 1, -4.026207
15, 2, -50.633072
15, 3, -40.162994
15, 4, 8.634414
15, 5, 30.956785
15, 6, 8.869972
15, 7, -21.067121
15, 9, 13.186822
15, 10, 43.608260
15, 11, -24.589697
15, 12, 23.888378
15, 13, -20.172130
15, 14, -18.816672
15, 18, -1.109791
15, 19, 9.001538
15, 20, -9.996552
15, 22, 21.747162
15, 23, 1.707588
15, 24, -9.375838
15, 25, -33.470745
15, 26, 6.449535
15, 27, 45.634795
15, 28, -23.092521
15, 29, 25.656562
15, 30, -59.434672
15, 31, -84.000000
15, 32, -3.093915
15, 33, -41.621585
15, 35, -12.817496
15, 37, -57.929398
15, 38, 25.596408
15, 39, -7.288816
15, 40, 65.817787
15, 41, -36.597779
15, 43, -20.014314
15, 45, -27.586284
15, 46, -35.024342
15, 47, 2.638362
15, 49, -4.037099
15, 50, 13.837934
16, 1, 20.880321
16, 2, -59.661888
16, 3, -28.522841
16, 4, 22.867397
16, 5, 57.229333
16, 6, -1.380829
16, 7, -24.964131
16, 8, -16.007797
16, 10, 1.221051
16, 11, -20.695169
16, 12, -12.732927
16, 13, 8.885643
16, 14, -53.426929
16, 16, 2.403803
16, 17, 52.196030
16, 20, -8.161627
16, 22, 6.050337
16, 23, 3.364428
16, 24, -15.719971
16, 25, -46.820771
16, 26, 9.991479
16, 27, 33.863485
16, 28, -30.463413
16, 29, 42.152666
16, 30, -25.813690
16, 32, -20.370577
16, 33, -51.105983
16, 34, 2.000000
16, 35, 9.431133
16, 36, 66.000000
16, 38, 1.746280
16, 40, 49.952635
16, 41, 5.530107
16, 43, -33.660602
16, 44, 38.646701
16, 45, -7.776121
16, 46, -26.644078
16, 47, -20.421443
16, 48, 0.641463
16, 49, 20.926298
16, 50, 10.377354
17, 1, 14.755243
17, 2, -56.108431
17, 4, 21.262774
17, 5, 32.115894
17, 6, -9.316913
17, 7, -32.105531
17, 8, -11.985804
17, 9, -26.474751
17, 10, 40.367092
17, 11, -25.532063
17, 12, 20.217665
17, 13, -13.818506
17, 14, -40.447511
17, 15, -44.404305
17, 16, 3.841962
17, 17, 54.803970
17, 18, 2.703650
17, 19, 86.000000
17, 20, -1.345278
17, 21, 14.626059
17, 22, 1.488215
17, 23, 9.211330
17, 25, -22.551436
17, 26, 5.707819
17, 27, 41.864197
17, 28, -23.867495
17, 29, 22.432345
17, 31, 99999.000000
17, 32, -8.872306
17, 33, -43.839633
17, 35, 23.172963
17, 38, 39.845987
17, 39, 41.260534
17, 42, 10.044389
17, 43, -34.178795
17, 44, 22.431723
17, 45, -28.418449
17, 46, -34.052684
17, 47, -0.946912
17, 48, -19.423099
17, 49, -9.036144
17, 50, 3.188810
18, 1, 26.501469
18, 2, -54.783293
18, 3, -73.000000
18, 4, 25.769040
18, 5, 54.914179
18, 6, -9.264315
18, 7, -18.287220
18, 8, -21.702188
18, 9, -26.764893
18, 10, -3.677988
18, 12, -10.690324
18, 13, 5.110966
18, 14, -64.120975
18, 15, -23.250256
18, 16, -5.608411
18, 18, 24.846767
18, 20, 1.550210
18, 21, -1.301317
18, 22, -12.373523
18, 24, -35.840899
18, 25, -29.920155
18, 26, 17.654192
18, 27, 31.488344
18, 29, 31.439338
18, 32, -28.151876
18, 34, 23.000000
18, 35, 40.972743
18, 36, 21.269888
18, 37, 73.000000
18, 38, 9.244842
18, 39, 9.479295
18, 40, -10.458538
18, 41, 32.044751
18, 42, -9.208175
18, 44, 37.582944
18, 45, -6.054370
18, 46, -22.871971
18, 47, -24.428635
18, 48, 7.137516
18, 49, 15.644694
18, 50, -7.207514
19, 1, 38.181053
19, 2, -55.487246
19, 4, 22.311635
19, 5, 24.246884
19, 6, -14.146333
19, 7, -32.137380
19, 8, -18.737833
19, 9, -22.947557
19, 10, 33.631178
19, 11, -7.242968
19, 13, -12.478773
19, 14, -50.534679
19, 15, -34.262346
19, 16, 9.215831
19, 17, -61.535534
19, 18, -5.080618
19, 19, -23.664450
19, 20, 12.014063
19, 21, 4.054785
19, 22, -12.866781
19, 23, -17.395398
19, 24, -32.159101
19, 25, -16.530195
19, 26, 6.209828
19, 27, 33.399961
19, 28, 17.420585
19, 29, 22.585072
19, 31, -90.000000
19, 33, 0.530993
19, 35, 42.483722
19, 36, 21.730112
19, 38, 40.632995
19, 39, 31.370258
19, 40, 16.446829
19, 41, 31.236432
19, 42, 10.200637
19, 45, -26.035652
19, 46, -25.850090
19, 48, -12.624764
19, 49, -15.228286
19, 50, -8.315789
20, 1, 34.025618
20, 3, 62.000000
20, 4, 26.637775
20, 5, 35.752631
20, 6, -17.562345
20, 8, -32.492214
20, 10, -5.847948
20, 11, -20.685199
20, 15, -37.033839
20, 16, -19.455636
20, 17, -55.854560
20, 18, 18.122656
20, 19, 0.521863
20, 20, 11.461576
20, 21, -10.305571
20, 23, 9.712520
20, 25, -10.046401
20, 27, 28.339256
20, 28, -16.469729
20, 29, 26.751666
20, 30, -56.871026
20, 33, 21.410008
20, 34, 22.806183
20, 37, -38.681243
20, 39, -1.624725
20, 40, -8.536812
20, 41, 29.629307
20, 42, -8.603927
20, 43, 75.368180
20, 44, 0.849568
20, 46, -18.534639
20, 47, 25.259645
20, 49, 9.827133
20, 50, -22.959121
21, 4, 26.122096
21, 5, 1.355241
21, 6, -18.615819
21, 7, -22.220804
21, 8, -25.629086
21, 11, -7.769184
21, 12, -34.710873
21, 13, -56.742052
21, 14, 16.697996
21, 15, -25.093488
21, 16, 7.965886
21, 17, -53.735153
21, 18, -11.469172
21, 19, -7.139141
21, 20, 23.592728
21, 21, 5.786911
21, 23, -18.154731
21, 25, -9.688751
21, 28, 6.844511
21, 31, 8.102252
21, 32, -13.000000
21, 33, 0.658093
21, 34, 17.170610
21, 35, -19.545838
21, 36, -29.723684
21, 37, -36.318757
21, 38, 1.847698
21, 39, 17.149963
21, 40, 15.051165
21, 41, 30.001603
21, 42, -0.320467
21, 44, -3.624635
21, 45, 9.602580
21, 46, -13.319807
21, 47, 34.616442
21, 48, -18.737552
21, 49, -19.621201
21, 50, -18.824798
22, 1, -96.000000
22, 3, 21.416617
22, 4, 27.931669
22, 5, -0.467482
22, 6, -33.359658
22, 7, -10.735887
22, 10, -7.352141
22, 11, -24.808491
22, 12, -40.712753
22, 13, -59.257948
22, 14, -3.428790
22, 15, -42.951921
22, 16, -34.913425
22, 17, -40.569815
22, 18, 14.161638
22, 19, 26.743434
22, 20, 16.891989
22, 21, -6.732833
22, 22, 80.423296
22, 23, 9.956432
22, 24, -31.618159
22, 25, 3.865294
22, 26, 50.837370
22, 28, -32.191419
22, 31, -0.792021
22, 33, 27.798970
22, 34, 16.996721
22, 35, 21.489488
22, 36, -43.507556
22, 38, 7.328380
22, 39, -4.997935
22, 40, -6.383022
22, 42, -14.963880
22, 44, -8.678294
22, 45, 1.112608
22, 46, -4.105087
22, 47, 22.241429
22, 48, -41.076981
22, 49, 4.900166
22, 50, -30.364131
23, 3, 18.280827
23, 4, 40.331222
23, 5, -27.769272
23, 6, -27.967181
23, 7, -14.371977
23, 8, 8.286877
23, 9, -3.961630
23, 10, -14.593034
23, 11, -5.381254
23, 12, -29.628024
23, 14, 20.194646
23, 16, -4.395428
23, 17, -34.908135
23, 18, -12.293938
23, 19, 18.230428
23, 20, 32.266221
23, 21, 17.241090
23, 22, 80.576704
23, 23, -18.487665
23, 24, -71.703081
23, 25, -4.565018
23, 26, 43.817602
23, 28, -11.537402
23, 30, 10.284028
23, 31, 0.115418
23, 32, 91.000000
23, 33, 4.467800
23, 34, 0.640288
23, 35, -10.588929
23, 36, -28.158187
23, 38, 2.031666
23, 39, 15.436330
23, 40, 8.486082
23, 41, 36.260868
23, 42, -16.100493
23, 44, -17.214865
23, 45, 4.938832
23, 46, 4.063366
23, 47, 25.172700
23, 48, -17.113923
23, 49, -22.047101
24, 1, 15.785826
24, 2, -73.000000
24, 3, 17.711848
24, 4, 33.114070
24, 5, -32.884463
24, 6, -43.711437
24, 7, -2.675984
24, 8, 8.403693
24, 9, 9.385526
24, 10, 2.909413
24, 11, -25.236446
24, 12, -28.337965
24, 13, 33.000000
24, 14, 0.894861
24, 15, -17.359177
24, 16, -47.358111
24, 17, -20.883821
24, 19, 42.726652
24, 20, 20.309389
24, 21, 6.389635
24, 24, -30.163748
24, 26, 49.493677
24, 27, -27.595793
24, 28, -44.167934
24, 29, -31.013426
24, 30, 28.059362
24, 31, -11.038837
24, 33, 32.767606
24, 35, 29.896019
24, 36, -30.329305
24, 38, 8.103170
24, 39, -4.746982
24, 40, -4.898769
24, 41, 15.828032
24, 42, -21.278393
24, 43, -33.915466
24, 44, -16.194481
24, 45, -3.026423
24, 46, 14.950768
24, 47, 21.098269
24, 49, 2.161593
24, 50, -62.000000
25, 1, 10.530434
25, 3, 18.389529
25, 4, 55.166316
25, 5, -42.726970
25, 7, -8.435833
25, 8, 11.183623
25, 9, -9.015407
25, 10, -8.513070
25, 11, -2.215895
25, 12, -24.691446
25, 15, 17.432705
25, 16, -15.438943
25, 17, -7.451473
25, 18, 14.000000
25, 20, 34.746380
25, 21, 17.695405
25, 22, 17.825404
25, 24, -72.062265
25, 25, 25.000000
25, 27, -11.991746
25, 28, -23.151156
25, 29, -61.749689
25, 30, 4.438762
25, 31, -19.240885
25, 33, 9.230316
25, 35, 6.625772
25, 36, -24.959856
25, 38, 3.670001
25, 39, 18.738186
25, 40, 5.169785
25, 41, 43.457552
25, 42, -25.393958
25, 43, 41.217304
25, 44, -22.186349
25, 46, 14.879141
25, 47, 17.047432
25, 48, -16.981775
26, 1, 14.798515
26, 2, -50.355685
26, 3, 18.999743
26, 4, 39.026751
26, 6, 33.076697
26, 8, 10.638837
26, 9, -4.593722
26, 10, 16.215129
26, 11, -23.075057
26, 12, -17.350485
26, 13, 56.043176
26, 14, -29.984107
26, 15, -19.605254
26, 17, -0.934896
26, 19, -36.473413
26, 20, 20.561792
26, 21, 12.702510
26, 22, -0.091953
26, 23, -15.723767
26, 24, -36.163536
26, 26, -28.779022
26, 27, -17.532042
26, 28, -46.073920
26, 29, -32.359904
26, 30, 20.540012
26, 31, -22.040661
26, 32, -50.184090
26, 33, 32.690810
26, 35, 31.345247
26, 36, -14.795859
26, 39, -16.389469
26, 41, 22.722433
26, 42, -19.633999
26, 43, -27.606651
26, 44, -10.428055
26, 47, 17.277392
26, 48, 8.333290
26, 49, 38.000000
26, 50, -43.816242
27, 1, 9.794076
27, 2, -51.644315
27, 3, 25.777373
27, 4, 60.307790
27, 5, -24.974810
27, 6, 8.210809
27, 7, 11.921404
27, 9, -18.419441
27, 10, -4.474063
27, 12, -23.197589
27, 13, 53.956824
27, 14, -56.505027
27, 15, 15.089670
27, 16, -21.097844
27, 17, 18.463780
27, 18, 10.252443
27, 19, -32.590536
27, 20, 26.313803
27, 21, 6.235870
27, 22, 16.562521
27, 23, -18.391173
27, 24, -73.937113
27, 25, -56.000000
27, 26, -18.141760
27, 27, 1.449667
27, 28, -25.492116
27, 29, -65.950634
27, 30, 0.672207
27, 31, -40.821705
27, 33, 14.822026
27, 34, 36.395584
27, 35, 21.211354
27, 36, -15.001908
27, 37, 12.393169
27, 38, 2.164417
27, 39, 8.846626
27, 40, -14.710586
27, 42, -30.433649
27, 43, 41.703449
27, 44, -15.809882
27, 45, -2.410619
27, 46, -9.255931
27, 47, 10.342081
27, 48, -17.009756
27, 50, -24.936710
28, 3, 24.563663
28, 5, 11.051771
28, 6, 28.333305
28, 7, 20.952562
28, 8, -24.448285
28, 9, -18.017403
28, 12, -13.156899
28, 14, -31.495761
28, 16, -16.641632
28, 17, 11.511977
28, 18, -7.343713
28, 19, -27.660357
28, 20, 16.954106
28, 21, 12.246107
28, 22, 0.926804
28, 23, -10.354431
28, 24, -47.313498
28, 26, -32.213025
28, 27, -7.643708
28, 28, -43.971523
28, 29, -35.728356
28, 30, 13.155751
28, 31, -29.543031
28, 33, 33.715833
28, 34, -1.497630
28, 35, 27.967334
28, 36, -6.519825
28, 37, 7.606831
28, 38, -10.194223
28, 39, -38.493746
28, 40, -3.969643
28, 41, -7.899573
28, 42, -12.879249
28, 43, -10.710670
28, 44, -1.243240
28, 45, -35.413994
28, 46, 7.333171
28, 47, 11.834326
28, 48, 13.239071
28, 49, -80.815910
28, 50, -38.514789
29, 1, 28.475395
29, 5, -20.307842
29, 6, -7.893675
29, 7, 14.860732
29, 8, -20.551715
29, 9, -32.906908
29, 10, 24.584509
29, 11, 70.231246
29, 16, -8.595894
29, 18, 7.173147
29, 19, -21.570840
29, 20, 15.418676
29, 21, 1.006415
29, 22, -0.099095
29, 23, -2.572646
29, 24, -75.349575
29, 25, 1.513887
29, 26, -11.758790
29, 27, 5.455849
29, 30, 6.519032
29, 31, -51.011738
29, 34, 31.692958
29, 35, 29.192611
29, 36, 1.047919
29, 38, -3.278993
29, 39, -14.844447
29, 40, -10.634734
29, 41, -35.713780
29, 42, -34.640192
29, 43, 46.461259
29, 44, -10.843793
29, 45, -5.286742
29, 46, -11.551406
29, 48, -18.922232
29, 49, -81.184090
29, 50, -17.972162
30, 1, 2.754661
30, 2, -48.957723
30, 3, 0.102259
30, 4, 0.744340
30, 5, 24.182213
30, 6, 16.702522
30, 9, -26.317712
30, 10, 23.498932
30, 11, 78.972463
30, 12, 59.347015
30, 14, 32.513387
30, 16, 1.585457
30, 17, -9.413627
30, 19, -12.320418
30, 20, 18.025839
30, 22, -9.613413
30, 23, -0.302028
30, 25, 3.806319
30, 26, -34.985889
30, 28, -25.229646
30, 29, 1.027789
30, 30, 8.933259
30, 32, -1.812331
30, 33, -62.000000
30, 34, 5.997558
30, 35, 24.438031
30, 36, -3.786788
30, 37, 0.761633
30, 38, -19.841675
30, 39, -57.204833
30, 40, -1.291137
30, 41, -7.703618
30, 42, -5.763589
30, 43, 9.891082
30, 45, -41.065152
30, 47, 23.631820
30, 48, 8.850069
30, 50, -32.560174
31, 1, 10.916203
31, 2, -32.604329
31, 3, 31.096455
31, 4, -4.271126
31, 5, -17.011509
31, 6, -20.110093
31, 7, -50.023817
31, 8, 12.039976
31, 9, -47.815218
31, 10, 30.722060
31, 11, 63.984057
31, 12, 41.696004
31, 13, -14.803944
31, 14, 1.033713
31, 15, 12.822157
31, 16, 5.155784
31, 17, -6.261610
31, 18, 63.000000
31, 19, -13.223568
31, 20, 15.313520
31, 21, -4.232495
31, 22, -26.921118
31, 23, 20.262683
31, 24, -52.535835
31, 25, 4.643534
31, 26, -8.202767
31, 28, -1.678695
31, 29, 0.973359
31, 30, 13.749311
31, 32, -8.613633
31, 34, 30.275992
31, 35, 27.787888
31, 36, 15.352632
31, 37, 16.879500
31, 38, -16.317278
31, 39, -34.497347
31, 42, -30.218341
31, 43, 51.449270
31, 44, -85.000000
31, 45, -9.852662
31, 46, -35.374427
31, 47, 24.368180
31, 48, -20.666257
31, 50, -10.416289
32, 1, -17.506140
32, 2, -49.278324
32, 3, -2.560299
32, 4, -3.421893
32, 5, 29.447708
32, 6, 8.555499
32, 7, -43.587766
32, 8, 25.386796
32, 9, -31.578388
32, 10, 29.562338
32, 11, 69.678122
32, 12, 56.941517
32, 13, -4.444650
32, 14, 29.259933
32, 16, 11.214436
32, 17, 1.174972
32, 19, 1.409856
32, 20, 27.770714
32, 21, -9.577448
32, 22, -24.024187
32, 23, 12.134887
32, 24, -57.609838
32, 25, 11.763207
32, 26, -32.731615
32, 28, -20.689781
32, 29, 3.478488
32, 30, 7.265978
32, 33, -49.000000
32, 35, 18.284665
32, 36, -0.554892
32, 37, -10.581113
32, 38, -31.147549
32, 39, -65.597375
32, 40, 13.897920
32, 42, 1.734824
32, 46, -33.625573
32, 48, -5.279123
32, 49, 32.512631
32, 50, -30.602693
33, 1, -20.902921
33, 2, -34.348271
33, 3, 19.810962
33, 4, -3.935302
33, 6, -18.611124
33, 7, -47.420412
33, 8, 7.306168
33, 11, 47.791783
33, 12, 43.277294
33, 13, 4.538365
33, 14, -4.231881
33, 15, 55.000000
33, 16, 2.736032
33, 17, 7.835457
33, 18, -19.987506
33, 19, -8.322807
33, 20, 24.070768
33, 21, -11.238511
33, 22, -40.203913
33, 23, 39.129087
33, 24, -55.103331
33, 25, 10.033863
33, 26, -12.262655
33, 27, -19.206975
33, 28, 6.185291
33, 29, 4.773449
33, 32, 5.935110
33, 34, 11.000000
33, 35, 16.471291
33, 37, 1.735364
33, 38, -25.142201
33, 40, 0.138024
33, 42, -18.217924
33, 45, -11.617742
33, 47, -95.907955
33, 48, -24.327635
33, 49, 9.266316
33, 50, -4.140135
34, 1, -33.165179
34, 2, -44.405367
34, 3, -1.193884
34, 4, 1.816616
34, 6, 7.928152
34, 8, 28.234398
34, 9, -44.108517
34, 10, 15.120956
34, 11, 47.714674
34, 12, 46.306741
34, 13, 5.552645
34, 14, 27.501198
34, 16, 8.007013
34, 17, 17.639395
34, 18, -22.012494
34, 19, 5.542247
34, 20, 35.923122
34, 21, -26.534450
34, 23, 23.684282
34, 24, -60.803860
34, 26, -32.174859
34, 27, -35.418379
34, 28, -11.161368
34, 29, -0.531734
34, 30, 4.000000
34, 31, -13.257393
34, 32, -7.654438
34, 33, 20.502846
34, 35, 14.025484
34, 36, -8.270648
34, 37, -19.932184
34, 40, 11.935779
34, 41, 25.276135
34, 42, 6.614550
34, 43, -10.773180
34, 44, 46.172094
34, 45, 39.098830
34, 46, 85.000000
34, 47, -61.929884
34, 48, -18.711314
34, 49, 23.210882
34, 50, -31.317634
35, 1, -39.553860
35, 2, -30.999052
35, 3, 9.585638
35, 4, 10.346880
35, 7, -41.619326
35, 8, -1.098690
35, 9, -58.022678
35, 10, -12.384855
35, 11, 25.705456
35, 12, 37.619627
35, 13, 17.190186
35, 14, -2.790156
35, 17, 18.552712
35, 19, -6.461330
35, 21, -13.210243
35, 22, -48.881717
35, 23, 46.038737
35, 24, -57.356542
35, 25, -15.975566
35, 27, -10.207308
35, 28, 8.353100
35, 29, 7.530954
35, 32, 5.803535
35, 33, 22.497154
35, 34, -6.009438
35, 35, 3.986315
35, 36, 6.180953
35, 38, -7.544220
35, 40, -3.141971
35, 43, -25.466537
35, 44, 32.093130
35, 45, -17.687534
35, 48, -27.509851
35, 49, -1.800215
35, 50, -3.006253
36, 1, -27.954304
36, 2, -27.823920
36, 3, 0.660919
36, 4, 19.982268
36, 6, -93.000000
36, 7, -24.631528
36, 8, 26.106268
36, 9, -43.744600
36, 10, 5.476413
36, 11, 21.970078
36, 12, 25.609422
36, 18, -6.152854
36, 19, -3.238092
36, 20, -14.132791
36, 21, -30.672563
36, 22, -34.304768
36, 23, 23.665943
36, 25, -15.024434
36, 26, -65.125447
36, 27, -24.419291
36, 28, -8.498566
36, 29, -10.648640
36, 30, -9.539775
36, 31, 11.161998
36, 32, -10.861891
36, 34, -6.522098
36, 35, 18.519410
36, 36, 1.410307
36, 37, 0.000000
36, 38, 4.005077
36, 39, -2.295376
36, 40, -0.103293
36, 42, 9.318034
36, 43, -11.780950
36, 44, 48.279290
36, 45, 29.168686
36, 46, 48.368180
36, 49, 2.248912
36, 50, -31.448115
37, 1, -30.233117
37, 2, -19.375162
37, 4, 26.453361
37, 5, -13.000000
37, 8, -7.362635
37, 10, -23.262790
37, 11, 10.908926
37, 12, 21.974361
37, 13, -1.846939
37, 14, 14.066578
37, 16, -43.000000
37, 17, -37.046861
37, 18, -10.847146
37, 19, -10.676815
37, 20, -17.743465
37, 21, -8.432361
37, 22, -45.637366
37, 23, 39.787007
37, 24, 29.811583
37, 26, -28.919708
37, 27, -1.306348
37, 28, 2.279898
37, 29, 8.229509
37, 30, -10.460225
37, 31, 15.535058
37, 32, 2.643840
37, 33, 8.178397
37, 34, -8.807150
37, 35, -1.875740
37, 36, 26.744967
37, 38, -14.816672
37, 39, 23.354148
37, 40, -10.087993
37, 41, 99999.000000
37, 42, 8.206444
37, 44, 32.455814
37, 45, -18.364709
37, 46, -12.792842
37, 48, 11.086352
37, 49, -13.798545
37, 50, -4.011653
38, 1, -2.337781
38, 2, -5.082110
38, 4, 35.955967
38, 6, -1.194702
38, 8, 12.899414
38, 10, -18.785662
38, 12, 7.724064
38, 13, 15.018735
38, 14, -53.089880
38, 15, 28.420834
38, 17, -12.620474
38, 19, -13.267232
38, 20, -25.818213
38, 21, -21.052711
38, 22, -22.595408
38, 23, 5.716772
38, 24, 27.390055
38, 25, -24.748300
38, 26, -65.821926
38, 28, -12.605657
38, 29, -19.344739
38, 31, 13.373492
38, 32, -16.144541
38, 33, 3.821603
38, 34, -15.078801
38, 35, 26.208510
38, 36, 19.342064
38, 37, -10.550342
38, 38, -3.725705
38, 39, -8.496377
38, 40, -8.019769
38, 42, 0.518000
38, 43, 62.000000
38, 44, 51.093349
38, 45, 19.074113
38, 48, 6.913648
38, 49, -15.579349
39, 1, -3.602295
39, 2, -6.668242
39, 3, 64.583177
39, 4, 30.753707
39, 5, 17.458482
39, 6, 3.743810
39, 8, -8.148301
39, 9, 9.603145
39, 10, -37.262678
39, 12, 12.714037
39, 13, 12.081174
39, 14, 12.324395
39, 15, 21.487832
39, 16, -14.085931
39, 17, -31.940630
39, 18, 84.000000
39, 19, -15.394567
39, 20, -33.264720
39, 21, -6.218477
39, 22, -39.316158
39, 23, 22.386310
39, 24, 32.483757
39, 25, -30.738539
39, 26, -30.528740
39, 27, -31.644474
39, 28, -0.890700
39, 29, 0.676565
39, 30, 21.567185
39, 32, -0.623754
39, 34, -19.502595
39, 35, -3.998525
39, 36, 48.520939
39, 37, -14.938826
39, 38, -16.062201
39, 39, 1.281461
39, 41, -31.682272
39, 42, -5.298889
39, 44, 33.492174
39, 45, -4.368767
39, 49, -19.155466
40, 1, 22.585297
40, 2, 6.106465
40, 3, 74.380609
40, 4, 41.127497
40, 5, 24.609801
40, 6, -2.146485
40, 7, 10.418832
40, 8, -3.485299
40, 9, 26.980709
40, 10, -34.594642
40, 13, 22.246525
40, 14, -51.693402
40, 15, 22.283415
40, 16, 4.093198
40, 17, -7.007399
40, 19, -11.986870
40, 20, -43.428342
40, 21, -15.337797
40, 22, -11.847233
40, 23, -18.252564
40, 24, 31.214328
40, 27, -12.838958
40, 28, -17.408835
40, 29, -25.250758
40, 30, 58.990958
40, 31, -72.819106
40, 32, -17.295158
40, 33, -95.000000
40, 34, -28.694455
40, 35, 29.620579
40, 36, 35.716029
40, 37, -5.188696
40, 38, 2.776010
40, 39, -16.574674
40, 40, -3.115462
40, 41, -51.894504
40, 42, -9.432378
40, 43, -13.650562
40, 45, 20.384110
40, 47, -6.272998
40, 48, -8.700669
40, 50, 29.595446
41, 1, 11.534786
41, 2, -1.762564
41, 3, 63.827350
41, 4, 29.511628
41, 5, 18.498767
41, 7, 6.886112
41, 8, -3.583155
41, 9, 11.672353
41, 12, -2.098163
41, 13, 35.547336
41, 14, -2.319062
41, 15, 17.082512
41, 16, -14.027798
41, 17, -19.601913
41, 18, 48.142376
41, 19, -14.106503
41, 20, -42.868029
41, 22, -32.000248
41, 23, 3.509962
41, 26, 49.956824
41, 27, -30.003626
41, 28, -0.326307
41, 29, -11.967585
41, 30, 17.692025
41, 31, -69.292429
41, 32, 0.210753
41, 34, -28.620674
41, 35, -5.642544
41, 36, 58.606391
41, 37, -9.823000
41, 38, -4.850142
41, 39, -11.715626
41, 40, -16.437860
41, 41, -28.582772
41, 42, -11.946411
41, 43, -11.349438
41, 44, -6.203736
41, 45, 16.568088
41, 46, -23.417049
41, 47, -32.943615
41, 48, -1.179840
41, 49, 27.505264
41, 50, 26.404554
42, 2, -3.834192
42, 5, 24.206352
42, 6, -24.426595
42, 7, -11.063424
42, 8, -12.387938
42, 9, 26.343777
42, 12, -32.029881
42, 13, 23.184234
42, 14, -39.946942
42, 15, 18.249089
42, 16, 5.748566
42, 17, -2.653255
42, 18, 31.347579
42, 19, -7.007509
42, 22, -6.423065
42, 23, -27.385748
42, 24, 7.000000
42, 27, -8.144560
42, 28, -22.636400
42, 29, -28.552143
42, 30, 45.285804
42, 31, -68.631064
42, 32, -9.071162
42, 33, -53.315526
42, 35, 30.471395
42, 37, 6.161713
42, 38, 19.102406
42, 39, -16.311360
42, 40, -0.427484
42, 41, -49.228467
42, 42, 0.778548
42, 44, 34.480515
42, 45, 32.737679
42, 47, -6.217011
42, 48, -6.908973
42, 49, 29.887751
43, 1, 34.041033
43, 2, -5.645538
43, 3, 42.699431
43, 4, -16.847737
43, 5, 20.519034
43, 6, 17.081037
43, 7, -17.637246
43, 8, -4.332667
43, 9, 11.267531
43, 10, -13.513714
43, 11, 19.834097
43, 12, 9.652492
43, 13, 48.866593
43, 14, -20.479130
43, 15, 6.919163
43, 16, -11.112513
43, 17, -9.821355
43, 18, 46.016530
43, 20, 86.398861
43, 22, -25.436598
43, 23, 0.325351
43, 25, -53.618979
43, 27, -22.421423
43, 28, -3.000033
43, 30, 16.149562
43, 31, -59.640319
43, 32, 7.462679
43, 33, -0.615585
43, 34, -52.772734
43, 35, -3.560507
43, 36, -41.643821
43, 37, -3.243764
43, 38, 8.694971
43, 39, -11.093906
43, 40, -14.407652
43, 42, 0.796471
43, 43, -50.944951
43, 44, -2.734550
43, 45, 31.715048
43, 46, -59.000000
43, 48, 0.925546
43, 49, 15.213608
44, 1, 8.784620
44, 2, -22.613102
44, 3, 42.300569
44, 4, -7.191433
44, 6, -26.464807
44, 7, -20.080931
44, 8, -17.153203
44, 9, 18.634798
44, 10, 19.482085
44, 12, -16.837771
44, 13, 22.166071
44, 14, -16.122087
44, 15, 16.026483
44, 17, -8.227573
44, 18, 29.445943
44, 19, -88.000000
44, 20, 85.601139
44, 21, 33.800895
44, 22, -3.787726
44, 23, -14.686148
44, 24, -1.472719
44, 25, -27.622349
44, 27, 3.734937
44, 28, -25.756575
44, 29, 2.042622
44, 30, 27.328006
44, 31, -61.306293
44, 32, 3.460070
44, 33, -49.838552
44, 34, -55.227266
44, 35, 32.002516
44, 36, -41.211154
44, 37, 13.419638
44, 38, 26.970484
44, 40, -8.916440
44, 41, -1.609724
44, 42, 24.739618
44, 43, -30.264490
44, 44, 35.764693
44, 45, 40.882789
44, 47, -23.549061
44, 49, 14.475497
45, 1, 27.731167
45, 2, -12.393800
45, 4, -10.878069
45, 5, 32.049423
45, 6, 11.779448
45, 7, -33.730460
45, 8, -17.539821
45, 9, 6.246552
45, 10, -8.201581
45, 11, -0.818834
45, 12, 20.977408
45, 13, 46.634267
45, 14, -29.302294
45, 16, -40.386367
45, 17, -13.683819
45, 21, 8.838942
45, 22, -19.547706
45, 23, 16.115920
45, 24, 1.472719
45, 25, -51.308347
45, 26, 59.289410
45, 27, -1.727392
45, 28, -6.666021
45, 29, 4.957378
45, 30, 16.112695
45, 31, -50.887994
45, 32, 16.974477
45, 33, 21.548549
45, 35, 2.323178
45, 36, -36.616297
45, 37, -1.298735
45, 38, 16.345778
45, 40, -21.528938
45, 41, -14.419143
45, 42, 23.932155
45, 43, -44.312255
45, 44, 4.447854
45, 46, -38.177418
45, 47, 9.960212
45, 48, 58.263640
45, 49, 4.141914
46, 1, -11.101977
46, 2, -33.726003
46, 4, 7.386003
46, 5, 28.950577
46, 6, -26.189824
46, 7, -2.179958
46, 8, -22.001571
46, 9, 8.912649
46, 10, 28.732610
46, 11, -26.931801
46, 13, 26.006054
46, 14, 4.172159
46, 16, -41.613633
46, 17, -24.498604
46, 19, 7.908509
46, 20, 53.612943
46, 21, 16.094170
46, 22, -3.956557
46, 23, 6.604430
46, 25, -16.277176
46, 26, 52.656255
46, 27, 25.685432
46, 28, -23.943557
46, 30, 17.805484
46, 31, -57.897472
46, 32, 5.133035
46, 34, -27.178092
46, 35, 33.346315
46, 36, -36.086672
46, 37, 10.538241
46, 38, 22.331865
46, 40, -24.965174
46, 41, -0.715810
46, 42, 42.932648
46, 43, -7.020761
46, 44, 30.401618
46, 45, -73.000000
46, 46, -19.477245
46, 47, -13.325661
46, 48, 59.736360
46, 50, 2.422742
47, 1, 13.889969
47, 2, -15.988929
47, 3, 15.634100
47, 4, 10.341595
47, 6, -4.577739
47, 7, -25.608025
47, 8, -29.001838
47, 9, 5.307835
47, 10, 3.282239
47, 11, 7.304824
47, 12, 75.705678
47, 13, 35.324004
47, 17, -27.449569
47, 19, 3.091491
47, 20, 65.263055
47, 21, -15.195997
47, 22, -13.705473
47, 23, 32.731660
47, 24, -33.000000
47, 25, -35.649414
47, 27, 27.652120
47, 28, -7.377937
47, 29, 99999.000000
47, 31, -49.396144
47, 32, 17.608304
47, 34, -46.815940
47, 37, -3.099548
47, 38, 18.257484
47, 39, -14.671910
47, 40, -29.119024
47, 41, -13.757694
47, 42, 43.079105
47, 43, -25.041940
47, 44, 7.422652
47, 46, -38.884000
47, 47, 24.263175
47, 49, 18.827204
48, 1, -29.511213
48, 3, 10.232005
48, 4, 29.571254
48, 5, -10.828648
48, 6, -25.772027
48, 7, 22.436231
48, 8, -21.091039
48, 9, 5.307066
48, 10, 37.329088
48, 11, -15.128380
48, 13, 31.695526
48, 15, 26.693738
48, 16, -42.302654
48, 17, -38.861782
48, 20, 54.508738
48, 21, -3.089743
48, 22, -7.428803
48, 23, 17.166642
48, 25, 1.265483
48, 26, -92.000000
48, 27, 48.260015
48, 30, -49.107930
48, 32, -8.926262
48, 34, -27.952503
48, 35, -12.643760
48, 36, 7.232806
48, 37, 4.146523
48, 38, 16.516660
48, 39, -0.331293
48, 41, 8.187122
48, 42, 50.806264
48, 43, 21.876152
48, 44, 24.411133
48, 45, 26.891141
48, 46, -20.320710
48, 47, -3.254760
48, 48, -13.655276
48, 49, 32.588362
48, 50, 24.707019
49, 1, 1.674272
49, 3, 11.792217
49, 4, 33.118782
49, 5, -28.327900
49, 6, -24.547524
49, 7, -13.583312
49, 8, -27.220311
49, 9, 7.893443
49, 10, 13.409406
49, 11, 13.845199
49, 13, 26.711733
49, 16, -51.936750
49, 17, -37.423131
49, 18, -34.189783
49, 19, -32.098292
49, 21, -30.651296
49, 22, -9.174376
49, 24, -76.000000
49, 25, -14.816661
49, 27, 49.287948
49, 28, -15.852285
49, 29, 24.981813
49, 30, -62.578819
49, 31, 45.926697
49, 32, 8.455299
49, 33, 18.440183
49, 34, -50.423481
49, 35, -16.356240
49, 36, -10.899854
49, 37, -1.683649
49, 38, 19.049117
49, 39, -24.388201
49, 40, 22.730112
49, 41, -4.727414
49, 42, 53.232540
49, 43, -4.622397
49, 45, 38.033220
49, 48, -34.654206
49, 49, 17.239090
49, 50, 35.936750
50, 1, -34.956920
50, 3, 6.304570
50, 4, 41.384268
50, 5, -8.673141
50, 6, -28.475614
50, 8, -16.390455
50, 10, 40.951085
50, 13, 34.700118
50, 14, -49.889768
50, 15, 61.000000
50, 16, -41.406859
50, 17, -43.267919
50, 18, -37.810217
50, 19, -30.901708
50, 20, 4.000000
50, 22, -9.218068
50, 23, 75.000000
50, 25, 11.658264
50, 26, 68.000000
50, 27, 57.803729
50, 28, -20.147715
50, 29, 23.018187
50, 30, -48.044173
50, 31, 43.073303
50, 32, -20.031602
50, 33, -3.086352
50, 34, -31.697069
50, 36, 2.893798
50, 37, 3.801072
50, 39, -9.625528
50, 40, 22.269888
50, 41, 17.154947
50, 42, 53.603429
50, 43, 35.454294
50, 44, -53.000000
50, 45, 24.343723
50, 46, -72.000000
50, 47, -8.000000
50, 48, -16.258681
50, 49, 30.903289
50, 50, 27.002494
