1, 1, 33.000000
1, 3, -11.904000
1, 4, 49.416000
1, 6, 46.800000
1, 7, 5.344000
1, 8, 30.672000
1, 9, -23.816000
1, 10, -19.000000
1, 11, 4.368000
1, 12, 99999.000000
1, 13, -86.000000
1, 14, -61.712000
1, 15, -38.000000
1, 16, 15.480000
1, 18, -85.000000
1, 19, -38.352000
1, 20, -37.304000
1, 21, 25.304000
1, 22, 11.168000
1, 23, 68.696000
1, 24, 21.408000
1, 25, -82.192000
1, 26, 99999.000000
1, 27, 62.000000
1, 28, -2.824000
1, 29, -41.000000
1, 30, -40.520000
1, 32, -12.768000
1, 33, -35.192000
1, 34, -15.656000
1, 35, -34.296000
1, 37, -82.000000
1, 38, -87.000000
1, 39, 82.000000
1, 40, 13.992000
1, 41, 17.744000
1, 42, -31.672000
1, 43, -34.208000
1, 45, -20.720000
1, 46, -81.000000
1, 47, -58.040000
1, 49, 45.000000
1, 50, 18.952000
2, 2, 45.408000
2, 3, -5.200000
2, 4, 56.792000
2, 5, -9.832000
2, 6, 34.840000
2, 7, 22.472000
2, 8, 38.328000
2, 9, -2.304000
2, 11, 22.984000
2, 14, -54.288000
2, 16, 1.160000
2, 17, -34.000000
2, 18, -92.392000
2, 19, -68.600000
2, 20, -46.000000
2, 21, -11.512000
2, 22, 9.768000
2, 23, 5.616000
2, 24, 6.816000
2, 25, -36.584000
2, 26, -26.328000
2, 28, 17.368000
2, 30, -42.592000
2, 31, 28.800000
2, 32, -31.072000
2, 33, -56.680000
2, 34, -10.272000
2, 35, -39.488000
2, 36, -71.776000
2, 40, 2.152000
2, 41, 26.672000
2, 42, 0.704000
2, 43, 1.024000
2, 44, -0.640000
2, 45, 21.400000
2, 47, -36.496000
2, 48, -0.512000
2, 50, 22.408000
3, 1, -37.832000
3, 2, 50.032000
3, 3, -30.216000
3, 4, 14.016000
3, 5, -44.448000
3, 6, 16.616000
3, 7, 8.224000
3, 9, -6.008000
3, 11, 20.440000
3, 12, 38.248000
3, 13, 99999.000000
3, 15, -21.592000
3, 16, 42.480000
3, 17, -13.864000
3, 18, 99999.000000
3, 19, -9.352000
3, 20, 13.640000
3, 21, -29.288000
3, 22, -42.832000
3, 23, 33.680000
3, 24, -24.560000
3, 25, -59.424000
3, 26, 7.352000
3, 27, -26.936000
3, 28, 11.216000
3, 29, 51.584000
3, 30, -30.800000
3, 31, 6.176000
3, 32, -36.000000
3, 33, -55.632000
3, 34, -11.896000
3, 35, 2.448000
3, 36, -69.224000
3, 37, -79.000000
3, 38, 52.520000
3, 39, 29.856000
3, 40, -11.576000
3, 41, 11.624000
3, 42, -23.752000
3, 43, -26.288000
3, 44, 32.408000
3, 45, 1.864000
3, 47, -34.488000
3, 48, -15.176000
3, 49, -38.488000
3, 50, 34.720000
4, 1, -36.496000
4, 2, 10.576000
4, 3, -28.880000
4, 4, 2.664000
4, 5, -29.088000
4, 6, -17.792000
4, 8, -65.192000
4, 9, -5.464000
4, 10, -95.000000
4, 11, 23.432000
4, 12, 37.464000
4, 14, 0.736000
4, 15, -30.408000
4, 16, 99999.000000
4, 17, -53.080000
4, 18, 97.000000
4, 19, -45.120000
4, 20, -9.608000
4, 21, -43.224000
4, 22, -35.512000
4, 23, -23.040000
4, 24, 4.200000
4, 25, 4.232000
4, 26, -45.384000
4, 27, -27.976000
4, 29, 36.352000
4, 30, -21.152000
4, 31, -8.728000
4, 32, -18.768000
4, 33, -67.704000
4, 34, -21.816000
4, 35, 1.344000
4, 38, 30.480000
4, 39, 16.240000
4, 40, -32.696000
4, 43, -22.632000
4, 44, -35.656000
4, 45, 43.864000
4, 46, 99999.000000
4, 47, 16.920000
4, 48, -15.632000
4, 49, -21.840000
4, 50, 12.920000
5, 1, -40.744000
5, 2, 52.480000
5, 3, -46.328000
5, 4, -43.528000
5, 5, -66.680000
5, 6, -24.168000
5, 7, 37.632000
5, 8, -19.112000
5, 9, -38.648000
5, 11, 25.888000
5, 12, 22.768000
5, 13, 10.248000
5, 14, 23.776000
5, 16, -47.080000
5, 17, 25.792000
5, 18, 99999.000000
5, 19, -41.736000
5, 21, -29.600000
5, 22, 99999.000000
5, 23, -15.744000
5, 24, 0.824000
5, 25, -18.016000
5, 26, -51.584000
5, 27, 8.304000
5, 28, -64.000000
5, 29, 66.704000
5, 30, 99999.000000
5, 31, -11.376000
5, 32, -15.904000
5, 33, -65.040000
5, 34, -14.240000
5, 35, 32.344000
5, 36, 43.792000
5, 39, -20.464000
5, 40, 5.336000
5, 41, 70.840000
5, 43, -50.720000
5, 44, 32.864000
5, 45, 14.072000
5, 46, -92.000000
5, 47, 12.272000
5, 49, -45.000000
5, 50, 21.488000
6, 1, -30.976000
6, 2, -39.760000
6, 3, -24.944000
6, 5, -57.752000
6, 6, -43.600000
6, 7, 33.176000
6, 8, -61.712000
6, 9, 99999.000000
6, 10, 6.936000
6, 11, 6.912000
6, 13, 26.512000
6, 14, 28.312000
6, 15, 99999.000000
6, 16, -10.360000
6, 17, 99999.000000
6, 18, 39.376000
6, 19, -14.544000
6, 20, -38.136000
6, 21, -26.520000
6, 22, 71.632000
6, 23, -5.824000
6, 24, 51.472000
6, 25, 6.312000
6, 26, -29.968000
6, 27, -3.904000
6, 28, 99999.000000
6, 30, -23.000000
6, 31, -5.944000
6, 32, 6.648000
6, 33, -37.240000
6, 34, -32.576000
6, 35, 16.704000
6, 36, 34.728000
6, 38, -25.200000
6, 39, -12.712000
6, 40, -40.912000
6, 41, 64.024000
6, 42, -64.832000
6, 43, -60.576000
6, 44, -50.392000
6, 47, 26.352000
6, 49, -46.440000
7, 1, 7.992000
7, 2, 99999.000000
7, 3, -26.120000
7, 4, -6.768000
7, 6, -36.904000
7, 7, -22.488000
7, 8, -19.016000
7, 9, 10.032000
7, 10, 16.256000
7, 11, -15.472000
7, 12, 27.184000
7, 13, -25.632000
7, 14, 30.896000
7, 15, 43.000000
7, 16, -13.768000
7, 17, -66.000000
7, 18, -29.000000
7, 19, -64.928000
7, 20, -35.968000
7, 21, -27.032000
7, 22, 5.560000
7, 23, -38.408000
7, 25, 26.288000
7, 26, -63.912000
7, 27, 29.928000
7, 28, -52.000000
7, 29, 0.232000
7, 31, 30.264000
7, 32, 20.344000
7, 33, -22.056000
7, 34, -0.272000
7, 35, 27.336000
7, 36, 44.768000
7, 38, -10.400000
7, 39, -34.104000
7, 40, 4.288000
7, 41, 37.360000
7, 42, -20.776000
7, 43, -50.744000
7, 44, -6.696000
7, 46, -8.664000
7, 47, 23.824000
7, 50, 16.392000
8, 1, 21.584000
8, 4, -36.232000
8, 5, -23.496000
8, 6, -31.144000
8, 8, -52.864000
8, 9, -74.816000
8, 10, -25.920000
8, 11, -30.320000
8, 12, -12.968000
8, 13, -4.752000
8, 14, 40.752000
8, 16, -40.480000
8, 19, -3.752000
8, 20, 24.576000
8, 21, -26.880000
8, 22, 61.320000
8, 23, 8.008000
8, 24, -2.000000
8, 25, -5.912000
8, 26, -1.632000
8, 27, 12.072000
8, 29, -19.136000
8, 30, -42.600000
8, 32, -1.056000
8, 33, -15.360000
8, 34, -37.672000
8, 35, -18.304000
8, 36, -0.576000
8, 37, -53.952000
8, 38, -30.456000
8, 39, -3.408000
8, 41, -0.600000
8, 42, -58.712000
8, 43, 99999.000000
8, 44, -67.736000
8, 45, -35.000000
8, 46, 11.872000
8, 47, 7.200000
8, 48, 17.080000
8, 49, 14.000000
8, 50, 27.320000
9, 3, -24.424000
9, 5, -3.096000
9, 6, -6.288000
9, 8, -9.752000
9, 9, -17.360000
9, 10, 2.888000
9, 11, -64.408000
9, 12, 25.024000
9, 13, -12.296000
9, 14, 22.816000
9, 15, 23.000000
9, 16, -23.416000
9, 17, 60.000000
9, 18, -12.000000
9, 19, -65.592000
9, 20, -1.952000
9, 21, -50.784000
9, 22, -3.632000
9, 23, -30.416000
9, 25, 16.560000
9, 26, -56.232000
9, 27, -1.888000
9, 29, -9.304000
9, 30, -4.840000
9, 31, -68.000000
9, 32, 24.056000
9, 33, 21.792000
9, 34, 28.752000
9, 35, -14.048000
9, 36, 0.560000
9, 37, 0.688000
9, 38, -26.688000
9, 39, -26.784000
9, 40, -60.864000
9, 41, -21.656000
9, 43, -12.752000
9, 44, -61.304000
9, 45, -7.848000
9, 46, 24.984000
9, 47, -11.072000
9, 48, 16.880000
9, 50, -13.896000
10, 1, -0.400000
10, 2, -31.672000
10, 3, -12.136000
10, 4, -53.824000
10, 5, 12.816000
10, 6, 27.232000
10, 7, 3.328000
10, 8, -35.824000
10, 9, -49.552000
10, 10, -29.112000
10, 13, 10.144000
10, 14, 26.312000
10, 16, -32.720000
10, 18, 99999.000000
10, 19, -28.152000
10, 20, 13.480000
10, 21, -32.616000
10, 22, 40.048000
10, 23, -0.856000
10, 24, -33.520000
10, 25, -43.944000
10, 26, -22.544000
10, 27, -0.696000
10, 29, -46.080000
10, 30, -11.800000
10, 32, 1.656000
10, 33, -2.064000
10, 34, -21.952000
10, 35, -32.080000
10, 36, -46.032000
10, 37, -50.896000
10, 38, -41.352000
10, 40, -22.016000
10, 41, -55.704000
10, 42, -46.056000
10, 43, 47.000000
10, 45, 28.192000
10, 46, 13.208000
10, 47, 2.984000
10, 48, 6.464000
10, 49, -36.760000
10, 50, 16.592000
11, 1, 44.296000
11, 2, -31.464000
11, 3, -17.088000
11, 4, 16.288000
11, 5, 31.720000
11, 6, 55.752000
11, 7, -11.792000
11, 8, -11.984000
11, 9, 24.256000
11, 10, -21.096000
11, 11, -44.256000
11, 12, -16.000000
11, 13, 25.616000
11, 14, 16.304000
11, 15, 0.000000
11, 16, -8.024000
11, 17, -29.112000
11, 20, -25.296000
11, 21, -63.128000
11, 22, -11.968000
11, 23, -44.816000
11, 24, -21.240000
11, 25, -20.760000
11, 26, -50.240000
11, 27, 6.080000
11, 28, 10.080000
11, 30, 6.512000
11, 32, 18.960000
11, 33, 43.392000
11, 34, 45.664000
11, 35, -6.040000
11, 36, -45.832000
11, 37, -9.640000
11, 38, -16.640000
11, 39, 12.272000
11, 40, -7.792000
11, 41, -7.496000
11, 42, -49.928000
11, 44, 51.696000
11, 45, 25.696000
11, 46, -0.088000
11, 47, 9.824000
11, 48, -28.512000
11, 49, 14.264000
11, 50, -3.240000
12, 1, 12.696000
12, 2, -30.872000
12, 3, -16.200000
12, 4, -32.712000
12, 6, 74.408000
12, 7, 31.240000
12, 8, 4.848000
12, 9, -1.152000
12, 10, -19.440000
12, 11, -23.976000
12, 13, 28.056000
12, 14, 4.184000
12, 15, 13.552000
12, 16, 12.280000
12, 17, -25.880000
12, 18, 1.832000
12, 19, -27.720000
12, 20, -20.144000
12, 21, -31.352000
12, 22, 23.664000
12, 23, -31.072000
12, 24, 11.400000
12, 25, -66.416000
12, 26, -16.120000
12, 27, 32.152000
12, 28, 8.920000
12, 29, 80.000000
12, 31, 27.664000
12, 32, 4.840000
12, 33, 45.624000
12, 37, -62.768000
12, 38, -24.616000
12, 39, -15.072000
12, 40, 40.528000
12, 41, -49.512000
12, 42, -62.976000
12, 43, 37.448000
12, 44, 20.624000
12, 45, 45.216000
12, 46, -6.632000
12, 47, 41.136000
12, 48, -6.488000
12, 49, 13.256000
13, 1, 49.296000
13, 2, -53.648000
13, 3, -14.424000
13, 4, 28.592000
13, 5, 50.456000
13, 6, 50.984000
13, 7, -18.328000
13, 8, 32.304000
13, 9, 46.664000
13, 11, -19.008000
13, 12, 99999.000000
13, 14, -20.808000
13, 15, 99999.000000
13, 16, 20.552000
13, 17, 1.440000
13, 18, -8.912000
13, 19, -23.848000
13, 20, -9.712000
13, 21, -56.536000
13, 22, 16.400000
13, 23, -35.712000
13, 24, 9.568000
13, 25, -64.088000
13, 26, -13.480000
13, 27, 24.240000
13, 30, -37.872000
13, 31, 9.336000
13, 32, -2.104000
13, 34, -22.024000
13, 35, -61.816000
13, 36, -45.392000
13, 37, -20.256000
13, 38, -16.104000
13, 39, -12.544000
13, 40, 42.056000
13, 41, 23.168000
13, 43, 11.552000
13, 44, 12.296000
13, 46, -40.672000
13, 48, -51.912000
13, 49, 50.544000
13, 50, 49.376000
14, 1, -23.648000
14, 2, -40.600000
14, 3, -46.696000
14, 4, -5.256000
14, 5, 12.944000
14, 6, 30.816000
14, 7, -7.944000
14, 8, 57.728000
14, 9, 24.416000
14, 10, 33.592000
14, 11, -9.376000
14, 12, 27.976000
14, 13, -40.912000
14, 14, 6.680000
14, 16, 99999.000000
14, 17, 14.464000
14, 18, -8.368000
14, 19, 22.968000
14, 20, -6.984000
14, 21, -48.064000
14, 22, 40.040000
14, 23, -13.272000
14, 24, 2.280000
14, 25, -48.808000
14, 26, 27.336000
14, 27, 53.800000
14, 28, -26.960000
14, 30, -59.296000
14, 32, -5.680000
14, 33, -31.144000
14, 34, 16.024000
14, 35, -57.640000
14, 36, -42.608000
14, 37, -56.656000
14, 38, 14.160000
14, 39, -3.920000
14, 40, 71.760000
14, 41, -36.560000
14, 42, 99999.000000
14, 43, 1.744000
14, 44, -35.232000
14, 46, -48.560000
14, 47, 6.072000
14, 48, -42.816000
14, 50, 20.144000
15, 1, 10.648000
15, 2, -72.752000
15, 3, -36.920000
15, 4, 8.736000
15, 5, 48.576000
15, 6, -20.208000
15, 7, -43.128000
15, 9, 34.912000
15, 10, -2.736000
15, 11, -17.616000
15, 12, -22.152000
15, 13, 20.736000
15, 14, -50.840000
15, 15, 99999.000000
15, 16, 5.424000
15, 18, -3.608000
15, 19, 22.624000
15, 20, -7.832000
15, 21, 99999.000000
15, 22, 40.712000
15, 23, 7.288000
15, 24, -23.720000
15, 25, -66.608000
15, 26, 20.664000
15, 27, 38.704000
15, 28, -16.240000
15, 29, 66.024000
15, 30, -21.472000
15, 31, -84.000000
15, 32, -7.696000
15, 33, -52.256000
15, 35, -25.752000
15, 37, -33.936000
15, 38, -15.304000
15, 39, -11.744000
15, 40, 50.328000
15, 41, 6.536000
15, 42, 40.000000
15, 43, -34.128000
15, 45, -4.424000
15, 46, -43.304000
15, 47, -3.992000
15, 49, 29.408000
15, 50, 14.376000
16, 1, -22.720000
16, 2, -67.080000
16, 3, -51.480000
16, 4, 37.656000
16, 5, 36.536000
16, 6, -33.864000
16, 7, -56.528000
16, 8, -12.688000
16, 10, 53.792000
16, 11, -38.576000
16, 12, 27.312000
16, 13, -9.304000
16, 14, -31.280000
16, 15, -56.456000
16, 16, -8.032000
16, 17, 63.360000
16, 20, -22.736000
16, 21, 46.752000
16, 22, 31.408000
16, 23, 24.024000
16, 24, -30.960000
16, 25, -6.352000
16, 26, 8.336000
16, 27, 57.304000
16, 28, -4.760000
16, 29, 11.816000
16, 30, -60.016000
16, 32, 7.368000
16, 33, -49.824000
16, 34, 2.000000
16, 35, 7.360000
16, 36, 66.000000
16, 38, 57.800000
16, 40, 78.248000
16, 41, -30.328000
16, 43, -55.504000
16, 44, 30.592000
16, 45, -35.904000
16, 46, -48.168000
16, 47, 15.144000
16, 48, -45.424000
16, 49, -8.464000
16, 50, -1.296000
17, 1, 0.528000
17, 2, -65.048000
17, 4, 31.016000
17, 5, 68.656000
17, 6, -17.744000
17, 7, -25.816000
17, 8, -11.144000
17, 9, -49.272000
17, 10, 5.976000
17, 11, -25.160000
17, 12, -3.328000
17, 13, 24.184000
17, 14, -71.680000
17, 15, 9.256000
17, 16, 9.856000
17, 17, 43.640000
17, 18, 37.680000
17, 19, 86.000000
17, 20, -24.824000
17, 21, 31.728000
17, 22, 0.584000
17, 23, 23.712000
17, 25, -40.032000
17, 26, 8.256000
17, 27, 43.632000
17, 28, -31.440000
17, 29, 32.656000
17, 30, -21.704000
17, 31, 99999.000000
17, 32, -34.464000
17, 33, -60.192000
17, 35, 45.600000
17, 38, 21.552000
17, 39, 41.824000
17, 42, -23.440000
17, 43, -61.592000
17, 44, 48.616000
17, 45, -18.648000
17, 46, -5.824000
17, 47, -31.912000
17, 48, -5.384000
17, 49, 16.976000
17, 50, -0.232000
18, 1, 37.696000
18, 2, -62.152000
18, 3, -73.000000
18, 4, 32.968000
18, 5, 44.360000
18, 6, -15.816000
18, 7, -34.384000
18, 8, -5.672000
18, 9, -23.336000
18, 10, 46.768000
18, 12, 11.760000
18, 13, 0.520000
18, 14, -66.128000
18, 15, -45.784000
18, 16, 9.760000
18, 18, -9.376000
18, 20, 6.584000
18, 21, 2.944000
18, 22, -25.616000
18, 24, -20.080000
18, 25, -22.088000
18, 26, -13.408000
18, 27, 34.984000
18, 29, 13.400000
18, 30, 99999.000000
18, 32, -23.600000
18, 34, 23.000000
18, 35, 63.192000
18, 36, 23.240000
18, 37, 73.000000
18, 38, 50.736000
18, 39, 59.952000
18, 40, 0.936000
18, 41, 41.408000
18, 42, 20.816000
18, 44, 16.912000
18, 45, -39.888000
18, 46, -21.784000
18, 47, -17.560000
18, 48, -13.176000
18, 49, -18.048000
18, 50, 7.848000
19, 1, 43.288000
19, 2, -37.064000
19, 4, 30.112000
19, 5, 63.184000
19, 6, 10.528000
19, 7, 2.176000
19, 8, -19.464000
19, 9, -3.912000
19, 10, -14.896000
19, 11, -12.600000
19, 13, -17.216000
19, 14, -67.728000
19, 15, -45.328000
19, 16, -11.912000
19, 17, -79.960000
19, 18, 10.120000
19, 19, -44.960000
19, 20, 23.832000
19, 21, -14.768000
19, 22, -53.176000
19, 23, 7.424000
19, 24, -47.920000
19, 25, -21.048000
19, 26, 23.552000
19, 27, 21.616000
19, 28, 11.144000
19, 29, 12.360000
19, 30, -52.744000
19, 31, -90.000000
19, 33, 15.736000
19, 35, 78.240000
19, 36, 19.760000
19, 38, 14.560000
19, 39, -2.720000
19, 40, -15.840000
19, 41, 21.520000
19, 42, 5.480000
19, 45, 2.520000
19, 46, -22.632000
19, 48, 34.072000
19, 49, 13.312000
19, 50, -9.736000
20, 1, 75.776000
20, 3, 62.000000
20, 4, 1.376000
20, 5, 21.912000
20, 6, -2.376000
20, 8, -19.736000
20, 10, 10.800000
20, 11, -18.192000
20, 15, -20.688000
20, 16, 17.456000
20, 17, -67.376000
20, 18, -16.208000
20, 19, -44.384000
20, 20, 32.408000
20, 21, -27.400000
20, 23, -13.272000
20, 25, -24.272000
20, 27, 17.536000
20, 28, 26.192000
20, 29, 34.768000
20, 30, -78.000000
20, 33, -12.464000
20, 34, 52.528000
20, 37, -28.568000
20, 39, 11.904000
20, 40, 35.624000
20, 41, 14.840000
20, 42, 30.032000
20, 43, 63.000000
20, 44, 25.904000
20, 46, -25.320000
20, 47, 57.216000
20, 49, -12.872000
20, 50, -13.480000
21, 2, 66.000000
21, 4, 23.440000
21, 5, 37.048000
21, 6, -24.144000
21, 7, -37.880000
21, 8, -54.552000
21, 11, -31.616000
21, 12, -65.688000
21, 13, -67.512000
21, 14, -16.200000
21, 15, -53.576000
21, 16, -31.400000
21, 17, -51.984000
21, 18, 19.080000
21, 19, 9.136000
21, 20, 21.144000
21, 21, -41.504000
21, 23, 17.928000
21, 25, 5.768000
21, 28, -30.184000
21, 31, 16.040000
21, 32, -13.000000
21, 33, 8.872000
21, 34, 33.024000
21, 35, -5.184000
21, 36, -53.920000
21, 37, -46.432000
21, 38, 8.184000
21, 39, -32.856000
21, 40, 4.384000
21, 41, 23.104000
21, 42, -2.680000
21, 43, 77.784000
21, 44, 2.920000
21, 45, 23.520000
21, 46, -39.672000
21, 47, 10.216000
21, 48, -49.568000
21, 49, 5.984000
21, 50, -42.336000
22, 1, -96.000000
22, 2, 99999.000000
22, 3, 41.576000
22, 4, 25.056000
22, 5, -6.264000
22, 6, -17.440000
22, 7, -30.840000
22, 10, -27.824000
22, 11, -6.120000
22, 12, -36.680000
22, 13, -48.488000
22, 14, 8.296000
22, 15, -13.888000
22, 16, 18.032000
22, 17, -44.832000
22, 18, -14.864000
22, 19, 15.760000
22, 20, 13.848000
22, 21, 13.400000
22, 22, 81.080000
22, 23, -26.344000
22, 24, -73.832000
22, 25, 1.144000
22, 26, 52.992000
22, 28, -2.688000
22, 31, 11.272000
22, 33, -1.456000
22, 34, 13.088000
22, 35, -30.096000
22, 36, -15.872000
22, 38, -6.656000
22, 39, -10.760000
22, 40, 16.336000
22, 42, -19.368000
22, 43, 99999.000000
22, 44, -20.712000
22, 45, 11.608000
22, 46, -19.088000
22, 47, 20.416000
22, 48, -2.424000
22, 49, -27.016000
22, 50, -39.648000
23, 3, 29.696000
23, 4, 23.728000
23, 5, -33.504000
23, 6, -50.936000
23, 7, 8.128000
23, 8, -4.256000
23, 9, 29.944000
23, 10, -16.280000
23, 11, -24.040000
23, 12, -32.560000
23, 14, -8.696000
23, 16, -38.120000
23, 17, -22.312000
23, 18, 10.960000
23, 19, 65.760000
23, 20, 1.280000
23, 21, 6.560000
23, 22, 79.920000
23, 23, 5.240000
23, 24, -26.920000
23, 25, 17.880000
23, 26, 54.416000
23, 28, -48.072000
23, 30, 37.056000
23, 31, -3.664000
23, 32, 91.000000
23, 33, 50.832000
23, 34, -10.104000
23, 35, 37.816000
23, 36, -46.600000
23, 37, 76.000000
23, 38, 0.856000
23, 39, 12.112000
23, 40, -14.536000
23, 41, -12.792000
23, 42, -29.136000
23, 43, -35.944000
23, 44, -33.160000
23, 45, -16.448000
23, 46, 10.416000
23, 47, 15.136000
23, 48, -28.688000
23, 49, 4.152000
24, 1, 15.816000
24, 2, -73.000000
24, 3, -1.792000
24, 4, 60.072000
24, 5, -62.320000
24, 6, -48.032000
24, 7, 12.728000
24, 8, 12.368000
24, 9, -11.720000
24, 10, -0.416000
24, 11, -0.216000
24, 12, -10.936000
24, 13, 33.000000
24, 14, 35.520000
24, 15, 21.120000
24, 16, -15.656000
24, 17, -35.224000
24, 19, 57.352000
24, 20, 46.320000
24, 21, 52.344000
24, 24, -69.672000
24, 26, 35.712000
24, 27, -56.248000
24, 28, -33.480000
24, 29, -54.936000
24, 30, 12.368000
24, 31, 3.560000
24, 33, 20.544000
24, 34, -38.584000
24, 35, -2.848000
24, 36, -34.328000
24, 37, 99999.000000
24, 38, 2.272000
24, 39, 30.728000
24, 40, -11.088000
24, 41, 36.504000
24, 42, -38.096000
24, 43, 42.752000
24, 44, -34.360000
24, 45, -15.848000
24, 46, 27.624000
24, 47, 13.872000
24, 49, -23.552000
24, 50, -62.000000
25, 1, 15.536000
25, 3, -14.776000
25, 4, 38.288000
25, 5, -77.280000
25, 7, 10.384000
25, 8, 20.952000
25, 9, 8.944000
25, 10, 27.008000
25, 11, -32.256000
25, 12, -12.616000
25, 15, -23.040000
25, 16, -65.360000
25, 17, -20.120000
25, 18, 14.000000
25, 20, 39.312000
25, 21, 33.488000
25, 22, -20.144000
25, 24, -12.816000
25, 25, 25.000000
25, 27, -36.968000
25, 28, -53.824000
25, 29, -26.536000
25, 30, 25.848000
25, 31, -26.304000
25, 33, 36.976000
25, 34, 99999.000000
25, 35, 50.504000
25, 36, -22.096000
25, 38, 14.024000
25, 39, 9.032000
25, 40, -3.128000
25, 41, 29.056000
25, 42, -30.184000
25, 43, -36.424000
25, 44, -26.112000
25, 46, 51.624000
25, 47, 37.392000
25, 48, -11.016000
26, 1, 4.584000
26, 2, -55.872000
26, 3, 5.480000
26, 4, 68.912000
26, 6, 27.832000
26, 8, 21.800000
26, 9, -11.240000
26, 10, -13.520000
26, 11, -3.816000
26, 12, -30.536000
26, 13, 47.112000
26, 14, -44.616000
26, 15, 22.880000
26, 17, 6.696000
26, 19, -57.104000
26, 20, 52.904000
26, 21, 11.464000
26, 22, 26.048000
26, 23, -34.504000
26, 24, -71.992000
26, 26, -24.224000
26, 27, 15.000000
26, 28, -29.368000
26, 29, -63.368000
26, 30, -11.144000
26, 31, -34.216000
26, 32, -44.000000
26, 33, -6.896000
26, 34, 51.048000
26, 35, 26.952000
26, 36, -32.600000
26, 39, 34.344000
26, 41, 71.144000
26, 42, -15.872000
26, 43, 43.600000
26, 44, -29.160000
26, 47, 27.024000
26, 48, -1.816000
26, 49, 38.000000
26, 50, -40.440000
27, 1, 10.288000
27, 2, -46.128000
27, 3, 29.432000
27, 4, 49.072000
27, 5, -26.096000
27, 6, 41.376000
27, 7, 1.416000
27, 9, -25.848000
27, 10, 25.184000
27, 12, -14.624000
27, 13, 62.888000
27, 14, -13.488000
27, 15, -23.592000
27, 16, -52.512000
27, 17, 10.272000
27, 18, 13.808000
27, 19, -35.384000
27, 20, 22.128000
27, 21, 1.960000
27, 22, 14.080000
27, 23, -19.224000
27, 24, -42.784000
27, 25, -56.000000
27, 26, -16.056000
27, 27, 18.032000
27, 28, -45.536000
27, 29, -25.696000
27, 30, 14.216000
27, 31, -20.776000
27, 32, -51.392000
27, 33, 14.280000
27, 34, -13.312000
27, 35, 15.192000
27, 36, 9.624000
27, 37, -8.096000
27, 38, -0.336000
27, 39, -29.376000
27, 40, -23.408000
27, 42, -14.824000
27, 43, -33.472000
27, 44, 3.432000
27, 45, -23.440000
27, 46, 20.600000
27, 47, 13.328000
27, 48, 24.880000
27, 50, -42.256000
28, 3, 58.432000
28, 5, -17.584000
28, 6, 16.488000
28, 7, 8.328000
28, 8, -7.768000
28, 9, -14.608000
28, 12, -24.728000
28, 14, -64.056000
28, 16, -43.528000
28, 17, 60.520000
28, 18, 19.464000
28, 19, -20.344000
28, 20, 3.256000
28, 21, -23.472000
28, 22, 41.656000
28, 23, -16.408000
28, 24, -76.864000
28, 26, -24.216000
28, 27, 25.056000
28, 28, -17.896000
28, 29, -74.128000
28, 30, -10.424000
28, 31, -63.504000
28, 32, 99999.000000
28, 33, 27.208000
28, 34, 29.208000
28, 35, 20.632000
28, 36, -4.408000
28, 37, 28.096000
28, 38, 11.688000
28, 39, 8.168000
28, 40, -6.456000
28, 41, -34.624000
28, 42, -30.048000
28, 43, 33.328000
28, 44, 0.848000
28, 45, 4.712000
28, 46, -22.280000
28, 47, -4.432000
28, 48, -24.928000
28, 49, -82.392000
28, 50, -4.512000
29, 1, 37.200000
29, 5, 35.936000
29, 6, 34.120000
29, 7, 39.216000
29, 8, -37.232000
29, 9, -25.600000
29, 10, -4.168000
29, 11, 80.976000
29, 13, 99999.000000
29, 15, 99999.000000
29, 16, -9.992000
29, 18, -25.792000
29, 19, -19.392000
29, 20, -2.752000
29, 21, 7.856000
29, 22, 16.696000
29, 23, 1.992000
29, 24, -69.864000
29, 25, -3.656000
29, 26, -52.664000
29, 27, -10.336000
29, 30, 6.496000
29, 31, -37.688000
29, 32, -6.056000
29, 34, -4.152000
29, 35, 25.288000
29, 36, -8.216000
29, 38, -9.112000
29, 39, -58.088000
29, 40, 20.856000
29, 41, 10.888000
29, 42, -3.552000
29, 43, -8.264000
29, 44, 12.688000
29, 45, -40.384000
29, 46, -8.920000
29, 48, 22.704000
29, 49, -79.608000
29, 50, -27.360000
30, 1, 45.648000
30, 2, -26.816000
30, 3, 50.048000
30, 4, 21.368000
30, 5, -10.896000
30, 6, -38.568000
30, 9, -42.680000
30, 10, 18.152000
30, 11, 75.456000
30, 12, 38.712000
30, 13, -44.440000
30, 14, 32.600000
30, 15, 14.936000
30, 16, 29.072000
30, 17, -20.904000
30, 19, -5.032000
30, 20, 4.928000
30, 22, -17.992000
30, 23, 0.848000
30, 25, 0.920000
30, 26, 2.080000
30, 28, -16.560000
30, 29, -10.208000
30, 30, 23.512000
30, 32, -12.640000
30, 33, -62.000000
30, 34, 22.448000
30, 35, 41.888000
30, 36, 8.072000
30, 37, 50.936000
30, 38, -5.840000
30, 39, -43.664000
30, 40, 4.488000
30, 41, -32.104000
30, 42, -55.680000
30, 43, 51.816000
30, 45, -4.640000
30, 47, 26.784000
30, 48, -28.136000
30, 50, -26.936000
31, 1, -14.008000
31, 2, -47.992000
31, 3, -9.080000
31, 4, -3.376000
31, 5, 45.840000
31, 6, -7.504000
31, 7, -60.760000
31, 8, 24.232000
31, 9, -16.904000
31, 10, 37.608000
31, 11, 82.568000
31, 12, 55.168000
31, 13, -19.184000
31, 14, 41.728000
31, 15, 2.000000
31, 16, 35.952000
31, 17, -11.432000
31, 18, 63.000000
31, 19, -6.976000
31, 20, 23.696000
31, 21, 35.096000
31, 22, -26.376000
31, 23, -4.352000
31, 24, -48.776000
31, 25, -5.064000
31, 26, -39.728000
31, 28, -43.160000
31, 29, 7.720000
31, 30, 9.816000
31, 31, -69.000000
31, 32, 1.504000
31, 34, 23.536000
31, 35, 40.272000
31, 36, -16.904000
31, 37, -0.448000
31, 38, -25.672000
31, 39, -72.704000
31, 42, -10.320000
31, 43, 49.176000
31, 44, -85.000000
31, 45, -51.912000
31, 46, -27.888000
31, 47, 21.216000
31, 48, 6.744000
31, 50, -34.208000
32, 1, -9.312000
32, 2, -28.328000
32, 3, 26.888000
32, 4, -30.944000
32, 5, -22.624000
32, 6, -41.376000
32, 7, -52.160000
32, 8, 21.256000
32, 9, -70.584000
32, 10, 58.160000
32, 11, 61.512000
32, 12, 29.664000
32, 13, -1.488000
32, 14, -20.872000
32, 16, 30.880000
32, 17, -1.424000
32, 19, -20.096000
32, 20, 12.448000
32, 21, -12.344000
32, 22, -62.784000
32, 23, 42.992000
32, 24, -50.360000
32, 25, -4.584000
32, 26, 5.960000
32, 28, -8.176000
32, 29, 19.232000
32, 30, 22.136000
32, 31, 99999.000000
32, 33, -49.000000
32, 35, 36.048000
32, 36, 33.008000
32, 37, 4.560000
32, 38, -27.824000
32, 39, -54.432000
32, 40, -9.208000
32, 42, -31.272000
32, 46, -41.112000
32, 48, -3.592000
32, 49, 22.880000
32, 50, -6.232000
33, 1, -32.216000
33, 2, -55.344000
33, 3, -18.720000
33, 4, -27.384000
33, 5, 16.376000
33, 6, 4.504000
33, 7, -27.280000
33, 8, 20.656000
33, 11, 73.080000
33, 12, 65.616000
33, 13, -8.920000
33, 14, 6.568000
33, 15, 55.000000
33, 16, 21.200000
33, 17, 5.544000
33, 18, -28.656000
33, 19, 16.600000
33, 20, 32.728000
33, 21, -33.824000
33, 22, -45.992000
33, 23, 19.440000
33, 24, -62.736000
33, 25, 31.704000
33, 26, -13.616000
33, 27, -58.680000
33, 28, -16.080000
33, 29, 20.168000
33, 31, -5.104000
33, 32, -6.384000
33, 34, 11.000000
33, 35, -1.416000
33, 37, -32.664000
33, 38, -47.936000
33, 39, -64.512000
33, 40, 32.368000
33, 42, 10.040000
33, 45, 43.584000
33, 47, -77.240000
33, 48, -15.008000
33, 49, 41.448000
33, 50, -23.616000
34, 1, -49.288000
34, 2, -47.768000
34, 3, 7.744000
34, 4, -17.240000
34, 5, 99999.000000
34, 6, 9.568000
34, 8, -7.168000
34, 9, -59.176000
34, 10, -5.080000
34, 11, 40.200000
34, 12, 63.840000
34, 13, 20.224000
34, 14, -21.904000
34, 16, -30.816000
34, 17, 14.352000
34, 18, -13.344000
34, 19, -5.312000
34, 20, 40.160000
34, 21, -37.608000
34, 23, 57.912000
34, 24, -61.504000
34, 26, -32.584000
34, 27, -35.000000
34, 28, 35.496000
34, 29, -3.760000
34, 30, 4.000000
34, 31, -55.000000
34, 32, 14.752000
34, 33, 29.040000
34, 35, -2.224000
34, 36, -23.176000
34, 37, -27.176000
34, 39, 99999.000000
34, 40, 21.944000
34, 41, 16.000000
34, 42, 13.600000
34, 43, -17.792000
34, 44, 33.928000
34, 45, -15.608000
34, 46, 85.000000
34, 47, -95.304000
34, 48, -37.392000
34, 49, 4.488000
34, 50, 16.816000
35, 1, -54.312000
35, 2, -50.504000
35, 3, 16.160000
35, 4, 4.752000
35, 5, 36.000000
35, 7, -45.760000
35, 8, 36.128000
35, 9, -34.488000
35, 10, 34.736000
35, 11, 42.216000
35, 12, 51.496000
35, 13, 28.944000
35, 14, 35.368000
35, 15, -90.000000
35, 17, 42.544000
35, 19, 21.744000
35, 21, -55.512000
35, 22, -52.720000
35, 23, 40.408000
35, 24, -66.352000
35, 25, -11.904000
35, 27, -36.872000
35, 28, 16.232000
35, 29, -10.552000
35, 32, -2.800000
35, 33, 13.960000
35, 34, -7.624000
35, 35, 3.480000
35, 36, -3.704000
35, 38, 39.480000
35, 39, -7.528000
35, 40, 26.008000
35, 41, 27.088000
35, 43, -1.776000
35, 44, 43.544000
35, 45, 44.984000
35, 47, -47.720000
35, 48, -39.440000
35, 49, 23.440000
35, 50, -39.648000
36, 1, -69.040000
36, 2, -31.480000
36, 3, 1.416000
36, 4, 39.936000
36, 6, -93.000000
36, 7, -32.560000
36, 8, -2.968000
36, 9, -54.496000
36, 10, -10.048000
36, 11, 15.968000
36, 12, 42.984000
36, 15, 99999.000000
36, 18, -26.248000
36, 19, 10.472000
36, 20, 10.384000
36, 21, -0.024000
36, 22, -45.576000
36, 23, 42.776000
36, 25, -19.096000
36, 26, -31.880000
36, 27, 15.768000
36, 28, 7.952000
36, 29, 6.608000
36, 30, -13.480000
36, 31, 1.040000
36, 32, 6.096000
36, 34, 0.832000
36, 35, -8.488000
36, 36, 18.696000
36, 37, 0.000000
36, 38, -10.184000
36, 39, 70.544000
36, 40, -11.968000
36, 41, 99999.000000
36, 42, 33.072000
36, 43, -30.752000
36, 44, 30.224000
36, 45, -34.976000
36, 46, 9.376000
36, 47, 99999.000000
36, 49, -9.088000
36, 50, -16.184000
37, 1, -38.496000
37, 2, -20.704000
37, 4, 45.112000
37, 5, -13.000000
37, 7, -2.560000
37, 8, 41.712000
37, 10, 5.800000
37, 11, -21.704000
37, 12, -2.952000
37, 13, -13.488000
37, 14, -49.864000
37, 15, 47.696000
37, 16, -43.000000
37, 17, -19.600000
37, 18, 9.248000
37, 19, -22.736000
37, 20, 6.328000
37, 21, -29.392000
37, 22, -30.216000
37, 23, 36.552000
37, 24, 14.736000
37, 26, -63.624000
37, 27, 4.984000
37, 28, -22.264000
37, 29, -22.792000
37, 30, -6.520000
37, 31, 10.080000
37, 32, -14.624000
37, 33, -10.472000
37, 34, 5.168000
37, 35, 34.296000
37, 36, 5.296000
37, 38, -18.808000
37, 39, 23.056000
37, 40, -32.864000
37, 41, 99999.000000
37, 42, 34.184000
37, 44, 54.024000
37, 45, 23.416000
37, 46, 50.784000
37, 47, -80.000000
37, 48, -6.776000
37, 49, -20.336000
37, 50, -32.128000
38, 1, -22.808000
38, 2, -5.840000
38, 4, 43.704000
38, 6, 9.408000
38, 7, 99999.000000
38, 8, -10.144000
38, 10, -25.408000
38, 12, -10.328000
38, 13, -20.384000
38, 14, 31.040000
38, 15, 15.912000
38, 17, -42.440000
38, 19, -25.928000
38, 20, -20.696000
38, 21, 1.096000
38, 22, -47.712000
38, 23, 48.304000
38, 24, 13.768000
38, 25, -35.792000
38, 26, -12.176000
38, 28, -23.416000
38, 29, 27.336000
38, 31, 29.480000
38, 32, -3.376000
38, 33, 22.472000
38, 34, -2.424000
38, 35, 3.320000
38, 36, 39.416000
38, 37, -20.168000
38, 38, -46.160000
38, 39, 12.624000
38, 40, -28.784000
38, 42, 11.640000
38, 43, 62.000000
38, 44, 29.864000
38, 45, -28.328000
38, 46, -32.384000
38, 48, 24.776000
38, 49, -25.200000
39, 1, 32.864000
39, 2, 23.656000
39, 3, 78.384000
39, 4, 48.880000
39, 5, 23.016000
39, 6, -5.296000
39, 7, 49.624000
39, 8, -7.136000
39, 9, 17.208000
39, 10, -49.008000
39, 12, -11.680000
39, 13, 35.264000
39, 14, -51.280000
39, 15, 16.856000
39, 16, 5.120000
39, 17, -4.056000
39, 18, 84.000000
39, 19, -34.440000
39, 20, -49.712000
39, 21, 1.136000
39, 22, -6.928000
39, 23, -12.480000
39, 24, 22.192000
39, 25, -19.816000
39, 26, -65.680000
39, 27, -17.512000
39, 28, -16.960000
39, 29, -18.784000
39, 30, 71.928000
39, 32, -22.208000
39, 34, -15.824000
39, 35, 32.704000
39, 36, 23.888000
39, 37, -20.696000
39, 38, -26.632000
39, 39, -26.000000
39, 41, -61.800000
39, 42, -26.312000
39, 44, 53.408000
39, 45, -4.104000
39, 46, 99999.000000
39, 49, -36.960000
40, 1, 34.056000
40, 2, 2.552000
40, 3, 57.392000
40, 4, 20.152000
40, 5, -1.168000
40, 6, -2.832000
40, 7, 47.168000
40, 8, -23.864000
40, 9, -2.096000
40, 10, -62.160000
40, 11, -87.000000
40, 13, 38.680000
40, 14, 31.432000
40, 15, 27.368000
40, 16, -27.600000
40, 17, -31.328000
40, 19, -28.448000
40, 20, -58.176000
40, 21, -12.744000
40, 22, -35.760000
40, 23, 13.096000
40, 24, 48.696000
40, 25, -24.632000
40, 27, -25.240000
40, 28, 10.728000
40, 29, -5.616000
40, 30, 9.296000
40, 31, -79.744000
40, 32, -1.232000
40, 33, -95.000000
40, 34, -29.480000
40, 35, -6.144000
40, 36, 67.160000
40, 37, -16.080000
40, 38, -6.456000
40, 39, -43.136000
40, 40, -31.816000
40, 41, -24.904000
40, 42, -35.568000
40, 43, -3.800000
40, 45, 12.688000
40, 46, -19.592000
40, 47, -31.056000
40, 48, -11.024000
40, 50, 15.936000
41, 1, 52.408000
41, 2, 28.512000
41, 3, 68.664000
41, 4, 34.528000
41, 5, 20.584000
41, 7, 4.408000
41, 8, -23.992000
41, 9, 36.472000
41, 11, 99999.000000
41, 12, -61.864000
41, 13, 36.696000
41, 14, -66.696000
41, 15, 12.384000
41, 16, -5.568000
41, 17, -14.408000
41, 18, 42.688000
41, 19, 2.272000
41, 20, -68.800000
41, 22, -5.664000
41, 23, -50.728000
41, 25, 99999.000000
41, 26, 85.000000
41, 27, -2.872000
41, 28, -8.416000
41, 29, -28.680000
41, 30, 58.024000
41, 31, -77.680000
41, 32, -25.144000
41, 34, -57.520000
41, 35, 25.688000
41, 36, 64.728000
41, 37, 3.480000
41, 38, 17.496000
41, 39, -40.960000
41, 40, 10.136000
41, 41, -46.576000
41, 42, -38.760000
41, 43, -21.200000
41, 44, 20.552000
41, 45, 21.896000
41, 46, -43.000000
41, 47, 11.632000
41, 48, -16.640000
41, 49, 67.176000
41, 50, 40.064000
42, 2, 6.800000
42, 5, 32.408000
42, 6, 13.384000
42, 7, 5.728000
42, 8, 17.464000
42, 9, 31.456000
42, 11, 12.184000
42, 12, -15.800000
42, 13, 53.744000
42, 14, -29.896000
42, 15, 28.432000
42, 16, -17.296000
42, 17, -13.480000
42, 18, 43.824000
42, 19, 3.112000
42, 21, 99999.000000
42, 22, -24.664000
42, 23, -30.688000
42, 24, 7.000000
42, 25, -41.864000
42, 26, 43.112000
42, 27, -35.400000
42, 28, 9.168000
42, 29, -39.328000
42, 30, 7.288000
42, 31, -73.440000
42, 32, -4.088000
42, 33, -49.488000
42, 35, -11.992000
42, 37, -8.760000
42, 38, 3.360000
42, 39, -10.680000
42, 40, 4.144000
42, 41, -20.016000
42, 42, -22.920000
42, 44, -22.528000
42, 45, 31.872000
42, 47, -30.336000
42, 48, 2.040000
42, 49, 39.008000
43, 1, 36.384000
43, 2, -25.056000
43, 3, 40.992000
43, 4, -13.000000
43, 5, 29.656000
43, 6, -26.576000
43, 7, -51.544000
43, 8, -5.992000
43, 9, 33.048000
43, 10, -0.336000
43, 11, 59.000000
43, 12, -34.872000
43, 13, 6.200000
43, 14, -41.952000
43, 15, 27.872000
43, 16, 15.376000
43, 17, 18.168000
43, 18, 13.152000
43, 20, 82.984000
43, 21, 51.896000
43, 22, -8.288000
43, 23, -36.456000
43, 25, -35.712000
43, 26, 99999.000000
43, 27, -17.352000
43, 28, -36.048000
43, 30, 41.992000
43, 31, -66.304000
43, 32, -7.488000
43, 33, -59.616000
43, 34, -63.280000
43, 35, 33.784000
43, 36, -64.256000
43, 37, 13.112000
43, 38, 40.912000
43, 39, 8.496000
43, 40, 19.800000
43, 42, 20.648000
43, 43, -55.768000
43, 44, 43.752000
43, 45, 52.224000
43, 46, -59.000000
43, 48, 3.904000
43, 49, 17.272000
43, 50, -81.000000
44, 1, 34.672000
44, 2, -16.120000
44, 3, 44.008000
44, 4, -27.640000
44, 6, 21.376000
44, 7, -57.960000
44, 8, 10.936000
44, 9, 12.920000
44, 10, -25.536000
44, 12, 38.600000
44, 13, 59.544000
44, 14, -39.440000
44, 15, -18.976000
44, 17, 19.168000
44, 18, 36.960000
44, 19, -88.000000
44, 20, 89.016000
44, 21, 42.864000
44, 22, -25.424000
44, 23, -5.136000
44, 24, 11.136000
44, 25, -64.552000
44, 26, 52.400000
44, 27, -31.880000
44, 28, -17.656000
44, 29, 14.520000
44, 30, 28.056000
44, 31, -44.528000
44, 32, 8.160000
44, 33, 12.304000
44, 34, -44.720000
44, 35, -6.944000
44, 36, -49.112000
44, 37, 8.392000
44, 38, 16.456000
44, 40, -13.112000
44, 41, 9.672000
44, 42, 13.664000
44, 43, -61.824000
44, 44, 6.488000
44, 45, 43.104000
44, 47, -26.336000
44, 49, -15.736000
44, 50, 99999.000000
45, 1, 8.016000
45, 2, -45.224000
45, 4, -24.984000
45, 5, 18.784000
45, 6, -41.392000
45, 7, -37.488000
45, 8, -12.856000
45, 9, 9.936000
45, 10, 31.728000
45, 11, -49.608000
45, 12, 22.088000
45, 13, 21.184000
45, 14, 16.616000
45, 15, 7.256000
45, 16, -45.640000
45, 17, -4.768000
45, 18, 34.208000
45, 21, 28.384000
45, 22, 0.208000
45, 23, -2.816000
45, 24, -11.136000
45, 25, -30.224000
45, 26, 47.120000
45, 27, 2.120000
45, 28, -34.432000
45, 29, -7.520000
45, 30, 6.144000
45, 31, -46.880000
45, 32, 28.376000
45, 33, -31.016000
45, 35, 31.792000
45, 36, -30.728000
45, 37, 30.632000
45, 38, 35.704000
45, 40, -19.848000
45, 41, -0.208000
45, 42, 52.560000
45, 43, -38.128000
45, 44, 47.808000
45, 46, -19.704000
45, 47, -32.160000
45, 48, 64.568000
45, 49, -17.880000
45, 50, -14.488000
46, 1, 32.144000
46, 2, -13.840000
46, 4, -26.040000
46, 5, 42.216000
46, 6, 22.432000
46, 7, -57.232000
46, 8, -47.712000
46, 9, -18.784000
46, 10, 4.552000
46, 11, 6.680000
46, 13, 51.000000
46, 14, -21.728000
46, 15, 99999.000000
46, 16, -36.360000
46, 17, -25.896000
46, 18, 99999.000000
46, 19, -12.712000
46, 20, 58.560000
46, 21, 7.032000
46, 22, -17.016000
46, 23, 43.304000
46, 25, -64.080000
46, 26, 65.000000
46, 27, 11.096000
46, 28, -6.160000
46, 30, 10.584000
46, 31, -38.800000
46, 32, 36.672000
46, 33, 69.560000
46, 34, -45.184000
46, 35, 15.584000
46, 36, -13.272000
46, 37, 3.664000
46, 38, 28.688000
46, 40, -26.592000
46, 41, -33.048000
46, 42, 45.784000
46, 43, -45.640000
46, 44, 17.880000
46, 45, -73.000000
46, 46, -40.864000
46, 47, 29.744000
46, 48, 53.432000
46, 50, 89.000000
47, 1, -39.728000
47, 2, -29.952000
47, 3, 28.816000
47, 4, 24.960000
47, 6, -16.672000
47, 7, 25.408000
47, 8, -44.368000
47, 9, -8.632000
47, 10, 33.488000
47, 11, -22.064000
47, 12, 52.000000
47, 13, 34.704000
47, 14, 23.512000
47, 15, 41.088000
47, 17, -56.288000
47, 18, -54.000000
47, 19, 23.712000
47, 20, 46.560000
47, 21, 11.400000
47, 22, 4.920000
47, 23, 30.512000
47, 24, -33.000000
47, 25, -13.144000
47, 27, 48.816000
47, 28, -9.056000
47, 29, 99999.000000
47, 31, -60.608000
47, 32, 16.824000
47, 33, 99999.000000
47, 34, -17.304000
47, 37, 3.248000
47, 38, 5.768000
47, 39, 40.816000
47, 40, -51.288000
47, 41, -23.648000
47, 42, 46.424000
47, 43, 18.736000
47, 44, 20.056000
47, 46, -14.656000
47, 47, 5.416000
47, 49, 37.280000
48, 1, -0.472000
48, 3, 22.872000
48, 4, 37.304000
48, 5, -40.624000
48, 6, -14.448000
48, 7, -6.248000
48, 8, -51.808000
48, 9, 15.584000
48, 10, 3.896000
48, 11, 17.824000
48, 12, 80.336000
48, 13, 13.464000
48, 14, 99999.000000
48, 15, -47.000000
48, 16, -56.848000
48, 17, -47.224000
48, 20, 70.080000
48, 21, -50.344000
48, 22, -8.200000
48, 23, 48.896000
48, 25, -25.776000
48, 26, -92.000000
48, 27, 56.576000
48, 30, -68.240000
48, 32, 27.704000
48, 33, 3.392000
48, 34, -38.088000
48, 35, -28.536000
48, 36, 18.344000
48, 37, -23.968000
48, 38, 6.736000
48, 39, -11.512000
48, 41, -32.080000
48, 42, 50.904000
48, 43, -13.344000
48, 44, 0.408000
48, 45, 53.368000
48, 46, -39.080000
48, 47, 49.248000
48, 48, -16.256000
48, 49, 18.128000
48, 50, 20.328000
49, 1, -44.976000
49, 2, 99999.000000
49, 3, 0.928000
49, 4, 50.920000
49, 5, 2.688000
49, 6, -15.824000
49, 7, 56.096000
49, 8, -16.472000
49, 9, 13.112000
49, 10, 43.712000
49, 11, 7.736000
49, 12, 99999.000000
49, 13, 31.792000
49, 14, -55.728000
49, 16, -35.104000
49, 17, -42.336000
49, 18, -49.688000
49, 19, -26.976000
49, 21, -33.576000
49, 22, -23.248000
49, 24, -76.000000
49, 25, 20.184000
49, 27, 68.176000
49, 28, -34.240000
49, 29, 16.576000
49, 30, -39.200000
49, 31, 33.712000
49, 32, -37.216000
49, 33, -16.776000
49, 34, -21.064000
49, 35, -0.464000
49, 36, 15.752000
49, 37, -17.304000
49, 38, 10.928000
49, 39, -21.968000
49, 40, 20.760000
49, 41, 26.024000
49, 42, 51.792000
49, 43, 48.296000
49, 45, 17.304000
49, 48, -1.768000
49, 49, 33.712000
49, 50, 19.104000
50, 1, -14.248000
50, 2, 40.000000
50, 3, -7.056000
50, 4, 62.960000
50, 5, -12.904000
50, 6, -59.696000
50, 8, 2.552000
50, 10, 27.272000
50, 12, 83.000000
50, 13, 20.872000
50, 14, -20.000000
50, 15, 61.000000
50, 16, -45.328000
50, 17, -36.256000
50, 18, -22.312000
50, 19, -36.024000
50, 20, 4.000000
50, 22, -7.360000
50, 23, 75.000000
50, 25, 22.280000
50, 26, 68.000000
50, 27, 68.248000
50, 28, -1.760000
50, 29, 31.424000
50, 30, -54.560000
50, 31, 55.288000
50, 32, -21.752000
50, 33, 30.392000
50, 34, -62.800000
50, 36, -37.456000
50, 37, 10.688000
50, 39, -64.232000
50, 40, 24.240000
50, 41, 32.616000
50, 42, 60.640000
50, 43, 24.696000
50, 44, -53.000000
50, 45, 20.608000
50, 46, -72.000000
50, 47, -8.000000
50, 48, -49.736000
50, 49, 12.248000
50, 50, 49.848000
