1, 1, 33.000000
1, 3, -19.160261
1, 4, 22.372310
1, 6, 0.311917
1, 7, 15.597872
1, 8, 35.153452
1, 9, -12.403584
1, 10, -19.000000
1, 11, 3.088675
1, 12, 99999.000000
1, 13, -86.000000
1, 14, -57.366349
1, 15, -38.000000
1, 16, 0.198016
1, 18, -91.237619
1, 19, -36.045350
1, 20, -36.052241
1, 21, -24.402139
1, 22, -3.362545
1, 23, -2.092608
1, 24, 20.754828
1, 25, -19.958838
1, 27, 62.000000
1, 28, 11.596326
1, 29, -41.000000
1, 30, -34.004318
1, 32, -8.551714
1, 33, -34.188804
1, 34, -22.218406
1, 35, -13.502858
1, 37, -82.000000
1, 38, -87.000000
1, 39, 82.000000
1, 40, -18.748490
1, 41, 21.419129
1, 42, -11.747251
1, 43, -26.250364
1, 45, 25.072214
1, 46, -81.000000
1, 47, 3.323578
1, 49, 45.000000
1, 50, 14.643955
2, 2, 52.514105
2, 3, -30.451340
2, 4, 6.407796
2, 5, -52.863456
2, 6, 4.334886
2, 7, 5.795898
2, 8, 33.846548
2, 9, -23.651584
2, 11, -0.455891
2, 14, -58.633651
2, 16, 29.492694
2, 17, 2.513777
2, 19, -43.389818
2, 20, -9.775596
2, 21, -27.311625
2, 22, -16.876032
2, 23, -0.282352
2, 24, 3.435614
2, 25, -28.511590
2, 28, 3.366367
2, 30, -35.054088
2, 31, 9.486917
2, 32, -5.617585
2, 33, -25.116977
2, 34, -0.020624
2, 35, 4.779605
2, 36, -70.282183
2, 40, 2.097672
2, 41, 13.928941
2, 42, -29.501770
2, 43, -40.336688
2, 44, 6.332523
2, 45, -1.532113
2, 47, -7.854609
2, 48, -12.063187
2, 50, 24.484596
3, 1, -19.408569
3, 2, 5.322020
3, 3, -19.170566
3, 4, 22.372243
3, 5, -32.559604
3, 6, 0.614344
3, 7, 15.597872
3, 9, -12.403584
3, 11, 2.726347
3, 12, 34.416038
3, 13, 99999.000000
3, 15, -26.752460
3, 17, -43.679826
3, 19, -35.511402
3, 20, -36.052241
3, 21, -24.859558
3, 22, -3.362545
3, 23, -2.237954
3, 24, 20.756565
3, 25, -20.349700
3, 26, -22.415311
3, 27, 2.243141
3, 28, 11.596326
3, 29, 46.338941
3, 30, -34.004318
3, 31, 7.021146
3, 32, -8.209508
3, 33, -32.896730
3, 34, -22.244117
3, 35, -13.394314
3, 36, -70.717817
3, 37, -79.000000
3, 38, 39.618850
3, 39, 1.121104
3, 40, -18.788285
3, 41, 21.419129
3, 42, -11.747251
3, 43, -26.252959
3, 44, -42.696303
3, 45, 25.072238
3, 47, 3.929046
3, 48, -7.624558
3, 49, -36.371580
3, 50, 14.643958
4, 1, -16.420956
4, 2, 52.514105
4, 3, -30.469829
4, 4, 6.407701
4, 5, -52.863491
4, 6, 4.477321
4, 8, -10.165860
4, 9, -23.651593
4, 10, -95.000000
4, 11, -1.142081
4, 12, 30.069879
4, 14, 8.523620
4, 15, -25.247540
4, 17, 2.513777
4, 19, -44.124830
4, 20, -9.775595
4, 21, -29.189812
4, 23, -2.286891
4, 24, 3.436905
4, 25, -27.860976
4, 26, -35.991917
4, 27, 9.030002
4, 29, 60.579544
4, 31, 9.487835
4, 32, -4.910690
4, 33, -22.049125
4, 34, 1.293986
4, 35, 4.954732
4, 38, 43.381150
4, 39, -15.435750
4, 40, 2.085165
4, 43, -40.357934
4, 44, 6.092751
4, 45, -1.532078
4, 47, -6.384177
4, 48, -12.063187
4, 49, -47.208815
4, 50, 24.484604
5, 1, -19.404287
5, 2, 5.321926
5, 3, -19.191177
5, 4, 22.372177
5, 5, -32.559655
5, 6, 1.437384
5, 7, 21.956904
5, 8, -35.295225
5, 11, 1.851571
5, 12, 34.416038
5, 13, 13.984658
5, 14, 15.384730
5, 19, -34.159752
5, 21, -26.117055
5, 23, -2.605267
5, 24, 20.759377
5, 25, -21.436288
5, 26, -20.832282
5, 27, 3.523541
5, 29, 46.338941
5, 31, 7.021035
5, 32, -7.294583
5, 33, -29.422804
5, 34, -22.309329
5, 35, -13.112988
5, 36, -5.321054
5, 39, 1.087326
5, 40, -18.867874
5, 41, -8.178787
5, 43, -26.257158
5, 44, -43.034971
5, 45, 25.072263
5, 47, 5.547527
5, 49, -36.371580
5, 50, 14.643961
6, 1, -16.412574
6, 3, -30.488319
6, 5, -52.863526
6, 6, 4.667031
6, 7, 5.959343
6, 8, -9.429625
6, 10, 1.531900
6, 11, -2.112565
6, 13, -0.360320
6, 14, 6.870119
6, 16, -16.605591
6, 19, -45.251034
6, 20, -18.315440
6, 21, -32.430750
6, 23, -5.601491
6, 24, 3.437703
6, 25, -26.929704
6, 26, -34.272135
6, 27, 10.260954
6, 31, 9.489321
6, 32, -3.893788
6, 33, -16.868456
6, 34, 3.423737
6, 35, 5.232434
6, 36, 12.537995
6, 38, -14.553808
6, 39, -15.510079
6, 40, 2.072657
6, 41, 15.354072
6, 42, -38.739523
6, 43, -40.379179
6, 44, 5.553985
6, 47, -3.922793
6, 49, -47.208816
7, 1, -19.397359
7, 3, -19.201483
7, 4, -24.014801
7, 6, 2.511636
7, 7, 21.956904
7, 8, -32.903189
7, 10, -17.745012
7, 11, 0.976742
7, 12, 4.152470
7, 13, 13.975776
7, 14, 13.103665
7, 16, -21.105861
7, 18, 28.697976
7, 19, -32.623326
7, 20, -2.690105
7, 21, -27.865443
7, 22, 40.409741
7, 23, -3.024966
7, 25, -22.955681
7, 26, -17.908734
7, 27, 7.115308
7, 29, -30.187988
7, 31, 7.020966
7, 32, -6.092813
7, 33, -24.855452
7, 34, -22.385730
7, 35, -12.770946
7, 36, -5.391520
7, 38, -13.289441
7, 39, 1.019771
7, 40, -18.907669
7, 41, -9.470498
7, 42, -64.354116
7, 44, -43.457282
7, 46, -11.953713
7, 47, 7.654746
7, 50, 24.151344
8, 1, -16.407394
8, 4, -18.985199
8, 5, 6.064322
8, 6, 4.669888
8, 8, -7.500880
8, 9, 19.016681
8, 10, 1.497758
8, 11, -2.798847
8, 12, 28.564933
8, 13, -0.216076
8, 14, 2.126900
8, 16, -16.080115
8, 19, -46.241501
8, 20, -17.610600
8, 21, -36.153892
8, 22, 2.871124
8, 23, -9.172694
8, 24, -2.000000
8, 25, -26.182094
8, 26, -30.853321
8, 27, 12.536327
8, 29, -14.363069
8, 30, -9.874147
8, 32, -3.152314
8, 33, -11.204020
8, 34, 5.556783
8, 35, 5.503140
8, 36, 12.420855
8, 37, -18.336140
8, 38, -14.017807
8, 39, -15.584408
8, 41, 14.383352
8, 42, -38.739523
8, 44, 5.121929
8, 45, 2.730386
8, 46, -10.725785
8, 47, -1.262417
8, 48, -22.516672
8, 49, 14.000000
8, 50, 0.639925
9, 3, -28.189320
9, 5, 2.271134
9, 6, 3.377467
9, 8, -29.028470
9, 9, -18.628879
9, 10, -17.779421
9, 11, 0.614359
9, 12, 4.152470
9, 13, 13.955821
9, 14, 8.765623
9, 15, 23.000000
9, 16, -21.076013
9, 17, 60.000000
9, 19, -31.620847
9, 20, -2.187139
9, 21, -29.690421
9, 22, 38.110931
9, 23, -3.316913
9, 25, -24.482525
9, 26, -14.082621
9, 27, 12.340702
9, 29, -30.187988
9, 30, -24.764924
9, 31, -68.000000
9, 32, -4.941071
9, 33, -20.640643
9, 34, -22.444137
9, 35, -12.498834
9, 36, -5.532454
9, 37, -56.838139
9, 38, -10.249247
9, 39, 0.985994
9, 40, 32.985359
9, 41, -12.918096
9, 44, -43.645228
9, 45, 11.954099
9, 46, -12.457234
9, 47, 9.578718
9, 48, -6.206282
9, 50, 24.151330
10, 1, 28.306449
10, 2, -52.075122
10, 3, -22.766069
10, 4, 18.440076
10, 5, 6.064322
10, 6, 4.104624
10, 7, -21.715480
10, 8, -5.114305
10, 9, 19.530409
10, 10, 1.429475
10, 13, -0.036207
10, 14, -5.045432
10, 16, -15.336983
10, 19, -46.632693
10, 20, -15.560550
10, 21, -39.361659
10, 22, 2.770092
10, 23, -12.071209
10, 24, -15.380683
10, 25, -25.831517
10, 26, -25.922235
10, 27, 15.517967
10, 29, -14.363069
10, 30, -9.874147
10, 32, -3.149579
10, 33, -6.860116
10, 34, 6.876727
10, 35, 5.666948
10, 36, 12.303716
10, 37, -18.381324
10, 38, -12.514968
10, 40, 15.104441
10, 41, 12.768179
10, 42, -51.938358
10, 43, -3.420753
10, 45, 2.730445
10, 46, -11.410853
10, 47, 0.756215
10, 48, -22.581602
10, 49, 17.539389
10, 50, 0.639905
11, 1, 5.042286
11, 2, -45.337415
11, 3, -28.300996
11, 4, -2.021724
11, 5, 2.271134
11, 6, 3.474183
11, 7, -11.693581
11, 8, -25.148409
11, 9, -18.121081
11, 10, -17.813830
11, 11, -24.758517
11, 12, -16.000000
11, 13, 13.939818
11, 14, 2.892822
11, 15, 11.435635
11, 16, -21.046165
11, 17, -10.218358
11, 20, -1.053310
11, 21, -31.179239
11, 22, 34.013007
11, 23, -3.385441
11, 24, -9.053083
11, 25, -25.515896
11, 26, -9.906340
11, 27, 18.279869
11, 28, 9.400992
11, 30, -24.764924
11, 32, -4.090711
11, 33, -18.127634
11, 34, -22.465643
11, 35, -12.395984
11, 36, -5.602920
11, 37, -56.849985
11, 38, -4.830258
11, 39, -4.716483
11, 40, 33.321824
11, 41, -17.395093
11, 42, -54.804973
11, 44, 1.298121
11, 45, 11.954187
11, 46, -13.727882
11, 47, 10.716546
11, 48, -6.284520
11, 49, -2.732020
11, 50, 24.151316
12, 1, 28.244816
12, 2, -52.239395
12, 3, -22.841644
12, 4, 18.887550
12, 6, 2.546469
12, 7, -21.715842
12, 8, -3.181490
12, 9, 20.256944
12, 10, 1.395333
12, 11, -24.534945
12, 13, 0.043843
12, 14, -13.550127
12, 16, -14.811513
12, 17, -5.159173
12, 18, -2.228353
12, 19, -9.473550
12, 20, -12.347760
12, 21, -41.206674
12, 22, 2.557042
12, 23, -13.858528
12, 24, -15.375827
12, 25, -25.682771
12, 26, -20.004183
12, 27, 18.776912
12, 28, 9.599008
12, 29, 80.000000
12, 31, 16.935675
12, 32, -3.974074
12, 33, -5.236564
12, 37, -18.482852
12, 38, -10.351897
12, 39, -3.589668
12, 40, 15.681227
12, 41, 11.036370
12, 42, -51.938358
12, 43, -19.588439
12, 44, 16.391896
12, 45, 2.730503
12, 46, -12.405216
12, 47, 1.505936
12, 48, -22.711463
12, 49, 17.539389
13, 1, 6.264016
13, 2, -45.888186
13, 3, -28.551927
13, 4, 0.900066
13, 5, 19.047691
13, 6, 2.343019
13, 7, -12.744647
13, 8, -22.747727
13, 9, -17.487866
13, 11, -24.757932
13, 14, -3.633859
13, 17, -10.218358
13, 18, -0.702737
13, 19, 4.691654
13, 20, 0.882507
13, 21, -32.010375
13, 22, 29.023758
13, 23, -3.265701
13, 24, -9.049658
13, 25, -25.647107
13, 26, -5.953416
13, 27, 24.004525
13, 30, -59.269873
13, 31, 20.064325
13, 32, -3.623546
13, 34, 0.247459
13, 35, 5.111438
13, 36, -43.762381
13, 37, -56.864756
13, 38, 1.765707
13, 39, -4.716502
13, 40, 34.077853
13, 41, -21.470995
13, 43, -13.808617
13, 44, 1.298121
13, 46, -15.153917
13, 48, -6.362759
13, 49, -2.732020
13, 50, 2.203345
14, 1, 28.085089
14, 2, -52.654933
14, 3, -22.935885
14, 4, 20.155180
14, 5, 40.248297
14, 6, -0.267934
14, 7, -21.716446
14, 8, -2.442740
14, 9, 20.770693
14, 10, -0.886535
14, 11, -24.509708
14, 13, 6.475873
14, 14, -21.949029
14, 17, -5.159173
14, 18, -2.228353
14, 19, -9.473550
14, 20, -8.245720
14, 22, 2.250936
14, 23, -14.650269
14, 24, -15.366115
14, 25, -25.281122
14, 26, -14.012076
14, 27, 21.865028
14, 28, -31.443919
14, 30, -27.513540
14, 32, -5.278747
14, 33, -50.012446
14, 34, -6.247459
14, 35, 9.308760
14, 36, -44.237619
14, 37, -18.564273
14, 38, -7.998935
14, 39, -3.589704
14, 40, 16.400467
14, 41, 9.732161
14, 43, -19.594804
14, 44, 16.391896
14, 46, -13.134415
14, 47, -20.804257
14, 48, -22.776393
14, 50, 0.706345
15, 1, 8.247484
15, 2, -46.731781
15, 3, -28.753159
15, 4, 6.239502
15, 5, 17.757549
15, 6, -0.142714
15, 7, -14.354704
15, 9, -17.206059
15, 10, 39.037675
15, 11, -24.756764
15, 12, 21.888918
15, 13, -16.470659
15, 14, -9.638179
15, 18, -0.702737
15, 19, 4.691654
15, 20, 3.701656
15, 22, 24.277778
15, 23, -3.093489
15, 24, -9.046232
15, 25, -24.742326
15, 26, -2.735320
15, 27, 28.773104
15, 28, -24.169680
15, 29, 23.512195
15, 30, -59.269873
15, 31, -84.000000
15, 32, -3.457822
15, 33, -42.124010
15, 35, 5.217139
15, 37, -56.871330
15, 38, 8.037462
15, 39, -4.716522
15, 40, 34.684141
15, 41, -23.876089
15, 43, -13.820297
15, 45, -27.170016
15, 46, -16.030549
15, 47, 0.337862
15, 49, -14.077798
15, 50, 1.711260
16, 1, 27.890922
16, 2, -53.126743
16, 3, -22.977826
16, 4, 22.039997
16, 5, 37.088008
16, 6, -4.237472
16, 7, -21.716583
16, 8, -25.176870
16, 10, -0.901805
16, 11, -24.484472
16, 12, -12.395023
16, 13, 6.475243
16, 14, -28.691290
16, 16, -17.054765
16, 17, 51.816866
16, 20, -3.586295
16, 22, 1.933731
16, 23, -14.870829
16, 24, -15.361259
16, 25, -24.264673
16, 26, -9.092704
16, 27, 24.380825
16, 28, -31.443919
16, 29, 35.147129
16, 30, -27.513523
16, 32, -6.449008
16, 33, -50.012447
16, 34, 2.000000
16, 35, 9.491847
16, 36, 66.000000
16, 38, -6.004181
16, 40, 16.720559
16, 41, 9.249973
16, 43, -19.605103
16, 44, 37.721155
16, 45, -6.445682
16, 46, -13.101582
16, 47, -20.804272
16, 48, 5.159605
16, 49, 12.630379
16, 50, -0.617262
17, 1, 10.239193
17, 2, -47.473390
17, 4, 13.132111
17, 5, 14.201763
17, 6, -3.654228
17, 7, -15.770296
17, 8, -17.628656
17, 9, -24.762706
17, 10, 39.007804
17, 11, -24.756180
17, 12, 21.888896
17, 13, -16.467975
17, 14, -13.883564
17, 15, -34.745799
17, 16, 2.542877
17, 17, 55.183134
17, 18, -6.784229
17, 19, 86.000000
17, 20, 7.278496
17, 21, 10.466001
17, 22, 20.884166
17, 23, -3.015331
17, 25, -23.038070
17, 26, -0.643469
17, 27, 32.120369
17, 28, -24.169680
17, 29, 23.511629
17, 31, 99999.000000
17, 32, -3.434767
17, 33, -42.124011
17, 35, 5.428540
17, 38, 12.520053
17, 39, 20.740133
17, 42, -5.803814
17, 43, -13.827516
17, 44, 22.185952
17, 45, -27.170010
17, 46, -15.889554
17, 47, 0.337844
17, 48, -17.048620
17, 49, -14.292293
17, 50, 0.465260
18, 1, 27.736479
18, 2, -53.434280
18, 3, -73.000000
18, 4, 24.262040
18, 5, 31.542848
18, 6, -8.818469
18, 7, -21.716357
18, 8, -25.180427
18, 9, -26.797078
18, 10, -0.932344
18, 12, -12.395023
18, 13, 6.474223
18, 14, -32.447687
18, 15, -32.140521
18, 16, -18.611119
18, 18, 19.328503
18, 20, 1.275461
18, 21, -0.616402
18, 22, 1.728545
18, 24, -36.376190
18, 25, -22.672591
18, 26, -6.311833
18, 27, 26.016622
18, 29, 35.141917
18, 32, -6.915613
18, 34, 23.000000
18, 35, 9.674934
18, 36, 21.202976
18, 37, 73.000000
18, 38, -4.860120
18, 39, -5.609912
18, 40, -7.132843
18, 41, 30.961845
18, 42, -12.747863
18, 44, 37.721155
18, 45, -6.445671
18, 46, -12.138330
18, 47, -20.804288
18, 48, 5.159605
18, 49, 12.182770
18, 50, -2.645029
19, 1, 11.474257
19, 2, -47.766214
19, 4, 20.561147
19, 5, 9.270979
19, 6, -7.469532
19, 7, -16.329288
19, 8, -17.633113
19, 9, -24.762706
19, 10, 38.977933
19, 11, -5.346794
19, 13, -16.466316
19, 14, -15.418181
19, 15, -34.689592
19, 16, 2.162777
19, 17, -28.315949
19, 18, -6.806342
19, 19, -0.200217
19, 20, 11.246408
19, 21, 10.454099
19, 22, 19.653751
19, 23, -17.988856
19, 24, -31.623810
19, 25, -21.084067
19, 26, 0.080816
19, 27, 33.828250
19, 28, -7.556428
19, 29, 23.510712
19, 31, -90.000000
19, 33, 6.004087
19, 35, 5.534241
19, 36, 21.797024
19, 38, 14.144812
19, 39, 19.748395
19, 40, 12.177823
19, 41, 31.452755
19, 42, -6.711616
19, 45, -27.170005
19, 46, -14.730172
19, 48, -17.048620
19, 49, -14.835268
19, 50, -0.951630
20, 1, 27.678111
20, 3, 62.000000
20, 4, 26.518017
20, 5, 25.027226
20, 6, -13.131199
20, 8, -25.186183
20, 10, -0.947613
20, 11, -23.187210
20, 15, -32.147540
20, 16, -21.130585
20, 17, -28.292978
20, 18, 19.293346
20, 19, 19.182423
20, 20, 6.003102
20, 21, 0.168171
20, 23, 9.568624
20, 25, -20.992896
20, 27, 26.583032
20, 28, -33.975306
20, 29, 35.138695
20, 30, -56.688135
20, 33, 28.777152
20, 34, 18.627541
20, 37, -39.024722
20, 39, -7.947738
20, 40, -7.105425
20, 41, 30.961845
20, 42, -12.693900
20, 43, 75.475238
20, 44, -7.977246
20, 46, -10.511249
20, 47, 20.141743
20, 49, 11.497046
20, 50, -4.428101
21, 4, 27.535856
21, 5, 4.255301
21, 6, -10.693549
21, 7, -15.114506
21, 8, -17.635867
21, 11, -5.320779
21, 12, -27.260415
21, 13, -56.376270
21, 14, 19.401538
21, 15, -34.633385
21, 16, 1.579495
21, 17, -27.284276
21, 18, -6.850567
21, 19, -0.191877
21, 20, 15.080250
21, 21, 10.417745
21, 23, -17.988857
21, 25, -19.548497
21, 28, -8.085999
21, 31, -18.645914
21, 32, -13.000000
21, 33, 6.200905
21, 34, 8.756378
21, 35, 5.291113
21, 36, -17.215444
21, 37, -35.975278
21, 38, 2.596377
21, 39, 16.897161
21, 40, 12.092468
21, 41, 31.452755
21, 42, -9.216372
21, 44, -13.553916
21, 45, 6.575527
21, 46, -13.036962
21, 47, 22.533221
21, 48, -18.506866
21, 49, -15.452460
21, 50, -1.876436
22, 1, -96.000000
22, 3, 20.184858
22, 4, 28.519067
22, 5, 19.286963
22, 6, -16.215725
22, 7, -7.252379
22, 10, 6.050431
22, 11, -23.219147
22, 12, -26.994659
22, 13, -59.623730
22, 14, -1.550732
22, 15, -32.151877
22, 16, -23.651577
22, 17, -26.719348
22, 18, 19.258190
22, 19, 19.196142
22, 20, 10.325338
22, 21, 1.540792
22, 22, 80.400992
22, 23, 9.568628
22, 24, -37.012698
22, 25, -19.909997
22, 26, 50.006182
22, 28, -34.687744
22, 31, -15.041060
22, 33, 29.065378
22, 34, 18.627540
22, 35, 25.848585
22, 36, -22.619158
22, 38, 7.980975
22, 39, -12.389363
22, 40, -7.043815
22, 42, -12.451344
22, 44, -7.957781
22, 45, 0.164295
22, 46, -8.825500
22, 47, 20.043282
22, 48, -41.439786
22, 49, 10.894081
22, 50, -5.132261
23, 3, 21.271851
23, 4, 33.198850
23, 5, 0.529728
23, 6, -12.534620
23, 7, -15.114473
23, 8, 9.961396
23, 9, -22.145995
23, 10, -10.281491
23, 11, -5.262324
23, 12, -27.208152
23, 14, 19.401538
23, 16, 1.065631
23, 17, -24.671624
23, 18, -6.872680
23, 19, -0.178383
23, 20, 18.266774
23, 21, 10.347481
23, 22, 80.599008
23, 23, -17.988857
23, 24, -72.977297
23, 25, -18.968470
23, 26, 43.718123
23, 28, -9.426506
23, 30, 6.495698
23, 31, -19.145421
23, 32, 91.000000
23, 33, 6.699446
23, 34, 8.756288
23, 35, 5.896998
23, 36, -16.397300
23, 38, 2.596380
23, 39, 12.565042
23, 40, 11.986033
23, 41, 40.956283
23, 42, -12.739362
23, 44, -13.774352
23, 45, 6.575527
23, 46, -11.564702
23, 47, 22.103154
23, 48, -18.506866
23, 49, -15.855157
24, 1, 15.191818
24, 2, -73.000000
24, 3, 20.189539
24, 4, 30.014585
24, 5, 15.931570
24, 6, -17.335623
24, 7, -7.252337
24, 8, 8.757959
24, 9, -10.233885
24, 10, 6.055076
24, 11, -23.258971
24, 12, -26.754436
24, 13, 33.000000
24, 14, -1.550732
24, 15, -18.724444
24, 16, -25.210397
24, 17, -24.308233
24, 19, 19.204620
24, 20, 14.070390
24, 21, 3.147319
24, 24, -37.093809
24, 26, 50.006182
24, 27, -16.106022
24, 28, -35.778459
24, 29, -33.145276
24, 30, 17.663901
24, 31, -15.538822
24, 33, 29.506790
24, 35, 25.613735
24, 36, -21.144118
24, 38, 7.980978
24, 39, -18.434170
24, 40, -6.994409
24, 41, 17.932732
24, 42, -11.841533
24, 43, -16.589937
24, 44, -7.907897
24, 45, 0.164295
24, 46, -7.760876
24, 47, 19.805570
24, 49, 10.655966
24, 50, -62.000000
25, 1, 10.466358
25, 3, 21.294005
25, 4, 36.883918
25, 5, -0.845307
25, 7, -15.114440
25, 8, 9.961396
25, 9, -22.706227
25, 10, -10.277726
25, 11, -5.215446
25, 12, -27.090719
25, 15, 16.424695
25, 16, 0.862449
25, 17, -21.699994
25, 18, 14.000000
25, 20, 20.481676
25, 21, 10.254367
25, 22, -3.839871
25, 24, -73.005045
25, 25, 25.000000
25, 27, -3.789345
25, 28, -10.950152
25, 29, -63.910950
25, 30, 6.570486
25, 31, -20.351343
25, 33, 7.266681
25, 35, 7.447038
25, 36, -14.196328
25, 38, 2.596384
25, 39, 7.390153
25, 40, 11.938664
25, 41, 40.956283
25, 42, -16.540799
25, 43, 44.341005
25, 44, -14.111122
25, 46, -10.984990
25, 47, 21.494955
25, 48, -19.958999
26, 1, 15.191818
26, 2, -50.168334
26, 3, 20.198900
26, 4, 30.814507
26, 6, 19.326128
26, 8, 8.757959
26, 9, -11.208866
26, 10, 6.062592
26, 11, -23.276694
26, 12, -26.454884
26, 13, 56.346508
26, 14, -31.386673
26, 15, -18.724444
26, 17, -22.187759
26, 19, -14.651391
26, 20, 17.166171
26, 21, 4.557231
26, 22, -7.724631
26, 23, 1.027894
26, 24, -37.276067
26, 26, -32.591769
26, 27, -16.102471
26, 28, -36.736815
26, 29, -33.145290
26, 30, 17.154829
26, 31, -16.242758
26, 32, -50.237619
26, 33, 29.894786
26, 35, 25.168402
26, 36, -18.671518
26, 39, -25.290719
26, 41, 17.932732
26, 42, -10.774821
26, 43, -15.833754
26, 44, -7.850128
26, 47, 19.567849
26, 48, 3.309438
26, 49, 38.000000
26, 50, -35.010612
27, 1, 10.466358
27, 2, -51.831666
27, 3, 21.316159
27, 4, 38.162031
27, 5, -20.180834
27, 6, -8.588434
27, 7, 13.580871
27, 9, -24.124985
27, 10, -10.275399
27, 12, -26.996546
27, 13, 53.653492
27, 14, -56.908794
27, 15, 16.424695
27, 16, -3.940539
27, 17, -19.760037
27, 18, 8.309754
27, 19, -19.010411
27, 20, 21.685718
27, 21, 10.172205
27, 22, -4.341581
27, 23, 10.558217
27, 24, -73.039647
27, 25, -56.000000
27, 26, -12.968355
27, 27, -3.783309
27, 28, -11.944227
27, 29, -63.910975
27, 30, 6.760245
27, 31, -21.557274
27, 33, 7.637098
27, 34, 33.515756
27, 35, 9.260705
27, 36, -11.299791
27, 37, 13.089047
27, 38, -10.421784
27, 39, 2.233197
27, 40, -12.517214
27, 42, -19.955768
27, 43, 44.419884
27, 44, -14.406314
27, 45, -5.943159
27, 46, -9.958450
27, 47, 21.064899
27, 48, -20.103317
27, 50, -14.033029
28, 3, 20.203580
28, 5, 20.928034
28, 6, 19.105100
28, 7, 21.071059
28, 8, -25.014801
28, 9, -12.702372
28, 12, -26.321570
28, 14, -31.386673
28, 16, -0.687067
28, 17, -21.350273
28, 18, -7.595335
28, 19, -14.155317
28, 20, 19.601976
28, 21, 5.379094
28, 22, -8.127176
28, 23, 1.371805
28, 24, -37.422227
28, 26, -32.614029
28, 27, -16.096726
28, 28, -37.115092
28, 29, -33.145305
28, 30, 16.375093
28, 31, -16.740512
28, 33, 30.047973
28, 34, 2.468932
28, 35, 24.590307
28, 36, -15.994004
28, 37, 6.910953
28, 38, -20.475310
28, 39, -31.920398
28, 40, -3.920356
28, 41, -8.502229
28, 42, -9.352855
28, 43, -14.764298
28, 44, -7.811825
28, 45, -38.203747
28, 46, 7.611126
28, 47, 19.469380
28, 48, 2.453427
28, 49, -80.762381
28, 50, -34.828191
29, 1, -7.776167
29, 5, -20.179260
29, 6, -9.037322
29, 7, 13.580871
29, 8, -19.985199
29, 9, -25.738690
29, 10, 28.795129
29, 11, 46.000773
29, 16, -3.847057
29, 18, 8.309754
29, 19, -18.244178
29, 20, 22.099015
29, 21, 10.139226
29, 22, -5.552851
29, 23, 12.382333
29, 24, -73.055046
29, 25, 5.521237
29, 26, -12.877333
29, 27, -3.779579
29, 30, 6.976713
29, 31, -22.056789
29, 34, 33.513665
29, 35, 10.548034
29, 36, -8.624036
29, 38, -10.460992
29, 39, -1.943439
29, 40, -12.517214
29, 41, -36.151193
29, 42, -22.566230
29, 43, 44.518244
29, 44, -14.522648
29, 45, -5.943180
29, 46, -9.958450
29, 48, -20.481667
29, 49, -81.237619
29, 50, -13.227818
30, 1, -11.734052
30, 2, -33.778570
30, 3, -0.980831
30, 4, 12.032238
30, 5, 20.983884
30, 6, 18.571503
30, 9, -14.015489
30, 10, 25.328592
30, 11, 55.894988
30, 12, 39.872816
30, 14, 29.605133
30, 16, -0.456289
30, 17, 5.873154
30, 19, -12.848153
30, 20, 21.375984
30, 22, -8.696513
30, 23, 2.187025
30, 25, 8.271299
30, 26, -32.667762
30, 28, -16.315525
30, 29, -6.469053
30, 30, 15.689613
30, 32, -1.726019
30, 33, -62.000000
30, 34, 2.468975
30, 35, 24.033059
30, 36, -13.958828
30, 37, -9.807569
30, 38, -20.537578
30, 39, -37.189080
30, 40, -3.920356
30, 41, -8.502229
30, 42, -7.878734
30, 43, -14.008040
30, 45, -38.203780
30, 47, 23.524762
30, 48, 1.063648
30, 50, -34.342197
31, 1, -8.193987
31, 2, -25.907524
31, 3, 20.282631
31, 4, 9.274142
31, 5, -20.176713
31, 6, -9.672084
31, 7, -48.593235
31, 8, 0.101760
31, 9, -26.792164
31, 10, 28.795129
31, 11, 45.509059
31, 12, 35.003253
31, 13, -0.903236
31, 14, -1.261053
31, 15, 12.915833
31, 16, -3.637006
31, 17, 4.318245
31, 18, 63.000000
31, 19, -16.950994
31, 20, 22.078948
31, 21, -9.121090
31, 22, -6.764175
31, 23, 15.361345
31, 24, -54.981347
31, 25, 5.521265
31, 26, -12.748649
31, 28, 2.574864
31, 29, 2.817986
31, 30, 7.118392
31, 32, -8.792063
31, 34, 33.512373
31, 35, 10.740941
31, 36, -7.027399
31, 37, 9.512648
31, 38, -10.539407
31, 39, -4.285568
31, 42, -24.239553
31, 43, 44.562019
31, 44, -85.000000
31, 45, -5.943201
31, 46, -35.628690
31, 47, 24.475238
31, 48, -20.950379
31, 50, -11.879258
32, 1, -11.108617
32, 2, -32.812665
32, 3, -0.980858
32, 4, 12.898041
32, 5, 21.039733
32, 6, 18.037925
32, 7, -43.507306
32, 8, 17.871277
32, 9, -14.534015
32, 10, 25.328592
32, 11, 54.909080
32, 12, 39.193543
32, 13, 0.886650
32, 14, 29.604578
32, 16, -0.168515
32, 17, 5.878901
32, 19, -11.179883
32, 20, 22.465031
32, 21, -20.550076
32, 22, -9.099132
32, 23, 2.944591
32, 24, -59.079932
32, 25, 8.271348
32, 26, -32.721483
32, 28, -16.350166
32, 29, -7.089236
32, 30, 15.418950
32, 33, -49.000000
32, 35, 23.704086
32, 36, -13.202172
32, 37, -9.807626
32, 38, -20.599846
32, 39, -40.111671
32, 40, 4.790227
32, 42, -6.759254
32, 46, -33.371310
32, 48, -0.331968
32, 49, 8.051964
32, 50, -33.713057
33, 1, -9.273518
33, 2, -24.625407
33, 3, 20.218517
33, 4, 10.666812
33, 6, -10.120887
33, 7, -48.593235
33, 8, -0.359104
33, 11, 44.321928
33, 12, 34.347067
33, 13, -0.892352
33, 14, -1.262456
33, 15, 55.000000
33, 16, -3.468559
33, 17, 4.326686
33, 18, -19.693096
33, 19, -15.498173
33, 20, 21.967361
33, 21, -9.103272
33, 22, -7.265937
33, 23, 18.466576
33, 24, -54.981360
33, 25, 5.521292
33, 26, -12.657683
33, 27, -10.245905
33, 28, 2.315600
33, 29, 2.488903
33, 32, 4.187834
33, 34, 11.000000
33, 35, 9.696345
33, 37, 9.512562
33, 38, -10.578615
33, 40, -4.580446
33, 42, -25.032604
33, 45, -5.076849
33, 47, -95.881191
33, 48, -21.330419
33, 49, -4.115015
33, 50, -10.420669
34, 1, -9.933901
34, 2, -30.202099
34, 3, -0.980910
34, 4, 15.223774
34, 6, 17.816914
34, 8, 15.898990
34, 9, -44.280390
34, 10, -7.772905
34, 11, 53.514731
34, 12, 37.473248
34, 13, 0.886709
34, 14, 29.603679
34, 16, -0.040445
34, 17, 5.888201
34, 18, -22.306904
34, 19, -9.647149
34, 20, 22.833761
34, 21, -20.729200
34, 23, 3.096949
34, 24, -59.079950
34, 26, -32.743731
34, 27, -29.684595
34, 28, -16.501815
34, 29, -8.787192
34, 30, 4.000000
34, 31, -12.896072
34, 32, -10.629891
34, 33, 20.212897
34, 35, 23.792870
34, 36, 14.446525
34, 37, -9.807683
34, 40, 4.759937
34, 41, 25.356428
34, 42, -6.340872
34, 43, -11.633240
34, 44, 48.955553
34, 45, 29.582891
34, 46, 85.000000
34, 47, -61.827480
34, 48, -1.197425
34, 49, 7.826589
34, 50, -33.142262
35, 1, -10.601555
35, 2, -22.329644
35, 3, 20.154403
35, 4, 13.009280
35, 7, -41.217858
35, 8, -1.689201
35, 9, -58.243579
35, 10, -24.471702
35, 11, 43.134756
35, 12, 33.341080
35, 13, -0.885625
35, 14, -1.263324
35, 17, 4.331902
35, 19, -14.223020
35, 21, -9.057873
35, 22, -36.384566
35, 23, 20.765477
35, 24, -54.981372
35, 25, -16.113849
35, 27, -10.245861
35, 28, 1.789102
35, 29, 1.889028
35, 32, 4.337058
35, 33, 22.787103
35, 34, -15.383705
35, 35, 7.694356
35, 36, 30.832152
35, 38, -5.450896
35, 40, -4.605566
35, 43, -25.688901
35, 44, 32.603119
35, 45, -4.193075
35, 48, -21.475781
35, 49, -4.359102
35, 50, -9.313217
36, 1, -8.433248
36, 2, -26.695787
36, 3, -0.980936
36, 4, 18.276906
36, 6, -93.000000
36, 7, -24.719303
36, 8, 12.209209
36, 9, -44.280390
36, 10, -7.843893
36, 11, 52.528734
36, 12, 35.516453
36, 18, -5.470358
36, 19, -8.574129
36, 20, -30.494052
36, 21, -21.002439
36, 22, -18.180391
36, 23, 2.377837
36, 25, -14.886151
36, 26, -65.819231
36, 27, -29.684536
36, 28, -16.875614
36, 29, -11.115114
36, 30, -9.405953
36, 31, 12.349759
36, 32, -10.340508
36, 34, -17.084666
36, 35, 24.384821
36, 36, 14.655103
36, 37, 0.000000
36, 38, 7.961734
36, 39, -10.541725
36, 40, 4.699359
36, 42, 8.431387
36, 43, -11.633240
36, 44, 48.956507
36, 45, 29.487211
36, 46, 48.475238
36, 49, 7.320175
36, 50, -32.806354
37, 1, -11.760277
37, 2, -19.480545
37, 4, 15.557234
37, 5, -13.000000
37, 8, -3.749305
37, 10, -24.546109
37, 11, 42.643001
37, 12, 32.455779
37, 13, 27.566661
37, 14, -4.887036
37, 16, -43.000000
37, 17, -24.295684
37, 18, -11.529642
37, 19, -13.314692
37, 20, -28.877394
37, 21, -9.005758
37, 22, -35.642818
37, 23, 21.787384
37, 24, 32.230726
37, 26, -30.119590
37, 27, -10.245817
37, 28, 1.005785
37, 29, 1.149194
37, 30, -10.594047
37, 31, 15.586260
37, 32, 4.793569
37, 33, 8.811825
37, 34, -15.416248
37, 35, 5.264036
37, 36, 31.283836
37, 38, -4.720191
37, 39, 2.910882
37, 40, -4.630686
37, 41, 99999.000000
37, 42, 5.508023
37, 44, 32.603566
37, 45, -1.811913
37, 46, -13.032762
37, 48, 11.693015
37, 49, -4.663474
37, 50, -8.901751
38, 1, -7.008767
38, 2, -23.211532
38, 4, 21.089755
38, 6, -1.534685
38, 8, 7.281619
38, 10, -7.985869
38, 12, 34.238931
38, 13, 21.638750
38, 14, -36.061508
38, 15, 21.661299
38, 17, -12.573816
38, 19, -8.015683
38, 20, -30.499700
38, 21, -21.241528
38, 22, -17.083286
38, 23, 0.935271
38, 24, 29.154535
38, 25, -24.529722
38, 26, -65.819231
38, 28, -17.546332
38, 29, -13.452799
38, 31, 12.349759
38, 32, -9.785620
38, 33, 3.188175
38, 34, -17.150008
38, 35, 25.410442
38, 36, 15.123772
38, 37, 2.585846
38, 38, 8.957306
38, 39, -10.762388
38, 40, 4.669069
38, 42, 9.543600
38, 43, 62.000000
38, 44, 48.958049
38, 45, 29.345486
38, 48, 6.306985
38, 49, 6.914062
39, 1, -12.501182
39, 2, -16.597980
39, 3, 64.460679
39, 4, 17.501934
39, 5, 18.879305
39, 6, 3.828660
39, 8, -6.350115
39, 9, 9.155538
39, 10, -24.620517
39, 12, 32.105978
39, 13, 28.081782
39, 14, -5.475735
39, 15, 14.755841
39, 16, -12.918313
39, 17, -24.249137
39, 18, 84.000000
39, 19, -12.791543
39, 20, -28.885400
39, 21, -8.971462
39, 22, -33.551296
39, 23, 21.625426
39, 24, 32.230726
39, 25, -30.836555
39, 26, -30.119590
39, 27, -8.217979
39, 28, 0.027141
39, 29, 0.467619
39, 30, 17.486500
39, 32, 5.563098
39, 34, -15.481333
39, 35, 2.946227
39, 36, 31.847076
39, 37, -7.296324
39, 38, -2.664004
39, 39, 2.595626
39, 41, -29.892635
39, 42, 7.409456
39, 44, 32.603842
39, 45, 1.329733
39, 49, -4.798932
40, 1, -6.133566
40, 2, -20.485534
40, 3, 74.540067
40, 4, 22.764779
40, 5, 24.559637
40, 6, -1.534685
40, 7, -0.820623
40, 8, 1.751137
40, 9, 19.128913
40, 10, -8.056857
40, 13, 22.210510
40, 14, -34.262731
40, 15, 21.442275
40, 16, 5.340292
40, 17, -13.695476
40, 19, -7.818310
40, 20, -30.508839
40, 21, -21.335644
40, 22, -15.179340
40, 23, -0.775870
40, 24, 29.154535
40, 27, 7.792604
40, 28, -18.480013
40, 29, -15.170281
40, 30, 40.657437
40, 31, -64.377146
40, 32, -9.032414
40, 33, -95.000000
40, 34, -17.215350
40, 35, 26.657978
40, 36, 15.499615
40, 37, 2.841225
40, 38, 10.719759
40, 39, -11.074435
40, 40, -10.386178
40, 41, -51.153305
40, 42, 12.707877
40, 43, -13.985119
40, 45, 29.218713
40, 47, -6.915176
40, 48, -7.247437
40, 50, 30.059365
41, 1, -12.749688
41, 2, -14.118695
41, 3, 64.460679
41, 4, 18.226730
41, 5, 18.879307
41, 7, -15.449511
41, 8, -9.272128
41, 9, 9.064917
41, 12, 9.486743
41, 13, 29.444158
41, 14, -6.966447
41, 15, 14.709867
41, 16, -12.918306
41, 17, -24.169318
41, 18, 47.059831
41, 19, -12.569811
41, 20, -28.890348
41, 22, -30.483966
41, 23, 20.759412
41, 26, 49.653492
41, 27, -6.718298
41, 28, -1.020146
41, 29, 0.056835
41, 30, 17.461700
41, 31, -58.791741
41, 32, 6.603803
41, 34, -15.513875
41, 35, 1.113031
41, 36, 32.097742
41, 37, -6.808878
41, 38, 0.329552
41, 39, 2.202510
41, 40, -19.437766
41, 41, -29.892635
41, 42, 10.978245
41, 43, -11.014881
41, 44, 1.512791
41, 45, 4.239846
41, 46, -23.247540
41, 47, -33.362011
41, 48, -0.429843
41, 49, 15.687392
41, 50, 25.940635
42, 2, -18.824011
42, 5, 24.559630
42, 6, -26.199870
42, 7, -0.439939
42, 8, -3.701191
42, 9, 18.411682
42, 12, -24.088275
42, 13, 23.227303
42, 14, -31.347620
42, 15, 21.132540
42, 16, 5.340300
42, 17, -15.752239
42, 18, 31.019137
42, 19, -7.781917
42, 22, -12.931399
42, 23, -2.263964
42, 24, 7.000000
42, 27, 10.227938
42, 28, -19.514422
42, 29, -15.800226
42, 30, 40.310294
42, 31, -64.311559
42, 32, -8.199659
42, 33, -50.938379
42, 35, 27.840072
42, 37, 3.521805
42, 38, 12.859309
42, 39, -11.295072
42, 40, -10.500662
42, 41, -51.153305
42, 42, 17.404204
42, 44, 32.158404
42, 45, 29.141179
42, 47, -6.915176
42, 48, -7.247437
42, 49, 22.375407
43, 1, 17.641620
43, 2, -12.302521
43, 3, 42.757421
43, 4, 6.482321
43, 5, 18.879310
43, 6, 0.911777
43, 7, -16.072514
43, 8, -12.254581
43, 9, 8.827691
43, 10, 0.288647
43, 11, 19.495080
43, 12, 9.486802
43, 13, 31.203008
43, 14, -8.661750
43, 15, 14.663893
43, 16, -12.918300
43, 17, -24.179521
43, 18, 47.059831
43, 20, 86.514841
43, 22, -26.981479
43, 23, 19.743312
43, 25, -39.647315
43, 27, -2.686175
43, 28, -1.961391
43, 30, 17.405975
43, 31, -58.618606
43, 32, 7.796238
43, 33, 10.440718
43, 34, -52.415873
43, 35, -0.086747
43, 36, -38.105751
43, 37, -5.975427
43, 38, 3.681723
43, 39, 2.027558
43, 40, -19.522979
43, 42, 15.684182
43, 43, -28.745617
43, 44, 1.572759
43, 45, 5.979904
43, 46, -59.000000
43, 48, -0.429843
43, 49, 15.687332
44, 1, -13.363721
44, 2, -18.079722
44, 3, 42.242579
44, 4, 14.059209
44, 6, -26.221972
44, 7, 0.187627
44, 8, -8.469649
44, 9, 17.250461
44, 10, 29.931199
44, 12, -24.088192
44, 13, 24.461238
44, 14, -28.426787
44, 15, 20.913533
44, 17, -18.352840
44, 18, 31.019125
44, 19, -88.000000
44, 20, 85.485159
44, 21, 15.622454
44, 22, -10.805851
44, 23, -3.250649
44, 24, -1.900952
44, 25, -10.860606
44, 27, 14.336484
44, 28, -20.407532
44, 29, 1.618850
44, 30, 39.877415
44, 31, -64.164188
44, 32, -7.429946
44, 33, -50.938379
44, 34, -55.584127
44, 35, 28.679828
44, 36, -39.594499
44, 37, 4.410979
44, 38, 14.932306
44, 40, -10.757906
44, 41, 5.286353
44, 42, 22.786142
44, 43, -0.040148
44, 44, 32.085701
44, 45, 29.116543
44, 47, -13.384565
44, 49, 22.375322
45, 1, 17.489567
45, 2, -11.229476
45, 4, 6.722586
45, 5, 32.499960
45, 6, 0.194983
45, 7, -17.025280
45, 8, -14.977833
45, 9, 8.534512
45, 10, 0.416963
45, 11, 6.689751
45, 12, 9.486862
45, 13, 32.862996
45, 14, -9.768355
45, 16, -40.207937
45, 17, -24.347560
45, 21, -8.493657
45, 22, -23.650881
45, 23, 18.958707
45, 24, 1.900952
45, 25, -38.983047
45, 26, 59.399129
45, 27, 2.615096
45, 28, -2.616715
45, 29, 5.381150
45, 30, 17.361288
45, 31, -58.402711
45, 32, 8.954151
45, 33, 10.440842
45, 35, -0.662368
45, 36, -38.105751
45, 37, -5.030101
45, 38, 6.727315
45, 40, -19.629238
45, 41, -10.431423
45, 42, 20.672449
45, 43, -28.521852
45, 44, 1.707506
45, 46, -38.606989
45, 47, 16.678752
45, 48, 58.049524
45, 49, 15.687271
46, 1, -13.743804
46, 2, -17.863222
46, 4, 14.458573
46, 5, 28.500040
46, 6, -26.275335
46, 7, 0.829539
46, 8, -12.112073
46, 9, 16.088357
46, 10, 30.118414
46, 11, -21.029739
46, 13, 25.631154
46, 14, -26.618753
46, 16, -41.792063
46, 17, -20.921882
46, 19, 8.608848
46, 20, 54.342032
46, 21, 15.510844
46, 22, -9.141147
46, 23, -3.738561
46, 25, -10.535778
46, 26, 52.410913
46, 27, 18.823014
46, 28, -20.925065
46, 30, 39.684765
46, 31, -64.046006
46, 32, -6.838709
46, 34, -29.105874
46, 35, 28.982836
46, 36, -39.594499
46, 37, 5.253390
46, 38, 16.545215
46, 40, -10.964200
46, 41, 5.313338
46, 42, 27.785778
46, 43, 0.511739
46, 44, 31.995040
46, 45, -73.000000
46, 46, -19.933835
46, 47, -13.384511
46, 48, 59.950476
46, 50, 1.673334
47, 1, 17.147906
47, 2, -10.879007
47, 3, 12.889456
47, 4, 7.262458
47, 6, -0.818771
47, 7, -17.861399
47, 8, -17.080919
47, 9, 8.297364
47, 10, 0.705286
47, 11, 6.689793
47, 12, 75.910873
47, 13, 34.077432
47, 17, -24.609628
47, 19, 2.391152
47, 20, 65.438606
47, 21, -8.506530
47, 22, -21.060446
47, 23, 18.556725
47, 24, -33.000000
47, 25, -38.043563
47, 27, 7.507205
47, 28, -2.851713
47, 29, 99999.000000
47, 31, -58.306629
47, 32, 9.871285
47, 34, -49.043052
47, 37, -4.226180
47, 38, 8.848393
47, 39, -21.095994
47, 40, -19.676529
47, 41, -10.401436
47, 42, 24.875629
47, 43, -28.019056
47, 44, 1.815565
47, 46, -38.606989
47, 47, 16.678833
47, 49, 17.772361
48, 1, -14.217759
48, 3, 9.022530
48, 4, 14.956573
48, 5, -10.217203
48, 6, -26.328702
48, 7, 1.233435
48, 8, -14.371136
48, 9, 15.369695
48, 10, 30.351868
48, 11, -21.029670
48, 13, 26.465530
48, 15, 27.331626
48, 16, -42.107829
48, 17, -22.814130
48, 20, 54.342032
48, 21, 15.399234
48, 22, -8.109466
48, 23, -3.874094
48, 25, -10.130724
48, 26, -92.000000
48, 27, 22.259656
48, 30, -48.927540
48, 32, -6.481140
48, 34, -29.105887
48, 35, -12.104009
48, 36, 4.662605
48, 37, 5.840442
48, 38, 17.420862
48, 39, -3.069801
48, 41, 5.367307
48, 42, 31.328276
48, 43, 1.199931
48, 44, 31.954692
48, 45, 25.929085
48, 46, -19.933835
48, 47, -13.384456
48, 48, -15.451406
48, 49, 31.927890
48, 50, 26.107829
49, 1, 16.873916
49, 3, 12.889456
49, 4, 7.695402
49, 5, -28.619022
49, 6, -1.535639
49, 7, -18.191162
49, 8, -18.233080
49, 9, 8.206791
49, 10, 0.936504
49, 11, 6.689836
49, 13, 34.698494
49, 16, -52.094745
49, 17, -24.806776
49, 18, -33.663413
49, 19, -32.272262
49, 21, -8.514485
49, 22, -19.646917
49, 24, -76.000000
49, 25, -37.379200
49, 27, 10.424055
49, 28, -15.227778
49, 29, 25.267301
49, 30, -62.798258
49, 31, 46.341547
49, 32, 10.377083
49, 33, 18.728378
49, 34, -49.043073
49, 35, -16.895991
49, 36, -11.150014
49, 37, -3.768266
49, 38, 9.607977
49, 39, -21.095994
49, 40, 22.797024
49, 41, -10.371448
49, 42, 27.285804
49, 43, -27.615844
49, 45, 38.227788
49, 48, -34.962882
49, 49, 17.772361
49, 50, 36.094745
50, 1, -14.428688
50, 3, 9.022530
50, 4, 15.178205
50, 5, -10.217203
50, 6, -26.350809
50, 8, -15.133686
50, 10, 30.455764
50, 13, 26.767619
50, 14, -50.148492
50, 15, 61.000000
50, 16, -42.107829
50, 17, -23.511337
50, 18, -38.336587
50, 19, -30.727738
50, 20, 4.000000
50, 22, -7.763470
50, 23, 75.000000
50, 25, -9.950458
50, 26, 68.000000
50, 27, 23.543242
50, 28, -20.772222
50, 29, 22.732699
50, 30, -48.927540
50, 31, 42.658453
50, 32, -6.363515
50, 33, -3.693015
50, 34, -29.105900
50, 36, 4.662605
50, 37, 6.049058
50, 39, -3.069801
50, 40, 22.202976
50, 41, 5.394291
50, 42, 32.608813
50, 43, 1.506205
50, 44, -53.000000
50, 45, 25.929085
50, 46, -72.000000
50, 47, -8.000000
50, 48, -15.451406
50, 49, 31.927890
50, 50, 26.107829
