1, 1, 33.000000
1, 3, -27.773240
1, 4, 11.561931
1, 6, 14.109820
1, 7, 5.791473
1, 8, 33.803074
1, 9, -23.181962
1, 10, -19.000000
1, 11, 13.094179
1, 12, 99999.000000
1, 13, -86.000000
1, 14, -58.675807
1, 15, -38.000000
1, 16, 29.255693
1, 18, -85.000000
1, 19, -32.576684
1, 20, -10.557526
1, 21, -8.185157
1, 22, -16.401656
1, 23, 29.979280
1, 24, 2.549116
1, 25, -52.013158
1, 26, 99999.000000
1, 27, 62.000000
1, 28, 3.265050
1, 29, -41.000000
1, 30, -35.147836
1, 32, -18.315115
1, 33, -48.117045
1, 34, -13.187282
1, 35, -3.221909
1, 37, -82.000000
1, 38, -87.000000
1, 39, 82.000000
1, 40, 3.924423
1, 41, 13.995438
1, 42, -29.532488
1, 43, -37.611425
1, 45, -3.440026
1, 46, -81.000000
1, 47, -27.505472
1, 49, 45.000000
1, 50, 24.065012
2, 2, 10.334951
2, 3, -17.055181
2, 4, 25.958310
2, 5, -29.771435
2, 6, 6.371772
2, 7, 15.686661
2, 8, 35.196926
2, 9, -12.363489
2, 11, 16.009199
2, 14, -57.324193
2, 16, 0.211190
2, 17, -43.516794
2, 18, -91.253428
2, 19, -52.105985
2, 20, -36.378603
2, 21, -15.166885
2, 22, -2.909532
2, 23, 2.849387
2, 24, 18.537569
2, 25, -21.918276
2, 26, -32.812410
2, 28, 11.670876
2, 30, -34.230406
2, 31, 7.462506
2, 32, -16.088931
2, 33, -53.021222
2, 34, -19.346412
2, 35, -19.535123
2, 36, -70.732309
2, 40, -10.892585
2, 41, 21.486977
2, 42, -11.586425
2, 43, -22.880824
2, 44, -27.251821
2, 45, 23.875396
2, 47, -10.667258
2, 48, -7.506527
2, 50, 14.621739
3, 1, -24.219607
3, 2, 52.459159
3, 3, -29.358114
3, 4, 6.513970
3, 5, -51.119719
3, 6, 7.345040
3, 7, 5.839846
3, 9, -23.422395
3, 11, 10.570007
3, 12, 30.208644
3, 13, 99999.000000
3, 15, -25.197479
3, 16, 29.709189
3, 17, 2.012080
3, 18, 99999.000000
3, 19, -34.796525
3, 20, -9.272761
3, 21, -14.044634
3, 22, -17.308649
3, 23, 19.973175
3, 24, 2.658615
3, 25, -42.516756
3, 26, -31.899592
3, 27, -0.597733
3, 28, 3.500868
3, 29, 60.423855
3, 30, -34.984577
3, 31, 8.364788
3, 32, -15.529943
3, 33, -46.135920
3, 34, -11.056679
3, 35, 1.872066
3, 36, -70.267691
3, 37, -79.000000
3, 38, 43.506303
3, 39, -5.353991
3, 40, 2.642674
3, 41, 13.892645
3, 42, -29.399462
3, 43, -38.798396
3, 44, 22.935542
3, 45, -1.475365
3, 47, -20.694538
3, 48, -12.103394
3, 49, -46.923410
3, 50, 24.612520
4, 1, -24.621003
4, 2, 5.399345
4, 3, -19.301500
4, 4, 19.004151
4, 5, -32.524357
4, 6, -4.950364
4, 8, -59.906870
4, 9, -12.071863
4, 10, -95.000000
4, 11, 9.702944
4, 12, 34.455406
4, 14, 20.659708
4, 15, -26.802521
4, 16, 99999.000000
4, 17, -43.837265
4, 18, 97.000000
4, 19, -41.512576
4, 20, -35.239768
4, 21, -22.060280
4, 22, -4.419230
4, 23, -1.572383
4, 24, 21.253321
4, 25, -14.552469
4, 26, -30.941128
4, 27, -15.504781
4, 29, 46.209945
4, 30, -33.592580
4, 31, 6.782558
4, 32, -12.118470
4, 33, -47.612069
4, 34, -22.553730
4, 35, -12.728430
4, 38, 39.493697
4, 39, 7.633331
4, 40, -19.305247
4, 43, -27.295341
4, 44, -33.729961
4, 45, 26.488192
4, 46, 99999.000000
4, 47, -0.982369
4, 48, -7.760485
4, 49, -36.118632
4, 50, 14.763562
5, 1, -19.007449
5, 2, 52.542235
5, 3, -31.876280
5, 4, 1.193738
5, 5, -54.680335
5, 6, -4.077980
5, 7, 6.496488
5, 8, -24.174871
5, 9, -24.250304
5, 11, 0.943075
5, 12, 29.948639
5, 13, -5.815787
5, 14, 21.423258
5, 16, -29.154684
5, 17, 3.395494
5, 18, 99999.000000
5, 19, -42.242691
5, 21, -25.166622
5, 22, 99999.000000
5, 23, -1.229099
5, 24, 4.303969
5, 25, -22.302867
5, 26, -37.892835
5, 27, 2.712000
5, 28, -64.000000
5, 29, 60.677813
5, 30, 99999.000000
5, 31, 9.575098
5, 32, -6.543349
5, 33, -36.442769
5, 34, -4.349702
5, 35, 9.290597
5, 36, 27.567530
5, 39, -10.967560
5, 40, 1.221436
5, 41, 32.154723
5, 43, -41.771139
5, 44, 10.923600
5, 45, 0.343881
5, 46, -92.000000
5, 47, -7.057775
5, 49, -47.242409
5, 50, 24.832139
6, 1, -17.655344
6, 2, 0.265416
6, 3, -21.234994
6, 5, -35.367690
6, 6, -12.152514
6, 7, 22.101815
6, 8, -55.464602
6, 9, 99999.000000
6, 10, -12.855000
6, 11, -2.982886
6, 13, 15.005228
6, 14, 22.751524
6, 15, 99999.000000
6, 16, -24.519509
6, 17, 99999.000000
6, 18, 28.844207
6, 19, -28.562608
6, 20, -4.361770
6, 21, -27.791067
6, 22, 57.739509
6, 23, -4.291110
6, 24, 23.696008
6, 25, -11.553020
6, 26, -25.765687
6, 27, -7.587590
6, 28, 99999.000000
6, 30, -23.000000
6, 31, 6.753370
6, 32, -5.907450
6, 33, -34.806847
6, 34, -25.492667
6, 35, -8.435817
6, 36, 8.387179
6, 38, -31.103741
6, 39, 0.856018
6, 40, -26.531530
6, 41, 22.859996
6, 42, -64.353871
6, 43, -30.531244
6, 44, -46.788784
6, 47, 8.850652
6, 49, -36.619022
7, 1, -10.124572
7, 2, 99999.000000
7, 3, -32.712595
7, 4, -18.817890
7, 6, -5.887153
7, 7, 5.486703
7, 8, -18.074346
7, 9, 7.562041
7, 10, 8.218877
7, 11, -13.602621
7, 12, 28.533856
7, 13, -4.630837
7, 14, 21.152990
7, 15, 43.000000
7, 16, -24.769037
7, 17, -66.000000
7, 18, -29.000000
7, 19, -51.541043
7, 20, -27.412074
7, 21, -36.168243
7, 22, -0.615339
7, 23, -20.384997
7, 25, -7.027927
7, 26, -46.363273
7, 27, 7.865991
7, 28, -52.000000
7, 29, -13.692994
7, 31, 11.090201
7, 32, 4.860779
7, 33, -16.026879
7, 34, 7.062523
7, 35, 10.013750
7, 36, 20.314398
7, 38, -19.328165
7, 39, -20.513279
7, 40, 0.706071
7, 41, 25.034140
7, 42, -38.507498
7, 43, -43.321408
7, 44, -6.226592
7, 46, 0.340777
7, 47, 3.428404
7, 50, 1.800366
8, 1, -12.708052
8, 4, -24.182110
8, 5, 1.323750
8, 6, -3.848240
8, 8, -42.638927
8, 9, -41.516008
8, 10, -15.839765
8, 11, -15.032450
8, 12, 3.931334
8, 13, 13.482778
8, 14, 24.239017
8, 16, -23.324467
8, 19, -20.464110
8, 20, -2.232473
8, 21, -30.491622
8, 22, 53.484506
8, 23, -5.449613
8, 24, -2.000000
8, 25, -19.335640
8, 26, -19.109757
8, 27, 3.519128
8, 29, -29.828976
8, 30, -25.457284
8, 32, -1.005103
8, 33, -16.014128
8, 34, -24.275528
8, 35, -10.406082
8, 36, -5.283082
8, 37, -56.492343
8, 38, -29.868444
8, 39, -5.413193
8, 41, 2.332775
8, 42, -64.251078
8, 43, 99999.000000
8, 44, -56.874536
8, 45, 7.131120
8, 46, -0.193279
8, 47, 14.290777
8, 48, 3.755617
8, 49, 14.000000
8, 50, 24.844899
9, 3, -19.615976
9, 5, 5.660270
9, 6, 5.324258
9, 8, -8.288891
9, 9, 10.523822
9, 10, 1.275668
9, 11, -21.608173
9, 12, 28.497576
9, 13, 0.440675
9, 14, 15.396682
9, 15, 23.000000
9, 16, -15.659218
9, 17, 60.000000
9, 18, -12.000000
9, 19, -57.412528
9, 20, -21.941040
9, 21, -45.757675
9, 22, 0.558465
9, 23, -30.238494
9, 25, -7.856389
9, 26, -46.252212
9, 27, 11.382311
9, 29, -14.510973
9, 30, -10.038921
9, 31, -68.000000
9, 32, 11.545468
9, 33, 9.571560
9, 34, 19.416240
9, 35, 5.283736
9, 36, 5.002439
9, 37, -15.481066
9, 38, -18.790262
9, 39, -24.958843
9, 40, -11.295822
9, 41, 12.104699
9, 43, -3.548541
9, 44, -15.176843
9, 45, -0.144468
9, 46, -1.719448
9, 47, 8.611685
9, 48, -9.907111
9, 50, 0.462810
10, 1, -3.493233
10, 2, -35.948306
10, 3, -20.178809
10, 4, -29.261955
10, 5, 2.693328
10, 6, 13.993797
10, 7, 5.489114
10, 8, -22.110677
10, 9, -32.349312
10, 10, -20.239829
10, 13, 13.318766
10, 14, 19.611831
10, 16, -19.476623
10, 18, 99999.000000
10, 19, -18.330638
10, 20, -1.559721
10, 21, -32.996916
10, 22, 44.506283
10, 23, -7.520093
10, 24, -9.978037
10, 25, -32.541565
10, 26, -12.008504
10, 27, 15.799872
10, 29, -30.821526
10, 30, -24.364303
10, 32, 0.969405
10, 33, 2.558305
10, 34, -20.270750
10, 35, -13.638019
10, 36, -19.399332
10, 37, -56.375077
10, 38, -23.736861
10, 40, 8.481265
10, 41, -21.924528
10, 42, -54.657098
10, 43, 47.000000
10, 45, 12.160136
10, 46, -4.394863
10, 47, 17.725786
10, 48, -1.067985
10, 49, -4.055324
10, 50, 23.379096
11, 1, 31.353957
11, 2, -45.664902
11, 3, -20.662125
11, 4, 11.072534
11, 5, 7.014846
11, 6, 17.689904
11, 7, -20.172388
11, 8, 4.238667
11, 9, 19.418051
11, 10, -5.211433
11, 11, -27.978260
11, 12, -16.000000
11, 13, 6.364484
11, 14, 1.139108
11, 15, 0.000000
11, 16, -6.561566
11, 17, -6.010147
11, 20, -16.676335
11, 21, -52.842912
11, 22, 4.616490
11, 23, -29.499882
11, 24, -16.395076
11, 25, -22.823995
11, 26, -34.676901
11, 27, 15.725622
11, 28, 9.605595
11, 30, -9.140969
11, 32, 9.390226
11, 33, 28.135276
11, 34, 25.217547
11, 35, 2.678943
11, 36, -3.445636
11, 37, -16.709248
11, 38, -16.841148
11, 39, -1.662256
11, 40, -0.230944
11, 41, 4.851339
11, 42, -51.912391
11, 44, 17.799146
11, 45, 5.799802
11, 46, -9.712152
11, 47, 11.408352
11, 48, -22.545624
11, 49, 17.074519
11, 50, -0.420784
12, 1, -3.810890
12, 2, -38.807910
12, 3, -26.382569
12, 4, -21.206412
12, 6, 24.030057
12, 7, 0.790415
12, 8, -0.157316
12, 9, -12.631876
12, 10, -21.922401
12, 11, -24.816013
12, 13, 13.929262
12, 14, 7.815947
12, 15, 11.464618
12, 16, -16.640586
12, 17, -10.663027
12, 18, -0.638644
12, 19, 3.629965
12, 20, -4.915287
12, 21, -36.425514
12, 22, 35.356400
12, 23, -7.910578
12, 24, -8.890410
12, 25, -40.301915
12, 26, -4.325039
12, 27, 28.807769
12, 28, 9.394405
12, 29, 80.000000
12, 31, 20.168399
12, 32, 0.522607
12, 33, 11.254528
12, 37, -56.847707
12, 38, -9.020081
12, 39, -3.946028
12, 40, 28.614745
12, 41, -35.652977
12, 42, -54.941289
12, 43, -2.654699
12, 44, 1.981161
12, 45, 16.661144
12, 46, -15.008562
12, 47, 19.774182
12, 48, -11.125319
12, 49, -2.100572
13, 1, 29.037968
13, 2, -51.281057
13, 3, -23.428516
13, 4, 15.799224
13, 5, 55.814782
13, 6, 18.199842
13, 7, -22.558336
13, 8, 14.766208
13, 9, 29.146328
13, 11, -26.011928
13, 12, 99999.000000
13, 14, -19.678729
13, 15, 99999.000000
13, 16, -2.409758
13, 17, -4.833252
13, 18, -2.290138
13, 19, -9.954355
13, 20, -13.312315
13, 21, -55.495733
13, 22, 9.071863
13, 23, -19.673980
13, 24, -14.900463
13, 25, -39.143174
13, 26, -16.561752
13, 27, 22.859049
13, 30, -28.452189
13, 31, 16.831601
13, 32, -0.164762
13, 34, -6.463512
13, 35, -14.727854
13, 36, -44.253428
13, 37, -20.560829
13, 38, -11.772435
13, 39, -3.706252
13, 40, 22.201801
13, 41, 4.438621
13, 43, -11.804415
13, 44, 15.908419
13, 46, -19.737661
13, 48, -35.419745
13, 49, 18.891522
13, 50, 22.009421
14, 1, -2.058198
14, 2, -45.608915
14, 3, -34.267293
14, 4, -3.691992
14, 5, 31.389252
14, 6, 17.239886
14, 7, -11.615076
14, 8, 10.252484
14, 9, 2.884315
14, 10, 42.678954
14, 11, -24.588432
14, 12, 23.049842
14, 13, -19.252952
14, 14, -9.413999
14, 16, 99999.000000
14, 17, -9.387935
14, 18, -0.828970
14, 19, 5.223586
14, 20, -7.461900
14, 21, -38.446598
14, 22, 25.163188
14, 23, -3.076261
14, 24, -8.556500
14, 25, -37.535040
14, 26, 2.242490
14, 27, 38.939375
14, 28, -24.132848
14, 30, -59.193974
14, 32, -1.928188
14, 33, -41.703233
14, 34, 0.463512
14, 35, -15.504122
14, 36, -43.746572
14, 37, -57.464252
14, 38, 11.730615
14, 39, -5.633059
14, 40, 51.259593
14, 41, -38.229907
14, 42, 99999.000000
14, 43, -10.464906
14, 44, -0.074591
14, 46, -26.789185
14, 47, 1.292177
14, 48, -16.884430
14, 50, 15.443713
15, 1, 25.362811
15, 2, -56.285575
15, 3, -26.124880
15, 4, 20.612008
15, 5, 55.869146
15, 6, 7.714649
15, 7, -23.748648
15, 9, 33.241466
15, 10, 2.079014
15, 11, -22.816463
15, 12, -12.804900
15, 13, 7.390623
15, 14, -40.964288
15, 15, 99999.000000
15, 16, 0.349511
15, 18, -2.324986
15, 19, -8.403013
15, 20, -9.397348
15, 21, 99999.000000
15, 22, 7.109892
15, 23, -6.678650
15, 24, -14.598927
15, 25, -44.569445
15, 26, 0.643491
15, 27, 29.443271
15, 28, -31.234891
15, 29, 40.279970
15, 30, -27.447227
15, 31, -84.000000
15, 32, -12.532655
15, 33, -49.903625
15, 35, -2.500812
15, 37, -23.156793
15, 38, -3.686436
15, 39, -5.451462
15, 40, 39.219677
15, 41, 5.417124
15, 42, 40.000000
15, 43, -22.616351
15, 45, -6.962934
15, 46, -25.052592
15, 47, -19.840410
15, 49, 19.945984
15, 50, 15.643417
16, 1, 8.081353
16, 2, -52.070236
16, 3, -37.781252
16, 4, 12.197460
16, 5, 30.568050
16, 6, 1.865711
16, 7, -24.223897
16, 8, -13.635025
16, 10, 41.109594
16, 11, -24.801246
16, 12, 21.947638
16, 13, -17.020239
16, 14, -28.339998
16, 15, -42.238182
16, 16, 4.719005
16, 17, 55.295113
16, 20, -3.875409
16, 21, 12.767480
16, 22, 11.106636
16, 23, 3.197372
16, 24, -9.120752
16, 25, -28.678597
16, 26, 5.417488
16, 27, 41.615907
16, 28, -23.925155
16, 29, 24.027963
16, 30, -59.414819
16, 32, -5.770566
16, 33, -42.363125
16, 34, 2.000000
16, 35, 5.258382
16, 36, 66.000000
16, 38, 29.591624
16, 40, 60.883689
16, 41, -37.512002
16, 43, -22.721891
16, 44, 22.332157
16, 45, -27.571783
16, 46, -32.022943
16, 47, 0.519594
16, 48, -18.231521
16, 49, -7.680943
16, 50, 7.955765
17, 1, 25.384855
17, 2, -56.669608
17, 4, 23.960007
17, 5, 53.383607
17, 6, -4.213351
17, 7, -21.546928
17, 8, -20.870901
17, 9, -27.173913
17, 10, -1.063361
17, 11, -21.341781
17, 12, -12.127350
17, 13, 6.525000
17, 14, -56.087877
17, 15, -25.290012
17, 16, -3.351653
17, 17, 51.704887
17, 18, 24.171161
17, 19, 86.000000
17, 20, -2.627350
17, 21, -2.742764
17, 22, -2.402958
17, 23, -0.405818
17, 25, -36.333119
17, 26, 12.123296
17, 27, 31.583371
17, 28, -31.402255
17, 29, 36.440308
17, 30, -26.612218
17, 31, 99999.000000
17, 32, -21.695701
17, 33, -50.455774
17, 35, 21.452844
17, 38, 4.008564
17, 39, 7.447272
17, 42, -9.760263
17, 43, -29.346353
17, 44, 37.861878
17, 45, -6.613703
17, 46, -24.285519
17, 47, -21.670455
17, 48, 4.644360
17, 49, 17.655179
17, 50, 1.428347
18, 1, 24.296086
18, 2, -54.975496
18, 3, -73.000000
18, 4, 20.685005
18, 5, 25.175102
18, 6, -10.016972
18, 7, -30.495265
18, 8, -16.214854
18, 9, -24.744278
18, 10, 37.254724
18, 12, 20.694893
18, 13, -14.326107
18, 14, -41.589458
18, 15, -38.290508
18, 16, 6.238979
18, 18, -2.480609
18, 20, 5.700321
18, 21, 9.780999
18, 22, -1.752116
18, 24, -31.465723
18, 25, -20.050552
18, 26, 6.281080
18, 27, 38.030342
18, 29, 23.026804
18, 30, 99999.000000
18, 32, -8.201066
18, 34, 23.000000
18, 35, 26.173626
18, 36, 21.816785
18, 37, 73.000000
18, 38, 38.056500
18, 39, 33.421012
18, 40, 15.532283
18, 41, 31.746526
18, 42, 8.483783
18, 44, 22.102386
18, 45, -27.087313
18, 46, -28.506541
18, 47, -0.718833
18, 48, -16.620788
18, 49, -12.056473
18, 50, -2.545942
19, 1, 28.871009
19, 2, -55.394174
19, 4, 26.002456
19, 5, 41.095361
19, 6, -14.402479
19, 7, -19.452822
19, 8, -26.647816
19, 9, -26.412039
19, 10, -3.865505
19, 11, -20.994729
19, 13, 5.169371
19, 14, -61.375568
19, 15, -30.477758
19, 16, -13.462720
19, 17, -52.504817
19, 18, 21.279889
19, 19, 6.051293
19, 20, 5.970769
19, 21, -5.124703
19, 22, -8.811999
19, 23, 9.403094
19, 24, -36.534277
19, 25, -20.356892
19, 26, 16.417100
19, 27, 30.534191
19, 28, -19.376513
19, 29, 31.125839
19, 30, -56.634122
19, 31, -90.000000
19, 33, 23.308264
19, 35, 33.754425
19, 36, 21.183215
19, 38, 6.960702
19, 39, 3.717712
19, 40, -9.056318
19, 41, 30.933734
19, 42, -9.905851
19, 45, -5.833780
19, 46, -19.371136
19, 48, 6.327377
19, 49, 12.780248
19, 50, -13.810825
20, 1, 32.962025
20, 3, 62.000000
20, 4, 25.861818
20, 5, 10.144157
20, 6, -16.946272
20, 8, -20.844861
20, 10, 34.792105
20, 11, -7.089507
20, 15, -30.941032
20, 16, 6.374003
20, 17, -54.454907
20, 18, -7.404990
20, 19, -10.430066
20, 20, 17.217710
20, 21, 7.673922
20, 23, -17.902637
20, 25, -13.221700
20, 27, 35.252742
20, 28, 8.718759
20, 29, 22.941714
20, 30, -78.000000
20, 33, 1.300211
20, 34, 13.708335
20, 37, -35.873839
20, 39, 25.282156
20, 40, 14.762818
20, 41, 31.139464
20, 42, 2.948139
20, 43, 63.000000
20, 44, -5.826842
20, 46, -18.437395
20, 47, 33.153277
20, 49, -16.953955
20, 50, -12.237917
21, 2, 66.000000
21, 4, 27.823919
21, 5, 15.985715
21, 6, -25.717717
21, 7, -9.658044
21, 8, -30.710684
21, 11, -22.591770
21, 12, -38.188882
21, 13, -59.731756
21, 14, -2.261965
21, 15, -37.449682
21, 16, -27.009235
21, 17, -45.882219
21, 18, 16.931611
21, 19, 15.342853
21, 20, 13.365062
21, 21, -5.753478
21, 23, 9.663763
21, 25, -5.494399
21, 28, -25.535997
21, 31, -2.966972
21, 32, -13.000000
21, 33, 25.316167
21, 34, 19.135529
21, 35, 22.693394
21, 36, -40.585455
21, 37, -39.126161
21, 38, 7.804006
21, 39, -1.892057
21, 40, -7.514571
21, 41, 30.608988
21, 42, -12.648719
21, 43, 75.506855
21, 44, -5.632164
21, 45, 0.931660
21, 46, -9.480144
21, 47, 23.594249
21, 48, -41.568903
21, 49, 7.748522
21, 50, -23.854487
22, 1, -96.000000
22, 2, 99999.000000
22, 3, 18.980276
22, 4, 34.604708
22, 5, -12.215256
22, 6, -22.968042
22, 7, -16.859015
22, 10, -13.764526
22, 11, -6.113769
22, 12, -31.152971
22, 13, -56.268244
22, 14, 19.023045
22, 15, -27.356037
22, 16, 0.561096
22, 17, -41.864621
22, 18, -10.910004
22, 19, 3.693165
22, 20, 26.792124
22, 21, 11.354288
22, 22, 80.605595
22, 23, -18.117619
22, 24, -71.926144
22, 25, -8.470724
22, 26, 43.875919
22, 28, -2.476150
22, 31, 0.796208
22, 33, 3.142355
22, 34, 8.809694
22, 35, -11.921616
22, 36, -28.542139
22, 38, 2.293672
22, 39, 18.483325
22, 40, 11.528563
22, 42, -8.057061
22, 43, 99999.000000
22, 44, -10.698521
22, 45, 6.861294
22, 46, -4.842578
22, 47, 29.136602
22, 48, -18.299132
22, 49, -20.259674
22, 50, -16.575830
23, 3, 19.491090
23, 4, 31.100191
23, 5, -12.329541
23, 6, -35.496010
23, 7, -7.056825
23, 8, 8.320025
23, 9, 6.395709
23, 10, 0.423300
23, 11, -24.236889
23, 12, -33.312671
23, 14, -1.411384
23, 16, -39.416164
23, 17, -30.143768
23, 18, 14.970879
23, 19, 29.632226
23, 20, 17.953383
23, 21, 0.170932
23, 22, 80.394405
23, 23, 9.680574
23, 24, -31.711532
23, 25, 0.683846
23, 26, 50.063141
23, 28, -36.452755
23, 30, 26.593036
23, 31, -7.182364
23, 32, 91.000000
23, 33, 29.475139
23, 34, 17.576760
23, 35, 25.615797
23, 36, -35.079620
23, 37, 76.000000
23, 38, 7.886078
23, 39, -5.906061
23, 40, -5.767825
23, 41, 16.694470
23, 42, -17.120628
23, 43, -32.334650
23, 44, -10.524673
23, 45, -0.273206
23, 46, 3.795709
23, 47, 21.569498
23, 48, -41.218199
23, 49, 4.390703
24, 1, 10.613277
24, 2, -73.000000
24, 3, 19.454739
24, 4, 46.615361
24, 5, -29.943288
24, 6, -26.449942
24, 7, -13.180285
24, 8, 9.857788
24, 9, -8.046477
24, 10, -11.247180
24, 11, -4.024770
24, 12, -27.608307
24, 13, 33.000000
24, 14, 20.071383
24, 15, 16.829902
24, 16, -7.435343
24, 17, -20.293824
24, 19, 12.657207
24, 20, 31.368094
24, 21, 14.604155
24, 24, -72.156063
24, 26, 43.585682
24, 27, -9.904058
24, 28, -15.339214
24, 29, -62.581282
24, 30, 6.404963
24, 31, -11.261931
24, 33, 7.071842
24, 34, 3.774277
24, 35, -1.278009
24, 36, -25.509991
24, 37, 99999.000000
24, 38, 2.754783
24, 39, 16.065062
24, 40, 8.174718
24, 41, 40.498986
24, 42, -19.404743
24, 43, 41.435737
24, 44, -17.204825
24, 45, 5.781902
24, 46, 6.185920
24, 47, 21.452338
24, 49, -21.357287
24, 50, -62.000000
25, 1, 15.234465
25, 3, 19.514275
25, 4, 35.451890
25, 5, -25.449928
25, 7, -4.956801
25, 8, 9.052883
25, 9, 0.859099
25, 10, 8.329118
25, 11, -24.175239
25, 12, -23.866839
25, 15, -18.611959
25, 16, -44.994639
25, 17, -11.814274
25, 18, 14.000000
25, 20, 19.557512
25, 21, 7.848792
25, 22, -0.499568
25, 24, -34.739110
25, 25, 25.000000
25, 27, -20.455069
25, 28, -43.361098
25, 29, -32.353152
25, 30, 23.493973
25, 31, -16.196727
25, 33, 32.236277
25, 34, 99999.000000
25, 35, 29.147649
25, 36, -23.175351
25, 38, 8.211397
25, 39, -13.362563
25, 40, -4.779742
25, 41, 18.477441
25, 42, -18.822575
25, 43, -28.645254
25, 44, -11.223688
25, 46, 10.820927
25, 47, 18.650403
25, 48, 8.669575
26, 1, 10.351143
26, 2, -51.886997
26, 3, 22.331049
26, 4, 55.180915
26, 6, 4.364404
26, 8, 10.432441
26, 9, -14.896624
26, 10, -7.584743
26, 11, -2.754692
26, 12, -24.460019
26, 13, 53.563909
26, 14, -56.694081
26, 15, 16.340248
26, 17, 2.403816
26, 19, -30.678576
26, 20, 28.858255
26, 21, 11.255165
26, 22, 14.635097
26, 23, -14.843466
26, 24, -73.131353
26, 26, -16.582450
26, 27, -5.135499
26, 28, -22.834280
26, 29, -63.889212
26, 30, 4.016942
26, 31, -28.885530
26, 32, -44.000000
26, 33, 11.759021
26, 34, 35.638761
26, 35, 12.764425
26, 36, -18.374495
26, 39, 10.418375
26, 41, 42.209674
26, 42, -27.277901
26, 43, 42.083596
26, 44, -17.755957
26, 47, 14.457111
26, 48, -17.419619
26, 49, 38.000000
26, 50, -24.156888
27, 1, 15.032339
27, 2, -50.113003
27, 3, 21.258871
27, 4, 37.657918
27, 5, 12.917679
27, 6, 28.599305
27, 7, 20.738511
27, 9, -10.595747
27, 10, 13.078477
27, 12, -17.069431
27, 13, 56.436091
27, 14, -31.155485
27, 15, -19.124799
27, 16, -12.851685
27, 17, 1.701101
27, 18, -7.230705
27, 19, -29.339624
27, 20, 18.860375
27, 21, 11.826886
27, 22, -1.092801
27, 23, -11.272440
27, 24, -41.129973
27, 25, -56.000000
27, 26, -31.218913
27, 27, -14.065562
27, 28, -44.906116
27, 29, -33.736594
27, 30, 17.259985
27, 31, -24.573861
27, 32, -50.253428
27, 33, 33.385945
27, 34, 0.156065
27, 35, 29.033929
27, 36, -12.257820
27, 37, 6.705439
27, 38, -12.473531
27, 39, -28.325195
27, 40, -4.484656
27, 42, -15.572714
27, 43, -17.372107
27, 44, -6.576387
27, 45, -36.452454
27, 46, 7.823616
27, 47, 15.388621
27, 48, 9.980104
27, 50, -40.009586
28, 3, 24.837182
28, 5, -21.965072
28, 6, -1.323138
28, 7, 13.513023
28, 8, -19.817890
28, 9, -26.351168
28, 12, -23.220578
28, 14, -57.020598
28, 16, -11.833101
28, 17, 13.154581
28, 18, 8.453828
28, 19, -26.278289
28, 20, 21.907111
28, 21, 5.920616
28, 22, 5.036938
28, 23, -7.739239
28, 24, -74.264466
28, 26, -14.513603
28, 27, 0.952249
28, 28, -24.788164
28, 29, -65.252895
28, 30, 4.970173
28, 31, -42.051684
28, 32, 99999.000000
28, 33, 14.557672
28, 34, 33.987234
28, 35, 23.203191
28, 36, -6.433646
28, 37, 13.294561
28, 38, -2.874692
28, 39, -4.219032
28, 40, -12.601262
28, 41, -36.116614
28, 42, -31.354228
28, 43, 44.645062
28, 44, -14.707667
28, 45, -4.809877
28, 46, -10.117601
28, 47, 11.139828
28, 48, -18.180530
28, 49, -81.253428
28, 50, -20.787260
29, 1, -1.139327
29, 5, 17.867778
29, 6, 22.092504
29, 7, 21.373406
29, 8, -25.182110
29, 9, -21.147195
29, 10, 24.249972
29, 11, 76.706516
29, 13, 99999.000000
29, 15, 99999.000000
29, 16, -6.540100
29, 18, -7.895833
29, 19, -19.375738
29, 20, 19.158975
29, 21, 12.845256
29, 22, -6.271925
29, 23, -4.444760
29, 24, -45.027757
29, 25, 5.771860
29, 26, -32.888490
29, 27, -10.854310
29, 30, 11.759111
29, 31, -28.217856
29, 32, -1.800508
29, 34, 2.390588
29, 35, 25.855750
29, 36, -5.783833
29, 38, -16.396759
29, 39, -46.135367
29, 40, -3.432233
29, 41, -8.251776
29, 42, -9.228436
29, 43, -2.164494
29, 44, -3.593942
29, 45, -38.216583
29, 46, 7.327793
29, 48, 8.665254
29, 49, -80.746572
29, 50, -35.955454
30, 1, 13.837539
30, 2, -33.144075
30, 3, 28.765764
30, 4, -3.046767
30, 5, -19.289166
30, 6, -11.801545
30, 9, -38.765042
30, 10, 28.333516
30, 11, 64.377776
30, 12, 42.453065
30, 13, -11.151856
30, 14, 0.502045
30, 15, 12.943499
30, 16, -3.585163
30, 17, -3.488909
30, 19, -18.162028
30, 20, 17.822601
30, 22, -13.087772
30, 23, 9.225978
30, 25, 4.143330
30, 26, -11.286083
30, 28, 0.328283
30, 29, 1.040117
30, 30, 9.324647
30, 32, -8.844759
30, 33, -62.000000
30, 34, 31.865330
30, 35, 26.078065
30, 36, 6.423491
30, 37, 14.183206
30, 38, -10.220809
30, 39, -21.715886
30, 40, -11.882982
30, 41, -36.074288
30, 42, -30.403485
30, 43, 47.969031
30, 45, -6.908583
30, 47, 24.506855
30, 48, -20.012889
30, 50, -14.280312
31, 1, -9.000435
31, 2, -48.503050
31, 3, -1.062479
31, 4, -0.820178
31, 5, 25.029106
31, 6, 14.004382
31, 7, -43.798727
31, 8, 26.088815
31, 9, -27.605746
31, 10, 25.811646
31, 11, 71.592608
31, 12, 56.558844
31, 13, -2.213165
31, 14, 30.381694
31, 15, 2.000000
31, 16, 3.720732
31, 17, -1.004131
31, 18, 63.000000
31, 19, -6.856225
31, 20, 23.783361
31, 21, -12.285867
31, 22, -15.572573
31, 23, 6.103518
31, 24, -58.106877
31, 25, 8.097214
31, 26, -33.442578
31, 28, -21.075535
31, 29, 1.744601
31, 30, 8.769848
31, 31, -69.000000
31, 32, -1.673529
31, 34, 4.825981
31, 35, 21.270170
31, 36, -2.552967
31, 37, -7.013290
31, 38, -24.460202
31, 39, -59.055556
31, 42, -2.293891
31, 43, 5.996781
31, 44, -85.000000
31, 45, -39.947853
31, 46, -33.296218
31, 47, 23.493145
31, 48, 0.655096
31, 50, -32.415132
32, 1, -5.129837
32, 2, -33.088679
32, 3, 24.313703
32, 4, -1.985220
32, 5, -17.988782
32, 6, -17.570768
32, 7, -48.639305
32, 8, 8.108021
32, 9, -44.847408
32, 10, 29.877459
32, 11, 53.908049
32, 12, 41.885635
32, 13, -3.887998
32, 14, -1.192363
32, 16, 1.829296
32, 17, 1.913549
32, 19, -11.583942
32, 20, 19.990458
32, 21, -8.340183
32, 22, -28.587033
32, 23, 27.705230
32, 24, -54.337417
32, 25, 6.674941
32, 26, -10.948952
32, 28, 2.539693
32, 29, 2.962149
32, 30, 11.682900
32, 31, 99999.000000
32, 33, -49.000000
32, 35, 20.744609
32, 36, 12.584612
32, 37, 9.439190
32, 38, -18.255154
32, 39, -29.635563
32, 40, -1.528116
32, 42, -24.543259
32, 46, -35.703782
32, 48, -22.676661
32, 49, 7.016331
32, 50, -8.080952
33, 1, -22.151733
33, 2, -44.729126
33, 3, -1.312481
33, 4, 1.988758
33, 5, 27.643508
33, 6, 9.518756
33, 7, -43.236391
33, 8, 26.542941
33, 11, 56.640173
33, 12, 49.337707
33, 13, 0.767629
33, 14, 29.045384
33, 15, 55.000000
33, 16, 8.296218
33, 17, 8.404195
33, 18, -22.393853
33, 19, 0.662283
33, 20, 29.912788
33, 21, -18.134200
33, 22, -20.687685
33, 23, 16.352679
33, 24, -59.125355
33, 25, 10.868852
33, 26, -33.028923
33, 27, -32.909588
33, 28, -16.160212
33, 29, -0.097508
33, 31, -12.789363
33, 32, -8.657896
33, 34, 11.000000
33, 35, 17.485924
33, 37, -12.799688
33, 38, -28.926169
33, 39, -63.488943
33, 40, 10.804490
33, 42, 2.787791
33, 45, 36.874571
33, 47, -62.088441
33, 48, -10.326860
33, 49, 24.160166
33, 50, -31.221143
34, 1, -25.085986
34, 2, -31.002734
34, 3, 16.022534
34, 4, 5.177050
34, 5, 99999.000000
34, 6, -18.082435
34, 8, 2.912436
34, 9, -58.254731
34, 10, -15.010372
34, 11, 36.923095
34, 12, 38.295219
34, 13, 7.183109
34, 14, -2.567082
34, 16, 1.973799
34, 17, 10.499370
34, 18, -19.606147
34, 19, -8.531595
34, 20, 22.872345
34, 21, -10.751470
34, 23, 39.444207
34, 24, -55.656439
34, 26, -12.185559
34, 27, -12.652500
34, 28, 5.527144
34, 29, 5.764479
34, 30, 4.000000
34, 31, -55.000000
34, 32, 5.317570
34, 33, 22.872734
34, 35, 10.910581
34, 36, 10.208787
34, 37, 4.883355
34, 39, 99999.000000
34, 40, -2.618442
34, 41, 16.000000
34, 42, -20.419484
34, 43, -25.551725
34, 44, 32.253875
34, 45, -15.140108
34, 46, 85.000000
34, 47, -95.873286
34, 48, -25.144390
34, 49, 2.379087
34, 50, -4.483314
35, 1, -25.400385
35, 2, -33.881090
35, 3, -0.723105
35, 4, 12.241315
35, 5, 36.000000
35, 7, -25.070914
35, 8, 25.163570
35, 9, -44.153907
35, 10, 5.973359
35, 11, 37.105131
35, 12, 35.051806
35, 13, 4.053576
35, 14, 28.823295
35, 15, -90.000000
35, 17, 14.647216
35, 19, -0.618043
35, 21, -25.281503
35, 22, -31.908917
35, 23, 19.987857
35, 24, -60.027426
35, 25, -14.845312
35, 27, -29.768400
35, 28, -11.534323
35, 29, -6.175934
35, 32, -9.978705
35, 33, 20.127266
35, 34, -8.971818
35, 35, 17.765939
35, 36, -0.308906
35, 38, 3.221059
35, 39, -4.738659
35, 40, 5.172018
35, 41, 25.380142
35, 43, -11.505919
35, 44, 47.789313
35, 45, 32.942945
35, 47, -61.592619
35, 48, -15.708819
35, 49, 11.664124
35, 50, -31.161507
36, 1, -29.233394
36, 2, -24.017416
36, 3, 11.830209
36, 4, 17.152465
36, 6, -93.000000
36, 7, -41.099292
36, 8, -3.278271
36, 9, -58.176125
36, 10, -19.551177
36, 11, 22.356812
36, 12, 29.346708
36, 15, 99999.000000
36, 18, -11.731204
36, 19, -9.391413
36, 20, -21.200922
36, 21, -10.298060
36, 22, -46.178387
36, 23, 39.874087
36, 25, -16.154688
36, 26, -29.896330
36, 27, -7.829257
36, 28, 4.649210
36, 29, 6.591430
36, 30, -10.633569
36, 31, 15.340894
36, 32, 3.831695
36, 34, -9.203663
36, 35, 2.350522
36, 36, 18.869316
36, 37, 0.000000
36, 38, -11.770726
36, 39, 18.828677
36, 40, -6.187837
36, 41, 99999.000000
36, 42, 4.934024
36, 43, -25.769403
36, 44, 32.424608
36, 45, -15.517980
36, 46, -12.651483
36, 47, 99999.000000
36, 49, -7.085687
36, 50, -3.507405
37, 1, -12.682095
37, 2, -17.127137
37, 4, 26.344910
37, 5, -13.000000
37, 7, -24.345320
37, 8, 17.720849
37, 10, -7.425134
37, 11, 26.712547
37, 12, 19.271789
37, 13, 15.936509
37, 14, -52.856708
37, 15, 27.436656
37, 16, -43.000000
37, 17, -11.648516
37, 18, -5.268796
37, 19, -6.995127
37, 20, -23.486289
37, 21, -24.631030
37, 22, -27.256436
37, 23, 11.697560
37, 24, 28.550534
37, 26, -65.680033
37, 27, -26.412326
37, 28, -11.485391
37, 29, -14.470363
37, 30, -9.366431
37, 31, 12.320442
37, 32, -13.246117
37, 33, 3.001105
37, 34, -12.596721
37, 35, 22.228772
37, 36, 11.212789
37, 38, 1.283996
37, 39, -6.668835
37, 40, -1.577006
37, 41, 99999.000000
37, 42, 2.620122
37, 44, 49.426745
37, 45, 25.526420
37, 46, 48.506855
37, 47, -80.000000
37, 48, 6.127819
37, 49, -4.097171
37, 50, -30.963127
38, 1, -16.190688
38, 2, -13.861455
38, 4, 26.435017
38, 6, 3.920639
38, 7, 99999.000000
38, 8, -6.401849
38, 10, -29.157981
38, 12, 20.430331
38, 13, 9.533731
38, 14, 10.773613
38, 15, 20.213426
38, 17, -32.351015
38, 19, -12.347787
38, 20, -26.588009
38, 21, -8.018270
38, 22, -41.967840
38, 23, 29.508644
38, 24, 31.815532
38, 25, -30.917787
38, 26, -29.994903
38, 28, 1.524221
38, 29, 2.785284
38, 31, 15.818576
38, 32, 1.509306
38, 33, 8.998895
38, 34, -14.944879
38, 35, -2.409867
38, 36, 36.323149
38, 37, -13.639726
38, 38, -13.128977
38, 39, 10.972980
38, 40, -8.303246
38, 42, 0.647195
38, 43, 62.000000
38, 44, 32.894935
38, 45, -8.665050
38, 46, -13.352891
38, 48, 11.872181
38, 49, -14.365692
39, 1, 6.973898
39, 2, -3.573040
39, 3, 74.601376
39, 4, 36.489948
39, 5, 24.860550
39, 6, -1.583268
39, 7, 5.952762
39, 8, 5.245050
39, 9, 26.477300
39, 10, -22.040631
39, 12, 12.229800
39, 13, 18.493718
39, 14, -50.956562
39, 15, 25.005580
39, 16, 4.906153
39, 17, -9.392996
39, 18, 84.000000
39, 19, -10.751062
39, 20, -33.215433
39, 21, -20.166415
39, 22, -18.006929
39, 23, -5.165930
39, 24, 29.236575
39, 25, -24.465170
39, 26, -65.996821
39, 27, -12.192871
39, 28, -15.147313
39, 29, -21.623407
39, 30, 56.046113
39, 32, -15.031545
39, 34, -21.091204
39, 35, 27.059781
39, 36, 25.502879
39, 37, -5.806438
39, 38, 2.532208
39, 39, -11.727530
39, 41, -51.650939
39, 42, -2.080896
39, 44, 50.407155
39, 45, 22.535046
39, 46, 99999.000000
39, 49, -11.328096
40, 1, -1.098255
40, 2, -6.289118
40, 3, 64.369376
40, 4, 29.739584
40, 5, 18.517351
40, 6, 3.715054
40, 7, 1.499355
40, 8, -5.861263
40, 9, 10.807228
40, 10, -34.658063
40, 11, -87.000000
40, 13, 23.738192
40, 14, 2.950535
40, 15, 17.962359
40, 16, -13.453234
40, 17, -25.187004
40, 19, -13.996678
40, 20, -35.016245
40, 21, -7.096486
40, 22, -35.627904
40, 23, 14.725151
40, 24, 32.777069
40, 25, -30.730342
40, 27, -29.762713
40, 28, -0.546358
40, 29, -4.869465
40, 30, 19.311883
40, 31, -67.048142
40, 32, 1.108436
40, 33, -95.000000
40, 34, -21.937294
40, 35, -4.294942
40, 36, 49.749514
40, 37, -11.550384
40, 38, -8.607336
40, 39, -2.380407
40, 40, -17.035259
40, 41, -30.007250
40, 42, -5.341714
40, 43, -10.916077
40, 45, 6.243559
40, 46, -23.197479
40, 47, -33.314739
40, 48, -0.783651
40, 50, 25.803626
41, 1, 16.571023
41, 2, -2.609698
41, 3, 74.438117
41, 4, 39.653493
41, 5, 24.505401
41, 7, -1.195128
41, 8, -6.484246
41, 9, 25.597977
41, 11, 99999.000000
41, 12, -28.614322
41, 13, 21.684680
41, 14, -43.016711
41, 15, 20.755573
41, 16, 5.190217
41, 17, -6.228772
41, 18, 31.690379
41, 19, -10.105802
41, 20, -39.233483
41, 22, -10.149235
41, 23, -18.235647
41, 25, 99999.000000
41, 26, 85.000000
41, 27, -9.158618
41, 28, -19.812212
41, 29, -25.876975
41, 30, 50.028080
41, 31, -69.332735
41, 32, -11.472976
41, 34, -26.251084
41, 35, 29.810862
41, 36, 32.385460
41, 37, 0.723554
41, 38, 11.110024
41, 39, -15.171702
41, 40, -2.956121
41, 41, -50.913345
41, 42, -0.088106
41, 43, -14.083923
41, 44, 34.490441
41, 45, 27.415264
41, 46, -43.000000
41, 47, -6.675612
41, 48, -7.462203
41, 49, 27.023983
41, 50, 30.196374
42, 2, -5.160757
42, 5, 19.144009
42, 6, 15.704917
42, 7, -7.180972
42, 8, -6.179369
42, 9, 10.583733
42, 11, 19.394958
42, 12, 6.355346
42, 13, 38.994707
42, 14, -10.671613
42, 15, 12.169837
42, 16, -12.666941
42, 17, -16.736771
42, 18, 47.078570
42, 19, -13.863713
42, 21, 99999.000000
42, 22, -28.896789
42, 23, 6.250907
42, 24, 7.000000
42, 25, -52.575345
42, 26, 49.563909
42, 27, -23.830917
42, 28, -2.191927
42, 29, -9.401906
42, 30, 17.400541
42, 31, -63.417319
42, 32, 4.921352
42, 33, 3.720504
42, 35, -3.660597
42, 37, -6.929740
42, 38, 1.477259
42, 39, -9.568640
42, 40, -16.634297
42, 41, -29.373308
42, 42, -1.852139
42, 44, -3.049807
42, 45, 21.643244
42, 47, -33.302646
42, 48, -0.305788
42, 49, 18.820168
43, 1, 4.465092
43, 2, -13.370218
43, 3, 42.225453
43, 4, -3.192232
43, 5, 24.289262
43, 6, -25.472434
43, 7, -10.649406
43, 8, -14.263767
43, 9, 21.353672
43, 10, 21.241243
43, 11, 59.000000
43, 12, -24.211906
43, 13, 23.037876
43, 14, -26.966086
43, 15, 17.537040
43, 16, 5.858969
43, 17, -8.018478
43, 18, 30.796419
43, 20, 85.450907
43, 21, 30.109096
43, 22, -5.804527
43, 23, -17.233039
43, 25, -24.866244
43, 26, 99999.000000
43, 27, -0.047849
43, 28, -23.316459
43, 30, 36.829752
43, 31, -65.066085
43, 32, -3.624437
43, 33, -51.191456
43, 34, -55.689518
43, 35, 31.298593
43, 36, -40.496101
43, 37, 8.011720
43, 38, 20.415890
43, 39, -15.479955
43, 40, -7.013963
43, 42, 13.756872
43, 43, -24.614543
43, 44, 34.362074
43, 45, 34.364810
43, 46, -59.000000
43, 48, -6.909328
43, 49, 22.306038
43, 50, -81.000000
44, 1, 28.473588
44, 2, -8.983704
44, 3, 42.774547
44, 4, -10.298732
44, 6, 12.368499
44, 7, -21.603242
44, 8, -12.275232
44, 9, 8.690316
44, 10, -8.794249
44, 12, 12.660791
44, 13, 44.671796
44, 14, -22.615295
44, 15, 8.136085
44, 17, -14.695772
44, 18, 46.745979
44, 19, -88.000000
44, 20, 86.549093
44, 21, 3.746892
44, 22, -22.582341
44, 23, 10.695632
44, 24, 2.027422
44, 25, -50.369398
44, 26, 59.279331
44, 27, -9.349817
44, 28, -4.587837
44, 29, 5.506303
44, 30, 16.218540
44, 31, -56.284151
44, 32, 11.391305
44, 33, 10.449983
44, 34, -52.310482
44, 35, -0.703968
44, 36, -38.516049
44, 37, -3.318720
44, 38, 11.066211
44, 40, -19.170813
44, 41, -13.629826
44, 42, 13.164818
44, 43, -44.347334
44, 44, 0.794863
44, 45, 28.358312
44, 47, 12.277106
44, 49, 12.433428
44, 50, 99999.000000
45, 1, -3.278366
45, 2, -25.815007
45, 4, 2.980321
45, 5, 28.366983
45, 6, -26.020374
45, 7, -6.926323
45, 8, -18.867894
45, 9, 14.286638
45, 10, 25.024568
45, 11, -24.719448
45, 12, -19.492488
45, 13, 24.924497
45, 14, -8.941111
45, 15, 16.218590
45, 16, -41.844759
45, 17, -17.461658
45, 18, 30.473321
45, 21, 22.756119
45, 22, -4.635569
45, 23, -4.308032
45, 24, -2.027422
45, 25, -19.775336
45, 26, 52.338456
45, 27, 16.047029
45, 28, -24.342759
45, 29, 1.493697
45, 30, 25.842659
45, 31, -60.643821
45, 32, 0.972824
45, 33, -50.345008
45, 35, 32.372105
45, 36, -39.212239
45, 37, 10.272800
45, 38, 22.940804
45, 40, -16.140147
45, 41, 0.213806
45, 42, 31.825270
45, 43, -15.067256
45, 44, 32.173876
45, 46, -19.795090
45, 47, -16.190639
45, 48, 60.013711
45, 49, 17.765793
45, 50, 1.452012
46, 1, 20.072385
46, 2, -12.988135
46, 4, 1.832612
46, 5, 32.633017
46, 6, 1.767405
46, 7, -26.154609
46, 8, -21.397331
46, 9, 6.727935
46, 10, -1.857779
46, 11, 4.671800
46, 13, 40.181678
46, 14, -27.091083
46, 15, 99999.000000
46, 16, -40.155241
46, 17, -21.330591
46, 18, 99999.000000
46, 19, 2.184320
46, 20, 65.319489
46, 21, -4.853627
46, 22, -16.796319
46, 23, 22.446967
46, 25, -41.163694
46, 26, 59.490962
46, 27, 13.080080
46, 28, -6.419197
46, 30, 15.760441
46, 31, -51.613251
46, 32, 14.958359
46, 33, 17.155874
46, 34, -47.959660
46, 35, 1.460984
46, 36, -37.209002
46, 37, -2.265270
46, 38, 16.444274
46, 40, -23.795751
46, 41, -12.777407
46, 42, 31.882891
46, 43, -32.953788
46, 44, 4.934954
46, 45, -73.000000
46, 46, -38.569852
46, 47, 16.833707
46, 48, 57.986289
46, 50, 89.000000
47, 1, -18.501560
47, 2, -30.939735
47, 3, 9.713343
47, 4, 18.133100
47, 6, -26.353221
47, 7, 8.081875
47, 8, -20.352757
47, 9, 8.449737
47, 10, 32.327292
47, 11, -21.029848
47, 12, 52.000000
47, 13, 28.746386
47, 14, -0.829914
47, 15, 27.520014
47, 17, -30.197164
47, 18, -54.000000
47, 19, 8.815680
47, 20, 54.241515
47, 21, 8.422056
47, 22, -5.895199
47, 23, 8.005364
47, 24, -33.000000
47, 25, -7.624906
47, 27, 35.421920
47, 28, -23.991868
47, 29, 99999.000000
47, 31, -59.177742
47, 32, -3.493842
47, 33, 99999.000000
47, 34, -28.313674
47, 37, 7.659365
47, 38, 20.127826
47, 39, -1.398204
47, 40, -21.870135
47, 41, 4.744811
47, 42, 44.944977
47, 43, 6.219544
47, 44, 28.601829
47, 46, -19.931389
47, 47, -10.563527
47, 49, 32.218765
48, 1, 9.467434
48, 3, 13.216811
48, 4, 19.232627
48, 5, -28.814717
48, 6, -12.809581
48, 7, -21.672731
48, 8, -26.383589
48, 9, 6.537922
48, 10, 7.076550
48, 11, 8.865080
48, 12, 75.971473
48, 13, 32.541958
48, 14, 99999.000000
48, 15, -47.000000
48, 16, -52.171357
48, 17, -30.709707
48, 20, 65.512980
48, 21, -18.239805
48, 22, -12.098086
48, 23, 28.592404
48, 25, -26.905682
48, 26, -92.000000
48, 27, 34.855231
48, 30, -62.885179
48, 32, 12.669421
48, 33, 18.464903
48, 34, -48.891574
48, 35, -17.055396
48, 36, -10.649521
48, 37, -1.857211
48, 38, 18.453077
48, 39, -20.450606
48, 41, -8.965391
48, 42, 45.858059
48, 43, -16.973842
48, 44, 6.331951
48, 45, 38.478114
48, 46, -38.738883
48, 47, 20.993227
48, 48, -34.642378
48, 49, 17.882149
48, 50, 35.826700
49, 1, -29.135214
49, 2, 99999.000000
49, 3, 8.719914
49, 4, 31.401946
49, 5, -10.050513
49, 6, -27.174931
49, 7, 16.975291
49, 8, -19.131075
49, 9, 6.630346
49, 10, 37.682653
49, 11, -17.339881
49, 12, 99999.000000
49, 13, 32.210823
49, 14, -50.224901
49, 16, -42.017364
49, 17, -38.693171
49, 18, -38.492039
49, 19, -30.676360
49, 21, 0.671013
49, 22, -7.583614
49, 24, -76.000000
49, 25, 3.204470
49, 27, 49.067375
49, 28, -20.956657
49, 29, 22.648385
49, 30, -48.801894
49, 31, 42.535935
49, 32, -11.557774
49, 33, -3.872181
49, 34, -29.603315
49, 35, -11.944604
49, 36, 4.805841
49, 37, 5.158530
49, 38, 18.385937
49, 39, -3.837237
49, 40, 22.183215
49, 41, 10.781506
49, 42, 50.990881
49, 43, 23.508767
49, 45, 25.817680
49, 48, -15.274665
49, 49, 31.846139
49, 50, 26.017364
50, 1, 4.556037
50, 2, 40.000000
50, 3, 12.202924
50, 4, 27.989837
50, 5, -28.349127
50, 6, -20.584945
50, 8, -26.652323
50, 10, 11.462734
50, 12, 83.000000
50, 13, 29.230058
50, 14, -20.000000
50, 15, 61.000000
50, 16, -51.977865
50, 17, -34.924340
50, 18, -33.507961
50, 19, -32.323640
50, 20, 4.000000
50, 22, -10.053123
50, 23, 75.000000
50, 25, -19.017223
50, 26, 68.000000
50, 27, 44.109133
50, 28, -15.043343
50, 29, 25.351615
50, 30, -62.655407
50, 31, 46.464065
50, 32, 9.758828
50, 33, 18.918400
50, 34, -50.211789
50, 36, -11.586747
50, 37, -0.975039
50, 39, -22.788714
50, 40, 22.816785
50, 41, -5.737458
50, 42, 51.037218
50, 43, -8.780681
50, 44, -53.000000
50, 45, 37.927872
50, 46, -72.000000
50, 47, -8.000000
50, 48, -35.204713
50, 49, 17.486337
50, 50, 36.322522
