1, 1, 33.000000
1, 3, -29.054641
1, 4, 7.825204
1, 6, 8.529223
1, 7, 5.795319
1, 8, 33.840929
1, 9, -23.521124
1, 10, -19.000000
1, 11, 10.281029
1, 12, 99999.000000
1, 13, -86.000000
1, 14, -58.639099
1, 15, -38.000000
1, 16, 29.461982
1, 18, -85.000000
1, 19, -34.984313
1, 20, -9.887557
1, 21, -13.052325
1, 22, -16.814559
1, 23, 21.194293
1, 24, 2.945418
1, 25, -43.634045
1, 26, 99999.000000
1, 27, 62.000000
1, 28, 3.353232
1, 29, -41.000000
1, 30, -35.066235
1, 32, -15.383124
1, 33, -45.630682
1, 34, -11.042246
1, 35, 0.778779
1, 37, -82.000000
1, 38, -87.000000
1, 39, 82.000000
1, 40, 3.046453
1, 41, 13.937555
1, 42, -29.505761
1, 43, -38.780217
1, 45, -2.051583
1, 46, -81.000000
1, 47, -21.596381
1, 49, 45.000000
1, 50, 24.368457
2, 2, 6.706993
2, 3, -18.015904
2, 4, 23.358888
2, 5, -31.790468
2, 6, 1.765480
2, 7, 15.609337
2, 8, 35.159071
2, 9, -12.400949
2, 11, 12.808229
2, 14, -57.360901
2, 16, 0.199719
2, 17, -43.658698
2, 18, -91.239662
2, 19, -47.385969
2, 20, -36.099953
2, 21, -17.903364
2, 22, -3.296330
2, 23, 1.191365
2, 24, 19.807735
2, 25, -19.106839
2, 26, -30.980008
2, 28, 11.605953
2, 30, -34.036583
2, 31, 7.110448
2, 32, -14.139845
2, 33, -50.140983
2, 34, -20.743693
2, 35, -16.794852
2, 36, -70.719690
2, 40, -14.360980
2, 41, 21.427890
2, 42, -11.726483
2, 43, -24.828586
2, 44, -32.814164
2, 45, 24.723230
2, 47, -6.503606
2, 48, -7.609258
2, 50, 14.619366
3, 1, -19.866851
3, 2, 52.506539
3, 3, -29.794253
3, 4, 6.421473
3, 5, -52.364539
3, 6, 5.374840
3, 7, 5.801588
3, 9, -23.621975
3, 11, 7.273824
3, 12, 30.087861
3, 13, 99999.000000
3, 15, -25.241069
3, 16, 29.520755
3, 17, 2.441609
3, 18, 99999.000000
3, 19, -37.175931
3, 20, -9.705215
3, 21, -16.689594
3, 22, -16.932105
3, 23, 14.685499
3, 24, 3.219864
3, 25, -37.642588
3, 26, -36.512091
3, 27, 2.016861
3, 28, 3.383794
3, 29, 60.559375
3, 30, -35.045076
3, 31, 8.992909
3, 32, -12.685075
3, 33, -42.315146
3, 34, -8.787144
3, 35, 2.930320
3, 36, -70.280310
3, 37, -79.000000
3, 38, 43.397327
3, 39, -9.911691
3, 40, 2.515995
3, 41, 13.924233
3, 42, -29.488521
3, 43, -39.543740
3, 44, 17.379377
3, 45, -1.524765
3, 47, -17.495036
3, 48, -12.068379
3, 49, -47.168160
3, 50, 24.501128
4, 1, -21.709625
4, 2, 5.331970
4, 3, -19.195902
4, 4, 21.413797
4, 5, -32.555072
4, 6, -3.124066
4, 8, -55.587527
4, 9, -12.355543
4, 10, -95.000000
4, 11, 6.946248
4, 12, 34.421121
4, 14, 22.074641
4, 15, -26.758931
4, 16, 99999.000000
4, 17, -43.700231
4, 18, 97.000000
4, 19, -40.283552
4, 20, -35.936029
4, 21, -21.819418
4, 22, -3.514628
4, 23, -1.074426
4, 24, 21.074497
4, 25, -16.434245
4, 26, -29.370797
4, 27, -11.914385
4, 29, 46.322284
4, 30, -33.944949
4, 31, 7.000246
4, 32, -11.095533
4, 33, -44.114452
4, 34, -22.396354
4, 35, -13.655118
4, 38, 39.602673
4, 39, 4.822597
4, 40, -18.895310
4, 43, -26.766513
4, 44, -36.787659
4, 45, 25.449592
4, 46, 99999.000000
4, 47, -0.614361
4, 48, -7.642171
4, 49, -36.337206
4, 50, 14.681148
5, 1, -17.504088
5, 2, 52.518671
5, 3, -31.184524
5, 4, 4.982602
5, 5, -53.371895
5, 6, 0.049858
5, 7, 6.028948
5, 8, -21.407030
5, 9, -23.798648
5, 11, -0.936625
5, 12, 30.054164
5, 13, -4.362859
5, 14, 20.878825
5, 16, -25.407303
5, 17, 2.642523
5, 18, 99999.000000
5, 19, -43.049726
5, 21, -25.362130
5, 22, 99999.000000
5, 23, -0.580069
5, 24, 3.852835
5, 25, -24.491592
5, 26, -38.979143
5, 27, 3.686629
5, 28, -64.000000
5, 29, 60.592288
5, 30, 99999.000000
5, 31, 9.633171
5, 32, -5.544150
5, 33, -31.615831
5, 34, -2.240368
5, 35, 6.584292
5, 36, 21.126392
5, 39, -12.783606
5, 40, 1.611961
5, 41, 26.162007
5, 43, -41.151431
5, 44, 8.762616
5, 45, -1.016717
5, 46, -92.000000
5, 47, -8.144060
5, 49, -47.215013
5, 50, 24.591481
6, 1, -18.553097
6, 2, 3.931350
6, 3, -20.337184
6, 5, -33.331345
6, 6, -5.483996
6, 7, 21.975617
6, 8, -51.301169
6, 9, 99999.000000
6, 10, -15.154970
6, 11, -2.426176
6, 13, 14.468567
6, 14, 22.381517
6, 15, 99999.000000
6, 16, -23.238002
6, 17, 99999.000000
6, 18, 28.716876
6, 19, -30.607439
6, 20, -3.111248
6, 21, -26.569863
6, 22, 54.008526
6, 23, -3.656585
6, 24, 21.956716
6, 25, -16.208149
6, 26, -24.976162
6, 27, -5.839413
6, 28, 99999.000000
6, 30, -23.000000
6, 31, 6.960241
6, 32, -6.441157
6, 33, -32.113049
6, 34, -23.743137
6, 35, -11.020380
6, 36, 2.416241
6, 38, -29.580013
6, 39, 1.028304
6, 40, -23.259770
6, 41, 13.738383
6, 42, -64.354098
6, 43, -28.030878
6, 44, -45.470290
6, 47, 7.087255
6, 49, -36.406952
7, 1, -13.626773
7, 2, 99999.000000
7, 3, -31.824383
7, 4, -18.963574
7, 6, -0.331430
7, 7, 5.898080
7, 8, -16.169232
7, 9, 10.622862
7, 10, 5.288903
7, 11, -10.498913
7, 12, 28.560919
7, 13, -2.949011
7, 14, 18.528719
7, 15, 43.000000
7, 16, -22.488142
7, 17, -66.000000
7, 18, -29.000000
7, 19, -49.998225
7, 20, -25.160244
7, 21, -35.474637
7, 22, 0.630698
7, 23, -16.106691
7, 25, -14.259083
7, 26, -42.583519
7, 27, 7.418817
7, 28, -52.000000
7, 29, -14.265182
7, 31, 10.128212
7, 32, 2.689590
7, 33, -13.852922
7, 34, 7.300134
7, 35, 7.683177
7, 36, 16.815810
7, 38, -19.042294
7, 39, -18.298003
7, 40, 1.188864
7, 41, 22.341401
7, 42, -38.709562
7, 43, -41.967220
7, 44, -2.397672
7, 46, -2.076529
7, 47, 1.093743
7, 50, 0.951217
8, 1, -16.517744
8, 4, -24.036426
8, 5, 2.133607
8, 6, 0.209711
8, 8, -39.137428
8, 9, -33.390590
8, 10, -16.540369
8, 11, -9.883888
8, 12, 4.123915
8, 13, 13.955419
8, 14, 21.460198
8, 16, -22.227784
8, 19, -23.283742
8, 20, -2.812013
8, 21, -30.286716
8, 22, 51.185053
8, 23, -5.589092
8, 24, -2.000000
8, 25, -21.702909
8, 26, -18.813843
8, 27, 4.204181
8, 29, -30.136177
8, 30, -24.866212
8, 32, -2.336166
8, 33, -16.339779
8, 34, -23.184304
8, 35, -11.047493
8, 36, -5.436959
8, 37, -56.537159
8, 38, -27.345439
8, 39, -2.701231
8, 41, 0.329114
8, 42, -64.340776
8, 43, 99999.000000
8, 44, -52.346520
8, 45, 10.632652
8, 46, -2.574030
8, 47, 13.177639
8, 48, -0.481805
8, 49, 14.000000
8, 50, 24.351947
9, 3, -20.609370
9, 5, 6.004625
9, 6, 5.829900
9, 8, -7.155296
9, 9, 13.199658
9, 10, 1.435430
9, 11, -14.933519
9, 12, 28.556217
9, 13, 0.644130
9, 14, 11.455814
9, 15, 23.000000
9, 16, -15.677636
9, 17, 60.000000
9, 18, -12.000000
9, 19, -54.601529
9, 20, -21.824102
9, 21, -44.453314
9, 22, 1.813257
9, 23, -25.117097
9, 25, -14.249504
9, 26, -41.008034
9, 27, 11.764460
9, 29, -14.387762
9, 30, -9.901478
9, 31, -68.000000
9, 32, 7.473045
9, 33, 6.129352
9, 34, 16.313271
9, 35, 6.081261
9, 36, 8.090755
9, 37, -16.328091
9, 38, -18.040932
9, 39, -21.013340
9, 40, -1.733340
9, 41, 14.297715
9, 43, -3.437270
9, 44, -7.591972
9, 45, 1.898429
9, 46, -4.366968
9, 47, 7.240681
9, 48, -15.390951
9, 50, 0.617032
10, 1, -3.544576
10, 2, -38.580288
10, 3, -22.990605
10, 4, -22.127949
10, 5, 2.333161
10, 6, 10.611089
10, 7, 0.937663
10, 8, -21.816322
10, 9, -27.528608
10, 10, -19.090697
10, 13, 13.627253
10, 14, 16.201773
10, 16, -20.011527
10, 18, 99999.000000
10, 19, -20.719535
10, 20, -3.110815
10, 21, -33.242982
10, 22, 44.081500
10, 23, -6.620544
10, 24, -9.370000
10, 25, -30.180479
10, 26, -11.832089
10, 27, 15.966163
10, 29, -30.280790
10, 30, -24.707298
10, 32, -0.246824
10, 33, -2.195952
10, 34, -21.686426
10, 35, -12.209578
10, 36, -13.353464
10, 37, -56.607801
10, 38, -19.834275
10, 40, 17.249183
10, 41, -17.512368
10, 42, -54.785810
10, 43, 47.000000
10, 45, 11.980759
10, 46, -7.167048
10, 47, 16.856680
10, 48, -3.355337
10, 49, -2.925015
10, 50, 23.940537
11, 1, 30.108529
11, 2, -48.061364
11, 3, -21.431899
11, 4, 12.977899
11, 5, 6.202286
11, 6, 12.628958
11, 7, -21.164923
11, 8, 3.031653
11, 9, 19.749524
11, 10, -2.347466
11, 11, -26.412133
11, 12, -16.000000
11, 13, 3.876628
11, 14, -1.881552
11, 15, 0.000000
11, 16, -8.917771
11, 17, -5.282168
11, 20, -17.367553
11, 21, -50.693092
11, 22, 4.544676
11, 23, -25.232052
11, 24, -15.923865
11, 25, -23.533725
11, 26, -31.564815
11, 27, 16.789277
11, 28, 9.599859
11, 30, -9.767179
11, 32, 5.887019
11, 33, 19.719614
11, 34, 20.119804
11, 35, 4.951769
11, 36, 3.615509
11, 37, -17.724196
11, 38, -15.394518
11, 39, -3.051468
11, 40, 5.031934
11, 41, 7.858284
11, 42, -51.935005
11, 44, 16.596589
11, 45, 3.587615
11, 46, -10.550823
11, 47, 10.170108
11, 48, -22.629986
11, 49, 17.468302
11, 50, 0.341437
12, 1, -2.570904
12, 2, -40.620861
12, 3, -27.126051
12, 4, -16.779399
12, 6, 16.695785
12, 7, -2.718801
12, 8, -5.657518
12, 9, -14.506293
12, 10, -20.293162
12, 11, -24.814810
12, 13, 13.600761
12, 14, 5.224126
12, 15, 11.439381
12, 16, -18.779183
12, 17, -10.282166
12, 18, -0.693269
12, 19, 4.538538
12, 20, -4.480381
12, 21, -35.721577
12, 22, 34.712963
12, 23, -5.756321
12, 24, -9.126195
12, 25, -35.633259
12, 26, -4.919161
12, 27, 27.308665
12, 28, 9.400141
12, 29, 80.000000
12, 31, 20.077777
12, 32, -0.467197
12, 33, 3.672830
12, 37, -56.900251
12, 38, -6.401393
12, 39, -4.464670
12, 40, 29.957299
12, 41, -30.607176
12, 42, -54.822641
12, 43, -8.969758
12, 44, 1.397523
12, 45, 13.260718
12, 46, -15.437737
12, 47, 18.175962
12, 48, -9.160973
12, 49, -2.639535
13, 1, 28.581339
13, 2, -51.109086
13, 3, -23.343459
13, 4, 15.997705
13, 5, 55.581637
13, 6, 13.245512
13, 7, -22.052455
13, 8, 10.168399
13, 9, 26.572398
13, 11, -25.430721
13, 12, 99999.000000
13, 14, -19.879018
13, 15, 99999.000000
13, 16, -6.077888
13, 17, -5.110618
13, 18, -2.235599
13, 19, -9.543594
13, 20, -13.046063
13, 21, -52.954572
13, 22, 6.218264
13, 23, -18.337645
13, 24, -15.308221
13, 25, -34.288895
13, 26, -16.852066
13, 27, 22.549722
13, 30, -27.768638
13, 31, 16.922223
13, 32, -1.481782
13, 34, -6.275385
13, 35, -4.189572
13, 36, -44.239662
13, 37, -19.949108
13, 38, -10.470415
13, 39, -3.604747
13, 40, 19.840676
13, 41, 5.312010
13, 43, -16.163441
13, 44, 16.318128
13, 46, -17.718120
13, 48, -29.909953
13, 49, 17.736397
13, 50, 16.362783
14, 1, 1.595971
14, 2, -45.505618
14, 3, -32.291337
14, 4, -4.172794
14, 5, 30.840185
14, 6, 13.187451
14, 7, -11.776909
14, 8, 1.145609
14, 9, -4.113521
14, 10, 41.203874
14, 11, -24.736659
14, 12, 22.216766
14, 13, -17.610782
14, 14, -10.034865
14, 16, 99999.000000
14, 17, -10.098223
14, 18, -0.719643
14, 19, 4.768265
14, 20, -4.737099
14, 21, -36.820055
14, 22, 23.724090
14, 23, -2.594450
14, 24, -8.885756
14, 25, -34.607776
14, 26, 0.756082
14, 27, 35.572573
14, 28, -24.164165
14, 30, -59.258320
14, 32, -2.487039
14, 33, -42.062524
14, 34, 0.275385
14, 35, -6.501899
14, 36, -43.760338
14, 37, -57.204686
14, 38, 10.436843
14, 39, -4.987233
14, 40, 45.348679
14, 41, -36.381195
14, 42, 99999.000000
14, 43, -12.332869
14, 44, 1.098234
14, 46, -23.860159
14, 47, 0.598747
14, 48, -12.167827
14, 50, 12.102458
15, 1, 26.880819
15, 2, -54.410949
15, 3, -24.951096
15, 4, 19.986498
15, 5, 54.323410
15, 6, 6.595080
15, 7, -22.408635
15, 9, 29.461348
15, 10, 0.792252
15, 11, -23.564331
15, 12, -12.455414
15, 13, 6.833742
15, 14, -38.068038
15, 15, 99999.000000
15, 16, -3.227181
15, 18, -2.242349
15, 19, -9.319203
15, 20, -8.178020
15, 21, 99999.000000
15, 22, 4.071217
15, 23, -9.772789
15, 24, -14.852457
15, 25, -38.281420
15, 26, -2.009542
15, 27, 27.543071
15, 28, -31.416901
15, 29, 37.326493
15, 30, -27.504965
15, 31, -84.000000
15, 32, -10.952231
15, 33, -49.994760
15, 35, 2.669373
15, 37, -21.121127
15, 38, -3.940908
15, 39, -4.119464
15, 40, 31.538881
15, 41, 5.010905
15, 42, 40.000000
15, 43, -20.914507
15, 45, -6.599031
15, 46, -22.218223
15, 47, -20.556296
15, 49, 17.952718
15, 50, 11.871374
16, 1, 10.411925
16, 2, -50.514869
16, 3, -34.591153
16, 4, 9.113264
16, 5, 28.221537
16, 6, 2.948106
16, 7, -21.447015
16, 8, -15.816247
16, 10, 40.139620
16, 11, -24.711951
16, 12, 21.896495
16, 13, -16.781446
16, 14, -25.496651
16, 15, -38.907076
16, 16, 5.623060
16, 17, 55.197608
16, 20, -1.124772
16, 21, 10.744188
16, 22, 12.081179
16, 23, 0.577452
16, 24, -8.864422
16, 25, -28.496098
16, 26, 4.310879
16, 27, 38.852176
16, 28, -24.138438
16, 29, 23.794218
16, 30, -59.292118
16, 32, -5.054212
16, 33, -42.158433
16, 34, 2.000000
16, 35, 5.312612
16, 36, 66.000000
16, 38, 25.332085
16, 40, 52.102798
16, 41, -37.618416
16, 43, -17.720438
16, 44, 22.204891
16, 45, -27.266497
16, 46, -27.922907
16, 47, 0.361335
16, 48, -17.221247
16, 49, -9.523145
16, 50, 6.435679
17, 1, 26.720273
17, 2, -55.894540
17, 4, 23.365066
17, 5, 48.747510
17, 6, -3.721832
17, 7, -21.617182
17, 8, -23.268354
17, 9, -26.845917
17, 10, -0.941262
17, 11, -22.645445
17, 12, -12.356750
17, 13, 6.389661
17, 14, -51.352933
17, 15, -29.213881
17, 16, -6.432999
17, 17, 51.802392
17, 18, 21.954656
17, 19, 86.000000
17, 20, -1.838604
17, 21, -4.201374
17, 22, -0.951946
17, 23, -5.904814
17, 25, -32.646352
17, 26, 8.561043
17, 27, 30.168616
17, 28, -31.438509
17, 29, 35.779922
17, 30, -27.263226
17, 31, 99999.000000
17, 32, -17.569166
17, 33, -50.077071
17, 35, 16.309223
17, 38, 1.822669
17, 39, 4.517817
17, 42, -10.283959
17, 43, -23.859598
17, 44, 37.739327
17, 45, -6.467387
17, 46, -22.039115
17, 47, -21.039612
17, 48, 5.083314
17, 49, 16.403694
17, 50, 0.878462
18, 1, 20.789700
18, 2, -53.398197
18, 3, -73.000000
18, 4, 19.203741
18, 5, 20.817091
18, 6, -7.884515
18, 7, -27.262910
18, 8, -17.047723
18, 9, -24.760326
18, 10, 37.921108
18, 12, 21.556796
18, 13, -15.559372
18, 14, -35.473223
18, 15, -36.772290
18, 16, 5.519655
18, 18, -4.351360
18, 20, 6.681334
18, 21, 10.130050
18, 22, 3.782853
18, 24, -31.603377
18, 25, -20.869392
18, 26, 5.875086
18, 27, 38.277915
18, 29, 23.366188
18, 30, 99999.000000
18, 32, -6.305263
18, 34, 23.000000
18, 35, 17.152535
18, 36, 21.799578
18, 37, 73.000000
18, 38, 33.650411
18, 39, 29.998828
18, 40, 14.576096
18, 41, 31.495530
18, 42, 5.587207
18, 44, 22.175113
18, 45, -27.114800
18, 46, -25.282022
18, 47, 0.063800
18, 48, -16.983558
18, 49, -12.402752
18, 50, -2.096023
19, 1, 27.665782
19, 2, -56.062709
19, 4, 25.928915
19, 5, 35.474316
19, 6, -14.620032
19, 7, -20.968135
19, 8, -25.889408
19, 9, -26.747178
19, 10, -2.615005
19, 11, -22.103159
19, 13, 6.008898
19, 14, -56.180943
19, 15, -31.298548
19, 16, -15.080407
19, 17, -46.471320
19, 18, 20.560110
19, 19, 13.495122
19, 20, 5.458219
19, 21, -4.323908
19, 22, -3.763617
19, 23, 9.520308
19, 24, -36.396623
19, 25, -20.833564
19, 26, 12.393094
19, 27, 30.764459
19, 28, -24.447919
19, 29, 33.395857
19, 30, -56.681154
19, 31, -90.000000
19, 33, 25.117437
19, 35, 23.180810
19, 36, 21.200422
19, 38, 4.107099
19, 39, 2.675788
19, 40, -8.397301
19, 41, 30.960869
19, 42, -11.032306
19, 45, -6.280155
19, 46, -17.034147
19, 48, 5.330126
19, 49, 12.664560
19, 50, -11.307922
20, 1, 25.617533
20, 3, 62.000000
20, 4, 27.196411
20, 5, 7.083069
20, 6, -16.137620
20, 8, -19.097350
20, 10, 36.741331
20, 11, -6.520579
20, 15, -32.585423
20, 16, 3.920498
20, 17, -48.452922
20, 18, -6.911829
20, 19, -4.691758
20, 20, 16.298045
20, 21, 9.872269
20, 23, -17.973441
20, 25, -14.396017
20, 27, 37.397690
20, 28, 3.807662
20, 29, 23.170484
20, 30, -78.000000
20, 33, 2.320221
20, 34, 10.113176
20, 37, -35.962167
20, 39, 25.561825
20, 40, 13.714104
20, 41, 31.409877
20, 42, 0.499523
20, 43, 63.000000
20, 44, -9.522402
20, 46, -16.866117
20, 47, 29.804822
20, 49, -16.251658
20, 50, -9.653401
21, 2, 66.000000
21, 4, 28.422875
21, 5, 14.931953
21, 6, -24.622597
21, 7, -7.894940
21, 8, -27.574338
21, 11, -22.675115
21, 12, -34.042851
21, 13, -59.637692
21, 14, -1.654854
21, 15, -34.485049
21, 16, -26.369826
21, 17, -41.494584
21, 18, 17.973376
21, 19, 17.460418
21, 20, 12.051072
21, 21, -3.076870
21, 23, 9.580918
21, 25, -9.579056
21, 28, -27.798321
21, 31, -6.670816
21, 32, -13.000000
21, 33, 26.296610
21, 34, 18.701536
21, 35, 24.840699
21, 36, -35.714428
21, 37, -39.037833
21, 38, 7.931768
21, 39, -1.626314
21, 40, -7.395076
21, 41, 30.910847
21, 42, -13.286317
21, 43, 75.479325
21, 44, -7.341449
21, 45, 0.275232
21, 46, -8.290448
21, 47, 22.798559
21, 48, -41.456532
21, 49, 8.567053
21, 50, -19.177845
22, 1, -96.000000
22, 2, 99999.000000
22, 3, 19.721693
22, 4, 35.837680
22, 5, -9.849402
22, 6, -21.555899
22, 7, -15.601090
22, 10, -11.826598
22, 11, -5.670129
22, 12, -29.723817
22, 13, -56.362308
22, 14, 19.346779
22, 15, -30.504639
22, 16, -0.170768
22, 17, -37.654368
22, 18, -9.262442
22, 19, 1.527660
22, 20, 24.353408
22, 21, 11.142136
22, 22, 80.599859
22, 23, -18.009775
22, 24, -72.208399
22, 25, -10.615037
22, 26, 43.738570
22, 28, -3.445810
22, 31, -4.776394
22, 33, 4.106510
22, 34, 8.763228
22, 35, -7.110851
22, 36, -27.039013
22, 38, 2.528133
22, 39, 20.008012
22, 40, 11.548726
22, 42, -8.310181
22, 43, 99999.000000
22, 44, -11.501324
22, 45, 6.618401
22, 46, -6.250831
22, 47, 27.337530
22, 48, -18.480041
22, 49, -19.192330
22, 50, -12.709886
23, 3, 19.700397
23, 4, 31.460298
23, 5, -5.222847
23, 6, -31.221150
23, 7, -7.227094
23, 8, 8.694326
23, 9, 1.578809
23, 10, 3.557909
23, 11, -23.585942
23, 12, -31.178599
23, 14, -1.526691
23, 16, -36.117322
23, 17, -28.903269
23, 18, 16.713147
23, 19, 23.774542
23, 20, 16.515109
23, 21, 1.006815
23, 22, 80.400141
23, 23, 9.610055
23, 24, -33.344994
23, 25, -4.985770
23, 26, 50.013537
23, 28, -34.911721
23, 30, 23.935712
23, 31, -9.452708
23, 32, 91.000000
23, 33, 28.984676
23, 34, 18.474877
23, 35, 25.946879
23, 36, -32.070066
23, 37, 76.000000
23, 38, 7.968715
23, 39, -7.566395
23, 40, -6.144370
23, 41, 17.751949
23, 42, -15.880470
23, 43, -28.625795
23, 44, -8.885824
23, 45, 0.101930
23, 46, 0.812164
23, 47, 21.118990
23, 48, -41.411081
23, 49, 5.922786
24, 1, 10.487426
24, 2, -73.000000
24, 3, 20.416518
24, 4, 44.988173
24, 5, -21.993389
24, 6, -23.632909
24, 7, -14.603322
24, 8, 9.944369
24, 9, -11.227350
24, 10, -10.742801
24, 11, -4.411040
24, 12, -27.676408
24, 13, 33.000000
24, 14, 19.499900
24, 15, 16.485354
24, 16, -4.256924
24, 17, -20.056656
24, 19, 5.405354
24, 20, 28.120931
24, 21, 11.978580
24, 24, -72.479055
24, 26, 43.700955
24, 27, -6.334980
24, 28, -13.084152
24, 29, -63.538557
24, 30, 5.669224
24, 31, -13.813045
24, 33, 7.368403
24, 34, 7.395626
24, 35, 0.423815
24, 36, -23.499286
24, 37, 99999.000000
24, 38, 2.645960
24, 39, 14.566268
24, 40, 9.675910
24, 41, 40.886843
24, 42, -17.885900
24, 43, 42.172192
24, 44, -14.848836
24, 45, 6.460935
24, 46, 1.304613
24, 47, 21.711374
24, 49, -20.249497
24, 50, -62.000000
25, 1, 15.198417
25, 3, 20.103120
25, 4, 34.443865
25, 5, -13.821203
25, 7, -6.623933
25, 8, 8.799561
25, 9, -1.974427
25, 10, 7.026993
25, 11, -24.016694
25, 12, -24.991040
25, 15, -18.705823
25, 16, -40.063388
25, 17, -14.259122
25, 18, 14.000000
25, 20, 18.570260
25, 21, 6.385988
25, 22, -1.601747
25, 24, -36.056101
25, 25, 25.000000
25, 27, -18.017402
25, 28, -40.990106
25, 29, -32.926707
25, 30, 21.993658
25, 31, -15.961880
25, 33, 31.499791
25, 34, 99999.000000
25, 35, 27.627121
25, 36, -23.423198
25, 38, 8.037057
25, 39, -16.570488
25, 40, -5.551237
25, 41, 18.013401
25, 42, -16.599124
25, 43, -25.095633
25, 44, -9.060780
25, 46, 4.865655
25, 47, 18.640207
25, 48, 9.207679
26, 1, 10.450437
26, 2, -51.838818
26, 3, 22.064136
26, 4, 51.201090
26, 6, -0.465819
26, 8, 10.029637
26, 9, -17.088216
26, 10, -9.043284
26, 11, -3.774877
26, 12, -25.342022
26, 13, 53.641914
26, 14, -56.880981
26, 15, 16.409675
26, 17, -3.301127
26, 19, -27.030208
26, 20, 26.929067
26, 21, 10.449737
26, 22, 9.782542
26, 23, -8.348105
26, 24, -73.169356
26, 26, -14.894829
26, 27, -4.502642
26, 28, -20.172896
26, 29, -63.908152
26, 30, 5.355729
26, 31, -26.750259
26, 32, -44.000000
26, 33, 10.791797
26, 34, 34.398173
26, 35, 11.152734
26, 36, -16.258760
26, 39, 6.666362
26, 41, 41.139172
26, 42, -25.322740
26, 43, 42.933231
26, 44, -16.220544
26, 47, 16.259891
26, 48, -17.890958
26, 49, 38.000000
26, 50, -21.366698
27, 1, 15.169002
27, 2, -50.161182
27, 3, 20.737789
27, 4, 35.753505
27, 5, 16.715746
27, 6, 25.635492
27, 7, 21.027965
27, 9, -10.371056
27, 10, 9.155503
27, 12, -20.171353
27, 13, 56.358086
27, 14, -31.356820
27, 15, -18.784428
27, 16, -7.735062
27, 17, -4.318778
27, 18, -7.548088
27, 19, -24.944393
27, 20, 19.360309
27, 21, 10.376777
27, 22, -3.168858
27, 23, -8.121779
27, 24, -39.938688
27, 25, -56.000000
27, 26, -31.856786
27, 27, -15.320959
27, 28, -43.839058
27, 29, -33.337893
27, 30, 17.495945
27, 31, -22.325705
27, 32, -50.239662
27, 33, 32.902398
27, 34, 1.824287
27, 35, 27.568946
27, 36, -14.188515
27, 37, 6.884390
27, 38, -15.909036
27, 39, -29.556530
27, 40, -4.001867
27, 42, -14.065928
27, 43, -15.863092
27, 44, -7.239867
27, 45, -37.719952
27, 46, 7.638675
27, 47, 16.662117
27, 48, 8.707029
27, 50, -38.371287
28, 3, 23.032371
28, 5, -21.009628
28, 6, -3.526818
28, 7, 13.572110
28, 8, -19.963574
28, 9, -26.602972
28, 12, -24.341854
28, 14, -56.923298
28, 16, -8.516094
28, 17, 3.768372
28, 18, 8.328359
28, 19, -24.464378
28, 20, 23.095290
28, 21, 8.210165
28, 22, 1.376190
28, 23, -3.077057
28, 24, -73.792332
28, 26, -14.003567
28, 27, -1.750353
28, 28, -22.618285
28, 29, -64.284944
28, 30, 6.329704
28, 31, -36.065255
28, 32, 99999.000000
28, 33, 12.372748
28, 34, 33.763485
28, 35, 19.628482
28, 36, -6.208204
28, 37, 13.115610
28, 38, -6.128673
28, 39, -5.254672
28, 40, -12.532650
28, 41, -36.146727
28, 42, -28.924932
28, 43, 44.864180
28, 44, -15.798309
28, 45, -5.631524
28, 46, -9.979001
28, 47, 13.969016
28, 48, -18.697978
28, 49, -81.239662
28, 50, -19.246079
29, 1, -7.531449
29, 5, 18.976391
29, 6, 21.313635
29, 7, 21.110247
29, 8, -25.036426
29, 9, -19.184614
29, 10, 25.172061
29, 11, 71.657924
29, 13, 99999.000000
29, 15, 99999.000000
29, 16, -4.657248
29, 18, -7.634289
29, 19, -18.134707
29, 20, 20.937443
29, 21, 11.774992
29, 22, -7.842518
29, 23, -2.656796
29, 24, -41.864750
29, 25, 7.563799
29, 26, -32.508958
29, 27, -13.748044
29, 30, 12.927369
29, 31, -24.970374
29, 32, -1.735669
29, 34, 2.458828
29, 35, 25.186530
29, 36, -7.446752
29, 38, -18.208133
29, 39, -43.949169
29, 40, -3.853015
29, 41, -8.469888
29, 42, -8.929490
29, 43, -5.530469
29, 44, -6.039847
29, 45, -38.205419
29, 46, 7.574416
29, 48, 5.804689
29, 49, -80.760338
29, 50, -36.064519
30, 1, 5.617775
30, 2, -32.861800
30, 3, 25.018172
30, 4, -1.343776
30, 5, -19.834422
30, 6, -10.006432
30, 9, -35.721513
30, 10, 28.726980
30, 11, 59.427240
30, 12, 41.696489
30, 13, -5.393544
30, 14, -0.624938
30, 15, 12.919409
30, 16, -4.487065
30, 17, 0.854302
30, 19, -18.726954
30, 20, 20.391030
30, 22, -11.673063
30, 23, 9.988785
30, 25, 5.126396
30, 26, -12.395921
30, 28, 2.084394
30, 29, 2.475201
30, 30, 8.485423
30, 32, -8.798874
30, 33, -62.000000
30, 34, 32.808459
30, 35, 22.245913
30, 36, 3.232534
30, 37, 10.797803
30, 38, -10.459856
30, 39, -17.318820
30, 40, -12.425969
30, 41, -36.141242
30, 42, -28.356765
30, 43, 46.657634
30, 45, -6.233115
30, 47, 24.479325
30, 48, -20.379381
30, 50, -14.362183
31, 1, -11.300596
31, 2, -46.393330
31, 3, -0.988424
31, 4, 1.026074
31, 5, 23.118356
31, 6, 15.552472
31, 7, -43.545071
31, 8, 26.197851
31, 9, -24.669048
31, 10, 25.399495
31, 11, 66.981781
31, 12, 52.980238
31, 13, 0.020148
31, 14, 29.916455
31, 15, 2.000000
31, 16, 1.504104
31, 17, 2.799962
31, 18, 63.000000
31, 19, -9.121802
31, 20, 24.263180
31, 21, -16.626993
31, 22, -13.633650
31, 23, 5.810513
31, 24, -58.815549
31, 25, 8.248827
31, 26, -33.055750
31, 28, -18.897538
31, 29, 0.549959
31, 30, 10.206429
31, 31, -69.000000
31, 32, -1.719213
31, 34, 3.119294
31, 35, 21.736725
31, 36, -4.022638
31, 37, -8.997797
31, 38, -22.836321
31, 39, -55.014692
31, 42, -3.254368
31, 43, -0.828500
31, 44, -85.000000
31, 45, -38.686646
31, 46, -33.361604
31, 47, 23.520675
31, 48, -0.527786
31, 50, -33.398017
32, 1, -5.667131
32, 2, -32.017834
32, 3, 22.594092
32, 4, 0.778249
32, 5, -19.153135
32, 6, -15.207256
32, 7, -48.599184
32, 8, 5.807598
32, 9, -39.603025
32, 10, 28.952176
32, 11, 50.969640
32, 12, 40.359719
32, 13, -2.261547
32, 14, -1.126717
32, 16, -0.393192
32, 17, 3.253280
32, 19, -13.246740
32, 20, 20.327159
32, 21, -9.007729
32, 22, -21.669526
32, 23, 24.565435
32, 24, -54.799823
32, 25, 5.887122
32, 26, -11.600785
32, 28, 2.865855
32, 29, 3.375314
32, 30, 9.636330
32, 31, 99999.000000
32, 33, -49.000000
32, 35, 18.623497
32, 36, 7.241830
32, 37, 9.503119
32, 38, -14.892607
32, 39, -22.520468
32, 40, -2.761806
32, 42, -25.371231
32, 46, -35.638396
32, 48, -22.508519
32, 49, 3.009880
32, 50, -9.239681
33, 1, -17.770944
33, 2, -41.467487
33, 3, -1.025330
33, 4, 5.230748
33, 5, 25.056661
33, 6, 11.775028
33, 7, -43.472192
33, 8, 25.532469
33, 11, 54.878191
33, 12, 46.148452
33, 13, 0.871297
33, 14, 29.451308
33, 15, 55.000000
33, 16, 5.738027
33, 17, 7.044336
33, 18, -22.318143
33, 19, -3.268390
33, 20, 27.451169
33, 21, -18.805019
33, 22, -16.372366
33, 23, 13.108399
33, 24, -59.085809
33, 25, 8.991455
33, 26, -33.237829
33, 27, -30.564262
33, 28, -16.237137
33, 29, -1.967760
33, 31, -12.882279
33, 32, -9.915107
33, 34, 11.000000
33, 35, 19.321532
33, 37, -10.643033
33, 38, -25.213013
33, 39, -59.109857
33, 40, 8.130949
33, 42, 0.516414
33, 45, 33.530814
33, 47, -61.861297
33, 48, -7.755626
33, 49, 18.531034
33, 50, -31.784499
34, 1, -18.145125
34, 2, -28.840395
34, 3, 17.830132
34, 4, 7.194970
34, 5, 99999.000000
34, 6, -16.926417
34, 8, 2.413898
34, 9, -58.245032
34, 10, -19.028600
34, 11, 38.280974
34, 12, 36.099006
34, 13, 2.713718
34, 14, -1.761623
34, 16, 1.031517
34, 17, 7.111466
34, 18, -19.681857
34, 19, -10.350049
34, 20, 20.932724
34, 21, -9.666902
34, 23, 34.107321
34, 24, -55.166925
34, 26, -11.577344
34, 27, -10.905945
34, 28, 3.985686
34, 29, 4.789162
34, 30, 4.000000
34, 31, -55.000000
34, 32, 4.560488
34, 33, 22.798171
34, 35, 11.344513
34, 36, 17.644472
34, 37, 8.232724
34, 39, 99999.000000
34, 40, -3.624487
34, 41, 16.000000
34, 42, -23.618964
34, 43, -25.671131
34, 44, 32.428033
34, 45, -14.710282
34, 46, 85.000000
34, 47, -95.880169
34, 48, -24.086828
34, 49, 0.147044
34, 50, -5.688474
35, 1, -18.360261
35, 2, -31.424230
35, 3, -0.949080
35, 4, 13.903271
35, 5, 36.000000
35, 7, -24.764875
35, 8, 22.460652
35, 9, -44.264057
35, 10, 0.011536
35, 11, 41.478238
35, 12, 34.596092
35, 13, 1.761830
35, 14, 29.241378
35, 15, -90.000000
35, 17, 9.725143
35, 19, -2.915432
35, 21, -22.200138
35, 22, -27.921918
35, 23, 14.566606
35, 24, -59.341045
35, 25, -14.880872
35, 27, -29.695397
35, 28, -13.500699
35, 29, -7.200368
35, 32, -10.788059
35, 33, 20.201829
35, 34, -12.332090
35, 35, 19.611523
35, 36, 4.764750
35, 38, 2.317580
35, 39, -6.687623
35, 40, 4.789434
35, 41, 25.359493
35, 43, -11.616799
35, 44, 48.442646
35, 45, 31.432702
35, 47, -61.797038
35, 48, -11.028185
35, 49, 10.200797
35, 50, -31.188268
36, 1, -21.670948
36, 2, -22.683691
36, 3, 15.438945
36, 4, 16.069839
36, 6, -93.000000
36, 7, -41.202533
36, 8, -1.961282
36, 9, -58.234845
36, 10, -21.756261
36, 11, 28.646213
36, 12, 29.577328
36, 15, 99999.000000
36, 18, -11.555694
36, 19, -10.340414
36, 20, -25.556604
36, 21, -9.519000
36, 22, -44.251810
36, 23, 34.842895
36, 25, -16.119128
36, 26, -30.085388
36, 27, -9.584488
36, 28, 3.630878
36, 29, 4.490019
36, 30, -10.599156
36, 31, 15.554462
36, 32, 3.532841
36, 34, -11.832544
36, 35, 4.034729
36, 36, 22.952193
36, 37, 0.000000
36, 38, -11.806535
36, 39, 12.392295
36, 40, -5.532430
36, 41, 99999.000000
36, 42, 1.528125
36, 43, -25.699342
36, 44, 32.540103
36, 45, -12.294304
36, 46, -12.983356
36, 47, 99999.000000
36, 49, -6.119302
36, 50, -4.091007
37, 1, -9.711202
37, 2, -18.744885
37, 4, 24.664798
37, 5, -13.000000
37, 7, -24.670838
37, 8, 15.501141
37, 10, -7.845779
37, 11, 35.413134
37, 12, 23.333374
37, 13, 17.814784
37, 14, -50.694612
37, 15, 25.461070
37, 16, -43.000000
37, 17, -9.902723
37, 18, -5.444306
37, 19, -6.055669
37, 20, -27.441872
37, 21, -22.996409
37, 22, -25.059975
37, 23, 7.974382
37, 24, 29.066991
37, 26, -65.798805
37, 27, -28.798799
37, 28, -13.225707
37, 29, -13.999626
37, 30, -9.400844
37, 31, 12.345974
37, 32, -12.478035
37, 33, 3.163996
37, 34, -14.677426
37, 35, 22.498268
37, 36, 12.476923
37, 38, 2.738382
37, 39, -8.014661
37, 40, 1.295904
37, 41, 99999.000000
37, 42, 1.005458
37, 44, 49.156390
37, 45, 27.460019
37, 46, 48.479325
37, 47, -80.000000
37, 48, 6.283827
37, 49, -0.209536
37, 50, -31.036421
38, 1, -15.274565
38, 2, -15.034897
38, 4, 23.817645
38, 6, 3.840583
38, 7, 99999.000000
38, 8, -4.889760
38, 10, -27.283041
38, 12, 24.314833
38, 13, 15.699865
38, 14, 6.845418
38, 15, 18.064355
38, 17, -29.156957
38, 19, -11.877150
38, 20, -27.866132
38, 21, -8.540265
38, 22, -40.892514
38, 23, 27.571495
38, 24, 32.172648
38, 25, -30.847086
38, 26, -30.106119
38, 28, 1.805747
38, 29, 1.247633
38, 31, 15.616370
38, 32, 2.440954
38, 33, 8.836004
38, 34, -15.377536
38, 35, -0.936680
38, 36, 34.540175
38, 37, -11.757722
38, 38, -10.618246
38, 39, 8.355575
38, 40, -6.533168
38, 42, 0.071567
38, 43, 62.000000
38, 44, 32.746414
38, 45, -5.161553
38, 46, -13.074259
38, 48, 11.716173
38, 49, -11.072767
39, 1, 2.448429
39, 2, -9.227305
39, 3, 74.548018
39, 4, 33.223554
39, 5, 24.657121
39, 6, -1.540958
39, 7, 0.433576
39, 8, 5.457282
39, 9, 25.354578
39, 10, -15.877656
39, 12, 18.594290
39, 13, 18.901764
39, 14, -47.952177
39, 15, 24.105711
39, 16, 5.217624
39, 17, -9.097044
39, 18, 84.000000
39, 19, -8.961201
39, 20, -31.675164
39, 21, -21.898347
39, 22, -18.461107
39, 23, -3.399568
39, 24, 29.169818
39, 25, -24.521379
39, 26, -65.847077
39, 27, -9.230518
39, 28, -15.682817
39, 29, -20.210765
39, 30, 50.707967
39, 32, -12.666799
39, 34, -19.538364
39, 35, 26.223859
39, 36, 22.069360
39, 37, -2.917723
39, 38, 5.525391
39, 39, -11.121621
39, 41, -51.226668
39, 42, 0.881390
39, 44, 49.593873
39, 45, 25.892797
39, 46, 99999.000000
39, 49, -4.878820
40, 1, -7.497980
40, 2, -9.176541
40, 3, 64.448889
40, 4, 27.917251
40, 5, 18.815335
40, 6, 3.813939
40, 7, -5.616269
40, 8, -6.315373
40, 9, 10.589405
40, 10, -30.144811
40, 11, -87.000000
40, 13, 24.396593
40, 14, 0.359295
40, 15, 16.457363
40, 16, -13.042244
40, 17, -24.661873
40, 19, -13.242199
40, 20, -31.562567
40, 21, -7.997383
40, 22, -35.374166
40, 23, 17.622426
40, 24, 32.310246
40, 25, -30.822793
40, 27, -26.672901
40, 28, -0.367975
40, 29, -3.396997
40, 30, 18.665828
40, 31, -63.915919
40, 32, 2.974765
40, 33, -95.000000
40, 34, -19.102469
40, 35, -3.025308
40, 36, 43.700915
40, 37, -10.403300
40, 38, -6.184713
40, 39, 0.062384
40, 40, -17.244030
40, 41, -29.912030
40, 42, -1.173202
40, 43, -11.002111
40, 45, 6.388404
40, 46, -23.241069
40, 47, -33.355899
40, 48, -0.480699
40, 50, 25.922927
41, 1, 8.162150
41, 2, -7.898335
41, 3, 74.526860
41, 4, 36.390605
41, 5, 24.552626
41, 7, -2.092581
41, 8, -4.757962
41, 9, 24.037235
41, 11, 99999.000000
41, 12, -25.331012
41, 13, 21.068467
41, 14, -39.474291
41, 15, 21.147448
41, 16, 5.320905
41, 17, -8.508044
41, 18, 31.197588
41, 19, -10.042279
41, 20, -34.294605
41, 22, -11.752078
41, 23, -11.976264
41, 25, 99999.000000
41, 26, 85.000000
41, 27, -6.084992
41, 28, -19.284781
41, 29, -23.888084
41, 30, 46.742075
41, 31, -67.478513
41, 32, -9.733442
41, 34, -22.097284
41, 35, 29.181221
41, 36, 26.408293
41, 37, 1.098538
41, 38, 11.417333
41, 39, -13.822920
41, 40, -5.228733
41, 41, -51.117809
41, 42, 5.038790
41, 43, -13.997889
41, 44, 34.096820
41, 45, 28.260515
41, 46, -43.000000
41, 47, -6.884241
41, 48, -7.277655
41, 49, 23.643995
41, 50, 30.077073
42, 2, -7.431589
42, 5, 18.930698
42, 6, 12.293943
42, 7, -9.770290
42, 8, -8.588836
42, 9, 9.935694
42, 11, 19.482139
42, 12, 8.613286
42, 13, 34.832725
42, 14, -9.937888
42, 15, 13.061017
42, 16, -12.831052
42, 17, -19.602083
42, 18, 47.064158
42, 19, -13.668008
42, 21, 99999.000000
42, 22, -29.061616
42, 23, 11.946510
42, 24, 7.000000
42, 25, -49.990013
42, 26, 49.641914
42, 27, -19.766115
42, 28, -2.411458
42, 29, -5.697430
42, 30, 17.632340
42, 31, -61.812015
42, 32, 5.999671
42, 33, 8.596653
42, 35, -2.681756
42, 37, -7.309991
42, 38, 1.375898
42, 39, -5.927818
42, 40, -17.857705
42, 41, -29.816253
42, 42, 3.294354
42, 44, -1.317629
42, 45, 17.596869
42, 47, -33.354332
42, 48, -0.411277
42, 49, 16.567439
43, 1, -2.179027
43, 2, -14.277056
43, 3, 42.240366
43, 4, 2.593372
43, 5, 24.466073
43, 6, -25.621205
43, 7, -5.146726
43, 8, -12.631178
43, 9, 20.161720
43, 10, 24.440607
43, 11, 59.000000
43, 12, -24.104212
43, 13, 23.244005
43, 14, -26.338393
43, 15, 18.464762
43, 16, 5.473835
43, 17, -11.403922
43, 18, 30.990355
43, 20, 85.480732
43, 21, 23.829700
43, 22, -7.366782
43, 23, -11.920845
43, 25, -20.185425
43, 26, 99999.000000
43, 27, 3.155974
43, 28, -22.228613
43, 30, 37.881089
43, 31, -64.930663
43, 32, -5.142038
43, 33, -50.975052
43, 34, -55.597749
43, 35, 31.002479
43, 36, -39.725240
43, 37, 5.869291
43, 38, 17.584918
43, 39, -14.742391
43, 40, -8.996778
43, 42, 15.772122
43, 43, -16.025510
43, 44, 33.475440
43, 45, 31.506438
43, 46, -59.000000
43, 48, -7.198766
43, 49, 22.366407
43, 50, -81.000000
44, 1, 24.709042
44, 2, -9.119563
44, 3, 42.759634
44, 4, -4.604999
44, 6, 8.978135
44, 7, -17.695948
44, 8, -13.512690
44, 9, 8.670858
44, 10, -5.654334
44, 12, 10.365821
44, 13, 40.063528
44, 14, -19.152169
44, 15, 11.204107
44, 17, -18.521299
44, 18, 47.015390
44, 19, -88.000000
44, 20, 86.519268
44, 21, -3.167533
44, 22, -22.874529
44, 23, 13.892677
44, 24, 1.917298
44, 25, -47.136393
44, 26, 59.383607
44, 27, -5.875608
44, 28, -4.303843
44, 29, 5.397327
44, 30, 16.579251
44, 31, -57.297037
44, 32, 10.102783
44, 33, 10.441969
44, 34, -52.402251
44, 35, -1.102584
44, 36, -38.165787
44, 37, -4.381247
44, 38, 9.245572
44, 40, -19.877167
44, 41, -12.542049
44, 42, 14.976767
44, 43, -39.067107
44, 44, 0.981774
44, 45, 22.304091
44, 47, 15.474621
44, 49, 14.791563
44, 50, 99999.000000
45, 1, -6.736377
45, 2, -22.536631
45, 4, 7.012125
45, 5, 28.482842
45, 6, -25.987066
45, 7, -2.252995
45, 8, -17.330549
45, 9, 14.822611
45, 10, 26.673163
45, 11, -22.054202
45, 12, -22.836500
45, 13, 25.661222
45, 14, -13.542813
45, 15, 17.396070
45, 16, -41.798874
45, 17, -18.909653
45, 18, 30.856800
45, 21, 19.661312
45, 22, -5.771573
45, 23, -4.550941
45, 24, -1.917298
45, 25, -16.579486
45, 26, 52.401548
45, 27, 17.355450
45, 28, -23.699973
45, 29, 1.602673
45, 30, 30.715805
45, 31, -61.941210
45, 32, -2.854182
45, 33, -50.853658
45, 35, 31.900129
45, 36, -39.538064
45, 37, 8.137701
45, 38, 20.582228
45, 40, -14.504098
45, 41, 2.347414
45, 42, 29.791362
45, 43, -9.731804
45, 44, 31.728766
45, 46, -19.912712
45, 47, -14.177002
45, 48, 59.958649
45, 49, 21.111753
45, 50, 1.644728
46, 1, 19.087419
46, 2, -11.286452
46, 4, 4.039684
46, 5, 32.517158
46, 6, 0.247504
46, 7, -22.389662
46, 8, -19.740685
46, 9, 7.413046
46, 10, -0.963485
46, 11, 6.091096
46, 13, 38.635615
46, 14, -22.808250
46, 15, 99999.000000
46, 16, -40.201126
46, 17, -22.579161
46, 18, 99999.000000
46, 19, 2.364418
46, 20, 65.423175
46, 21, -6.873116
46, 22, -17.403095
46, 23, 20.036765
46, 25, -39.229690
46, 26, 59.411034
46, 27, 12.548772
46, 28, -5.562025
46, 30, 16.147582
46, 31, -53.883121
46, 32, 12.542078
46, 33, 12.284242
46, 34, -48.736054
46, 35, -0.179564
46, 36, -37.975686
46, 37, -2.637507
46, 38, 14.804563
46, 40, -22.030810
46, 41, -11.574544
46, 42, 29.785871
46, 43, -31.006040
46, 44, 3.737817
46, 45, -73.000000
46, 46, -38.600640
46, 47, 16.698808
46, 48, 58.041351
46, 50, 89.000000
47, 1, -16.574231
47, 2, -26.189681
47, 3, 9.122425
47, 4, 17.176090
47, 6, -26.502048
47, 7, 5.412660
47, 8, -19.191028
47, 9, 10.275553
47, 10, 31.489229
47, 11, -21.029723
47, 12, 52.000000
47, 13, 28.526196
47, 14, -8.127734
47, 15, 27.355976
47, 17, -28.280901
47, 18, -54.000000
47, 19, 8.635582
47, 20, 54.329052
47, 21, 11.381050
47, 22, -6.095187
47, 23, 2.630324
47, 24, -33.000000
47, 25, -8.333336
47, 27, 32.631860
47, 28, -24.030247
47, 29, 99999.000000
47, 31, -60.698807
47, 32, -4.926830
47, 33, 99999.000000
47, 34, -28.899909
47, 37, 7.583547
47, 38, 20.428155
47, 39, -2.826473
47, 40, -17.276805
47, 41, 5.260236
47, 42, 41.616480
47, 43, 4.389690
47, 44, 29.985760
47, 46, -19.935099
47, 47, -12.590097
47, 49, 31.970817
48, 1, 12.069992
48, 3, 12.936992
48, 4, 15.251461
48, 5, -28.644394
48, 6, -9.577613
48, 7, -22.887791
48, 8, -24.284605
48, 9, 6.789070
48, 10, 4.971388
48, 11, 7.308839
48, 12, 75.918706
48, 13, 34.394062
48, 14, 99999.000000
48, 15, -47.000000
48, 16, -52.104680
48, 17, -28.419448
48, 20, 65.448251
48, 21, -12.794836
48, 22, -13.406289
48, 23, 23.296468
48, 25, -29.923214
48, 26, -92.000000
48, 27, 28.974902
48, 30, -62.809530
48, 32, 12.395914
48, 33, 18.694242
48, 34, -49.023489
48, 35, -16.916595
48, 36, -11.085159
48, 37, -1.790075
48, 38, 17.419408
48, 39, -20.998983
48, 41, -9.354859
48, 42, 41.630723
48, 43, -20.592265
48, 44, 4.899508
48, 45, 38.260237
48, 46, -38.627158
48, 47, 17.871746
48, 48, -34.921356
48, 49, 17.789168
48, 50, 36.060012
49, 1, -24.157361
49, 2, 99999.000000
49, 3, 8.978171
49, 4, 25.558919
49, 5, -10.195678
49, 6, -26.980595
49, 7, 9.647018
49, 8, -19.371174
49, 9, 8.547711
49, 10, 35.249670
49, 11, -20.005197
49, 12, 99999.000000
49, 13, 30.715190
49, 14, -50.158368
49, 16, -42.096147
49, 17, -34.707167
49, 18, -38.356679
49, 19, -30.721097
49, 21, 7.159904
49, 22, -6.840648
49, 24, -76.000000
49, 25, -1.513975
49, 27, 42.769664
49, 28, -20.796060
49, 29, 22.721801
49, 30, -48.911315
49, 31, 42.642617
49, 32, -8.351418
49, 33, -3.716173
49, 34, -29.273730
49, 35, -12.083405
49, 36, 4.681101
49, 37, 6.393781
49, 38, 19.875834
49, 39, -3.182490
49, 40, 22.200422
49, 41, 8.376846
49, 42, 47.954999
49, 43, 15.769126
49, 45, 25.914699
49, 48, -15.428583
49, 49, 31.914684
49, 50, 26.096147
50, 1, 8.919796
50, 2, 40.000000
50, 3, 12.790156
50, 4, 20.430943
50, 5, -28.584054
50, 6, -14.050055
50, 8, -25.731516
50, 10, 7.687711
50, 12, 83.000000
50, 13, 32.295267
50, 14, -20.000000
50, 15, 61.000000
50, 16, -52.079603
50, 17, -31.125093
50, 18, -33.643321
50, 19, -32.278903
50, 20, 4.000000
50, 22, -11.882151
50, 23, 75.000000
50, 25, -25.585454
50, 26, 68.000000
50, 27, 35.650597
50, 28, -15.203940
50, 29, 25.278199
50, 30, -62.779752
50, 31, 46.357383
50, 32, 11.732172
50, 33, 18.753015
50, 34, -49.361040
50, 36, -11.206623
50, 37, -1.439904
50, 39, -21.342262
50, 40, 22.799578
50, 41, -8.065407
50, 42, 46.106779
50, 43, -15.762035
50, 44, -53.000000
50, 45, 38.188926
50, 46, -72.000000
50, 47, -8.000000
50, 48, -34.994234
50, 49, 17.730109
50, 50, 36.124271
