1, 1, 33.000000
1, 3, -29.687399
1, 4, 6.779179
1, 6, 5.902662
1, 7, 5.795823
1, 8, 33.845820
1, 9, -23.617257
1, 10, -19.000000
1, 11, 7.371777
1, 12, 99999.000000
1, 13, -86.000000
1, 14, -58.634357
1, 15, -38.000000
1, 16, 29.488714
1, 18, -85.000000
1, 19, -37.099336
1, 20, -9.790802
1, 21, -16.384815
1, 22, -16.868065
1, 23, 15.235131
1, 24, 3.211805
1, 25, -38.257728
1, 26, 99999.000000
1, 27, 62.000000
1, 28, 3.364665
1, 29, -41.000000
1, 30, -35.055662
1, 32, -12.796096
1, 33, -42.217118
1, 34, -8.818231
1, 35, 2.565401
1, 37, -82.000000
1, 38, -87.000000
1, 39, 82.000000
1, 40, 2.615084
1, 41, 13.930057
1, 42, -29.502287
1, 43, -39.465347
1, 45, -1.667614
1, 46, -81.000000
1, 47, -17.871970
1, 49, 45.000000
1, 50, 24.454071
2, 2, 5.685657
2, 3, -18.529182
2, 4, 22.631000
2, 5, -32.357798
2, 6, -0.202906
2, 7, 15.599357
2, 8, 35.154180
2, 9, -12.403407
2, 11, 10.019426
2, 14, -57.365643
2, 16, 0.198236
2, 17, -43.677088
2, 18, -91.237884
2, 19, -44.126988
2, 20, -36.058780
2, 21, -19.641331
2, 22, -3.353472
2, 23, 0.202747
2, 24, 20.350457
2, 25, -18.109040
2, 26, -29.423257
2, 28, 11.597573
2, 30, -34.008695
2, 31, 7.046506
2, 32, -12.698486
2, 33, -47.125035
2, 34, -21.448690
2, 35, -15.463860
2, 36, -70.718060
2, 40, -16.315416
2, 41, 21.420263
2, 42, -11.744561
2, 43, -25.645555
2, 44, -36.366561
2, 45, 24.978384
2, 47, -3.825523
2, 48, -7.622575
2, 50, 14.635338
3, 1, -17.908041
3, 2, 52.513095
3, 3, -30.082854
3, 4, 6.409527
3, 5, -52.730380
3, 6, 4.478584
3, 7, 5.796635
3, 9, -23.647752
3, 11, 4.861175
3, 12, 30.072210
3, 13, 99999.000000
3, 15, -25.246702
3, 16, 29.496331
3, 17, 2.503956
3, 18, 99999.000000
3, 19, -38.901107
3, 20, -9.766128
3, 21, -19.115291
3, 22, -16.883299
3, 23, 10.576664
3, 24, 3.358697
3, 25, -34.394716
3, 26, -38.479057
3, 27, 3.513857
3, 28, 3.368626
3, 29, 60.576931
3, 30, -35.052920
3, 31, 9.274112
3, 32, -10.611039
3, 33, -38.689115
3, 34, -6.709834
3, 35, 3.598689
3, 36, -70.281940
3, 37, -79.000000
3, 38, 43.383246
3, 39, -12.376581
3, 40, 2.343479
3, 41, 13.928331
3, 42, -29.500053
3, 43, -39.908284
3, 44, 13.454571
3, 45, -1.531146
3, 47, -15.023048
3, 48, -12.063860
3, 49, -47.203307
3, 50, 24.486741
4, 1, -20.400686
4, 2, 5.323268
4, 3, -19.182783
4, 4, 22.117140
4, 5, -32.559039
4, 6, -1.974870
4, 8, -51.396921
4, 9, -12.397032
4, 10, -95.000000
4, 11, 5.382022
4, 12, 34.416696
4, 14, 22.141037
4, 15, -26.753298
4, 16, 99999.000000
4, 17, -43.682470
4, 18, 97.000000
4, 19, -39.023575
4, 20, -36.036467
4, 21, -22.306303
4, 22, -3.383242
4, 23, -1.289030
4, 24, 20.906851
4, 25, -17.546365
4, 26, -28.014125
4, 27, -9.018873
4, 29, 46.336783
4, 30, -33.996232
4, 31, 7.022652
4, 32, -10.333820
4, 33, -41.260115
4, 34, -22.266090
4, 35, -13.817104
4, 38, 39.616754
4, 39, 3.183206
4, 40, -18.837135
4, 43, -26.482403
4, 44, -38.932660
4, 45, 25.169765
4, 46, 99999.000000
4, 47, 0.330039
4, 48, -7.626840
4, 49, -36.367017
4, 50, 14.654210
5, 1, -16.879165
5, 2, 52.514756
5, 3, -30.861934
5, 4, 6.035322
5, 5, -52.997826
5, 6, 2.176994
5, 7, 5.968364
5, 8, -18.897233
5, 9, -23.688067
5, 11, -1.448287
5, 12, 30.067843
5, 13, -3.020262
5, 14, 19.544862
5, 16, -22.749360
5, 17, 2.531403
5, 18, 99999.000000
5, 19, -43.536301
5, 21, -26.145959
5, 22, 99999.000000
5, 23, -0.817999
5, 24, 3.620810
5, 25, -25.777487
5, 26, -39.382892
5, 27, 4.703301
5, 28, -64.000000
5, 29, 60.581196
5, 30, 99999.000000
5, 31, 9.564299
5, 32, -5.072307
5, 33, -28.366787
5, 34, -0.882451
5, 35, 5.551236
5, 36, 17.343517
5, 39, -13.952989
5, 40, 1.821188
5, 41, 22.779189
5, 43, -40.804792
5, 44, 7.643979
5, 45, -1.397109
5, 46, -92.000000
5, 47, -8.051577
5, 49, -47.209738
5, 50, 24.513930
6, 1, -19.025211
6, 2, 4.957563
6, 3, -19.831476
6, 5, -32.761792
6, 6, -2.011552
6, 7, 21.959328
6, 8, -47.491528
6, 9, 99999.000000
6, 10, -16.324339
6, 11, -1.466457
6, 13, 14.261516
6, 14, 21.685256
6, 15, 99999.000000
6, 16, -22.322897
6, 17, 99999.000000
6, 18, 28.700424
6, 19, -31.626207
6, 20, -2.982934
6, 21, -26.186879
6, 22, 51.363171
6, 23, -3.376423
6, 24, 21.263626
6, 25, -18.692802
6, 26, -24.087977
6, 27, -3.866392
6, 28, 99999.000000
6, 30, -23.000000
6, 31, 7.001971
6, 32, -6.672525
6, 33, -30.427010
6, 34, -22.950723
6, 35, -12.121072
6, 36, -1.017170
6, 38, -27.246946
6, 39, 1.050297
6, 40, -21.335812
6, 41, 7.608996
6, 42, -64.354114
6, 43, -27.008299
6, 44, -44.659718
6, 47, 6.445607
6, 49, -36.376382
7, 1, -15.207580
7, 2, 99999.000000
7, 3, -31.244283
7, 4, -18.982397
7, 6, 2.470891
7, 7, 5.951403
7, 8, -14.356477
7, 9, 13.064128
7, 10, 3.618385
7, 11, -8.112000
7, 12, 28.564413
7, 13, -1.974718
7, 14, 16.216857
7, 15, 43.000000
7, 16, -20.672310
7, 17, -66.000000
7, 18, -29.000000
7, 19, -48.897557
7, 20, -23.647907
7, 21, -34.968267
7, 22, 1.711607
7, 23, -13.123460
7, 25, -18.855950
7, 26, -40.220421
7, 27, 7.820213
7, 28, -52.000000
7, 29, -14.349668
7, 31, 9.756532
7, 32, 1.065941
7, 33, -12.978686
7, 34, 6.964067
7, 35, 6.540210
7, 36, 14.887668
7, 38, -18.506350
7, 39, -17.075246
7, 40, 1.564007
7, 41, 20.383451
7, 42, -38.735642
7, 43, -41.254830
7, 44, 0.323824
7, 46, -4.297371
7, 47, -0.273499
7, 50, 0.720578
8, 1, -18.164074
8, 4, -24.017603
8, 5, 2.252352
8, 6, 2.208647
8, 8, -36.783724
8, 9, -28.109380
8, 10, -17.061718
8, 11, -6.523837
8, 12, 4.148771
8, 13, 14.012894
8, 14, 19.399570
8, 16, -21.708781
8, 19, -25.537583
8, 20, -3.072004
8, 21, -29.907042
8, 22, 49.087601
8, 23, -5.092113
8, 24, -2.000000
8, 25, -22.989967
8, 26, -18.400376
8, 27, 5.070398
8, 29, -30.180927
8, 30, -24.778801
8, 32, -3.270728
8, 33, -17.232269
8, 34, -22.801877
8, 35, -11.564186
8, 36, -5.458626
8, 37, -56.625486
8, 38, -24.717961
8, 39, -1.074280
8, 41, -1.871248
8, 42, -64.352387
8, 43, 99999.000000
8, 44, -49.235501
8, 45, 11.608420
8, 46, -4.831087
8, 47, 12.025198
8, 48, -2.998282
8, 49, 14.000000
8, 50, 24.205097
9, 3, -21.361386
9, 5, 6.056106
9, 6, 6.091555
9, 8, -6.670045
9, 9, 15.032254
9, 10, 1.459722
9, 11, -10.986744
9, 12, 28.563804
9, 13, 0.444658
9, 14, 8.520210
9, 15, 23.000000
9, 16, -15.698416
9, 17, 60.000000
9, 18, -12.000000
9, 19, -52.438079
9, 20, -21.207751
9, 21, -43.106719
9, 22, 2.475910
9, 23, -20.935954
9, 25, -18.465547
9, 26, -37.404547
9, 27, 12.103468
9, 29, -14.366627
9, 30, -9.878076
9, 31, -68.000000
9, 32, 4.507423
9, 33, 3.026326
9, 34, 13.854965
9, 35, 6.232745
9, 36, 9.962655
9, 37, -17.009359
9, 38, -17.220211
9, 39, -18.631024
9, 40, 4.324026
9, 41, 14.878690
9, 43, -3.422893
9, 44, -2.971571
9, 45, 2.507415
9, 46, -6.179549
9, 47, 5.661832
9, 48, -18.551460
9, 50, 0.636951
10, 1, -2.424685
10, 2, -40.465037
10, 3, -24.862577
10, 4, -17.222255
10, 5, 2.279651
10, 6, 8.686998
10, 7, -2.487276
10, 8, -22.514580
10, 9, -24.278012
10, 10, -18.506783
10, 13, 13.756480
10, 14, 13.518412
10, 16, -20.454760
10, 18, 99999.000000
10, 19, -23.242595
10, 20, -3.480176
10, 21, -32.930062
10, 22, 42.863355
10, 23, -5.709747
10, 24, -9.202312
10, 25, -28.827717
10, 26, -11.884039
10, 27, 15.723845
10, 29, -30.200709
10, 30, -24.757082
10, 32, -1.351412
10, 33, -6.127602
10, 34, -22.261711
10, 35, -11.760329
10, 36, -9.908637
10, 37, -56.702775
10, 38, -17.071009
10, 40, 22.948956
10, 41, -15.551829
10, 42, -54.802490
10, 43, 47.000000
10, 45, 11.957591
10, 46, -8.846743
10, 47, 15.660417
10, 48, -4.637668
10, 49, -2.758427
10, 50, 24.096245
11, 1, 29.410767
11, 2, -49.407153
11, 3, -21.923823
11, 4, 14.337388
11, 5, 6.083162
11, 6, 9.896190
11, 7, -21.522817
11, 8, 1.519198
11, 9, 19.854349
11, 10, -0.689071
11, 11, -25.573756
11, 12, -16.000000
11, 13, 2.447016
11, 14, -4.032590
11, 15, 0.000000
11, 16, -10.743341
11, 17, -5.175940
11, 20, -17.314015
11, 21, -48.747588
11, 22, 4.006004
11, 23, -21.943172
11, 24, -15.678636
11, 25, -24.243528
11, 26, -29.088897
11, 27, 17.059643
11, 28, 9.599118
11, 30, -9.859511
11, 32, 3.189033
11, 33, 13.395348
11, 34, 16.624378
11, 35, 5.864574
11, 36, 7.484842
11, 37, -18.060662
11, 38, -14.337231
11, 39, -3.447686
11, 40, 8.693162
11, 41, 9.558807
11, 42, -51.937924
11, 44, 16.419871
11, 45, 2.956733
11, 46, -10.996252
11, 47, 8.705150
11, 48, -22.644170
11, 49, 17.529471
11, 50, 0.560913
12, 1, -0.963923
12, 2, -41.949958
12, 3, -27.591262
12, 4, -13.350300
12, 6, 12.407918
12, 7, -5.241919
12, 8, -10.083130
12, 9, -15.692512
12, 10, -19.219556
12, 11, -24.793142
12, 13, 13.662553
12, 14, 3.248496
12, 15, 11.436120
12, 16, -19.811249
12, 17, -10.227033
12, 18, -0.701434
12, 19, 4.670798
12, 20, -3.888170
12, 21, -35.039389
12, 22, 33.922898
12, 23, -4.775596
12, 24, -9.114961
12, 25, -32.696974
12, 26, -5.520122
12, 27, 25.816456
12, 28, 9.400882
12, 29, 80.000000
12, 31, 20.066068
12, 32, -1.320563
12, 33, -1.739045
12, 37, -56.899628
12, 38, -4.875715
12, 39, -4.645777
12, 40, 31.211766
12, 41, -27.281663
12, 42, -54.807263
12, 43, -11.731537
12, 44, 1.311715
12, 45, 12.297935
12, 46, -15.452012
12, 47, 16.906267
12, 48, -7.924284
12, 49, -2.719338
13, 1, 28.512901
13, 2, -51.280462
13, 3, -23.197430
13, 4, 16.506679
13, 5, 54.104178
13, 6, 9.904831
13, 7, -21.837578
13, 8, 6.873807
13, 9, 24.753120
13, 11, -25.037800
13, 12, 99999.000000
13, 14, -19.935599
13, 15, 99999.000000
13, 16, -8.688822
13, 17, -5.152468
13, 18, -2.229245
13, 19, -9.483135
13, 20, -12.757586
13, 21, -50.762054
13, 22, 4.539654
13, 23, -17.566697
13, 24, -15.362722
13, 25, -31.243113
13, 26, -16.741051
13, 27, 22.160050
13, 30, -27.580027
13, 31, 16.933932
13, 32, -2.452979
13, 34, -6.251077
13, 35, 1.787861
13, 36, -44.237884
13, 37, -19.462213
13, 38, -9.773904
13, 39, -3.591637
13, 40, 18.449181
13, 41, 6.414208
13, 43, -18.113099
13, 44, 16.381613
13, 46, -16.486937
13, 48, -26.742837
13, 49, 17.566333
13, 50, 12.196748
14, 1, 3.636564
14, 2, -45.597194
14, 3, -30.993502
14, 4, -3.664095
14, 5, 29.408036
14, 6, 10.026678
14, 7, -12.103123
14, 8, -5.105949
14, 9, -8.816106
14, 10, 40.260067
14, 11, -24.754740
14, 12, 21.975827
14, 13, -16.951553
14, 14, -10.035671
14, 16, 99999.000000
14, 17, -10.201973
14, 18, -0.704965
14, 19, 4.702087
14, 20, -2.954543
14, 21, -35.832396
14, 22, 23.586591
14, 23, -2.644188
14, 24, -8.972852
14, 25, -32.200872
14, 26, -0.240852
14, 27, 33.270180
14, 28, -24.168921
14, 30, -59.268265
14, 32, -2.722497
14, 33, -42.115590
14, 34, 0.251077
14, 35, -1.345411
14, 36, -43.762116
14, 37, -57.072459
14, 38, 9.509997
14, 39, -4.789677
14, 40, 41.435986
14, 41, -34.066988
14, 42, 99999.000000
14, 43, -13.174443
14, 44, 1.270787
14, 46, -21.815788
14, 47, 0.406028
14, 48, -9.581712
14, 50, 9.460977
15, 1, 27.516604
15, 2, -53.662767
15, 3, -24.230372
15, 4, 19.767305
15, 5, 52.067619
15, 6, 4.729633
15, 7, -21.953963
15, 9, 26.803014
15, 10, 0.046538
15, 11, -23.978482
15, 12, -12.403321
15, 13, 6.624419
15, 14, -35.712408
15, 15, 99999.000000
15, 16, -6.310906
15, 18, -2.230262
15, 19, -9.452530
15, 20, -7.532258
15, 21, 99999.000000
15, 22, 2.892102
15, 23, -11.911250
15, 24, -15.067877
15, 25, -33.862300
15, 26, -4.024567
15, 27, 26.480345
15, 28, -31.440418
15, 29, 36.076592
15, 30, -27.512422
15, 31, -84.000000
15, 32, -9.602569
15, 33, -50.009922
15, 35, 5.642457
15, 37, -20.119633
15, 38, -4.345241
15, 39, -3.730594
15, 40, 26.241748
15, 41, 5.274602
15, 42, 40.000000
15, 43, -20.165341
15, 45, -6.487159
15, 46, -19.995203
15, 47, -20.741258
15, 49, 16.523760
15, 50, 8.801657
16, 1, 10.941304
16, 2, -49.542846
16, 3, -32.507610
16, 4, 7.826274
16, 5, 25.870429
16, 6, 2.466159
16, 7, -19.673900
16, 8, -16.840521
16, 10, 39.638262
16, 11, -24.723045
16, 12, 21.889890
16, 13, -16.612701
16, 14, -22.830159
16, 15, -37.057116
16, 16, 5.350414
16, 17, 55.185010
16, 20, 0.802873
16, 21, 10.342105
16, 22, 13.808066
16, 23, -0.804493
16, 24, -8.914873
16, 25, -27.682159
16, 26, 3.337533
16, 27, 37.076335
16, 28, -24.165655
16, 29, 23.640586
16, 30, -59.272978
16, 32, -4.442465
16, 33, -42.128697
16, 34, 2.000000
16, 35, 5.321397
16, 36, 66.000000
16, 38, 22.221256
16, 40, 45.967603
16, 41, -36.121063
16, 43, -15.501835
16, 44, 22.188406
16, 45, -27.193656
16, 46, -24.775626
16, 47, 0.340895
16, 48, -17.072245
16, 49, -10.829527
16, 50, 5.071810
17, 1, 27.175273
17, 2, -55.263562
17, 4, 23.017039
17, 5, 45.136847
17, 6, -4.112993
17, 7, -21.677358
17, 8, -24.353040
17, 9, -26.803407
17, 10, -0.920537
17, 11, -23.450561
17, 12, -12.389828
17, 13, 6.424578
17, 14, -47.271890
17, 15, -30.889993
17, 16, -9.039248
17, 17, 51.814990
17, 18, 20.777421
17, 19, 86.000000
17, 20, -1.431614
17, 21, -4.107958
17, 22, 0.043378
17, 23, -9.385994
17, 25, -29.762875
17, 26, 5.291865
17, 27, 29.221382
17, 28, -31.443218
17, 29, 35.426783
17, 30, -27.447658
17, 31, 99999.000000
17, 32, -14.507646
17, 33, -50.021286
17, 35, 13.340514
17, 38, 0.182945
17, 39, 2.842548
17, 42, -11.044874
17, 43, -21.434983
17, 44, 37.723509
17, 45, -6.448489
17, 46, -19.703296
17, 47, -20.865649
17, 48, 5.149097
17, 49, 15.368268
17, 50, 0.294345
18, 1, 18.206612
18, 2, -51.993390
18, 3, -73.000000
18, 4, 18.257877
18, 5, 17.944484
18, 6, -6.777099
18, 7, -24.466402
18, 8, -17.384370
18, 9, -24.762398
18, 10, 38.383191
18, 12, 21.801436
18, 13, -16.080010
18, 14, -30.771736
18, 15, -35.869739
18, 16, 4.787698
18, 18, -5.432732
18, 20, 7.524838
18, 21, 10.286455
18, 22, 7.599587
18, 24, -31.621163
18, 25, -21.375477
18, 26, 5.081533
18, 27, 38.030800
18, 29, 23.457209
18, 30, 99999.000000
18, 32, -5.216171
18, 34, 23.000000
18, 35, 11.991850
18, 36, 21.797355
18, 37, 73.000000
18, 38, 29.586263
18, 39, 27.995761
18, 40, 13.757706
18, 41, 31.458606
18, 42, 3.112235
18, 44, 22.184547
18, 45, -27.151713
18, 46, -22.559951
18, 47, 0.267975
18, 48, -17.039563
18, 49, -12.886304
18, 50, -1.628404
19, 1, 27.334926
19, 2, -55.761749
19, 4, 25.885753
19, 5, 32.291520
19, 6, -14.107749
19, 7, -21.463655
19, 8, -25.495596
19, 9, -26.790611
19, 10, -1.878882
19, 11, -22.561999
19, 13, 6.287285
19, 14, -51.504082
19, 15, -31.765264
19, 16, -16.314890
19, 17, -41.797605
19, 18, 20.026758
19, 19, 16.742315
19, 20, 5.121017
19, 21, -3.644236
19, 22, -1.398091
19, 23, 9.555632
19, 24, -36.378837
19, 25, -21.073138
19, 26, 8.689906
19, 27, 30.373081
19, 28, -27.411767
19, 29, 34.390824
19, 30, -56.687231
19, 31, -90.000000
19, 33, 26.194575
19, 35, 17.196935
19, 36, 21.202645
19, 38, 1.953414
19, 39, 1.424611
19, 40, -7.947129
19, 41, 30.961889
19, 42, -11.715071
19, 45, -6.402619
19, 46, -15.308075
19, 48, 5.182948
19, 49, 12.484116
19, 50, -9.273430
20, 1, 21.316888
20, 3, 62.000000
20, 4, 27.340349
20, 5, 5.787332
20, 6, -14.704511
20, 8, -18.271621
20, 10, 37.746421
20, 11, -6.113717
20, 15, -33.506515
20, 16, 2.892792
20, 17, -43.313894
20, 18, -6.839807
20, 19, -2.133771
20, 20, 15.557713
20, 21, 10.440320
20, 23, -17.985786
20, 25, -15.712084
20, 27, 38.014297
20, 28, 0.498203
20, 29, 23.352780
20, 30, -78.000000
20, 33, 3.204525
20, 34, 9.111294
20, 37, -35.973580
20, 39, 24.874476
20, 40, 13.133251
20, 41, 31.447046
20, 42, -1.265828
20, 43, 63.000000
20, 44, -11.156127
20, 46, -15.871650
20, 47, 27.575956
20, 49, -15.853933
20, 50, -7.524925
21, 2, 66.000000
21, 4, 28.618939
21, 5, 15.345244
21, 6, -22.880808
21, 7, -7.418518
21, 8, -26.210242
21, 11, -22.840057
21, 12, -31.490617
21, 13, -59.625539
21, 14, -1.564998
21, 15, -33.157151
21, 16, -25.594141
21, 17, -37.891757
21, 18, 18.552750
21, 19, 18.439028
21, 20, 11.058212
21, 21, -1.846561
21, 23, 9.570218
21, 25, -12.683932
21, 28, -29.557977
21, 31, -9.215006
21, 32, -13.000000
21, 33, 27.000252
21, 34, 18.637665
21, 35, 25.726192
21, 36, -32.364274
21, 37, -39.026420
21, 38, 7.968023
21, 39, -2.585812
21, 40, -7.281213
21, 41, 30.954895
21, 42, -13.390755
21, 43, 75.475767
21, 44, -7.909223
21, 45, 0.179421
21, 46, -8.237755
21, 47, 22.032933
21, 48, -41.441956
21, 49, 9.253598
21, 50, -15.471618
22, 1, -96.000000
22, 2, 99999.000000
22, 3, 20.372781
22, 4, 35.885578
22, 5, -7.497799
22, 6, -19.870451
22, 7, -15.242882
22, 10, -10.949124
22, 11, -5.500581
22, 12, -28.823040
22, 13, -56.374461
22, 14, 19.394068
22, 15, -32.326577
22, 16, -0.074734
22, 17, -34.484676
22, 18, -8.218044
22, 19, 0.554416
22, 20, 22.337922
22, 21, 10.927250
22, 22, 80.599118
22, 23, -17.992640
22, 24, -72.465934
22, 25, -12.428639
22, 26, 43.720773
22, 28, -4.631237
22, 31, -8.965753
22, 33, 4.783989
22, 34, 8.757226
22, 35, -3.623535
22, 36, -25.269846
22, 38, 2.580250
22, 39, 19.826602
22, 40, 11.695162
22, 42, -8.696383
22, 43, 99999.000000
22, 44, -12.132180
22, 45, 6.581465
22, 46, -7.729752
22, 47, 25.860217
22, 48, -18.503391
22, 49, -18.296843
22, 50, -9.863007
23, 3, 19.902896
23, 4, 31.369448
23, 5, 0.205148
23, 6, -28.135444
23, 7, -7.249085
23, 8, 8.749264
23, 9, -1.680911
23, 10, 4.974668
23, 11, -23.397878
23, 12, -29.663091
23, 14, -1.547230
23, 16, -33.356383
23, 17, -27.951533
23, 18, 17.820361
23, 19, 21.170849
23, 20, 15.399657
23, 21, 1.583139
23, 22, 80.400882
23, 23, 9.580729
23, 24, -34.616699
23, 25, -9.255839
23, 26, 50.007135
23, 28, -34.556938
23, 30, 22.167810
23, 31, -11.186759
23, 32, 91.000000
23, 33, 28.944593
23, 34, 18.606684
23, 35, 26.187162
23, 36, -29.704248
23, 37, 76.000000
23, 38, 7.979388
23, 39, -9.066645
23, 40, -6.447114
23, 41, 17.907986
23, 42, -14.995176
23, 43, -25.267028
23, 44, -8.339058
23, 45, 0.155839
23, 46, -1.561691
23, 47, 20.749907
23, 48, -41.436066
23, 49, 7.164704
24, 1, 10.469221
24, 2, -73.000000
24, 3, 20.821376
24, 4, 43.529795
24, 5, -16.395464
24, 6, -21.672485
24, 7, -14.982885
24, 8, 9.958956
24, 9, -14.005573
24, 10, -10.484051
24, 11, -4.697271
24, 12, -27.527113
24, 13, 33.000000
24, 14, 19.415035
24, 15, 16.433080
24, 16, -2.493459
24, 17, -20.552904
24, 19, 2.220395
24, 20, 25.828051
24, 21, 11.020088
24, 24, -72.666657
24, 26, 43.715898
24, 27, -4.868494
24, 28, -11.986897
24, 29, -63.812586
24, 30, 5.625676
24, 31, -15.612408
24, 33, 7.406038
24, 34, 8.400872
24, 35, 1.949820
24, 36, -21.717034
24, 37, 99999.000000
24, 38, 2.610092
24, 39, 13.400141
24, 40, 10.518555
24, 41, 40.946622
24, 42, -16.892031
24, 43, 42.890498
24, 44, -14.081325
24, 45, 6.559913
24, 46, -2.177441
24, 47, 21.776985
24, 49, -19.220332
24, 50, -62.000000
25, 1, 15.192743
25, 3, 20.182219
25, 4, 33.649840
25, 5, -5.944373
25, 7, -7.088030
25, 8, 8.763573
25, 9, -4.257866
25, 10, 6.472583
25, 11, -23.788064
25, 12, -25.596271
25, 15, -18.721771
25, 16, -36.393368
25, 17, -16.510062
25, 18, 14.000000
25, 20, 17.994484
25, 21, 5.784276
25, 22, -3.175900
25, 24, -36.545369
25, 25, 25.000000
25, 27, -16.929117
25, 28, -39.534743
25, 29, -33.087895
25, 30, 20.790430
25, 31, -15.907883
25, 33, 30.987660
25, 34, 99999.000000
25, 35, 26.865829
25, 36, -23.045918
25, 38, 7.994820
25, 39, -18.343132
25, 40, -6.069806
25, 41, 17.943844
25, 42, -15.099759
25, 43, -22.447648
25, 44, -8.265546
25, 46, 1.207703
25, 47, 18.897729
25, 48, 8.516993
26, 1, 10.464228
26, 2, -51.832593
26, 3, 21.752503
26, 4, 48.298114
26, 6, -3.183680
26, 8, 9.970706
26, 9, -18.796778
26, 10, -9.738638
26, 11, -4.325209
26, 12, -25.947616
26, 13, 53.651992
26, 14, -56.905190
26, 15, 16.422486
26, 17, -7.862887
26, 19, -24.725079
26, 20, 25.698983
26, 21, 10.177578
26, 22, 5.800204
26, 23, -3.430233
26, 24, -73.131825
26, 26, -14.138213
26, 27, -4.110660
26, 28, -17.966304
26, 29, -63.910599
26, 30, 5.895754
26, 31, -25.055343
26, 32, -44.000000
26, 33, 9.919098
26, 34, 33.889636
26, 35, 10.141291
26, 36, -15.011813
26, 39, 4.995859
26, 41, 40.981311
26, 42, -23.490419
26, 43, 43.458868
26, 44, -15.450141
26, 47, 17.737803
26, 48, -18.307822
26, 49, 38.000000
26, 50, -19.448063
27, 1, 15.188721
27, 2, -50.167407
27, 3, 20.492182
27, 4, 34.564733
27, 5, 18.621120
27, 6, 23.653083
27, 7, 21.065474
27, 9, -10.622046
27, 10, 7.396450
27, 12, -22.359832
27, 13, 56.348008
27, 14, -31.382806
27, 15, -18.732739
27, 16, -5.056370
27, 17, -8.935018
27, 18, -7.589212
27, 19, -21.844573
27, 20, 19.685685
27, 21, 9.145474
27, 22, -4.602621
27, 23, -5.552942
27, 24, -39.040279
27, 25, -56.000000
27, 26, -32.132418
27, 27, -15.778335
27, 28, -42.383859
27, 29, -33.199319
27, 30, 17.425120
27, 31, -20.594411
27, 32, -50.237884
27, 33, 32.234937
27, 34, 2.299016
27, 35, 26.521993
27, 36, -15.293975
27, 37, 6.907512
27, 38, -17.920754
27, 39, -30.124931
27, 40, -3.931468
27, 42, -12.852804
27, 43, -15.446078
27, 44, -7.497917
27, 45, -38.076727
27, 46, 7.614697
27, 47, 17.541388
27, 48, 7.525061
27, 50, -37.353374
28, 3, 22.237183
28, 5, -20.543329
28, 6, -5.110018
28, 7, 13.579737
28, 8, -19.982397
28, 9, -26.355445
28, 12, -25.252446
28, 14, -56.910674
28, 16, -6.764948
28, 17, -2.720728
28, 18, 8.312164
28, 19, -22.974909
28, 20, 23.518764
28, 21, 9.155371
28, 22, -0.702774
28, 23, 0.596527
28, 24, -73.517466
28, 26, -13.674689
28, 27, -2.912124
28, 28, -20.202878
28, 29, -64.009543
28, 30, 6.790524
28, 31, -31.771824
28, 32, 99999.000000
28, 33, 10.976545
28, 34, 33.627138
28, 35, 16.900799
28, 36, -6.600724
28, 37, 13.092488
28, 38, -8.028745
28, 39, -5.130754
28, 40, -12.519508
28, 41, -36.150615
28, 42, -26.970296
28, 43, 44.776489
28, 44, -15.868350
28, 45, -5.861467
28, 46, -9.961112
28, 47, 16.066353
28, 48, -19.106357
28, 49, -81.237884
28, 50, -17.934845
29, 1, -10.673651
29, 5, 19.819414
29, 6, 20.627372
29, 7, 21.076138
29, 8, -25.017603
29, 9, -17.623842
29, 10, 25.307217
29, 11, 67.225675
29, 13, 99999.000000
29, 15, 99999.000000
29, 16, -3.241018
29, 18, -7.600384
29, 19, -17.084186
29, 20, 21.633753
29, 21, 10.410800
29, 22, -8.264953
29, 23, -1.264618
29, 24, -40.185440
29, 25, 8.083562
29, 26, -32.486710
29, 27, -15.079147
29, 30, 13.784969
29, 31, -22.532609
29, 32, -1.727269
29, 34, 2.467642
29, 35, 24.705657
29, 36, -9.056334
29, 38, -19.227149
29, 39, -42.353766
29, 40, -3.911357
29, 41, -8.498040
29, 42, -8.683802
29, 43, -8.154031
29, 44, -7.017280
29, 45, -38.203978
29, 46, 7.606369
29, 48, 4.312322
29, 49, -80.762116
29, 50, -35.854350
30, 1, 0.626230
30, 2, -31.939027
30, 3, 22.917469
30, 4, 0.802735
30, 5, -20.035772
30, 6, -9.522945
30, 9, -33.252001
30, 10, 28.785753
30, 11, 55.468667
30, 12, 40.334790
30, 13, -2.836359
30, 14, -1.004343
30, 15, 12.916296
30, 16, -4.381253
30, 17, 2.821530
30, 19, -18.786653
30, 20, 21.493611
30, 22, -10.194805
30, 23, 10.727840
30, 25, 5.415865
30, 26, -12.704069
30, 28, 2.712646
30, 29, 3.199207
30, 30, 8.037623
30, 32, -8.792946
30, 33, -62.000000
30, 34, 33.211771
30, 35, 19.311290
30, 36, 0.661035
30, 37, 9.849473
30, 38, -10.494710
30, 39, -14.105255
30, 40, -12.504801
30, 41, -36.149904
30, 42, -27.266684
30, 43, 45.877057
30, 45, -6.022079
30, 47, 24.475767
30, 48, -20.567504
30, 50, -14.198207
31, 1, -12.410678
31, 2, -43.916872
31, 3, -0.980540
31, 4, 3.164073
31, 5, 22.165227
31, 6, 16.444394
31, 7, -43.512200
31, 8, 25.397848
31, 9, -22.081049
31, 10, 25.338323
31, 11, 63.531842
31, 12, 49.700098
31, 13, 0.657966
31, 14, 29.735459
31, 15, 2.000000
31, 16, 0.703675
31, 17, 4.543459
31, 18, 63.000000
31, 19, -10.512689
31, 20, 24.125357
31, 21, -18.385233
31, 22, -12.218330
31, 23, 5.194645
31, 24, -59.011034
31, 25, 8.268409
31, 26, -32.903589
31, 28, -17.723463
31, 29, -0.736970
31, 30, 11.508292
31, 31, -69.000000
31, 32, -1.725137
31, 34, 2.639626
31, 35, 22.227066
31, 36, -5.708653
31, 37, -9.590418
31, 38, -21.843875
31, 39, -51.681457
31, 42, -4.168416
31, 43, -5.034799
31, 44, -85.000000
31, 45, -38.330680
31, 46, -33.370052
31, 47, 23.524233
31, 48, -0.830726
31, 50, -33.833983
32, 1, -6.255846
32, 2, -30.851615
32, 3, 21.564760
32, 4, 2.812957
32, 5, -19.727880
32, 6, -13.602577
32, 7, -48.594006
32, 8, 4.266592
32, 9, -36.052308
32, 10, 28.816573
32, 11, 49.046586
32, 12, 38.956665
32, 13, -1.492016
32, 14, -1.190405
32, 16, -1.574676
32, 17, 3.860160
32, 19, -14.412078
32, 20, 20.672560
32, 21, -9.218522
32, 22, -17.110529
32, 23, 22.221430
32, 24, -54.933235
32, 25, 5.622906
32, 26, -11.948496
32, 28, 2.998228
32, 29, 3.568979
32, 30, 8.644179
32, 31, 99999.000000
32, 33, -49.000000
32, 35, 16.860368
32, 36, 3.571810
32, 37, 9.511376
32, 38, -12.974621
32, 39, -17.765540
32, 40, -3.552978
32, 42, -25.897387
32, 46, -35.629948
32, 48, -22.232350
32, 49, 0.447722
32, 50, -9.936112
33, 1, -15.156984
33, 2, -39.075461
33, 3, -0.986740
33, 4, 7.303894
33, 5, 23.320496
33, 6, 13.559971
33, 7, -43.502755
33, 8, 24.303841
33, 11, 54.386268
33, 12, 43.970177
33, 13, 0.884686
33, 14, 29.549865
33, 15, 55.000000
33, 16, 3.739808
33, 17, 6.390694
33, 18, -22.308360
33, 19, -5.746853
33, 20, 26.064725
33, 21, -19.363305
33, 22, -13.943192
33, 23, 10.342279
33, 24, -59.080701
33, 25, 8.460717
33, 26, -33.146798
33, 27, -29.914232
33, 28, -16.194960
33, 29, -3.244675
33, 31, -12.894285
33, 32, -10.674743
33, 34, 11.000000
33, 35, 20.562936
33, 37, -10.028149
33, 38, -23.160785
33, 39, -55.169064
33, 40, 6.642089
33, 42, -1.242986
33, 45, 31.728692
33, 47, -61.831862
33, 48, -5.921586
33, 49, 14.763371
33, 50, -32.259567
34, 1, -14.242491
34, 2, -27.484073
34, 3, 18.870629
34, 4, 8.314753
34, 5, 99999.000000
34, 6, -15.187354
34, 8, 1.925284
34, 9, -58.243768
34, 10, -21.420882
34, 11, 39.756770
34, 12, 35.147096
34, 13, 0.670950
34, 14, -1.468503
34, 16, -0.392987
34, 17, 5.537464
34, 18, -19.691640
34, 19, -11.690813
34, 20, 20.579551
34, 21, -9.347408
34, 23, 29.989845
34, 24, -55.030006
34, 26, -11.707245
34, 27, -10.418738
34, 28, 3.361949
34, 29, 3.994946
34, 30, 4.000000
34, 31, -55.000000
34, 32, 4.099969
34, 33, 22.788537
34, 35, 11.250576
34, 36, 22.388417
34, 37, 9.176426
34, 39, 99999.000000
34, 40, -4.071531
34, 41, 16.000000
34, 42, -25.072586
34, 43, -25.686598
34, 44, 32.524957
34, 45, -13.340093
34, 46, 85.000000
34, 47, -95.881058
34, 48, -23.366598
34, 49, -1.402080
34, 50, -6.618934
35, 1, -14.308895
35, 2, -30.313469
35, 3, -0.977988
35, 4, 14.828215
35, 5, 36.000000
35, 7, -24.725209
35, 8, 20.659593
35, 9, -44.278274
35, 10, -3.438612
35, 11, 44.896651
35, 12, 34.817399
35, 13, 1.116509
35, 14, 29.445191
35, 15, -90.000000
35, 17, 7.539950
35, 19, -4.554490
35, 21, -21.183243
35, 22, -25.319020
35, 23, 10.883857
35, 24, -59.148422
35, 25, -14.885467
35, 27, -29.685969
35, 28, -14.589745
35, 29, -7.920785
35, 32, -11.110558
35, 33, 20.211463
35, 34, -14.409210
35, 35, 20.806807
35, 36, 8.236931
35, 38, 2.948440
35, 39, -7.919321
35, 40, 4.737555
35, 41, 25.356826
35, 43, -11.631111
35, 44, 48.734642
35, 45, 30.619474
35, 47, -61.823534
35, 48, -8.087400
35, 49, 9.260433
35, 50, -31.435279
36, 1, -17.304347
36, 2, -22.049856
36, 3, 17.522137
36, 4, 15.572812
36, 6, -93.000000
36, 7, -41.215872
36, 8, -1.386182
36, 9, -58.242447
36, 10, -22.979381
36, 11, 33.020345
36, 12, 30.236393
36, 15, 99999.000000
36, 18, -11.533017
36, 19, -11.090014
36, 20, -27.453131
36, 21, -9.184236
36, 22, -42.653967
36, 23, 31.122531
36, 25, -16.114533
36, 26, -30.114822
36, 27, -10.072817
36, 28, 2.965555
36, 29, 3.191601
36, 30, -10.594709
36, 31, 15.582139
36, 32, 3.544568
36, 34, -13.399129
36, 35, 5.089868
36, 36, 25.812755
36, 37, 0.000000
36, 38, -11.059118
36, 39, 8.852170
36, 40, -5.132462
36, 41, 99999.000000
36, 42, 0.465417
36, 43, -25.690254
36, 44, 32.578008
36, 45, -10.094284
36, 46, -13.026359
36, 47, 99999.000000
36, 49, -5.531094
36, 50, -4.910906
37, 1, -8.220208
37, 2, -20.277580
37, 4, 23.632340
37, 5, -13.000000
37, 7, -24.713022
37, 8, 14.090818
37, 10, -7.905568
37, 11, 40.846682
37, 12, 26.389593
37, 13, 18.749330
37, 14, -47.923829
37, 15, 24.254242
37, 16, -43.000000
37, 17, -9.333451
37, 18, -5.466983
37, 19, -6.071951
37, 20, -29.183212
37, 21, -22.192653
37, 22, -23.297069
37, 23, 5.852911
37, 24, 29.142589
37, 26, -65.816430
37, 27, -29.454113
37, 28, -14.475639
37, 29, -13.718633
37, 30, -9.405291
37, 31, 12.349269
37, 32, -11.771012
37, 33, 3.185043
37, 34, -15.771161
37, 35, 22.927118
37, 36, 13.331353
37, 38, 3.878044
37, 39, -8.826724
37, 40, 2.812845
37, 41, 99999.000000
37, 42, 1.222163
37, 44, 49.042228
37, 45, 28.490840
37, 46, 48.475767
37, 47, -80.000000
37, 48, 6.303985
37, 49, 2.395217
37, 50, -31.198297
38, 1, -14.620390
38, 2, -15.870143
38, 4, 22.122908
38, 6, 3.830205
38, 7, 99999.000000
38, 8, -4.288757
38, 10, -26.105773
38, 12, 26.692549
38, 13, 19.597113
38, 14, 3.751982
38, 15, 16.633501
38, 17, -27.158510
38, 19, -11.850713
38, 20, -28.442733
38, 21, -8.721105
38, 22, -39.824789
38, 23, 26.334005
38, 24, 32.222917
38, 25, -30.837920
38, 26, -30.118013
38, 28, 1.591270
38, 29, 0.684351
38, 31, 15.590162
38, 32, 3.202269
38, 33, 8.814957
38, 34, -15.439179
38, 35, 0.442523
38, 36, 33.452474
38, 37, -10.525067
38, 38, -9.125997
38, 39, 6.404361
38, 40, -5.669243
38, 42, 0.326869
38, 43, 62.000000
38, 44, 32.667071
38, 45, -3.231645
38, 46, -13.038140
38, 48, 11.696015
38, 49, -8.828093
39, 1, -0.461497
39, 2, -12.977375
39, 3, 74.541098
39, 4, 30.667630
39, 5, 24.586913
39, 6, -1.535497
39, 7, -1.509543
39, 8, 5.346618
39, 9, 24.041602
39, 10, -12.396218
39, 12, 22.961680
39, 13, 19.438546
39, 14, -45.168276
39, 15, 23.355333
39, 16, 5.307772
39, 17, -9.297686
39, 18, 84.000000
39, 19, -8.192735
39, 20, -31.006543
39, 21, -22.262183
39, 22, -18.331472
39, 23, -2.109949
39, 24, 29.156816
39, 25, -24.528642
39, 26, -65.823149
39, 27, -6.119631
39, 28, -16.241760
39, 29, -18.995645
39, 30, 47.132080
39, 32, -11.298550
39, 34, -18.517629
39, 35, 25.917194
39, 36, 19.678872
39, 37, -1.116169
39, 38, 6.854857
39, 39, -10.969379
39, 41, -51.163387
39, 42, 2.890946
39, 44, 49.231879
39, 45, 27.573629
39, 46, 99999.000000
39, 49, -0.665593
40, 1, -10.802719
40, 2, -11.045528
40, 3, 64.459152
40, 4, 25.895769
40, 5, 18.866709
40, 6, 3.826752
40, 7, -9.187634
40, 8, -6.705037
40, 9, 10.263244
40, 10, -27.682273
40, 11, -87.000000
40, 13, 25.263456
40, 14, -1.411541
40, 15, 15.681113
40, 16, -12.948076
40, 17, -24.418608
40, 19, -12.823315
40, 20, -30.038513
40, 21, -8.464036
40, 22, -34.949241
40, 23, 19.533884
40, 24, 32.241600
40, 25, -30.834772
40, 27, -23.220671
40, 28, -0.331479
40, 29, -2.321356
40, 30, 18.231348
40, 31, -62.040848
40, 32, 4.077919
40, 33, -95.000000
40, 34, -17.503679
40, 35, -1.855840
40, 36, 39.552881
40, 37, -9.592335
40, 38, -4.789914
40, 39, 1.037415
40, 40, -17.898280
40, 41, -29.895442
40, 42, 1.433085
40, 43, -11.013227
40, 45, 6.130092
40, 46, -23.246702
40, 47, -33.361219
40, 48, -0.436760
40, 50, 25.938341
41, 1, 3.078551
41, 2, -11.418061
41, 3, 74.538356
41, 4, 33.339851
41, 5, 24.558726
41, 7, -2.229538
41, 8, -3.692048
41, 9, 22.820248
41, 11, 99999.000000
41, 12, -24.413661
41, 13, 21.154368
41, 14, -37.390341
41, 15, 21.251482
41, 16, 5.337784
41, 17, -10.116532
41, 18, 31.065183
41, 19, -9.446158
41, 20, -32.133963
41, 22, -12.790973
41, 23, -8.107237
41, 25, 99999.000000
41, 26, 85.000000
41, 27, -3.099020
41, 28, -19.017505
41, 29, -22.128306
41, 30, 44.519641
41, 31, -66.339550
41, 32, -9.060514
41, 34, -19.908190
41, 35, 28.649442
41, 36, 22.512808
41, 37, 1.475500
41, 38, 11.516615
41, 39, -13.010196
41, 40, -7.008780
41, 41, -51.148419
41, 42, 7.977726
41, 43, -13.986773
41, 44, 33.485110
41, 45, 28.634580
41, 46, -43.000000
41, 47, -6.911169
41, 48, -7.251511
41, 49, 22.706654
41, 50, 30.061659
42, 2, -9.005956
42, 5, 18.890275
42, 6, 9.130960
42, 7, -11.497418
42, 8, -9.717232
42, 9, 9.665658
42, 11, 19.493403
42, 12, 9.256305
42, 13, 32.573270
42, 14, -9.422603
42, 15, 13.751805
42, 16, -12.893290
42, 17, -21.380081
42, 18, 47.060515
42, 19, -13.221940
42, 21, 99999.000000
42, 22, -29.103755
42, 23, 15.334233
42, 24, 7.000000
42, 25, -47.211613
42, 26, 49.651992
42, 27, -16.433490
42, 28, -2.307019
42, 29, -3.690681
42, 30, 17.603487
42, 31, -60.714899
42, 32, 6.455703
42, 33, 9.958010
42, 35, -2.107397
42, 37, -7.337085
42, 38, 1.542821
42, 39, -3.149745
42, 40, -18.475292
42, 41, -29.882150
42, 42, 6.552364
42, 44, -0.279413
42, 45, 14.551981
42, 47, -33.361016
42, 48, -0.427274
42, 49, 15.920289
43, 1, -6.243223
43, 2, -15.176199
43, 3, 42.242293
43, 4, 6.628847
43, 5, 24.532862
43, 6, -25.780504
43, 7, -2.651026
43, 8, -11.117179
43, 9, 19.502490
43, 10, 26.427306
43, 11, 59.000000
43, 12, -24.090303
43, 13, 23.363172
43, 14, -26.636168
43, 15, 19.218920
43, 16, 5.374227
43, 17, -13.467017
43, 18, 31.015403
43, 20, 85.484585
43, 21, 20.204443
43, 22, -8.678225
43, 23, -8.650196
43, 25, -16.904398
43, 26, 99999.000000
43, 27, 5.463688
43, 28, -21.563985
43, 30, 38.656530
43, 31, -64.715748
43, 32, -6.174772
43, 33, -50.943387
43, 34, -55.585891
43, 35, 30.529727
43, 36, -39.612346
43, 37, 4.801658
43, 38, 16.216331
43, 39, -13.815481
43, 40, -9.718754
43, 42, 17.278201
43, 43, -10.333353
43, 44, 32.974545
43, 45, 30.148738
43, 46, -59.000000
43, 48, -7.240813
43, 49, 22.374204
43, 50, -81.000000
44, 1, 22.169584
44, 2, -9.379501
44, 3, 42.757707
44, 4, -0.656530
44, 6, 6.464861
44, 7, -16.457472
44, 8, -14.062138
44, 9, 8.674911
44, 10, -3.527656
44, 12, 9.718013
44, 13, 37.065324
44, 14, -16.543648
44, 15, 12.765830
44, 17, -20.808381
44, 18, 47.053825
44, 19, -88.000000
44, 20, 86.515415
44, 21, -6.205415
44, 22, -23.242905
44, 23, 15.763004
44, 24, 1.903070
44, 25, -44.795355
44, 26, 59.397117
44, 27, -3.863814
44, 28, -3.977375
44, 29, 5.383246
44, 30, 16.863228
44, 31, -57.774618
44, 32, 9.384648
44, 33, 10.440934
44, 34, -52.414109
44, 35, -1.383644
44, 36, -38.113981
44, 37, -4.891928
44, 38, 8.214373
44, 40, -19.884562
44, 41, -11.649977
44, 42, 16.414939
44, 43, -35.393499
44, 44, 1.197921
44, 45, 17.970937
44, 47, 16.363985
44, 49, 15.452345
44, 50, 99999.000000
45, 1, -9.141333
45, 2, -20.470645
45, 4, 9.608604
45, 5, 28.497812
45, 6, -26.061306
45, 7, -0.306237
45, 8, -15.962578
45, 9, 15.204357
45, 10, 27.852000
45, 11, -21.299317
45, 12, -23.761646
45, 13, 25.801987
45, 14, -17.007398
45, 15, 18.392757
45, 16, -41.792946
45, 17, -19.713276
45, 18, 30.975167
45, 21, 17.856326
45, 22, -6.691878
45, 23, -4.611628
45, 24, -1.903070
45, 25, -14.478799
45, 26, 52.409700
45, 27, 17.748044
45, 28, -23.136787
45, 29, 1.616754
45, 30, 33.946084
45, 31, -62.725936
45, 32, -4.717839
45, 33, -50.926888
45, 35, 31.452858
45, 36, -39.586735
45, 37, 6.883117
45, 38, 19.177427
45, 40, -13.245750
45, 41, 3.641403
45, 42, 28.831023
45, 43, -6.182891
45, 44, 31.765987
45, 46, -19.930896
45, 47, -13.594752
45, 48, 59.951535
45, 49, 22.044724
45, 50, 1.669628
46, 1, 18.455947
46, 2, -10.373821
46, 4, 5.167006
46, 5, 32.502188
46, 6, -0.166813
46, 7, -20.577846
46, 8, -18.997103
46, 9, 7.691830
46, 10, -0.405683
46, 11, 6.527670
46, 13, 37.298253
46, 14, -19.373281
46, 15, 99999.000000
46, 16, -40.207054
46, 17, -23.372821
46, 18, 99999.000000
46, 19, 2.387688
46, 20, 65.436606
46, 21, -7.795505
46, 22, -18.155351
46, 23, 18.810757
46, 25, -38.699502
46, 26, 59.400672
46, 27, 11.473393
46, 28, -4.969465
46, 30, 16.542839
46, 31, -55.454356
46, 32, 11.436194
46, 33, 10.923464
46, 34, -48.961555
46, 35, -0.942986
46, 36, -38.087994
46, 37, -3.078764
46, 38, 13.394342
46, 40, -21.113976
46, 41, -11.039282
46, 42, 28.409145
46, 43, -29.968925
46, 44, 3.021760
46, 45, -73.000000
46, 46, -38.606067
46, 47, 16.681385
46, 48, 58.048465
46, 50, 89.000000
47, 1, -15.583905
47, 2, -22.876082
47, 3, 9.036151
47, 4, 16.345925
47, 6, -26.471735
47, 7, 3.899139
47, 8, -18.368548
47, 9, 11.600047
47, 10, 31.020854
47, 11, -21.029707
47, 12, 52.000000
47, 13, 28.165186
47, 14, -13.107048
47, 15, 27.334781
47, 17, -26.891562
47, 18, -54.000000
47, 19, 8.612312
47, 20, 54.340350
47, 21, 13.168067
47, 22, -6.325843
47, 23, -0.515454
47, 24, -33.000000
47, 25, -9.001375
47, 27, 30.139767
47, 28, -23.633169
47, 29, 99999.000000
47, 31, -61.855409
47, 32, -5.495279
47, 33, 99999.000000
47, 34, -29.053282
47, 37, 7.246998
47, 38, 20.152714
47, 39, -3.036533
47, 40, -14.872805
47, 41, 5.329754
47, 42, 39.027364
47, 43, 3.141981
47, 44, 30.736257
47, 46, -19.934099
47, 47, -13.174020
47, 49, 31.933790
48, 1, 13.825366
48, 3, 12.895951
48, 4, 12.506037
48, 5, -28.622310
48, 6, -7.085507
48, 7, -22.383930
48, 8, -22.832311
48, 9, 7.109022
48, 10, 3.505934
48, 11, 6.854553
48, 12, 75.911888
48, 13, 35.285479
48, 14, 99999.000000
48, 15, -47.000000
48, 16, -52.096033
48, 17, -27.017593
48, 20, 65.439856
48, 21, -10.358427
48, 22, -14.614765
48, 23, 20.493769
48, 25, -32.235521
48, 26, -92.000000
48, 27, 24.361301
48, 30, -62.799719
48, 32, 12.118187
48, 33, 18.723954
48, 34, -49.040526
48, 35, -16.898661
48, 36, -11.141609
48, 37, -2.071147
48, 38, 16.098917
48, 39, -21.082550
48, 41, -9.780289
48, 42, 38.124918
48, 43, -23.137386
48, 44, 3.823824
48, 45, 38.231994
48, 46, -38.609800
48, 47, 16.992148
48, 48, -34.957501
48, 49, 17.774706
48, 50, 36.090244
49, 1, -20.695027
49, 2, 99999.000000
49, 3, 9.016445
49, 4, 21.791884
49, 5, -10.214414
49, 6, -26.786451
49, 7, 6.057159
49, 8, -19.171069
49, 9, 10.202123
49, 10, 33.543211
49, 11, -20.760091
49, 12, 99999.000000
49, 13, 29.721118
49, 14, -50.149771
49, 16, -42.106315
49, 17, -31.712088
49, 18, -38.339190
49, 19, -30.726878
49, 21, 10.813035
49, 22, -6.537018
49, 24, -76.000000
49, 25, -4.572251
49, 27, 38.018705
49, 28, -20.775310
49, 29, 22.731287
49, 30, -48.925438
49, 31, 42.656401
49, 32, -6.950946
49, 33, -3.696015
49, 34, -29.153551
49, 35, -12.101339
49, 36, 4.665001
49, 37, 6.891671
49, 38, 20.246556
49, 39, -3.085270
49, 40, 22.202645
49, 41, 7.045081
49, 42, 44.846437
49, 43, 10.630765
49, 45, 25.927222
49, 48, -15.448449
49, 49, 31.926009
49, 50, 26.106315
50, 1, 11.760988
50, 2, 40.000000
50, 3, 12.875914
50, 4, 15.805156
50, 5, -28.614490
50, 6, -10.046759
50, 8, -24.242784
50, 10, 5.259582
50, 12, 83.000000
50, 13, 34.141896
50, 14, -20.000000
50, 15, 61.000000
50, 16, -52.092783
50, 17, -28.705648
50, 18, -33.660810
50, 19, -32.273122
50, 20, 4.000000
50, 22, -13.329259
50, 23, 75.000000
50, 25, -29.440099
50, 26, 68.000000
50, 27, 29.432760
50, 28, -15.224690
50, 29, 25.268713
50, 30, -62.795859
50, 31, 46.343599
50, 32, 12.148031
50, 33, 18.731571
50, 34, -49.125990
50, 36, -11.157350
50, 37, -1.746816
50, 39, -21.129655
50, 40, 22.797355
50, 41, -9.126966
50, 42, 41.836640
50, 43, -20.063734
50, 44, -53.000000
50, 45, 38.222752
50, 46, -72.000000
50, 47, -8.000000
50, 48, -34.966946
50, 49, 17.766550
50, 50, 36.098572
