1, 1, 33.000000
1, 3, -24.368006
1, 4, 23.314338
1, 6, 25.343790
1, 7, 5.763742
1, 8, 33.503976
1, 9, -22.175280
1, 10, -19.000000
1, 11, 13.154728
1, 12, 99999.000000
1, 13, -86.000000
1, 14, -58.965841
1, 15, -38.000000
1, 16, 27.662946
1, 18, -85.000000
1, 19, -30.949454
1, 20, -14.690616
1, 21, 0.791664
1, 22, -13.213621
1, 23, 44.441900
1, 24, 3.422744
1, 25, -64.880730
1, 26, 99999.000000
1, 27, 62.000000
1, 28, 2.586270
1, 29, -41.000000
1, 30, -35.778665
1, 32, -20.196784
1, 33, -47.123120
1, 34, -14.726148
1, 35, -12.921771
1, 37, -82.000000
1, 38, -87.000000
1, 39, 82.000000
1, 40, 6.101015
1, 41, 14.443553
1, 42, -29.735195
1, 43, -35.751885
1, 45, -7.963734
1, 46, -81.000000
1, 47, -38.415292
1, 49, 45.000000
1, 50, 23.117463
2, 2, 21.567623
2, 3, -14.890013
2, 4, 34.246929
2, 5, -23.486262
2, 6, 15.870255
2, 7, 16.302626
2, 8, 35.496024
2, 9, -11.792311
2, 11, 18.780859
2, 14, -57.034159
2, 16, 0.301825
2, 17, -42.421583
2, 18, -91.362191
2, 19, -59.167621
2, 20, -38.003288
2, 21, -10.913481
2, 22, -0.659883
2, 23, 5.890347
2, 24, 15.482889
2, 25, -28.029757
2, 26, -34.464579
2, 28, 12.188054
2, 30, -35.441977
2, 31, 9.906320
2, 32, -19.312023
2, 33, -55.349486
2, 34, -16.784061
2, 35, -25.665621
2, 36, -70.832008
2, 40, -4.898744
2, 41, 21.957667
2, 42, -10.470714
2, 43, -17.885720
2, 44, -18.138233
2, 45, 21.717803
2, 47, -18.336962
2, 48, -6.714729
2, 50, 15.152480
3, 1, -32.722530
3, 2, 52.136601
3, 3, -29.088484
3, 4, 7.246831
3, 5, -47.688914
3, 6, 11.190697
3, 7, 6.136990
3, 9, -21.839135
3, 11, 15.072850
3, 12, 31.141474
3, 13, 99999.000000
3, 15, -24.853063
3, 16, 31.162146
3, 17, -0.599922
3, 18, 99999.000000
3, 19, -30.324009
3, 20, -6.414168
3, 21, -12.971415
3, 22, -20.212021
3, 23, 26.265290
3, 24, -0.558275
3, 25, -49.631696
3, 26, -21.241418
3, 27, -7.185948
3, 28, 4.405854
3, 29, 59.375353
3, 30, -34.518953
3, 31, 7.101266
3, 32, -20.339268
3, 33, -50.332017
3, 34, -13.058944
3, 35, 0.699027
3, 36, -70.167992
3, 37, -79.000000
3, 38, 44.367342
3, 39, 3.980951
3, 40, 1.604097
3, 41, 13.650401
3, 42, -28.708763
3, 43, -36.745462
3, 44, 29.488359
3, 45, -1.085029
3, 47, -25.054436
3, 48, -12.382321
3, 49, -45.402259
3, 50, 25.496812
4, 1, -30.452499
4, 2, 5.932699
4, 3, -20.198251
4, 4, 12.203182
4, 5, -32.279480
4, 6, -8.186406
4, 8, -64.080101
4, 9, -10.410333
4, 10, -95.000000
4, 11, 15.123167
4, 12, 34.728523
4, 14, 15.723409
4, 15, -27.146937
4, 16, 99999.000000
4, 17, -44.894351
4, 18, 97.000000
4, 19, -42.403146
4, 20, -30.948004
4, 21, -25.568251
4, 22, -9.885504
4, 23, -5.551445
4, 24, 20.016588
4, 25, -10.335397
4, 26, -33.488154
4, 27, -20.623704
4, 29, 45.315052
4, 30, -31.471936
4, 31, 4.968558
4, 32, -13.935495
4, 33, -52.670256
4, 34, -22.181399
4, 35, -9.041300
4, 38, 38.632658
4, 39, 11.958662
4, 40, -21.871835
4, 43, -27.541074
4, 44, -30.322939
4, 45, 30.141665
4, 46, 99999.000000
4, 47, 1.465991
4, 48, -8.674281
4, 49, -34.562769
4, 50, 14.896709
5, 1, -23.029190
5, 2, 52.626628
5, 3, -34.025543
5, 4, -10.991928
5, 5, -58.610518
5, 6, -11.796923
5, 7, 10.107222
5, 8, -26.762939
5, 9, -26.192245
5, 11, 7.275563
5, 12, 29.135266
5, 13, -5.178016
5, 14, 20.882217
5, 16, -34.681579
5, 17, 7.735910
5, 18, 99999.000000
5, 19, -40.608189
5, 21, -26.852677
5, 22, 99999.000000
5, 23, -4.790699
5, 24, 4.702136
5, 25, -18.891429
5, 26, -37.386779
5, 27, 2.766301
5, 28, -64.000000
5, 29, 61.334905
5, 30, 99999.000000
5, 31, 7.715814
5, 32, -9.139211
5, 33, -44.724159
5, 34, -7.764281
5, 35, 16.466264
5, 36, 37.164954
5, 39, -9.573904
5, 40, 0.524248
5, 41, 44.692509
5, 43, -43.050347
5, 44, 16.309771
5, 45, 4.636420
5, 46, -92.000000
5, 47, -2.140850
5, 49, -47.264535
5, 50, 25.257558
6, 1, -17.118919
6, 2, -11.282745
6, 3, -22.822943
6, 5, -41.797055
6, 6, -24.756186
6, 7, 23.107117
6, 8, -59.033902
6, 9, 99999.000000
6, 10, -7.505456
6, 11, -1.220304
6, 13, 16.894544
6, 14, 23.381117
6, 15, 99999.000000
6, 16, -24.432097
6, 17, 99999.000000
6, 18, 29.850262
6, 19, -24.028271
6, 20, -9.948662
6, 21, -30.210706
6, 22, 63.916785
6, 23, -5.863174
6, 24, 28.797231
6, 25, -3.018748
6, 26, -26.373901
6, 27, -7.562856
6, 28, 99999.000000
6, 30, -23.000000
6, 31, 5.410437
6, 32, -4.237685
6, 33, -38.454031
6, 34, -28.873280
6, 35, -2.120803
6, 36, 18.301836
6, 38, -30.545113
6, 39, -0.532447
6, 40, -31.589563
6, 41, 37.480004
6, 42, -64.347036
6, 43, -37.327879
6, 44, -48.977021
6, 47, 13.852406
6, 49, -37.942941
7, 1, -3.163295
7, 2, 99999.000000
7, 3, -33.261258
7, 4, -17.666817
7, 6, -17.133999
7, 7, 2.315670
7, 8, -18.534100
7, 9, 4.552744
7, 10, 13.040501
7, 11, -16.764463
7, 12, 28.320190
7, 13, -8.462130
7, 14, 24.693939
7, 15, 43.000000
7, 16, -26.331206
7, 17, -66.000000
7, 18, -29.000000
7, 19, -54.789190
7, 20, -30.878315
7, 21, -35.916720
7, 22, -0.330246
7, 23, -26.349747
7, 25, 4.433581
7, 26, -53.205270
7, 27, 11.443541
7, 28, -52.000000
7, 29, -10.421547
7, 31, 14.140537
7, 32, 8.539481
7, 33, -19.916030
7, 34, 5.213990
7, 35, 14.440401
7, 36, 27.136485
7, 38, -18.923152
7, 39, -24.806532
7, 40, 0.989051
7, 41, 28.635296
7, 42, -36.897854
7, 43, -46.224936
7, 44, -10.337521
7, 46, 0.925275
7, 47, 7.784896
7, 50, 4.713166
8, 1, -3.902708
8, 4, -25.333183
8, 5, -3.430810
8, 6, -12.324275
8, 8, -47.628923
8, 9, -54.351334
8, 10, -16.057966
8, 11, -23.131602
8, 12, 2.397232
8, 13, 10.759691
8, 14, 29.216745
8, 16, -26.516831
8, 19, -16.557638
8, 20, 0.450574
8, 21, -29.622468
8, 22, 56.200150
8, 23, -2.390525
8, 24, -2.000000
8, 25, -15.128843
8, 26, -18.027585
8, 27, 3.749157
8, 29, -27.981238
8, 30, -28.842205
8, 32, 1.031881
8, 33, -16.791282
8, 34, -27.900567
8, 35, -10.738201
8, 36, -4.299562
8, 37, -56.500496
8, 38, -31.631297
8, 39, -8.902943
8, 41, 2.893376
8, 42, -63.553884
8, 43, 99999.000000
8, 44, -62.752726
8, 45, -4.051539
8, 46, 1.910575
8, 47, 13.591956
8, 48, 9.892490
8, 49, 14.000000
8, 50, 26.144729
9, 3, -19.078789
9, 5, 3.735089
9, 6, 3.970170
9, 8, -10.927004
9, 9, 5.399128
9, 10, 0.482029
9, 11, -34.956045
9, 12, 28.040254
9, 13, -2.176204
9, 14, 20.671035
9, 15, 23.000000
9, 16, -16.100895
9, 17, 60.000000
9, 18, -12.000000
9, 19, -60.834857
9, 20, -19.942201
9, 21, -46.786541
9, 22, -1.573928
9, 23, -35.022086
9, 25, 2.168666
9, 26, -53.259776
9, 27, 10.278759
9, 29, -14.882634
9, 30, -10.474672
9, 31, -68.000000
9, 32, 17.537428
9, 33, 13.379963
9, 34, 23.102379
9, 35, 2.216411
9, 36, 0.987345
9, 37, -14.144335
9, 38, -19.322720
9, 39, -29.919319
9, 40, -27.695680
9, 41, 4.880822
9, 43, -4.427707
9, 44, -29.298777
9, 45, -5.506953
9, 46, 3.861786
9, 47, 7.406740
9, 48, -0.804055
9, 50, -0.762081
10, 1, -1.187518
10, 2, -32.690633
10, 3, -16.143354
10, 4, -39.833325
10, 5, 4.745360
10, 6, 20.273888
10, 7, 10.407030
10, 8, -25.530359
10, 9, -39.147002
10, 10, -22.956063
10, 13, 12.250388
10, 14, 23.250210
10, 16, -20.281274
10, 18, 99999.000000
10, 19, -17.814654
10, 20, 3.163135
10, 21, -31.716333
10, 22, 42.716515
10, 23, -7.595220
10, 24, -13.208402
10, 25, -36.853004
10, 26, -13.471581
10, 27, 13.790584
10, 29, -33.903157
10, 30, -22.279497
10, 32, 1.831333
10, 33, 7.012516
10, 34, -17.536002
10, 35, -17.474578
10, 36, -29.695946
10, 37, -55.457800
10, 38, -29.874088
10, 40, -4.943824
10, 41, -31.514739
10, 42, -53.663383
10, 43, 47.000000
10, 45, 13.583741
10, 46, 1.898582
10, 47, 16.599001
10, 48, 2.977072
10, 49, -10.587277
10, 50, 21.543688
11, 1, 33.712095
11, 2, -41.057802
11, 3, -19.321551
11, 4, 9.015506
11, 5, 11.785718
11, 6, 28.733913
11, 7, -17.586018
11, 8, 3.031281
11, 9, 18.770523
11, 10, -9.959693
11, 11, -31.412926
11, 12, -16.000000
11, 13, 11.609735
11, 14, 5.473345
11, 15, 0.000000
11, 16, -4.388535
11, 17, -10.343320
11, 20, -15.014805
11, 21, -55.665684
11, 22, 1.914187
11, 23, -35.081431
11, 24, -17.452184
11, 25, -22.527259
11, 26, -38.761424
11, 27, 12.201436
11, 28, 9.650913
11, 30, -5.543988
11, 32, 13.282626
11, 33, 38.777633
11, 34, 33.434183
11, 35, -1.849202
11, 36, -17.120754
11, 37, -13.371042
11, 38, -18.692786
11, 39, 2.493404
11, 40, -6.461297
11, 41, -0.234286
11, 42, -51.732251
11, 44, 24.796647
11, 45, 12.488306
11, 46, -7.099571
11, 47, 12.132506
11, 48, -22.298677
11, 49, 15.142837
11, 50, -2.610569
12, 1, -2.798954
12, 2, -35.939062
12, 3, -24.792615
12, 4, -27.027792
12, 6, 38.493907
12, 7, 7.175914
12, 8, 5.880229
12, 9, -9.306207
12, 10, -23.138542
12, 11, -24.594458
12, 13, 16.575390
12, 14, 10.274539
12, 15, 11.664016
12, 16, -10.772319
12, 17, -13.003108
12, 18, -0.328478
12, 19, -1.829954
12, 20, -5.933961
12, 21, -36.852481
12, 22, 34.356993
12, 23, -13.457749
12, 24, -6.619059
12, 25, -48.785573
12, 26, -4.709533
12, 27, 29.521023
12, 28, 9.349087
12, 29, 80.000000
12, 31, 20.884421
12, 32, 1.281804
12, 33, 22.953715
12, 37, -56.933648
12, 38, -14.339888
12, 39, -3.422522
12, 40, 29.287004
12, 41, -43.030419
12, 42, -55.856215
12, 43, 11.212606
12, 44, 5.406799
12, 45, 27.003086
12, 46, -13.660897
12, 47, 23.831047
12, 48, -13.129835
12, 49, 0.995827
13, 1, 32.357293
13, 2, -52.125549
13, 3, -22.681500
13, 4, 17.239875
13, 5, 54.273412
13, 6, 26.766239
13, 7, -23.120978
13, 8, 21.723405
13, 9, 33.480912
13, 11, -26.148435
13, 12, 99999.000000
13, 14, -19.235291
13, 15, 99999.000000
13, 16, 3.623967
13, 17, -3.323464
13, 18, -2.802390
13, 19, -12.366870
13, 20, -13.598847
13, 21, -58.225587
13, 22, 13.338418
13, 23, -23.177058
13, 24, -11.922851
13, 25, -47.443223
13, 26, -15.232350
13, 27, 23.099741
13, 30, -30.696735
13, 31, 16.115579
13, 32, 1.356841
13, 34, -7.949937
13, 35, -32.922816
13, 36, -44.362191
13, 37, -21.104665
13, 38, -14.248817
13, 39, -4.511457
13, 40, 27.062046
13, 41, 6.104180
13, 43, -2.845371
13, 44, 13.878135
13, 46, -24.923604
13, 48, -44.317455
13, 49, 25.573253
13, 50, 30.529018
14, 1, -8.635654
14, 2, -45.759627
14, 3, -37.425997
14, 4, -1.823171
14, 5, 29.699253
14, 6, 22.332345
14, 7, -11.445192
14, 8, 25.436885
14, 9, 12.760205
14, 10, 43.716855
14, 11, -23.286578
14, 12, 25.423925
14, 13, -23.933831
14, 14, -7.058190
14, 16, 99999.000000
14, 17, -5.161534
14, 18, -1.631349
14, 19, 7.993589
14, 20, -12.048783
14, 21, -41.535738
14, 22, 29.669921
14, 23, -5.485886
14, 24, -6.764721
14, 25, -40.878745
14, 26, 6.026706
14, 27, 44.540224
14, 28, -23.993316
14, 30, -58.879441
14, 32, -0.499977
14, 33, -39.637572
14, 34, 1.949937
14, 35, -30.690630
14, 36, -43.637809
14, 37, -57.927365
14, 38, 13.883865
14, 39, -7.153135
14, 40, 59.949009
14, 41, -38.638109
14, 42, 99999.000000
14, 43, -6.679316
14, 44, -6.892656
14, 46, -32.542512
14, 47, 3.499788
14, 48, -25.821912
14, 50, 19.294517
15, 1, 21.462401
15, 2, -61.158173
15, 3, -28.451500
15, 4, 21.026818
15, 5, 55.500066
15, 6, 4.814885
15, 7, -27.851146
15, 9, 38.004628
15, 10, 3.839486
15, 11, -21.339232
15, 12, -14.757665
15, 13, 9.258040
15, 14, -45.055000
15, 15, 99999.000000
15, 16, 4.393092
15, 18, -2.804207
15, 19, -2.897123
15, 20, -11.693619
15, 21, 99999.000000
15, 22, 15.643614
15, 23, -2.366888
15, 24, -15.078310
15, 25, -53.347149
15, 26, 4.907627
15, 27, 33.443585
15, 28, -29.795496
15, 29, 47.511661
15, 30, -26.987693
15, 31, -84.000000
15, 32, -13.567000
15, 33, -49.573151
15, 35, -11.090053
15, 37, -27.837370
15, 38, -4.088120
15, 39, -9.131462
15, 40, 48.828078
15, 41, 6.466968
15, 42, 40.000000
15, 43, -26.353654
15, 45, -7.777962
15, 46, -29.478304
15, 47, -17.066897
15, 49, 23.099332
15, 50, 19.224415
16, 1, 0.581728
16, 2, -55.505611
16, 3, -42.899509
16, 4, 19.093756
16, 5, 32.214188
16, 6, -4.590485
16, 7, -30.687977
16, 8, -10.126474
16, 10, 43.502471
16, 11, -25.892984
16, 12, 22.354800
16, 13, -16.413096
16, 14, -30.574126
16, 15, -48.264333
16, 16, 0.913022
16, 17, 56.065516
16, 20, -7.945525
16, 21, 20.862170
16, 22, 13.823297
16, 23, 8.900619
16, 24, -11.985839
16, 25, -26.061093
16, 26, 6.870917
16, 27, 46.729356
16, 28, -22.193290
16, 29, 23.601885
16, 30, -59.991936
16, 32, -5.688597
16, 33, -43.604616
16, 34, 2.000000
16, 35, 5.056615
16, 36, 66.000000
16, 38, 37.312090
16, 40, 71.688173
16, 41, -34.558822
16, 43, -33.348750
16, 44, 23.317232
16, 45, -28.927960
16, 46, -37.505098
16, 47, 1.776363
16, 48, -24.044133
16, 49, -5.420558
16, 50, 8.381475
17, 1, 20.300107
17, 2, -58.165056
17, 4, 24.706642
17, 5, 58.958554
17, 6, -7.574198
17, 7, -22.075247
17, 8, -16.180820
17, 9, -29.704346
17, 10, -1.399401
17, 11, -20.049127
17, 12, -10.710205
17, 13, 8.514574
17, 14, -61.798946
17, 15, -15.926808
17, 16, 0.415292
17, 17, 50.934484
17, 18, 28.638269
17, 19, 86.000000
17, 20, -4.627949
17, 21, 4.543193
17, 22, -3.543963
17, 23, 9.094524
17, 25, -40.297794
17, 26, 15.075229
17, 27, 34.282231
17, 28, -31.133978
17, 29, 36.796466
17, 30, -24.638556
17, 31, 99999.000000
17, 32, -27.177057
17, 33, -52.638587
17, 35, 29.951843
17, 38, 7.578447
17, 39, 15.495574
17, 42, -11.320678
17, 43, -40.966005
17, 44, 38.838125
17, 45, -7.773250
17, 46, -23.809382
17, 47, -23.778584
17, 48, 2.215127
17, 49, 18.754670
17, 50, 1.531021
18, 1, 28.930518
18, 2, -56.710871
18, 3, -73.000000
18, 4, 23.430673
18, 5, 32.016016
18, 6, -14.042914
18, 7, -33.523728
18, 8, -13.845005
18, 9, -24.616436
18, 10, 37.231748
18, 12, 18.080843
18, 13, -11.225370
18, 14, -50.319679
18, 15, -40.547283
18, 16, 6.769975
18, 18, 0.074333
18, 20, 5.257366
18, 21, 8.388940
18, 22, -10.846957
18, 24, -30.378095
18, 25, -19.041128
18, 26, 4.545482
18, 27, 36.998727
18, 29, 21.261895
18, 30, 99999.000000
18, 32, -12.054400
18, 34, 23.000000
18, 35, 41.288061
18, 36, 21.952738
18, 37, 73.000000
18, 38, 42.379214
18, 39, 40.720841
18, 40, 15.284388
18, 41, 33.221475
18, 42, 12.004055
18, 44, 21.544304
18, 45, -27.908667
18, 46, -30.602576
18, 47, -3.668343
18, 48, -14.802743
18, 49, -12.652628
18, 50, -2.003441
19, 1, 32.701564
19, 2, -51.400756
19, 4, 26.830843
19, 5, 50.869852
19, 6, -10.954747
19, 7, -14.498483
19, 8, -27.223677
19, 9, -23.825690
19, 10, -5.958768
19, 11, -18.053088
19, 13, 1.706235
19, 14, -66.442751
19, 15, -30.571969
19, 16, -11.632667
19, 17, -61.414461
19, 18, 21.058153
19, 19, -10.471832
19, 20, 7.727513
19, 21, -7.145656
19, 22, -21.202735
19, 23, 9.102736
19, 24, -37.621905
19, 25, -19.541618
19, 26, 20.235552
19, 27, 28.694624
19, 28, -9.489731
19, 29, 26.082118
19, 30, -56.262516
19, 31, -90.000000
19, 33, 19.379716
19, 35, 51.993079
19, 36, 21.047262
19, 38, 10.909477
19, 39, 3.461262
19, 40, -10.097346
19, 41, 30.433250
19, 42, -7.097496
19, 45, -4.333342
19, 46, -21.934045
19, 48, 12.061393
19, 49, 12.536347
19, 50, -15.947077
20, 1, 47.431158
20, 3, 62.000000
20, 4, 21.192759
20, 5, 16.476887
20, 6, -14.252061
20, 8, -23.631216
20, 10, 30.033261
20, 11, -8.286758
20, 15, -27.975880
20, 16, 11.662666
20, 17, -60.802163
20, 18, -10.234803
20, 19, -22.387594
20, 20, 18.769454
20, 21, -0.279215
20, 23, -17.435586
20, 25, -14.019300
20, 27, 29.801793
20, 28, 16.395905
20, 29, 23.909826
20, 30, -78.000000
20, 33, -0.692107
20, 34, 25.161764
20, 37, -35.175944
20, 39, 22.020990
20, 40, 17.611227
20, 41, 29.252854
20, 42, 8.397044
20, 43, 63.000000
20, 44, 3.446132
20, 46, -21.097420
20, 47, 39.311402
20, 49, -17.805051
20, 50, -14.628632
21, 2, 66.000000
21, 4, 26.446720
21, 5, 20.636863
21, 6, -24.169855
21, 7, -15.764875
21, 8, -37.762223
21, 11, -23.316457
21, 12, -45.882314
21, 13, -60.474968
21, 14, -5.704740
21, 15, -43.497732
21, 16, -27.280076
21, 17, -50.294194
21, 18, 15.187059
21, 19, 11.517313
21, 20, 15.194729
21, 21, -13.464188
21, 23, 10.322629
21, 25, -0.550775
21, 28, -23.450815
21, 31, 3.187969
21, 32, -13.000000
21, 33, 23.441821
21, 34, 21.677408
21, 35, 16.406429
21, 36, -47.897264
21, 37, -39.824056
21, 38, 7.426957
21, 39, -6.712289
21, 40, -6.978774
21, 41, 28.827070
21, 42, -10.111858
21, 43, 75.724381
21, 44, -1.372349
21, 45, 4.849051
21, 46, -15.136091
21, 47, 23.222336
21, 48, -42.431414
21, 49, 7.117684
21, 50, -29.971420
22, 1, -96.000000
22, 2, 99999.000000
22, 3, 20.564550
22, 4, 31.050616
22, 5, -13.768699
22, 6, -22.978057
22, 7, -20.700773
22, 10, -17.566141
22, 11, -7.249453
22, 12, -33.435354
22, 13, -55.525032
22, 14, 17.092495
22, 15, -22.209767
22, 16, 4.270973
22, 17, -46.667830
22, 18, -12.705600
22, 19, 8.108567
22, 20, 28.415608
22, 21, 11.855541
22, 22, 80.650913
22, 23, -18.876107
22, 24, -71.969079
22, 25, -5.358885
22, 26, 44.936960
22, 28, -2.704225
22, 31, 7.615600
22, 33, 2.008898
22, 34, 9.178667
22, 35, -18.956762
22, 36, -28.621333
22, 38, 1.123316
22, 39, 12.281909
22, 40, 12.490464
22, 42, -9.037807
22, 43, 99999.000000
22, 44, -10.695212
22, 45, 8.151144
22, 46, -5.540308
22, 47, 29.924186
22, 48, -16.858006
22, 49, -21.437750
22, 50, -23.019603
23, 3, 20.161424
23, 4, 29.416410
23, 5, -21.572684
23, 6, -42.551134
23, 7, -5.705560
23, 8, 6.120592
23, 9, 14.922078
23, 10, -5.778293
23, 11, -26.301851
23, 12, -35.543184
23, 14, -1.152953
23, 16, -42.548641
23, 17, -30.845861
23, 18, 13.138165
23, 19, 41.969984
23, 20, 18.590219
23, 21, -0.002854
23, 22, 80.349087
23, 23, 9.592359
23, 24, -30.195971
23, 25, 8.281589
23, 26, 50.458289
23, 28, -40.934075
23, 30, 31.107496
23, 31, -4.771442
23, 32, 91.000000
23, 33, 32.157701
23, 34, 12.315650
23, 35, 26.573865
23, 36, -39.120293
23, 37, 76.000000
23, 38, 7.230810
23, 39, -3.281431
23, 40, -5.787997
23, 41, 10.610499
23, 42, -19.815748
23, 43, -34.871405
23, 44, -15.982388
23, 45, -2.623987
23, 46, 6.927400
23, 47, 21.260375
23, 48, -39.725366
23, 49, 2.684643
24, 1, 11.387834
24, 2, -73.000000
24, 3, 15.995832
24, 4, 49.613219
24, 5, -41.768713
24, 6, -32.956125
24, 7, -8.045187
24, 8, 9.562331
24, 9, -5.314116
24, 10, -11.619096
24, 11, -3.513782
24, 12, -25.820276
24, 13, 33.000000
24, 14, 23.299131
24, 15, 18.623455
24, 16, -13.061200
24, 17, -23.149616
24, 19, 28.350299
24, 20, 36.118991
24, 21, 22.627182
24, 24, -71.438893
24, 26, 42.697472
24, 27, -19.538646
24, 28, -20.370029
24, 29, -59.759548
24, 30, 8.967417
24, 31, -7.385119
24, 33, 6.924513
24, 34, -7.896975
24, 35, -2.223696
24, 36, -27.693893
24, 37, 99999.000000
24, 38, 2.940502
24, 39, 18.589047
24, 40, 4.483479
24, 41, 38.543566
24, 42, -23.162822
24, 43, 41.759205
24, 44, -23.734011
24, 45, 1.728080
24, 46, 13.666068
24, 47, 20.420528
24, 49, -22.658015
24, 50, -62.000000
25, 1, 15.405260
25, 3, 15.263442
25, 4, 36.810503
25, 5, -44.194676
25, 7, 0.352014
25, 8, 10.686036
25, 9, 3.850878
25, 10, 11.595555
25, 11, -24.171611
25, 12, -21.134521
25, 15, -18.319915
25, 16, -52.169279
25, 17, -10.920292
25, 18, 14.000000
25, 20, 22.027082
25, 21, 12.780368
25, 22, -2.855925
25, 24, -30.129915
25, 25, 25.000000
25, 27, -25.539365
25, 28, -47.400850
25, 29, -30.553016
25, 30, 25.012203
25, 31, -17.308179
25, 33, 33.376506
25, 34, 99999.000000
25, 35, 33.220884
25, 36, -21.537582
25, 38, 8.975635
25, 39, -6.214932
25, 40, -4.008592
25, 41, 21.044050
25, 42, -22.739382
25, 43, -32.961624
25, 44, -16.407423
25, 46, 22.973367
25, 47, 20.937778
25, 48, 4.548838
26, 1, 9.672946
26, 2, -52.267667
26, 3, 20.785720
26, 4, 60.719852
26, 6, 14.196512
26, 8, 12.803895
26, 9, -12.718106
26, 10, -5.409310
26, 11, -0.915608
26, 12, -23.563530
26, 13, 52.947587
26, 14, -55.246883
26, 15, 16.244245
26, 17, 8.247069
26, 19, -37.913066
26, 20, 33.373276
26, 21, 12.762187
26, 22, 19.663563
26, 23, -23.307579
26, 24, -72.688250
26, 26, -20.507002
26, 27, -4.443489
26, 28, -25.931239
26, 29, -63.740771
26, 30, -0.090163
26, 31, -31.094687
26, 32, -44.000000
26, 33, 11.534563
26, 34, 38.997529
26, 35, 15.473131
26, 36, -22.226203
26, 39, 18.888291
26, 41, 48.372241
26, 42, -27.625105
26, 43, 40.678635
26, 44, -20.638027
26, 47, 13.673697
26, 48, -15.944457
26, 49, 38.000000
26, 50, -28.363299
27, 1, 14.192533
27, 2, -49.732333
27, 3, 22.736708
27, 4, 41.241796
27, 5, 3.598585
27, 6, 33.482104
27, 7, 18.503583
27, 9, -13.038311
27, 10, 20.837626
27, 12, -13.564615
27, 13, 57.052413
27, 14, -29.551652
27, 15, -20.893142
27, 16, -24.909328
27, 17, 9.049938
27, 18, -4.778610
27, 19, -34.931858
27, 20, 19.094750
27, 21, 12.624338
27, 22, 2.670582
27, 23, -14.880617
27, 24, -42.195753
27, 25, -56.000000
27, 26, -29.031856
27, 27, -9.526474
27, 28, -44.748297
27, 29, -34.165343
27, 30, 16.068475
27, 31, -26.772147
27, 32, -50.362191
27, 33, 32.008461
27, 34, -4.844896
27, 35, 29.468032
27, 36, -8.053004
27, 37, 5.291523
27, 38, -7.194609
27, 39, -26.564962
27, 40, -7.389505
27, 42, -16.530143
27, 43, -22.254790
27, 44, -4.446573
27, 45, -32.522269
27, 46, 9.247146
27, 47, 13.615143
27, 48, 12.116598
27, 50, -42.457358
28, 3, 30.768482
28, 5, -23.217296
28, 6, 2.224394
28, 7, 13.042333
28, 8, -18.666817
28, 9, -24.119634
28, 12, -22.831729
28, 14, -57.766307
28, 16, -19.747071
28, 17, 28.681886
28, 18, 9.453318
28, 19, -27.268867
28, 20, 19.253621
28, 21, -0.289392
28, 22, 13.461801
28, 23, -13.474239
28, 24, -75.186844
28, 26, -15.777828
28, 27, 7.340965
28, 28, -25.051904
28, 29, -68.163004
28, 30, 1.433237
28, 31, -50.551279
28, 32, 99999.000000
28, 33, 18.110867
28, 34, 33.794980
28, 35, 26.950965
28, 36, -7.778996
28, 37, 14.708477
28, 38, 2.284351
28, 39, -1.193584
28, 40, -12.657464
28, 41, -35.878774
28, 42, -33.241719
28, 43, 42.730354
28, 44, -10.983294
28, 45, -2.192046
28, 46, -11.221689
28, 47, 7.010063
28, 48, -18.076976
28, 49, -81.362191
28, 50, -21.509583
29, 1, 11.282302
29, 5, 18.504574
29, 6, 23.184080
29, 7, 23.402463
29, 8, -26.333183
29, 9, -22.997621
29, 10, 18.830689
29, 11, 80.771649
29, 13, 99999.000000
29, 15, 99999.000000
29, 16, -8.371878
29, 18, -9.910770
29, 19, -20.389385
29, 20, 14.815253
29, 21, 11.870494
29, 22, -0.818974
29, 23, -5.828331
29, 24, -52.430509
29, 25, 0.716958
29, 26, -35.393406
29, 27, -5.762673
29, 30, 10.245181
29, 31, -32.312367
29, 32, -2.301884
29, 34, 1.848292
29, 35, 26.467788
29, 36, -4.986941
29, 38, -13.195250
29, 39, -50.425486
29, 40, -0.550727
29, 41, -6.514290
29, 42, -9.227457
29, 43, 0.832306
29, 44, 1.959088
29, 45, -38.307060
29, 46, 5.421354
29, 48, 14.363828
29, 49, -80.637809
29, 50, -34.575355
30, 1, 26.933896
30, 2, -31.603466
30, 3, 35.582337
30, 4, -0.931430
30, 5, -17.401263
30, 6, -18.014121
30, 9, -41.693693
30, 10, 26.127733
30, 11, 69.892309
30, 12, 40.861172
30, 13, -23.131883
30, 14, 5.094478
30, 15, 13.133833
30, 16, 2.554883
30, 17, -11.816136
30, 19, -15.872137
30, 20, 11.586071
30, 22, -13.661095
30, 23, 8.327422
30, 25, 1.471087
30, 26, -7.737622
30, 28, -5.088085
30, 29, -1.494624
30, 30, 11.605506
30, 32, -9.207302
30, 33, -62.000000
30, 34, 29.592745
30, 35, 31.434364
30, 36, 9.874835
30, 37, 24.827604
30, 38, -8.841935
30, 39, -28.493720
30, 40, -8.614811
30, 41, -35.552182
30, 42, -36.041089
30, 43, 50.195018
30, 45, -8.379628
30, 47, 24.724381
30, 48, -19.769662
30, 50, -14.434587
31, 1, -5.774907
31, 2, -49.215704
31, 3, -1.737983
31, 4, -1.394209
31, 5, 29.862161
31, 6, 10.223771
31, 7, -45.756958
31, 8, 24.143119
31, 9, -29.636658
31, 10, 28.167343
31, 11, 77.173763
31, 12, 59.126610
31, 13, -8.835308
31, 14, 31.865777
31, 15, 2.000000
31, 16, 11.540631
31, 17, -8.043148
31, 18, 63.000000
31, 19, -4.252356
31, 20, 21.235453
31, 21, -0.272452
31, 22, -18.407151
31, 23, 5.225137
31, 24, -55.780621
31, 25, 6.894573
31, 26, -34.580906
31, 28, -26.013855
31, 29, 2.785378
31, 30, 7.619236
31, 31, -69.000000
31, 32, -1.322108
31, 34, 10.146926
31, 35, 22.407466
31, 36, -2.586860
31, 37, -1.837215
31, 38, -26.487943
31, 39, -63.983443
31, 42, -2.297411
31, 43, 18.948652
31, 44, -85.000000
31, 45, -43.825318
31, 46, -32.779595
31, 47, 23.275619
31, 48, 3.338508
31, 50, -30.543701
32, 1, -5.098881
32, 2, -33.604619
32, 3, 26.612572
32, 4, -7.610061
32, 5, -16.624495
32, 6, -22.206016
32, 7, -48.958910
32, 8, 11.666730
32, 9, -53.939682
32, 10, 35.316021
32, 11, 58.075166
32, 12, 42.530572
32, 13, -6.475820
32, 14, -3.029279
32, 16, 7.756663
32, 17, -0.707731
32, 19, -10.575235
32, 20, 19.038853
32, 21, -7.090372
32, 22, -40.180986
32, 23, 32.199896
32, 24, -52.983264
32, 25, 7.817253
32, 26, -8.665614
32, 28, 1.732470
32, 29, 3.440728
32, 30, 15.893085
32, 31, 99999.000000
32, 33, -49.000000
32, 35, 24.139819
32, 36, 20.833101
32, 37, 8.933160
32, 38, -23.792705
32, 39, -40.499809
32, 40, -0.528077
32, 42, -24.395598
32, 46, -36.220405
32, 48, -21.563152
32, 49, 13.438875
32, 50, -6.397131
33, 1, -29.237515
33, 2, -49.342692
33, 3, -3.384345
33, 4, -5.447616
33, 5, 29.034726
33, 6, 6.889289
33, 7, -41.417950
33, 8, 26.629869
33, 11, 62.181884
33, 12, 54.758803
33, 13, -0.055796
33, 14, 26.656093
33, 15, 55.000000
33, 16, 10.887196
33, 17, 10.391945
33, 18, -22.992048
33, 19, 7.073232
33, 20, 34.308119
33, 21, -18.881486
33, 22, -29.639381
33, 23, 19.042747
33, 24, -59.439328
33, 25, 16.634215
33, 26, -30.883903
33, 27, -40.487449
33, 28, -15.365366
33, 29, 4.169333
33, 31, -12.055214
33, 32, -7.136386
33, 34, 11.000000
33, 35, 14.160949
33, 37, -19.325435
33, 38, -35.807902
33, 39, -67.212065
33, 40, 15.997366
33, 42, 5.768255
33, 45, 42.389869
33, 47, -63.842383
33, 48, -13.898706
33, 49, 32.181797
33, 50, -30.662289
34, 1, -36.707830
34, 2, -35.090805
34, 3, 13.011702
34, 4, -0.260260
34, 5, 99999.000000
34, 6, -15.016888
34, 8, 2.945538
34, 9, -58.326800
34, 10, -9.335524
34, 11, 37.507705
34, 12, 44.022820
34, 13, 15.554074
34, 14, -5.433695
34, 16, -2.287038
34, 17, 16.379845
34, 18, -19.007952
34, 19, -6.071385
34, 20, 29.103733
34, 21, -15.385196
34, 23, 46.058819
34, 24, -57.222811
34, 26, -15.861494
34, 27, -18.291341
34, 28, 10.639653
34, 29, 6.105550
34, 30, 4.000000
34, 31, -55.000000
34, 32, 6.739636
34, 33, 23.461865
34, 35, 8.804951
34, 36, -1.875759
34, 37, -5.461697
34, 39, 99999.000000
34, 40, 0.802336
34, 41, 16.000000
34, 42, -12.041305
34, 43, -24.627592
34, 44, 32.234953
34, 45, -13.565120
34, 46, 85.000000
34, 47, -95.818905
34, 48, -27.092537
34, 49, 5.092842
34, 50, -1.882937
35, 1, -37.092130
35, 2, -39.467054
35, 3, 0.996751
35, 4, 9.081791
35, 5, 36.000000
35, 7, -27.431229
35, 8, 29.840675
35, 9, -43.276447
35, 10, 15.758035
35, 11, 33.249376
35, 12, 37.853407
35, 13, 11.161739
35, 14, 28.349106
35, 15, -90.000000
35, 17, 24.888372
35, 19, 4.012530
35, 21, -34.186326
35, 22, -39.076238
35, 23, 28.324197
35, 24, -62.168311
35, 25, -14.564341
35, 27, -30.348706
35, 28, -6.960036
35, 29, -5.231023
35, 32, -8.174017
35, 33, 19.538135
35, 34, -5.073109
35, 35, 13.890328
35, 36, -6.521654
35, 38, 9.958250
35, 39, -1.773496
35, 40, 7.872681
35, 41, 25.543286
35, 43, -10.622649
35, 44, 46.436249
35, 45, 35.810609
35, 47, -60.016591
35, 48, -23.522096
35, 49, 14.241560
35, 50, -31.976187
36, 1, -42.399136
36, 2, -26.907351
36, 3, 6.157771
36, 4, 20.954745
36, 6, -93.000000
36, 7, -40.283571
36, 8, -5.144380
36, 9, -57.720272
36, 10, -15.437011
36, 11, 13.901484
36, 12, 31.215835
36, 15, 99999.000000
36, 18, -13.117929
36, 19, -6.853130
36, 20, -11.450840
36, 21, -11.034015
36, 22, -48.273515
36, 23, 46.019039
36, 25, -16.435659
36, 26, -29.022104
36, 27, -2.121565
36, 28, 6.064790
36, 29, 8.956424
36, 30, -10.905476
36, 31, 13.692345
36, 32, 4.867531
36, 34, -5.347314
36, 35, -0.832910
36, 36, 14.236876
36, 37, 0.000000
36, 38, -10.151877
36, 39, 33.451152
36, 40, -7.088075
36, 41, 99999.000000
36, 42, 13.575309
36, 43, -26.307208
36, 44, 31.951233
36, 45, -21.812219
36, 46, -10.087726
36, 47, 99999.000000
36, 49, -8.695111
36, 50, -4.127188
37, 1, -18.815095
37, 2, -16.180705
37, 4, 30.881106
37, 5, -13.000000
37, 7, -21.832509
37, 8, 22.373324
37, 10, -4.803738
37, 11, 10.688987
37, 12, 13.364019
37, 13, 10.374377
37, 14, -52.652896
37, 15, 31.623800
37, 16, -43.000000
37, 17, -14.821163
37, 18, -3.882071
37, 19, -10.490460
37, 20, -14.827811
37, 21, -27.161352
37, 22, -29.533947
37, 23, 19.008321
37, 24, 25.519594
37, 26, -65.013861
37, 27, -18.492115
37, 28, -10.037366
37, 29, -16.067195
37, 30, -9.094524
37, 31, 12.117057
37, 32, -13.549889
37, 33, 1.714079
37, 34, -7.971971
37, 35, 23.150220
37, 36, 9.340846
37, 38, -1.947251
37, 39, -2.819619
37, 40, -8.077938
37, 41, 99999.000000
37, 42, 9.183194
37, 44, 50.122901
37, 45, 22.528636
37, 46, 48.724381
37, 47, -80.000000
37, 48, 4.895174
37, 49, -9.743883
37, 50, -30.919338
38, 1, -18.066029
38, 2, -11.841830
38, 4, 31.951247
38, 6, 4.537292
38, 7, 99999.000000
38, 8, -9.583382
38, 10, -31.089189
38, 12, 12.734601
38, 13, -0.575339
38, 14, 16.228481
38, 15, 21.627467
38, 17, -36.904212
38, 19, -14.498879
38, 20, -24.037953
38, 21, -5.828824
38, 22, -43.001541
38, 23, 33.553919
38, 24, 29.460558
38, 25, -31.462088
38, 26, -28.815979
38, 28, -1.502914
38, 29, 7.504674
38, 31, 17.378169
38, 32, 0.420729
38, 33, 10.285921
38, 34, -12.267876
38, 35, -2.919924
38, 36, 39.254409
38, 37, -16.316737
38, 38, -19.481054
38, 39, 13.255642
38, 40, -13.085814
38, 42, 2.835510
38, 43, 62.000000
38, 44, 32.959152
38, 45, -14.919692
38, 46, -15.499822
38, 48, 13.104826
38, 49, -18.900745
39, 1, 14.140676
39, 2, 6.015484
39, 3, 75.011084
39, 4, 41.030750
39, 5, 25.091243
39, 6, -1.920305
39, 7, 20.031156
39, 8, 3.425322
39, 9, 25.775885
39, 10, -32.768580
39, 12, 2.085818
39, 13, 19.665219
39, 14, -53.530579
39, 15, 25.218365
39, 16, 4.033685
39, 17, -10.417829
39, 18, 84.000000
39, 19, -16.043295
39, 20, -36.808995
39, 21, -14.944328
39, 22, -15.654990
39, 23, -7.576730
39, 24, 29.262114
39, 25, -24.021055
39, 26, -66.633776
39, 27, -14.426505
39, 28, -15.172863
39, 29, -22.624853
39, 30, 63.488409
39, 32, -18.739657
39, 34, -22.185325
39, 35, 29.266883
39, 36, 29.342881
39, 37, -10.479792
39, 38, -5.501746
39, 39, -14.173814
39, 41, -54.008682
39, 42, -8.148486
39, 44, 52.064976
39, 45, 15.622356
39, 46, 99999.000000
39, 49, -21.414447
40, 1, 10.858992
40, 2, -1.496387
40, 3, 63.735979
40, 4, 29.555162
40, 5, 16.550092
40, 6, 2.950988
40, 7, 16.870190
40, 8, -6.712610
40, 9, 9.793314
40, 10, -43.435737
40, 11, -87.000000
40, 13, 24.735642
40, 14, 8.423032
40, 15, 21.348157
40, 16, -15.413197
40, 17, -26.979632
40, 19, -16.289805
40, 20, -42.489831
40, 21, -6.609876
40, 22, -35.632754
40, 23, 11.220810
40, 24, 35.508454
40, 25, -30.015752
40, 27, -31.144638
40, 28, -0.278714
40, 29, -6.151118
40, 30, 19.567533
40, 31, -72.797344
40, 32, -1.667434
40, 33, -95.000000
40, 34, -26.737762
40, 35, -5.078560
40, 36, 57.788660
40, 37, -13.559786
40, 38, -12.642505
40, 39, -10.691407
40, 40, -19.667420
40, 41, -30.261930
40, 42, -13.431760
40, 43, -10.236309
40, 45, 6.183506
40, 46, -22.853063
40, 47, -32.991896
40, 48, -2.619589
40, 50, 24.861016
41, 1, 31.029036
41, 2, 6.199470
41, 3, 73.751372
41, 4, 41.225424
41, 5, 24.131088
41, 7, 0.805341
41, 8, -10.393577
41, 9, 28.187812
41, 11, 99999.000000
41, 12, -38.992035
41, 13, 24.826686
41, 14, -49.860032
41, 15, 19.348293
41, 16, 4.154506
41, 17, -3.597250
41, 18, 33.438423
41, 19, -7.929319
41, 20, -50.046957
41, 22, -8.039010
41, 23, -28.930427
41, 25, 99999.000000
41, 26, 85.000000
41, 27, -11.251561
41, 28, -19.646098
41, 29, -27.876849
41, 30, 54.496195
41, 31, -72.612297
41, 32, -15.851358
41, 34, -35.204499
41, 35, 29.975955
41, 36, 42.087966
41, 37, 0.102728
41, 38, 11.052685
41, 39, -18.973910
41, 40, -0.526804
41, 41, -49.782243
41, 42, -10.714515
41, 43, -14.763691
41, 44, 32.633705
41, 45, 25.144287
41, 46, -43.000000
41, 47, -5.013668
41, 48, -8.663248
41, 49, 37.947636
41, 50, 31.138984
42, 2, -2.030630
42, 5, 20.447582
42, 6, 17.471951
42, 7, -3.097661
42, 8, -0.453305
42, 9, 13.549361
42, 11, 18.706127
42, 12, -0.517000
42, 13, 46.359249
42, 14, -13.058833
42, 15, 12.818532
42, 16, -12.642143
42, 17, -12.222419
42, 18, 46.994484
42, 19, -11.923971
42, 21, 99999.000000
42, 22, -28.367946
42, 23, -4.198621
42, 24, 7.000000
42, 25, -52.179027
42, 26, 48.947587
42, 27, -28.864739
42, 28, -0.373499
42, 29, -17.783821
42, 30, 15.814794
42, 31, -65.787496
42, 32, 2.089738
42, 33, -11.744447
42, 35, -6.206954
42, 37, -6.087771
42, 38, 2.941405
42, 39, -12.738200
42, 40, -13.210231
42, 41, -26.902861
42, 42, -10.459602
42, 44, -6.756800
42, 45, 26.952352
42, 47, -32.898584
42, 48, 0.261006
42, 49, 25.503829
43, 1, 16.457735
43, 2, -13.869848
43, 3, 42.107627
43, 4, -10.575678
43, 5, 24.279804
43, 6, -25.504474
43, 7, -22.933802
43, 8, -14.384946
43, 9, 24.498471
43, 10, 15.559348
43, 11, 59.000000
43, 12, -25.068265
43, 13, 21.540787
43, 14, -30.033620
43, 15, 17.148253
43, 16, 7.343643
43, 17, -1.707459
43, 18, 29.256769
43, 20, 85.215254
43, 21, 40.070715
43, 22, -4.806491
43, 23, -25.839825
43, 25, -30.625398
43, 26, 99999.000000
43, 27, -5.036000
43, 28, -25.628357
43, 30, 36.077315
43, 31, -64.649437
43, 32, -2.291223
43, 33, -52.489419
43, 34, -56.414603
43, 35, 30.967795
43, 36, -45.036694
43, 37, 12.221548
43, 38, 27.153231
43, 39, -13.649151
43, 40, -0.329966
43, 42, 12.271554
43, 43, -37.508325
43, 44, 36.330461
43, 45, 40.332217
43, 46, -59.000000
43, 48, -5.154952
43, 49, 21.827505
43, 50, -81.000000
44, 1, 33.523818
44, 2, -9.258748
44, 3, 42.892373
44, 4, -17.880145
44, 6, 16.691533
44, 7, -32.174954
44, 8, -8.210886
44, 9, 8.986527
44, 10, -13.384510
44, 12, 19.824765
44, 13, 51.375827
44, 14, -27.898107
44, 15, 1.017616
44, 17, -7.422770
44, 18, 45.041291
44, 19, -88.000000
44, 20, 86.784746
44, 21, 18.642032
44, 22, -22.506310
44, 23, 4.849562
44, 24, 2.897524
44, 25, -55.059484
44, 26, 58.473356
44, 27, -15.977529
44, 28, -5.625262
44, 29, 6.367342
44, 30, 16.483183
44, 31, -53.492417
44, 32, 12.836732
44, 33, 10.515412
44, 34, -51.585397
44, 35, -0.916174
44, 36, -40.539170
44, 37, -0.399507
44, 38, 14.446967
44, 40, -15.606133
44, 41, -12.166313
44, 42, 12.051207
44, 43, -51.288964
44, 44, 1.285250
44, 45, 36.476713
44, 47, 2.015915
44, 49, 4.923596
44, 50, 99999.000000
45, 1, 1.111781
45, 2, -31.355527
45, 4, -3.806886
45, 5, 27.451563
45, 6, -27.426842
45, 7, -17.226193
45, 8, -19.922387
45, 9, 12.771014
45, 10, 23.407779
45, 11, -32.833935
45, 12, -8.609679
45, 13, 22.790002
45, 14, -2.209379
45, 15, 14.907273
45, 16, -42.207302
45, 17, -14.750151
45, 18, 29.634335
45, 21, 27.530149
45, 22, -2.768393
45, 23, -3.532694
45, 24, -2.897524
45, 25, -24.617524
45, 26, 51.839960
45, 27, 12.506713
45, 28, -25.884351
45, 29, 0.632658
45, 30, 18.577477
45, 31, -57.963745
45, 32, 9.211452
45, 33, -47.190139
45, 35, 33.039491
45, 36, -37.385160
45, 37, 14.617740
45, 38, 26.789016
45, 40, -17.501018
45, 41, -2.491278
45, 42, 37.209340
45, 43, -23.019279
45, 44, 35.199559
45, 46, -19.228200
45, 47, -22.038483
45, 48, 60.448762
45, 49, 7.124960
45, 50, -0.070667
46, 1, 21.938765
46, 2, -15.527813
46, 4, -3.874044
46, 5, 33.548437
46, 6, 6.870071
46, 7, -35.285755
46, 8, -26.870255
46, 9, 3.504741
46, 10, -3.021166
46, 11, 1.375169
46, 13, 41.894104
46, 14, -30.709508
46, 15, 99999.000000
46, 16, -39.792698
46, 17, -19.944808
46, 18, 99999.000000
46, 19, 0.761341
46, 20, 64.517241
46, 21, -0.963103
46, 22, -16.588938
46, 23, 27.383817
46, 25, -47.558165
46, 26, 60.106316
46, 27, 12.522574
46, 28, -7.705620
46, 30, 15.743234
46, 31, -48.284361
46, 32, 21.110839
46, 33, 32.582878
46, 34, -45.786771
46, 35, 5.562026
46, 36, -32.693619
46, 37, -2.199354
46, 38, 18.243599
46, 40, -27.452063
46, 41, -16.672700
46, 42, 35.811718
46, 43, -37.334581
46, 44, 7.609344
46, 45, -73.000000
46, 46, -38.499326
46, 47, 17.905686
46, 48, 57.551238
46, 50, 89.000000
47, 1, -23.318528
47, 2, -36.098007
47, 3, 13.228337
47, 4, 18.581308
47, 6, -24.955422
47, 7, 12.868320
47, 8, -24.079476
47, 9, 5.056765
47, 10, 34.056615
47, 11, -21.032481
47, 12, 52.000000
47, 13, 29.220237
47, 14, 10.554522
47, 15, 28.816104
47, 17, -34.246224
47, 18, -54.000000
47, 19, 10.238659
47, 20, 53.544197
47, 21, 4.658219
47, 22, -5.143825
47, 23, 16.739444
47, 24, -33.000000
47, 25, -7.935248
47, 27, 38.865141
47, 28, -22.003733
47, 29, 99999.000000
47, 31, -57.832424
47, 32, 1.054136
47, 33, 99999.000000
47, 34, -26.117628
47, 37, 6.458449
47, 38, 17.872776
47, 39, 6.908464
47, 40, -32.430890
47, 41, 1.060639
47, 42, 48.654725
47, 43, 8.978524
47, 44, 25.603765
47, 46, -19.725150
47, 47, -4.615688
47, 49, 33.585807
48, 1, 5.844037
48, 3, 14.874767
48, 4, 24.555040
48, 5, -30.125287
48, 6, -16.024950
48, 7, -15.932896
48, 8, -31.132065
48, 9, 7.112780
48, 10, 9.585677
48, 11, 13.235945
48, 12, 76.388397
48, 13, 28.753117
48, 14, 99999.000000
48, 15, -47.000000
48, 16, -52.683859
48, 17, -34.952677
48, 20, 66.010233
48, 21, -29.431662
48, 22, -10.824279
48, 23, 38.079062
48, 25, -23.741396
48, 26, -92.000000
48, 27, 42.780685
48, 30, -63.466135
48, 32, 14.105836
48, 33, 16.691702
48, 34, -47.846230
48, 35, -18.152088
48, 36, -7.284985
48, 37, -4.000794
48, 38, 18.272936
48, 39, -17.571242
48, 41, -10.841606
48, 42, 50.347006
48, 43, -12.752039
48, 44, 7.235357
48, 45, 40.156823
48, 46, -39.270182
48, 47, 30.621875
48, 48, -32.485900
48, 49, 18.332631
48, 50, 34.024467
49, 1, -35.704474
49, 2, 99999.000000
49, 3, 7.234936
49, 4, 40.560140
49, 5, -8.894126
49, 6, -26.588524
49, 7, 32.005766
49, 8, -18.100889
49, 9, 5.555761
49, 10, 40.604079
49, 11, -9.224462
49, 12, 99999.000000
49, 13, 34.173084
49, 14, -50.750587
49, 16, -41.389777
49, 17, -43.477234
49, 18, -39.561540
49, 19, -30.322881
49, 21, -10.835301
49, 22, -9.713945
49, 24, -76.000000
49, 25, 10.467630
49, 27, 57.654077
49, 28, -22.225556
49, 29, 22.068317
49, 30, -47.930246
49, 31, 41.693024
49, 32, -18.909320
49, 33, -5.104826
49, 34, -29.787557
49, 35, -10.847912
49, 36, 5.799520
49, 37, 1.836956
49, 38, 15.162246
49, 39, -7.569957
49, 40, 22.047262
49, 41, 15.316221
49, 42, 52.958412
49, 43, 34.776182
49, 45, 25.044818
49, 48, -14.048546
49, 49, 31.591699
49, 50, 25.389777
50, 1, -2.494068
50, 2, 40.000000
50, 3, 8.710174
50, 4, 41.683038
50, 5, -26.532775
50, 6, -33.071905
50, 8, -23.308973
50, 10, 17.231431
50, 12, 83.000000
50, 13, 24.670470
50, 14, -20.000000
50, 15, 61.000000
50, 16, -51.190867
50, 17, -39.893929
50, 18, -32.438460
50, 19, -32.677119
50, 20, 4.000000
50, 22, -7.522301
50, 23, 75.000000
50, 25, -5.892997
50, 26, 68.000000
50, 27, 55.794682
50, 28, -13.774444
50, 29, 25.931683
50, 30, -61.693207
50, 31, 47.306976
50, 32, 2.806924
50, 33, 20.190902
50, 34, -53.002610
50, 36, -14.516665
50, 37, 0.635681
50, 39, -31.205119
50, 40, 22.952738
50, 41, 1.385300
50, 42, 56.118056
50, 43, 3.505771
50, 44, -53.000000
50, 45, 35.911127
50, 46, -72.000000
50, 47, -8.000000
50, 48, -36.824908
50, 49, 16.144505
50, 50, 37.850259
