1, 1, 33.000000
1, 3, -28.538323
1, 4, 9.133648
1, 6, 10.812919
1, 7, 5.794294
1, 8, 33.830928
1, 9, -23.401651
1, 10, -19.000000
1, 11, 11.793277
1, 12, 99999.000000
1, 13, -86.000000
1, 14, -58.648797
1, 15, -38.000000
1, 16, 29.407380
1, 18, -85.000000
1, 19, -33.791774
1, 20, -10.074234
1, 21, -10.901321
1, 22, -16.705269
1, 23, 25.111239
1, 24, 2.746218
1, 25, -47.357982
1, 26, 99999.000000
1, 27, 62.000000
1, 28, 3.329884
1, 29, -41.000000
1, 30, -35.087831
1, 32, -16.842158
1, 33, -47.082672
1, 34, -12.150013
1, 35, -0.801883
1, 37, -82.000000
1, 38, -87.000000
1, 39, 82.000000
1, 40, 3.400478
1, 41, 13.952871
1, 42, -29.512848
1, 43, -38.269766
1, 45, -2.535062
1, 46, -81.000000
1, 47, -24.158562
1, 49, 45.000000
1, 50, 24.261842
2, 2, 7.980630
2, 3, -17.614847
2, 4, 24.268824
2, 5, -31.082271
2, 6, 3.620379
2, 7, 15.629751
2, 8, 35.169072
2, 9, -12.393319
2, 11, 14.392711
2, 14, -57.351203
2, 16, 0.202749
2, 17, -43.621136
2, 18, -91.243299
2, 19, -49.511859
2, 20, -36.178464
2, 21, -16.704906
2, 22, -3.187352
2, 23, 1.896593
2, 24, 19.306230
2, 25, -20.200324
2, 26, -31.857444
2, 28, 11.623093
2, 30, -34.090485
2, 31, 7.211513
2, 32, -15.030852
2, 33, -51.621731
2, 34, -20.158497
2, 35, -17.905038
2, 36, -70.723024
2, 40, -12.872595
2, 41, 21.443489
2, 42, -11.689508
2, 43, -24.066298
2, 44, -30.354861
2, 45, 24.416354
2, 47, -8.319200
2, 48, -7.582062
2, 50, 14.610718
3, 1, -21.629607
3, 2, 52.493607
3, 3, -29.591436
3, 4, 6.445903
3, 5, -51.918956
3, 6, 6.180480
3, 7, 5.811708
3, 9, -23.569263
3, 11, 8.794317
3, 12, 30.119830
3, 13, 99999.000000
3, 15, -25.229553
3, 16, 29.570638
3, 17, 2.321631
3, 18, 99999.000000
3, 19, -36.103107
3, 20, -9.586201
3, 21, -15.360263
3, 22, -17.031786
3, 23, 17.174131
3, 24, 3.042578
3, 25, -39.837383
3, 26, -34.674408
3, 27, 0.943816
3, 28, 3.414778
3, 29, 60.523512
3, 30, -35.029057
3, 31, 8.739263
3, 32, -13.979588
3, 33, -44.207914
3, 34, -9.912586
3, 35, 2.453205
3, 36, -70.276976
3, 37, -79.000000
3, 38, 43.426116
3, 39, -7.994990
3, 40, 2.607801
3, 41, 13.915866
3, 42, -29.464959
3, 43, -39.244838
3, 44, 19.948998
3, 45, -1.511717
3, 47, -18.988080
3, 48, -12.077623
3, 49, -47.100141
3, 50, 24.530548
4, 1, -22.887532
4, 2, 5.349765
4, 3, -19.223294
4, 4, 20.554029
4, 5, -32.546960
4, 6, -3.920368
4, 8, -57.753898
4, 9, -12.275974
4, 10, -95.000000
4, 11, 8.108051
4, 12, 34.430173
4, 14, 21.614832
4, 15, -26.770447
4, 16, 99999.000000
4, 17, -43.736505
4, 18, 97.000000
4, 19, -40.923436
4, 20, -35.742118
4, 21, -21.769629
4, 22, -3.767422
4, 23, -1.146622
4, 24, 21.185054
4, 25, -15.644059
4, 26, -30.115088
4, 27, -13.589871
4, 29, 46.292626
4, 30, -33.846382
4, 31, 6.945247
4, 32, -11.558331
4, 33, -45.763052
4, 34, -22.486635
4, 35, -13.356949
4, 38, 39.573884
4, 39, 6.048506
4, 40, -19.008652
4, 43, -27.000688
4, 44, -35.375130
4, 45, 25.806897
4, 46, 99999.000000
4, 47, -0.945336
4, 48, -7.673486
4, 49, -36.277980
4, 50, 14.712210
5, 1, -18.089770
5, 2, 52.525728
5, 3, -31.455818
5, 4, 3.660439
5, 5, -53.834296
5, 6, -1.674520
5, 7, 6.152697
5, 8, -22.767332
5, 9, -23.947722
5, 11, -0.286616
5, 12, 30.026228
5, 13, -5.131400
5, 14, 21.280550
5, 16, -27.114318
5, 17, 2.854628
5, 18, 99999.000000
5, 19, -42.705737
5, 21, -25.136530
5, 22, 99999.000000
5, 23, -0.717506
5, 24, 4.048081
5, 25, -23.537603
5, 26, -38.512134
5, 27, 3.173064
5, 28, -64.000000
5, 29, 60.614937
5, 30, 99999.000000
5, 31, 9.651295
5, 32, -5.938965
5, 33, -33.762085
5, 34, -3.173391
5, 35, 7.616753
5, 36, 23.945447
5, 39, -11.950598
5, 40, 1.447903
5, 41, 28.678033
5, 43, -41.415520
5, 44, 9.639036
5, 45, -0.540564
5, 46, -92.000000
5, 47, -7.845420
5, 49, -47.223894
5, 50, 24.681574
6, 1, -18.159936
6, 2, 2.647720
6, 3, -20.722171
6, 5, -34.044097
6, 6, -8.275909
6, 7, 22.008933
6, 8, -53.368749
6, 9, 99999.000000
6, 10, -14.213842
6, 11, -2.823819
6, 13, 14.664513
6, 14, 22.600444
6, 15, 99999.000000
6, 16, -23.859030
6, 17, 99999.000000
6, 18, 28.750515
6, 19, -29.775477
6, 20, -3.488032
6, 21, -27.033509
6, 22, 55.669447
6, 23, -3.901055
6, 24, 22.621652
6, 25, -14.248537
6, 26, -25.395566
6, 27, -6.790207
6, 28, 99999.000000
6, 30, -23.000000
6, 31, 6.898976
6, 32, -6.234618
6, 33, -33.309973
6, 34, -24.453648
6, 35, -10.001535
6, 36, 5.001564
6, 38, -30.502447
6, 39, 0.983043
6, 40, -24.691342
6, 41, 17.808261
6, 42, -64.354056
6, 43, -28.998377
6, 44, -46.045514
6, 47, 7.752429
6, 49, -36.465979
7, 1, -12.207203
7, 2, 99999.000000
7, 3, -32.235023
7, 4, -18.925087
7, 6, -2.632008
7, 7, 5.789174
7, 8, -17.153115
7, 9, 9.158206
7, 10, 6.553422
7, 11, -11.967585
7, 12, 28.553773
7, 13, -3.659197
7, 14, 19.781481
7, 15, 43.000000
7, 16, -23.587994
7, 17, -66.000000
7, 18, -29.000000
7, 19, -50.684325
7, 20, -26.159662
7, 21, -35.815195
7, 22, -0.021843
7, 23, -18.059396
7, 25, -11.053777
7, 26, -44.217897
7, 27, 7.456574
7, 28, -52.000000
7, 29, -14.103938
7, 31, 10.490829
7, 32, 3.680919
7, 33, -14.731242
7, 34, 7.297895
7, 35, 8.650458
7, 36, 18.299692
7, 38, -19.227560
7, 39, -19.238240
7, 40, 0.944239
7, 41, 23.581926
7, 42, -38.656217
7, 43, -42.529847
7, 44, -4.176608
7, 46, -0.842385
7, 47, 2.102680
7, 50, 1.244495
8, 1, -15.004982
8, 4, -24.074913
8, 5, 1.906212
8, 6, -1.463800
8, 8, -40.713282
8, 9, -37.008994
8, 10, -16.193589
8, 11, -12.165119
8, 12, 4.073073
8, 13, 13.822386
8, 14, 22.710347
8, 16, -22.661266
8, 19, -21.955368
8, 20, -2.596609
8, 21, -30.442807
8, 22, 52.303700
8, 23, -5.677608
8, 24, -2.000000
8, 25, -20.691465
8, 26, -18.998427
8, 27, 3.812635
8, 29, -30.050213
8, 30, -25.032886
8, 32, -1.737062
8, 33, -16.069199
8, 34, -23.578617
8, 35, -10.721500
8, 36, -5.394578
8, 37, -56.502420
8, 38, -28.644372
8, 39, -3.901374
8, 41, 1.400255
8, 42, -64.317051
8, 43, 99999.000000
8, 44, -54.415000
8, 45, 9.409131
8, 46, -1.372116
8, 47, 13.789498
8, 48, 1.382251
8, 49, 14.000000
8, 50, 24.529520
9, 3, -20.132217
9, 5, 5.907017
9, 6, 5.612816
9, 8, -7.603366
9, 9, 12.006932
9, 10, 1.389694
9, 11, -17.773868
9, 12, 28.540712
9, 13, 0.653749
9, 14, 13.271366
9, 15, 23.000000
9, 16, -15.662261
9, 17, 60.000000
9, 18, -12.000000
9, 19, -55.918512
9, 20, -21.992620
9, 21, -45.131626
9, 22, 1.279522
9, 23, -27.590466
9, 25, -11.391175
9, 26, -43.386148
9, 27, 11.589058
9, 29, -14.425274
9, 30, -9.943155
9, 31, -68.000000
9, 32, 9.335485
9, 33, 7.812879
9, 34, 17.778136
9, 35, 5.815040
9, 36, 6.718409
9, 37, -15.919660
9, 38, -18.437460
9, 39, -22.764933
9, 40, -5.942394
9, 41, 13.523718
9, 43, -3.466666
9, 44, -10.876510
9, 45, 1.162278
9, 46, -3.202567
9, 47, 8.015031
9, 48, -13.014302
9, 50, 0.576301
10, 1, -3.735534
10, 2, -37.372931
10, 3, -21.723983
10, 4, -25.335981
10, 5, 2.434933
10, 6, 12.042353
10, 7, 3.063272
10, 8, -21.754399
10, 9, -29.711626
10, 10, -19.560456
10, 13, 13.512393
10, 14, 17.819657
10, 16, -19.729575
10, 18, 99999.000000
10, 19, -19.448754
10, 20, -2.566801
10, 21, -33.227743
10, 22, 44.463367
10, 23, -7.100095
10, 24, -9.566063
10, 25, -31.180171
10, 26, -11.862952
10, 27, 15.981660
10, 29, -30.433381
10, 30, -24.611491
10, 32, 0.364079
10, 33, 0.089253
10, 34, -21.126334
10, 35, -12.745435
10, 36, -15.960244
10, 37, -56.522549
10, 38, -21.590562
10, 40, 13.339619
10, 41, -19.292315
10, 42, -54.751742
10, 43, 47.000000
10, 45, 12.028134
10, 46, -5.997891
10, 47, 17.379131
10, 48, -2.376418
10, 49, -3.243212
10, 50, 23.744858
11, 1, 30.641897
11, 2, -47.049595
11, 3, -21.092185
11, 4, 12.103513
11, 5, 6.430425
11, 6, 14.725978
11, 7, -20.790329
11, 8, 3.738662
11, 9, 19.626562
11, 10, -3.591088
11, 11, -27.066939
11, 12, -16.000000
11, 13, 4.928220
11, 14, -0.500958
11, 15, 0.000000
11, 16, -7.798027
11, 17, -5.486086
11, 20, -17.151506
11, 21, -51.734807
11, 22, 4.715828
11, 23, -27.228059
11, 24, -16.118661
11, 25, -23.161889
11, 26, -33.041941
11, 27, 16.423151
11, 28, 9.601375
11, 30, -9.590837
11, 32, 7.540290
11, 33, 23.622894
11, 34, 22.398919
11, 35, 4.044505
11, 36, 0.626508
11, 37, -17.365099
11, 38, -16.061249
11, 39, -2.560866
11, 40, 2.611023
11, 41, 6.561498
11, 42, -51.929035
11, 44, 16.934642
11, 45, 4.368518
11, 46, -10.220353
11, 47, 10.829981
11, 48, -22.604525
11, 49, 17.354492
11, 50, 0.071033
12, 1, -3.293301
12, 2, -39.793260
12, 3, -26.802810
12, 4, -18.841691
12, 6, 19.823451
12, 7, -1.136283
12, 8, -3.043206
12, 9, -13.682186
12, 10, -21.048288
12, 11, -24.822941
12, 13, 13.661839
12, 14, 6.457431
12, 15, 11.446048
12, 16, -17.925693
12, 17, -10.388401
12, 18, -0.677791
12, 19, 4.284354
12, 20, -4.713050
12, 21, -36.073636
12, 22, 35.095567
12, 23, -6.604379
12, 24, -9.078839
12, 25, -37.670109
12, 26, -4.604024
12, 27, 28.088697
12, 28, 9.398625
12, 29, 80.000000
12, 31, 20.101718
12, 32, 0.021608
12, 33, 7.106885
12, 37, -56.883685
12, 38, -7.511602
12, 39, -4.262674
12, 40, 29.242587
12, 41, -32.865096
12, 42, -54.854050
12, 43, -6.447568
12, 44, 1.561585
12, 45, 14.457635
12, 46, -15.300293
12, 47, 18.878958
12, 48, -10.050764
12, 49, -2.487494
13, 1, 28.698175
13, 2, -51.128147
13, 3, -23.411009
13, 4, 15.820747
13, 5, 55.892372
13, 6, 15.451061
13, 7, -22.259425
13, 8, 12.252656
13, 9, 27.738043
13, 11, -25.704644
13, 12, 99999.000000
13, 14, -19.795659
13, 15, 99999.000000
13, 16, -4.412770
13, 17, -5.031637
13, 18, -2.249346
13, 19, -9.659115
13, 20, -13.174578
13, 21, -54.171129
13, 22, 7.467528
13, 23, -18.881623
13, 24, -15.198731
13, 25, -36.419948
13, 26, -16.789228
13, 27, 22.721748
13, 30, -28.006415
13, 31, 16.898282
13, 32, -0.867988
13, 34, -6.325085
13, 35, -8.724013
13, 36, -44.243299
13, 37, -20.246925
13, 38, -11.018113
13, 39, -3.631556
13, 40, 20.848085
13, 41, 4.786425
13, 43, -14.404356
13, 44, 16.199868
13, 46, -18.560017
13, 48, -32.296594
13, 49, 18.061422
13, 50, 18.950873
14, 1, 0.038518
14, 2, -45.523994
14, 3, -33.174602
14, 4, -4.098234
14, 5, 31.270316
14, 6, 15.093885
14, 7, -11.665909
14, 8, 5.210740
14, 9, -0.949173
14, 10, 41.879264
14, 11, -24.698530
14, 12, 22.512891
14, 13, -18.240782
14, 14, -9.838013
14, 16, 99999.000000
14, 17, -9.899172
14, 18, -0.749048
14, 19, 4.895520
14, 20, -5.928623
14, 21, -37.511295
14, 22, 24.197354
14, 23, -2.716432
14, 24, -8.781040
14, 25, -36.012649
14, 26, 1.394358
14, 27, 37.075606
14, 28, -24.155190
14, 30, -59.239763
14, 32, -2.276084
14, 33, -41.961274
14, 34, 0.325085
14, 35, -10.392398
14, 36, -43.756701
14, 37, -57.311087
14, 38, 11.008192
14, 39, -5.222851
14, 40, 48.004405
14, 41, -37.406197
14, 42, 99999.000000
14, 43, -11.576600
14, 44, 0.768361
14, 46, -25.152470
14, 47, 0.840787
14, 48, -14.165946
14, 50, 13.681574
15, 1, 26.287109
15, 2, -55.130454
15, 3, -25.459634
15, 4, 20.245812
15, 5, 55.234169
15, 6, 7.353946
15, 7, -22.900640
15, 9, 31.186945
15, 10, 1.353139
15, 11, -23.246659
15, 12, -12.554357
15, 13, 7.041088
15, 14, -39.423795
15, 15, 99999.000000
15, 16, -1.502158
15, 18, -2.265534
15, 19, -9.062924
15, 20, -8.683590
15, 21, 99999.000000
15, 22, 5.222173
15, 23, -8.359274
15, 24, -14.716760
15, 25, -41.153795
15, 26, -0.787867
15, 27, 28.332241
15, 28, -31.368818
15, 29, 38.487783
15, 30, -27.489716
15, 31, -84.000000
15, 32, -11.731443
15, 33, -49.967464
15, 35, 0.430841
15, 37, -21.937483
15, 38, -3.784185
15, 39, -4.595010
15, 40, 35.055509
15, 41, 5.113693
15, 42, 40.000000
15, 43, -21.595868
15, 45, -6.732184
15, 46, -23.532092
15, 47, -20.314536
15, 49, 18.855434
15, 50, 13.681150
16, 1, 9.600148
16, 2, -51.181221
16, 3, -36.013336
16, 4, 10.346983
16, 5, 29.425114
16, 6, 2.738582
16, 7, -22.639534
16, 8, -14.914219
16, 10, 40.538215
16, 11, -24.726635
16, 12, 21.910002
16, 13, -16.904883
16, 14, -26.920864
16, 15, -40.326894
16, 16, 5.406116
16, 17, 55.223367
16, 20, -2.378100
16, 21, 11.397720
16, 22, 11.406087
16, 23, 1.659444
16, 24, -8.902105
16, 25, -28.735697
16, 26, 4.839637
16, 27, 40.050383
16, 28, -24.082424
16, 29, 23.910044
16, 30, -59.327677
16, 32, -5.417597
16, 33, -42.215634
16, 34, 2.000000
16, 35, 5.296567
16, 36, 66.000000
16, 38, 27.242590
16, 40, 56.143318
16, 41, -37.847290
16, 43, -19.730709
16, 44, 22.238568
16, 45, -27.366185
16, 46, -29.835403
16, 47, 0.403133
16, 48, -17.505767
16, 49, -8.681076
16, 50, 7.202325
17, 1, 26.250882
17, 2, -56.254742
17, 4, 23.633621
17, 5, 50.932931
17, 6, -3.778634
17, 7, -21.573832
17, 8, -22.295410
17, 9, -26.932741
17, 10, -0.978301
17, 11, -22.059360
17, 12, -12.292877
17, 13, 6.402499
17, 14, -53.628903
17, 15, -27.664284
17, 16, -4.954129
17, 17, 51.776633
17, 18, 22.880672
17, 19, 86.000000
17, 20, -2.170320
17, 21, -3.807624
17, 22, -1.627005
17, 23, -3.490986
17, 25, -34.398143
17, 26, 10.326795
17, 27, 30.786052
17, 28, -31.428893
17, 29, 36.071605
17, 30, -27.034012
17, 31, 99999.000000
17, 32, -19.478050
17, 33, -50.183662
17, 35, 18.539826
17, 38, 2.822850
17, 39, 5.700949
17, 42, -9.937905
17, 43, -26.061935
17, 44, 37.771681
17, 45, -6.506031
17, 46, -23.248692
17, 47, -21.258891
17, 48, 4.958734
17, 49, 17.009146
17, 50, 1.172322
18, 1, 22.408887
18, 2, -54.173038
18, 3, -73.000000
18, 4, 19.857322
18, 5, 22.765604
18, 6, -8.778626
18, 7, -28.843081
18, 8, -16.727398
18, 9, -24.756089
18, 10, 37.602786
18, 12, 21.253086
18, 13, -15.075235
18, 14, -38.306862
18, 15, -37.440057
18, 16, 5.892742
18, 18, -3.536691
18, 20, 6.185735
18, 21, 10.000850
18, 22, 1.315189
18, 24, -31.567011
18, 25, -20.500351
18, 26, 6.169883
18, 27, 38.232333
18, 29, 23.255821
18, 30, 99999.000000
18, 32, -7.105571
18, 34, 23.000000
18, 35, 21.049712
18, 36, 21.804124
18, 37, 73.000000
18, 38, 35.834968
18, 39, 31.434512
18, 40, 15.064510
18, 41, 31.566106
18, 42, 6.979271
18, 44, 22.155850
18, 45, -27.088550
18, 46, -26.868354
18, 47, -0.201713
18, 48, -16.879040
18, 49, -12.186960
18, 50, -2.343509
19, 1, 28.092218
19, 2, -55.938220
19, 4, 25.947209
19, 5, 37.890011
19, 6, -14.684006
19, 7, -20.420423
19, 8, -26.219303
19, 9, -26.658466
19, 10, -3.161584
19, 11, -21.682684
19, 13, 5.712559
19, 14, -58.730130
19, 15, -30.923802
19, 16, -14.321581
19, 17, -49.275815
19, 18, 20.915636
19, 19, 10.525765
19, 20, 5.669813
19, 21, -4.686413
19, 22, -5.775946
19, 23, 9.477848
19, 24, -36.432989
19, 25, -20.635326
19, 26, 14.378447
19, 27, 30.770121
19, 28, -22.292002
19, 29, 32.488693
19, 30, -56.668729
19, 31, -90.000000
19, 33, 24.352893
19, 35, 27.726398
19, 36, 21.195876
19, 38, 5.429160
19, 39, 3.247661
19, 40, -8.696174
19, 41, 30.956064
19, 42, -10.555170
19, 45, -6.125301
19, 46, -18.126984
19, 48, 5.611063
19, 49, 12.741048
19, 50, -12.511947
20, 1, 28.740879
20, 3, 62.000000
20, 4, 26.753337
20, 5, 8.312041
20, 6, -16.719389
20, 8, -19.821875
20, 10, 35.940644
20, 11, -6.780108
20, 15, -31.882153
20, 16, 4.887020
20, 17, -51.366372
20, 18, -7.050148
20, 19, -7.003690
20, 20, 16.731967
20, 21, 9.120781
20, 23, -17.952930
20, 25, -13.741169
20, 27, 36.596610
20, 28, 6.000356
20, 29, 23.043065
20, 30, -78.000000
20, 33, 1.836390
20, 34, 11.369467
20, 37, -35.938832
20, 39, 25.617161
20, 40, 14.146620
20, 41, 31.336325
20, 42, 1.580750
20, 43, 63.000000
20, 44, -8.074907
20, 46, -17.555978
20, 47, 31.286113
20, 49, -16.556013
20, 50, -10.899402
21, 2, 66.000000
21, 4, 28.187621
21, 5, 15.184312
21, 6, -25.333481
21, 7, -8.502502
21, 8, -28.823615
21, 11, -22.603789
21, 12, -35.844921
21, 13, -59.662543
21, 14, -1.826146
21, 15, -35.682303
21, 16, -26.724337
21, 17, -43.603256
21, 18, 17.528497
21, 19, 16.592305
21, 20, 12.663569
21, 21, -4.115182
21, 23, 9.602798
21, 25, -7.665461
21, 28, -26.725315
21, 31, -5.009202
21, 32, -13.000000
21, 33, 25.853933
21, 34, 18.823592
21, 35, 24.014944
21, 36, -37.898204
21, 37, -39.061168
21, 38, 7.886738
21, 39, -1.493117
21, 40, -7.463320
21, 41, 30.826277
21, 42, -13.080979
21, 43, 75.486598
21, 44, -6.703584
21, 45, 0.459117
21, 46, -8.633929
21, 47, 23.219404
21, 48, -41.486294
21, 49, 8.166998
21, 50, -21.380115
22, 1, -96.000000
22, 2, 99999.000000
22, 3, 19.317167
22, 4, 35.421648
22, 5, -11.057411
22, 6, -22.333075
22, 7, -16.044799
22, 10, -12.613592
22, 11, -5.835454
22, 12, -30.353599
22, 13, -56.337457
22, 14, 19.256063
22, 15, -29.137328
22, 16, 0.015212
22, 17, -39.619493
22, 18, -10.010331
22, 19, 2.403369
22, 20, 25.542512
22, 21, 11.246662
22, 22, 80.601375
22, 23, -18.040078
22, 24, -72.060604
22, 25, -9.601380
22, 26, 43.774923
22, 28, -2.893190
22, 31, -2.174421
22, 33, 3.664191
22, 34, 8.775500
22, 35, -9.311647
22, 36, -27.855678
22, 38, 2.453767
22, 39, 19.578466
22, 40, 11.498665
22, 42, -8.142682
22, 43, 99999.000000
22, 44, -11.107178
22, 45, 6.687838
22, 46, -5.484158
22, 47, 28.219704
22, 48, -18.432281
22, 49, -19.707647
22, 50, -14.471292
23, 3, 19.579439
23, 4, 31.369048
23, 5, -8.530825
23, 6, -33.139422
23, 7, -7.182123
23, 8, 8.589182
23, 9, 3.713108
23, 10, 2.286520
23, 11, -23.810196
23, 12, -32.170265
23, 14, -1.490862
23, 16, -37.709049
23, 17, -29.496007
23, 18, 15.920875
23, 19, 26.131295
23, 20, 17.207335
23, 21, 0.609295
23, 22, 80.398625
23, 23, 9.640229
23, 24, -32.557836
23, 25, -2.349975
23, 26, 50.026633
23, 28, -35.450651
23, 30, 25.110889
23, 31, -8.382106
23, 32, 91.000000
23, 33, 29.125681
23, 34, 18.222586
23, 35, 25.768158
23, 36, -33.480011
23, 37, 76.000000
23, 38, 7.946890
23, 39, -6.766685
23, 40, -5.957491
23, 41, 17.454074
23, 42, -16.428139
23, 43, -30.495414
23, 44, -9.476300
23, 45, -0.002332
23, 46, 2.233050
23, 47, 21.345912
23, 48, -41.360041
23, 49, 5.193168
24, 1, 10.522519
24, 2, -73.000000
24, 3, 20.055200
24, 4, 45.754085
24, 5, -25.594827
24, 6, -24.838056
24, 7, -14.115965
24, 8, 9.918267
24, 9, -9.666416
24, 10, -10.960906
24, 11, -4.229501
24, 12, -27.707400
24, 13, 33.000000
24, 14, 19.661390
24, 15, 16.583799
24, 16, -5.600517
24, 17, -20.012113
24, 19, 8.307590
24, 20, 29.596641
24, 21, 12.954441
24, 24, -72.342404
24, 26, 43.670437
24, 27, -7.718912
24, 28, -13.997216
24, 29, -63.199905
24, 30, 5.897922
24, 31, -12.653296
24, 33, 7.261267
24, 34, 6.132443
24, 35, -0.428301
24, 36, -24.484155
24, 37, 99999.000000
24, 38, 2.687113
24, 39, 15.257956
24, 40, 9.050955
24, 41, 40.775192
24, 42, -18.536113
24, 43, 41.773248
24, 44, -15.716032
24, 45, 6.270831
24, 46, 3.520972
24, 47, 21.624598
24, 49, -20.798012
24, 50, -62.000000
25, 1, 15.208904
25, 3, 19.944627
25, 4, 34.915473
25, 5, -19.014053
25, 7, -6.041625
25, 8, 8.869573
25, 9, -0.620460
25, 10, 7.540003
25, 11, -24.119588
25, 12, -24.528945
25, 15, -18.677383
25, 16, -42.326853
25, 17, -13.017804
25, 18, 14.000000
25, 20, 18.982197
25, 21, 6.923851
25, 22, -0.894582
25, 24, -35.579932
25, 25, 25.000000
25, 27, -19.000171
25, 28, -42.020267
25, 29, -32.725582
25, 30, 22.710241
25, 31, -16.037420
25, 33, 31.833409
25, 34, 99999.000000
25, 35, 28.236256
25, 36, -23.422036
25, 38, 8.094344
25, 39, -15.239094
25, 40, -5.199178
25, 41, 18.145114
25, 42, -17.584623
25, 43, -26.749314
25, 44, -9.887110
25, 46, 7.416487
25, 47, 18.564731
25, 48, 9.189173
26, 1, 10.423295
26, 2, -51.851546
26, 3, 22.238504
26, 4, 53.022873
26, 6, 1.558683
26, 8, 10.142623
26, 9, -16.047723
26, 10, -8.435801
26, 11, -3.349702
26, 12, -24.937231
26, 13, 53.621306
26, 14, -56.831526
26, 15, 16.387670
26, 17, -0.582903
26, 19, -28.612351
26, 20, 27.747930
26, 21, 10.758776
26, 22, 12.125566
26, 23, -11.364730
26, 24, -73.170808
26, 26, -15.557716
26, 27, -4.805701
26, 28, -21.448986
26, 29, -63.903149
26, 30, 4.852255
26, 31, -27.771169
26, 32, -44.000000
26, 33, 11.286888
26, 34, 34.878707
26, 35, 11.863509
26, 36, -17.173157
26, 39, 8.170694
26, 41, 41.440630
26, 42, -26.328693
26, 43, 42.561996
26, 44, -16.856101
26, 47, 15.376598
26, 48, -17.674388
26, 49, 38.000000
26, 50, -22.621245
27, 1, 15.130934
27, 2, -50.148454
27, 3, 20.943789
27, 4, 36.575465
27, 5, 15.172019
27, 6, 26.955192
27, 7, 20.951350
27, 9, -10.369897
27, 10, 10.741445
27, 12, -18.736006
27, 13, 56.378694
27, 14, -31.303668
27, 15, -18.881725
27, 16, -9.822810
27, 17, -1.504872
27, 18, -7.464087
27, 19, -26.958689
27, 20, 19.109309
27, 21, 11.086954
27, 22, -2.239272
27, 23, -9.626701
27, 24, -40.506704
27, 25, -56.000000
27, 26, -31.615957
27, 27, -14.860124
27, 28, -44.469240
27, 29, -33.492795
27, 30, 17.443262
27, 31, -23.390577
27, 32, -50.243299
27, 33, 33.206665
27, 34, 1.235727
27, 35, 28.267814
27, 36, -13.368706
27, 37, 6.837114
27, 38, -14.408075
27, 39, -29.037078
27, 40, -4.137030
27, 42, -14.799110
27, 43, -16.388489
27, 44, -6.992601
27, 45, -37.275016
27, 46, 7.687642
27, 47, 16.085453
27, 48, 9.323759
27, 50, -39.088548
28, 3, 23.724335
28, 5, -21.412253
28, 6, -2.520853
28, 7, 13.556511
28, 8, -19.925087
28, 9, -26.591001
28, 12, -23.786226
28, 14, -56.949072
28, 16, -9.873003
28, 17, 7.973412
28, 18, 8.361482
28, 19, -25.349295
28, 20, 22.623769
28, 21, 7.326956
28, 22, 2.905301
28, 23, -5.273991
28, 24, -73.993406
28, 26, -14.223935
28, 27, -0.680253
28, 28, -23.796397
28, 29, -64.626405
28, 30, 5.820484
28, 31, -38.805401
28, 32, 99999.000000
28, 33, 13.332143
28, 34, 33.869639
28, 35, 21.312217
28, 36, -6.204573
28, 37, 13.162886
28, 38, -4.709634
28, 39, -4.933895
28, 40, -12.554835
28, 41, -36.138776
28, 42, -30.097460
28, 43, 44.835686
28, 44, -15.453943
28, 45, -5.343969
28, 46, -10.015591
28, 47, 12.661771
28, 48, -18.448391
28, 49, -81.243299
28, 50, -20.002930
29, 1, -4.880347
29, 5, 18.420585
29, 6, 21.697173
29, 7, 21.179912
29, 8, -25.074913
29, 9, -20.123971
29, 10, 24.913196
29, 11, 74.166650
29, 13, 99999.000000
29, 15, 99999.000000
29, 16, -5.552789
29, 18, -7.703533
29, 19, -18.736831
29, 20, 20.240421
29, 21, 12.409348
29, 22, -7.302305
29, 23, -3.514611
29, 24, -43.161412
29, 25, 6.925973
29, 26, -32.609618
29, 27, -12.563419
29, 30, 12.387014
29, 31, -26.484246
29, 32, -1.752828
29, 34, 2.440805
29, 35, 25.503900
29, 36, -6.594613
29, 38, -17.431812
29, 39, -44.912871
29, 40, -3.738090
29, 41, -8.412307
29, 42, -9.080870
29, 43, -3.926077
29, 44, -5.087155
29, 45, -38.208367
29, 46, 7.509146
29, 48, 6.991425
29, 49, -80.756701
29, 50, -36.083906
30, 1, 9.219340
30, 2, -33.131362
30, 3, 26.621275
30, 4, -2.347259
30, 5, -19.633044
30, 6, -10.624248
30, 9, -37.182164
30, 10, 28.615499
30, 11, 61.792311
30, 12, 42.223401
30, 13, -7.710352
30, 14, -0.224683
30, 15, 12.925773
30, 16, -4.293532
30, 17, -0.910041
30, 19, -18.546572
30, 20, 19.385693
30, 22, -12.431409
30, 23, 9.604486
30, 25, 4.774158
30, 26, -12.008681
30, 28, 1.435218
30, 29, 1.866171
30, 30, 8.825592
30, 32, -8.810996
30, 33, -62.000000
30, 34, 32.435957
30, 35, 24.025983
30, 36, 4.749486
30, 37, 11.983573
30, 38, -10.392866
30, 39, -19.321593
30, 40, -12.274244
30, 41, -36.123539
30, 42, -29.176114
30, 43, 47.223351
30, 45, -6.482028
30, 47, 24.486598
30, 48, -20.220742
30, 50, -14.357210
31, 1, -10.322982
31, 2, -47.544143
31, 3, -1.006956
31, 4, 0.019592
31, 5, 23.892374
31, 6, 14.905004
31, 7, -43.612211
31, 8, 26.313014
31, 9, -26.120616
31, 10, 25.515896
31, 11, 69.132977
31, 12, 54.772499
31, 13, -0.769083
31, 14, 30.092273
31, 15, 2.000000
31, 16, 2.299397
31, 17, 1.246375
31, 18, 63.000000
31, 19, -8.106476
31, 20, 24.159621
31, 21, -14.970131
31, 22, -14.526190
31, 23, 6.028739
31, 24, -58.569062
31, 25, 8.208784
31, 26, -33.200641
31, 28, -19.804846
31, 29, 1.172071
31, 30, 9.492186
31, 31, -69.000000
31, 32, -1.707116
31, 34, 3.717976
31, 35, 21.470505
31, 36, -3.229074
31, 37, -8.282095
31, 38, -23.560833
31, 39, -56.933856
31, 42, -2.757109
31, 43, 2.118768
31, 44, -85.000000
31, 45, -39.129927
31, 46, -33.344330
31, 47, 23.513402
31, 48, -0.087854
31, 50, -33.001716
32, 1, -5.377031
32, 2, -32.581042
32, 3, 23.353925
32, 4, -0.460040
32, 5, -18.659349
32, 6, -16.256379
32, 7, -48.609776
32, 8, 6.839767
32, 9, -41.930722
32, 10, 29.211920
32, 11, 52.279243
32, 12, 41.129889
32, 13, -2.936186
32, 14, -1.112441
32, 16, 0.511808
32, 17, 2.709390
32, 19, -12.465376
32, 20, 20.168966
32, 21, -8.755548
32, 22, -24.734735
32, 23, 26.020161
32, 24, -54.635723
32, 25, 6.187746
32, 26, -11.342386
32, 28, 2.733702
32, 29, 3.182225
32, 30, 10.470025
32, 31, 99999.000000
32, 33, -49.000000
32, 35, 19.619466
32, 36, 9.635736
32, 37, 9.486234
32, 38, -16.344060
32, 39, -25.698199
32, 40, -2.197194
32, 42, -24.977371
32, 46, -35.655670
32, 48, -22.627650
32, 49, 4.783262
32, 50, -8.731383
33, 1, -19.676072
33, 2, -42.960597
33, 3, -1.102636
33, 4, 3.849662
33, 5, 26.268094
33, 6, 10.702710
33, 7, -43.409771
33, 8, 26.084566
33, 11, 55.494521
33, 12, 47.571516
33, 13, 0.843918
33, 14, 29.323937
33, 15, 55.000000
33, 16, 6.970411
33, 17, 7.612868
33, 18, -22.338144
33, 19, -1.537426
33, 20, 28.493056
33, 21, -18.458943
33, 22, -18.179914
33, 23, 14.699185
33, 24, -59.096253
33, 25, 9.651768
33, 26, -33.212099
33, 27, -31.381792
33, 28, -16.232570
33, 29, -1.156587
33, 31, -12.857732
33, 32, -9.345905
33, 34, 11.000000
33, 35, 18.501989
33, 37, -11.404243
33, 38, -26.791808
33, 39, -61.278187
33, 40, 9.269748
33, 42, 1.577616
33, 45, 34.954667
33, 47, -61.921419
33, 48, -8.926861
33, 49, 21.072144
33, 50, -31.504730
34, 1, -21.133801
34, 2, -29.777891
34, 3, 17.047245
34, 4, 6.380336
34, 5, 99999.000000
34, 6, -17.692018
34, 8, 2.663656
34, 9, -58.247610
34, 10, -17.258393
34, 11, 37.527763
34, 12, 36.955697
34, 13, 4.536537
34, 14, -2.057302
34, 16, 1.697146
34, 17, 8.504383
34, 18, -19.661856
34, 19, -9.509635
34, 20, 21.585013
34, 21, -10.035297
34, 23, 36.616933
34, 24, -55.338191
34, 26, -11.709686
34, 27, -11.516252
34, 28, 4.560798
34, 29, 5.270634
34, 30, 4.000000
34, 31, -55.000000
34, 32, 4.896548
34, 33, 22.817869
34, 35, 11.229073
34, 36, 14.357206
34, 37, 7.056435
34, 39, 99999.000000
34, 40, -3.238207
34, 41, 16.000000
34, 42, -22.354069
34, 43, -25.639533
34, 44, 32.349387
34, 45, -15.105529
34, 46, 85.000000
34, 47, -95.878351
34, 48, -24.558034
34, 49, 1.172205
34, 50, -5.138747
35, 1, -21.408651
35, 2, -32.404611
35, 3, -0.889091
35, 4, 13.204075
35, 5, 36.000000
35, 7, -24.845889
35, 8, 23.647731
35, 9, -44.234978
35, 10, 2.600202
35, 11, 39.390746
35, 12, 34.678278
35, 13, 2.566437
35, 14, 29.065087
35, 15, -90.000000
35, 17, 11.705233
35, 19, -1.892232
35, 21, -23.332058
35, 22, -29.670656
35, 23, 17.006489
35, 24, -59.581666
35, 25, -14.871478
35, 27, -29.714678
35, 28, -12.678561
35, 29, -6.729935
35, 32, -10.465355
35, 33, 20.182131
35, 34, -10.823921
35, 35, 18.811643
35, 36, 2.446914
35, 38, 2.428296
35, 39, -5.832820
35, 40, 4.892880
35, 41, 25.364948
35, 43, -11.587527
35, 44, 48.179099
35, 45, 32.071719
35, 47, -61.742922
35, 48, -13.080929
35, 49, 10.847811
35, 50, -31.126820
36, 1, -24.935867
36, 2, -23.224756
36, 3, 13.872114
36, 4, 16.479249
36, 6, -93.000000
36, 7, -41.175258
36, 8, -2.511488
36, 9, -58.219312
36, 10, -20.817675
36, 11, 25.789128
36, 12, 29.354741
36, 15, 99999.000000
36, 18, -11.602061
36, 19, -9.915551
36, 20, -23.820683
36, 21, -9.841466
36, 22, -45.168962
36, 23, 37.175257
36, 25, -16.128522
36, 26, -30.030630
36, 27, -8.971888
36, 28, 4.087446
36, 29, 5.433155
36, 30, -10.608247
36, 31, 15.497932
36, 32, 3.622566
36, 34, -10.674877
36, 35, 3.300440
36, 36, 21.067642
36, 37, 0.000000
36, 38, -11.938376
36, 39, 15.064304
36, 40, -5.824340
36, 41, 99999.000000
36, 42, 2.815011
36, 43, -25.717898
36, 44, 32.499507
36, 45, -13.710278
36, 46, -12.895519
36, 47, 99999.000000
36, 49, -6.539495
36, 50, -3.745021
37, 1, -10.947670
37, 2, -17.927101
37, 4, 25.355271
37, 5, -13.000000
37, 7, -24.584675
37, 8, 16.462579
37, 10, -7.729385
37, 11, 31.636941
37, 12, 21.456296
37, 13, 17.077506
37, 14, -51.926427
37, 15, 26.307708
37, 16, -43.000000
37, 17, -10.589281
37, 18, -5.397939
37, 19, -6.339840
37, 20, -25.857831
37, 21, -23.677494
37, 22, -26.107180
37, 23, 9.554263
37, 24, 28.922083
37, 26, -65.765251
37, 27, -27.970441
37, 28, -12.413105
37, 29, -14.185016
37, 30, -9.391753
37, 31, 12.339233
37, 32, -12.875621
37, 33, 3.120963
37, 34, -13.814116
37, 35, 22.320815
37, 36, 11.904888
37, 38, 2.080313
37, 39, -7.450963
37, 40, 0.102226
37, 41, 99999.000000
37, 42, 1.465511
37, 44, 49.262489
37, 45, 26.632706
37, 46, 48.486598
37, 47, -80.000000
37, 48, 6.242612
37, 49, -1.964579
37, 50, -30.994702
38, 1, -15.678256
38, 2, -14.507361
38, 4, 24.940521
38, 6, 3.861778
38, 7, 99999.000000
38, 8, -5.485808
38, 10, -28.131300
38, 12, 22.644131
38, 13, 12.984109
38, 14, 8.687647
38, 15, 19.065933
38, 17, -30.577515
38, 19, -12.020917
38, 20, -27.348296
38, 21, -8.357771
38, 22, -41.435492
38, 23, 28.404132
38, 24, 32.074389
38, 25, -30.865805
38, 26, -30.079108
38, 28, 1.787823
38, 29, 1.823133
38, 31, 15.669898
38, 32, 1.989685
38, 33, 8.879037
38, 34, -15.257679
38, 35, -1.691037
38, 36, 35.316281
38, 37, -12.595937
38, 38, -11.659005
38, 39, 9.598558
38, 40, -7.242832
38, 42, 0.221675
38, 43, 62.000000
38, 44, 32.812010
38, 45, -6.651130
38, 46, -13.148025
38, 48, 11.757388
38, 49, -12.570424
39, 1, 4.459182
39, 2, -6.720729
39, 3, 74.562150
39, 4, 34.744574
39, 5, 24.735907
39, 6, -1.552128
39, 7, 2.528191
39, 8, 5.431675
39, 9, 25.987488
39, 10, -18.524546
39, 12, 15.742628
39, 13, 18.652156
39, 14, -49.446633
39, 15, 24.550847
39, 16, 5.106852
39, 17, -9.165820
39, 18, 84.000000
39, 19, -9.650764
39, 20, -32.287660
39, 21, -21.298592
39, 22, -18.354883
39, 23, -4.217485
39, 24, 29.191614
39, 25, -24.506529
39, 26, -65.891019
39, 27, -10.759168
39, 28, -15.398057
39, 29, -20.898537
39, 30, 53.119732
39, 32, -13.695545
39, 34, -20.257553
39, 35, 26.539798
39, 36, 23.651002
39, 37, -4.186989
39, 38, 4.364608
39, 39, -11.323900
39, 41, -51.346830
39, 42, -0.407445
39, 44, 49.921483
39, 45, 24.502943
39, 46, 99999.000000
39, 49, -7.756795
40, 1, -4.805880
40, 2, -7.900111
40, 3, 64.427898
40, 4, 28.910287
40, 5, 18.729310
40, 6, 3.787768
40, 7, -2.712725
40, 8, -6.075937
40, 9, 10.737192
40, 10, -32.051890
40, 11, -87.000000
40, 13, 24.001206
40, 14, 1.500766
40, 15, 17.076995
40, 16, -13.174210
40, 17, -24.865448
40, 19, -13.551214
40, 20, -32.947251
40, 21, -7.604052
40, 22, -35.530108
40, 23, 16.302462
40, 24, 32.441498
40, 25, -30.798325
40, 27, -28.314660
40, 28, -0.440105
40, 29, -4.088888
40, 30, 18.964089
40, 31, -65.264876
40, 32, 2.161882
40, 33, -95.000000
40, 34, -20.319911
40, 35, -3.665086
40, 36, 46.460495
40, 37, -10.917559
40, 38, -7.216597
40, 39, -0.839120
40, 40, -17.000571
40, 41, -29.941264
40, 42, -2.972095
40, 43, -10.979382
40, 45, 6.366328
40, 46, -23.229553
40, 47, -33.345023
40, 48, -0.565303
40, 50, 25.891409
41, 1, 11.823023
41, 2, -5.540663
41, 3, 74.503377
41, 4, 38.049796
41, 5, 24.540153
41, 7, -1.771724
41, 8, -5.496802
41, 9, 24.756731
41, 11, 99999.000000
41, 12, -26.479695
41, 13, 21.225239
41, 14, -40.989016
41, 15, 21.013442
41, 16, 5.286388
41, 17, -7.467255
41, 18, 31.366946
41, 19, -10.203436
41, 20, -36.267505
41, 22, -11.027482
41, 23, -14.717566
41, 25, 99999.000000
41, 26, 85.000000
41, 27, -7.639489
41, 28, -19.522048
41, 29, -24.860970
41, 30, 48.233005
41, 31, -68.285423
41, 32, -10.400483
41, 34, -23.824234
41, 35, 29.495024
41, 36, 29.070546
41, 37, 0.913097
41, 38, 11.292037
41, 39, -14.387723
41, 40, -4.133918
41, 41, -51.059806
41, 42, 2.874940
41, 43, -14.020618
41, 44, 34.379615
41, 45, 27.932596
41, 46, -43.000000
41, 47, -6.829163
41, 48, -7.328588
41, 49, 24.822468
41, 50, 30.108591
42, 2, -6.398584
42, 5, 18.994339
42, 6, 14.034450
42, 7, -8.616458
42, 8, -7.623809
42, 9, 10.166253
42, 11, 19.459107
42, 12, 7.816780
42, 13, 36.599850
42, 14, -10.251998
42, 15, 12.609530
42, 16, -12.764349
42, 17, -18.339080
42, 18, 47.069652
42, 19, -13.845452
42, 21, 99999.000000
42, 22, -29.000955
42, 23, 9.480648
42, 24, 7.000000
42, 25, -51.406039
42, 26, 49.621306
42, 27, -21.693591
42, 28, -2.379513
42, 29, -7.233346
42, 30, 17.582877
42, 31, -62.541733
42, 32, 5.585610
42, 33, 6.891323
42, 35, -3.080025
42, 37, -7.182146
42, 38, 1.353349
42, 39, -7.670782
42, 40, -17.368665
42, 41, -29.690954
42, 42, 1.029706
42, 44, -2.059525
42, 45, 19.472091
42, 47, -33.340669
42, 48, -0.381164
42, 49, 17.365300
43, 1, 0.705264
43, 2, -13.791285
43, 3, 42.236426
43, 4, -0.064366
43, 5, 24.394291
43, 6, -25.539630
43, 7, -7.355067
43, 8, -13.469917
43, 9, 20.647990
43, 10, 23.043366
43, 11, 59.000000
43, 12, -24.132655
43, 13, 23.171233
43, 14, -26.472499
43, 15, 18.012061
43, 16, 5.603991
43, 17, -9.931846
43, 18, 30.939134
43, 20, 85.472852
43, 21, 26.555743
43, 22, -6.598465
43, 23, -14.252440
43, 25, -22.341861
43, 26, 99999.000000
43, 27, 1.698177
43, 28, -22.696972
43, 30, 37.382561
43, 31, -65.027182
43, 32, -4.437257
43, 33, -51.035730
43, 34, -55.621993
43, 35, 31.195037
43, 36, -39.941559
43, 37, 6.754948
43, 38, 18.720652
43, 39, -15.192335
43, 40, -8.281048
43, 42, 14.812726
43, 43, -19.882606
43, 44, 33.847115
43, 45, 32.673925
43, 46, -59.000000
43, 48, -7.117881
43, 49, 22.350462
43, 50, -81.000000
44, 1, 26.415964
44, 2, -9.029076
44, 3, 42.763574
44, 4, -7.212749
44, 6, 10.552329
44, 7, -19.135518
44, 8, -13.031791
44, 9, 8.673075
44, 10, -7.076830
44, 12, 11.172115
44, 13, 42.129993
44, 14, -20.748321
44, 15, 9.948012
44, 17, -16.864725
44, 18, 46.940761
44, 19, -88.000000
44, 20, 86.527148
44, 21, -0.399789
44, 22, -22.714447
44, 23, 12.522284
44, 24, 1.946391
44, 25, -48.619458
44, 26, 59.356009
44, 27, -7.362618
44, 28, -4.446701
44, 29, 5.426116
44, 30, 16.399516
44, 31, -56.899718
44, 32, 10.665580
44, 33, 10.444085
44, 34, -52.378007
44, 35, -0.901887
44, 36, -38.264538
44, 37, -3.958112
44, 38, 10.013489
44, 40, -19.692918
44, 41, -13.111748
44, 42, 14.090098
44, 43, -41.489248
44, 44, 0.868720
44, 45, 25.076965
44, 47, 14.358286
44, 49, 13.965837
44, 50, 99999.000000
45, 1, -5.148299
45, 2, -23.984992
45, 4, 5.225376
45, 5, 28.452234
45, 6, -25.966599
45, 7, -4.105046
45, 8, -18.088078
45, 9, 14.594170
45, 10, 25.904417
45, 11, -22.992465
45, 12, -21.671844
45, 13, 25.408315
45, 14, -11.419556
45, 15, 16.821482
45, 16, -41.810996
45, 17, -18.284739
45, 18, 30.716206
45, 21, 21.010848
45, 22, -5.242717
45, 23, -4.460934
45, 24, -1.946391
45, 25, -18.010457
45, 26, 52.384880
45, 27, 16.867031
45, 28, -23.998461
45, 29, 1.573884
45, 30, 28.526228
45, 31, -61.382866
45, 32, -1.293157
45, 33, -50.712138
45, 35, 32.124819
45, 36, -39.445749
45, 37, 9.054171
45, 38, 21.606331
45, 40, -15.291098
45, 41, 1.398775
45, 42, 30.588097
45, 43, -12.132379
45, 44, 31.827914
45, 46, -19.878775
45, 47, -14.892353
45, 48, 59.973196
45, 49, 19.942234
45, 50, 1.593815
46, 1, 19.521447
46, 2, -12.021515
46, 4, 3.149780
46, 5, 32.547766
46, 6, 0.773431
46, 7, -23.896297
46, 8, -20.363371
46, 9, 7.171027
46, 10, -1.358313
46, 11, 5.571969
46, 13, 39.394277
46, 14, -24.860037
46, 15, 99999.000000
46, 16, -40.189004
46, 17, -22.016666
46, 18, 99999.000000
46, 19, 2.316839
46, 20, 65.395736
46, 21, -6.050041
46, 22, -17.068266
46, 23, 21.045492
46, 25, -39.900617
46, 26, 59.432197
46, 27, 12.916394
46, 28, -5.942457
46, 30, 15.935093
46, 31, -52.846980
46, 32, 13.494362
46, 33, 13.988383
46, 34, -48.459518
46, 35, 0.473463
46, 36, -37.760516
46, 37, -2.426617
46, 38, 15.601959
46, 40, -22.754168
46, 41, -12.037508
46, 42, 30.697165
46, 43, -31.807187
46, 44, 4.249181
46, 45, -73.000000
46, 46, -38.591122
46, 47, 16.734436
46, 48, 58.026804
46, 50, 89.000000
47, 1, -17.354174
47, 2, -28.385256
47, 3, 9.287992
47, 4, 17.662116
47, 6, -26.475436
47, 7, 6.553178
47, 8, -19.676122
47, 9, 9.454113
47, 10, 31.840451
47, 11, -21.029755
47, 12, 52.000000
47, 13, 28.657023
47, 14, -4.859641
47, 15, 27.399312
47, 17, -29.137290
47, 18, -54.000000
47, 19, 8.683161
47, 20, 54.305942
47, 21, 10.067810
47, 22, -6.002395
47, 23, 4.970542
47, 24, -33.000000
47, 25, -7.955171
47, 27, 33.989561
47, 28, -24.105999
47, 29, 99999.000000
47, 31, -59.971925
47, 32, -4.393157
47, 33, 99999.000000
47, 34, -28.700818
47, 37, 7.687514
47, 38, 20.395598
47, 39, -2.424820
47, 40, -19.153150
47, 41, 5.121232
47, 42, 43.176526
47, 43, 5.220149
47, 44, 29.412120
47, 46, -19.935532
47, 47, -11.871327
47, 49, 32.041088
48, 1, 10.890820
48, 3, 13.015551
48, 4, 17.071927
48, 5, -28.689493
48, 6, -11.109175
48, 7, -22.630535
48, 8, -25.204209
48, 9, 6.637055
48, 10, 5.939514
48, 11, 7.864168
48, 12, 75.932646
48, 13, 33.623913
48, 14, 99999.000000
48, 15, -47.000000
48, 16, -52.122337
48, 17, -29.418587
48, 20, 65.465393
48, 21, -14.992594
48, 22, -12.761404
48, 23, 25.533792
48, 25, -28.498070
48, 26, -92.000000
48, 27, 31.724920
48, 30, -62.829565
48, 32, 12.514007
48, 33, 18.633548
48, 34, -48.988648
48, 35, -16.953264
48, 36, -10.969854
48, 37, -1.738684
48, 38, 18.000845
48, 39, -20.842033
48, 41, -9.111412
48, 42, 43.659057
48, 43, -18.920537
48, 44, 5.584185
48, 45, 38.317920
48, 46, -38.659472
48, 47, 18.968074
48, 48, -34.847523
48, 49, 17.816062
48, 50, 35.998260
49, 1, -26.440276
49, 2, 99999.000000
49, 3, 8.905290
49, 4, 28.154751
49, 5, -10.157355
49, 6, -27.090723
49, 7, 12.649331
49, 8, -19.323791
49, 9, 7.599817
49, 10, 36.371597
49, 11, -19.066916
49, 12, 99999.000000
49, 13, 31.382424
49, 14, -50.175945
49, 16, -42.075348
49, 17, -36.564284
49, 18, -38.392439
49, 19, -30.709279
49, 21, 4.377731
49, 22, -7.133242
49, 24, -76.000000
49, 25, 0.587454
49, 27, 45.681285
49, 28, -20.838487
49, 29, 22.702406
49, 30, -48.882428
49, 31, 42.614433
49, 32, -9.627850
49, 33, -3.757388
49, 34, -29.404975
49, 35, -12.046736
49, 36, 4.714032
49, 37, 5.904987
49, 38, 19.315094
49, 39, -3.367451
49, 40, 22.195876
49, 41, 9.399707
49, 42, 49.524771
49, 43, 19.250841
49, 45, 25.889086
49, 48, -15.387949
49, 49, 31.894225
49, 50, 26.075348
50, 1, 6.976880
50, 2, 40.000000
50, 3, 12.625604
50, 4, 23.712210
50, 5, -28.521881
50, 6, -16.865533
50, 8, -26.366630
50, 10, 9.364835
50, 12, 83.000000
50, 13, 30.934145
50, 14, -20.000000
50, 15, 61.000000
50, 16, -52.052680
50, 17, -32.823952
50, 18, -33.607561
50, 19, -32.290721
50, 20, 4.000000
50, 22, -11.034083
50, 23, 75.000000
50, 25, -22.796100
50, 26, 68.000000
50, 27, 39.533376
50, 28, -15.161513
50, 29, 25.297594
50, 30, -62.746847
50, 31, 46.385567
50, 32, 11.061282
50, 33, 18.796807
50, 34, -49.657141
50, 36, -11.307256
50, 37, -1.256316
50, 39, -21.748918
50, 40, 22.804124
50, 41, -7.159101
50, 42, 48.507614
50, 43, -12.720799
50, 44, -53.000000
50, 45, 38.119832
50, 46, -72.000000
50, 47, -8.000000
50, 48, -35.049964
50, 49, 17.660987
50, 50, 36.176756
