1, 1, 33.000000
1, 3, -30.426002
1, 4, 6.408129
1, 6, 4.206413
1, 7, 5.795898
1, 8, 33.846548
1, 9, -23.651553
1, 10, -19.000000
1, 11, 0.256304
1, 12, 99999.000000
1, 13, -86.000000
1, 14, -58.633651
1, 15, -38.000000
1, 16, 29.492694
1, 18, -85.000000
1, 19, -42.679298
1, 20, -9.775596
1, 21, -25.682390
1, 22, -16.876032
1, 23, 1.547803
1, 24, 3.433217
1, 25, -29.197670
1, 26, 99999.000000
1, 27, 62.000000
1, 28, 3.366367
1, 29, -41.000000
1, 30, -35.054088
1, 32, -6.336579
1, 33, -27.822958
1, 34, -1.227302
1, 35, 4.613217
1, 37, -82.000000
1, 38, -87.000000
1, 39, 82.000000
1, 40, 2.114812
1, 41, 13.928941
1, 42, -29.501770
1, 43, -40.307574
1, 45, -1.532234
1, 46, -81.000000
1, 47, -9.168714
1, 49, 45.000000
1, 50, 24.484569
2, 2, 5.322346
2, 3, -19.144230
2, 4, 22.372508
2, 5, -32.559423
2, 6, -0.017373
2, 7, 15.597872
2, 8, 35.153452
2, 9, -12.403584
2, 11, 3.549538
2, 14, -57.366349
2, 16, 0.198016
2, 17, -43.679826
2, 18, -91.237619
2, 19, -36.690410
2, 20, -36.052241
2, 21, -23.896490
2, 22, -3.362545
2, 23, -1.916033
2, 24, 20.751471
2, 25, -19.538077
2, 26, -23.701752
2, 28, 11.596326
2, 30, -34.004318
2, 31, 7.021352
2, 32, -8.943083
2, 33, -35.647454
2, 34, -22.186866
2, 35, -13.631381
2, 36, -70.717817
2, 40, -18.686587
2, 41, 21.419129
2, 42, -11.747251
2, 43, -26.245352
2, 44, -42.305218
2, 45, 25.072140
2, 47, 2.633734
2, 48, -7.624557
2, 50, 14.643947
3, 1, -16.436522
3, 2, 52.514105
3, 3, -30.447916
3, 4, 6.407749
3, 5, -52.863352
3, 6, 4.295185
3, 7, 5.795898
3, 9, -23.651588
3, 11, -0.295276
3, 12, 30.069879
3, 13, 99999.000000
3, 15, -25.247540
3, 16, 29.492695
3, 17, 2.513777
3, 18, 99999.000000
3, 19, -43.212914
3, 20, -9.775595
3, 21, -26.848139
3, 22, -16.876033
3, 23, 0.203336
3, 24, 3.435519
3, 25, -28.659684
3, 26, -37.257531
3, 27, 8.030779
3, 28, 3.366367
3, 29, 60.579544
3, 30, -35.054088
3, 31, 9.485144
3, 32, -5.785189
3, 33, -25.874254
3, 34, -0.342017
3, 35, 4.737814
3, 36, -70.282183
3, 37, -79.000000
3, 38, 43.381150
3, 39, -15.333891
3, 40, 2.099988
3, 41, 13.928941
3, 42, -29.501770
3, 43, -40.332754
3, 44, 6.662153
3, 45, -1.532096
3, 47, -8.215045
3, 48, -12.063187
3, 49, -47.208815
3, 50, 24.484600
4, 1, -19.416838
4, 2, 5.321973
4, 3, -19.180872
4, 4, 22.371978
4, 5, -32.559629
4, 6, 0.656858
4, 8, -37.491366
4, 9, -12.403584
4, 10, -95.000000
4, 11, 2.555029
4, 12, 34.416038
4, 14, 17.161148
4, 15, -26.752460
4, 16, 99999.000000
4, 17, -43.679826
4, 18, 97.000000
4, 19, -35.319872
4, 20, -36.052241
4, 21, -24.941864
4, 22, -3.362546
4, 23, -2.292014
4, 24, 20.759585
4, 25, -20.398298
4, 26, -22.809296
4, 27, 0.859297
4, 29, 46.338941
4, 30, -34.004318
4, 31, 7.021154
4, 32, -8.124890
4, 33, -32.613711
4, 34, -22.254396
4, 35, -13.359702
4, 38, 39.618850
4, 39, 1.173647
4, 40, -18.828080
4, 43, -26.257469
4, 44, -42.621801
4, 45, 25.072337
4, 46, 99999.000000
4, 47, 4.073403
4, 48, -7.624558
4, 49, -36.371580
4, 50, 14.643969
5, 1, -16.421575
5, 2, 52.514105
5, 3, -30.491743
5, 4, 6.407368
5, 5, -52.863629
5, 6, 4.555479
5, 7, 5.959343
5, 8, -11.021823
5, 9, -23.651623
5, 11, -1.627165
5, 12, 30.069879
5, 13, -0.526885
5, 14, 10.255764
5, 16, -17.151075
5, 17, 2.513778
5, 18, 99999.000000
5, 19, -44.564326
5, 21, -30.018496
5, 22, 99999.000000
5, 23, -3.310412
5, 24, 3.439244
5, 25, -27.389557
5, 26, -36.429792
5, 27, 8.723568
5, 28, -64.000000
5, 29, 60.579545
5, 30, 99999.000000
5, 31, 9.489430
5, 32, -4.432222
5, 33, -20.620061
5, 34, 1.980441
5, 35, 5.053919
5, 36, 12.698519
5, 39, -15.421985
5, 40, 2.070341
5, 41, 16.229261
5, 43, -40.383113
5, 44, 5.934393
5, 45, -1.531957
5, 46, -92.000000
5, 47, -5.674657
5, 49, -47.208816
5, 50, 24.484631
6, 1, -19.396847
6, 2, 5.321600
6, 3, -19.217513
6, 5, -32.559836
6, 6, 1.880115
6, 7, 21.956904
6, 8, -35.879935
6, 9, 99999.000000
6, 10, -17.697858
6, 11, 1.148275
6, 13, 13.996868
6, 14, 15.959789
6, 15, 99999.000000
6, 16, -21.146763
6, 17, 99999.000000
6, 18, 28.697976
6, 19, -33.222133
6, 20, -3.003955
6, 21, -26.760003
6, 22, 42.335250
6, 23, -2.861321
6, 24, 20.764600
6, 25, -21.969138
6, 26, -20.273698
6, 27, 3.699481
6, 28, 99999.000000
6, 30, -23.000000
6, 31, 7.020833
6, 32, -6.772139
6, 33, -27.477762
6, 34, -22.353848
6, 35, -12.933411
6, 36, -5.211439
6, 38, -15.835803
6, 39, 1.053549
6, 40, -18.969571
6, 41, -6.703526
6, 42, -64.354116
6, 43, -26.264957
6, 44, -43.333152
6, 47, 6.472901
6, 49, -36.371580
7, 1, -16.397390
7, 2, 99999.000000
7, 3, -30.513657
7, 4, -18.985199
7, 6, 4.891581
7, 7, 5.959343
7, 8, -9.224832
7, 9, 18.483427
7, 10, 1.585009
7, 11, -2.959416
7, 12, 28.564933
7, 13, -0.392053
7, 14, 6.740412
7, 15, 43.000000
7, 16, -16.728560
7, 17, -66.000000
7, 18, -29.000000
7, 19, -46.101528
7, 20, -19.046188
7, 21, -34.315050
7, 22, 2.931979
7, 23, -7.700864
7, 25, -26.161576
7, 26, -33.870831
7, 27, 10.693570
7, 28, -52.000000
7, 29, -14.363069
7, 31, 9.492080
7, 32, -3.025752
7, 33, -13.679516
7, 34, 4.860667
7, 35, 5.424459
7, 36, 12.559687
7, 38, -15.129701
7, 39, -15.598173
7, 40, 2.055518
7, 41, 15.590885
7, 42, -38.739523
7, 43, -40.408293
7, 44, 5.026882
7, 46, -10.038124
7, 47, -2.386726
7, 50, 0.639997
8, 1, -19.384491
8, 4, -24.014801
8, 5, 2.271133
8, 6, 3.293602
8, 8, -31.653449
8, 9, -19.215272
8, 10, -17.738640
8, 11, 0.153335
8, 12, 4.152470
8, 13, 13.969909
8, 14, 12.416816
8, 16, -21.111388
8, 19, -31.379458
8, 20, -2.819210
8, 21, -28.898001
8, 22, 40.981728
8, 23, -3.355256
8, 24, -2.000000
8, 25, -23.892259
8, 26, -16.490825
8, 27, 8.799889
8, 29, -30.187988
8, 30, -24.764925
8, 32, -5.323527
8, 33, -21.843917
8, 34, -22.441165
8, 35, -12.523551
8, 36, -5.461987
8, 37, -56.824462
8, 38, -14.046046
8, 39, 0.933451
8, 41, -9.785043
8, 42, -64.354116
8, 43, 99999.000000
8, 44, -43.903609
8, 45, 11.953790
8, 46, -11.344782
8, 47, 9.051544
8, 48, -6.099067
8, 49, 14.000000
8, 50, 24.151386
9, 3, -22.678797
9, 5, 6.064322
9, 6, 4.982501
9, 8, -6.311372
9, 9, 18.896451
9, 10, 1.463616
9, 11, -3.511359
9, 12, 28.564933
9, 13, -0.089080
9, 14, 0.118216
9, 15, 23.000000
9, 16, -15.708538
9, 17, 60.000000
9, 18, -12.000000
9, 19, -47.105113
9, 20, -17.566744
9, 21, -38.572290
9, 22, 2.899321
9, 23, -11.547782
9, 25, -25.602917
9, 26, -29.494156
9, 27, 13.637343
9, 29, -14.363069
9, 30, -9.874147
9, 31, -68.000000
9, 32, -2.371138
9, 33, -7.242231
9, 34, 7.198514
9, 35, 5.707902
9, 36, 12.282024
9, 37, -18.274024
9, 38, -13.951334
9, 39, -15.686267
9, 40, 14.438381
9, 41, 13.903950
9, 43, -3.420754
9, 44, 4.622998
9, 45, 2.730212
9, 46, -10.561884
9, 47, 0.595604
9, 48, -22.415669
9, 50, 0.639915
10, 1, 3.924789
10, 2, -44.804623
10, 3, -28.035793
10, 4, -4.431236
10, 5, 2.271134
10, 6, 4.262773
10, 7, -10.677043
10, 8, -26.413810
10, 9, -18.740589
10, 10, -17.820202
10, 13, 13.936297
10, 14, 6.802161
10, 16, -21.040638
10, 18, 99999.000000
10, 19, -30.652256
10, 20, -2.162357
10, 21, -30.858145
10, 22, 37.204104
10, 23, -3.562700
10, 24, -9.057777
10, 25, -25.597104
10, 26, -12.030918
10, 27, 15.170125
10, 29, -30.187988
10, 30, -24.764924
10, 32, -4.180236
10, 33, -17.510677
10, 34, -22.489061
10, 35, -12.278458
10, 36, -5.712535
10, 37, -56.835533
10, 38, -9.049916
10, 40, 32.522798
10, 41, -14.900123
10, 42, -54.804973
10, 43, 47.000000
10, 45, 11.954143
10, 46, -12.638478
10, 47, 10.997701
10, 48, -6.191794
10, 49, -2.732021
10, 50, 24.151274
11, 1, 28.379439
11, 2, -51.876381
11, 3, -22.749443
11, 4, 17.961176
11, 5, 6.064323
11, 6, 4.279542
11, 7, -21.714750
11, 8, -3.390654
11, 9, 19.893640
11, 10, 1.342224
11, 11, -24.569528
11, 12, -16.000000
11, 13, 0.153893
11, 14, -8.728267
11, 15, 0.000000
11, 16, -14.688541
11, 17, -5.159173
11, 20, -14.751435
11, 21, -41.664018
11, 22, 2.765167
11, 23, -13.960536
11, 24, -15.388237
11, 25, -25.728525
11, 26, -23.513868
11, 27, 17.114960
11, 28, 9.599008
11, 30, -9.874147
11, 32, -2.903269
11, 33, -3.389436
11, 34, 8.093309
11, 35, 5.812313
11, 36, 12.143191
11, 37, -18.411163
11, 38, -11.807246
11, 39, -3.589540
11, 40, 14.977554
11, 41, 11.750724
11, 42, -51.938358
11, 44, 16.391897
11, 45, 2.730678
11, 46, -11.861516
11, 47, 2.350368
11, 48, -22.646532
11, 49, 17.539388
11, 50, 0.639834
12, 1, 4.742887
12, 2, -45.204940
12, 3, -28.374753
12, 4, -2.745211
12, 6, 4.054395
12, 7, -11.440722
12, 8, -22.162378
12, 9, -17.673988
12, 10, -17.860983
12, 11, -24.759425
12, 13, 13.921341
12, 14, -0.225095
12, 15, 11.435635
12, 16, -21.005262
12, 17, -10.218358
12, 18, -0.702737
12, 19, 4.691653
12, 20, -0.781506
12, 21, -32.217610
12, 22, 31.808683
12, 23, -3.443542
12, 24, -9.053717
12, 25, -26.452749
12, 26, -7.531419
12, 27, 21.689742
12, 28, 9.400992
12, 29, 80.000000
12, 31, 20.064325
12, 32, -3.544665
12, 33, -15.888286
12, 37, -56.860413
12, 38, -1.913892
12, 39, -4.716425
12, 40, 33.544049
12, 41, -20.366964
12, 42, -54.804973
12, 43, -13.786925
12, 44, 1.298121
12, 45, 11.954496
12, 46, -14.619200
12, 47, 11.718179
12, 48, -6.377247
12, 49, -2.732019
13, 1, 28.225141
13, 2, -52.298875
13, 3, -22.908184
13, 4, 18.941230
13, 5, 42.925997
13, 6, 2.225314
13, 7, -21.716543
13, 8, -1.581920
13, 9, 20.890912
13, 11, -24.539618
13, 12, 99999.000000
13, 14, -18.418716
13, 15, 99999.000000
13, 16, -14.266051
13, 17, -5.159173
13, 18, -2.228353
13, 19, -9.473551
13, 20, -10.855009
13, 21, -42.790451
13, 22, 2.475353
13, 23, -14.888342
13, 24, -15.370971
13, 25, -25.931985
13, 26, -16.680586
13, 27, 20.629898
13, 30, -27.513599
13, 31, 16.935675
13, 32, -4.442495
13, 34, -6.247460
13, 35, 9.057864
13, 36, -44.237619
13, 37, -18.582183
13, 38, -9.123416
13, 39, -3.589686
13, 40, 16.189060
13, 41, 9.828091
13, 43, -19.576147
13, 44, 16.391895
13, 46, -13.246521
13, 48, -22.877395
13, 49, 17.539390
13, 50, 1.986205
14, 1, 6.896581
14, 2, -46.217995
14, 3, -28.797428
14, 4, 1.983968
14, 5, 20.461222
14, 6, 2.185776
14, 7, -13.373759
14, 8, -20.535529
14, 9, -16.818642
14, 10, 39.078609
14, 11, -24.757348
14, 12, 21.888997
14, 13, -16.475643
14, 14, -7.524442
14, 16, 99999.000000
14, 17, -10.218357
14, 18, -0.702737
14, 19, 4.691654
14, 20, 1.573738
14, 21, -32.702096
14, 22, 25.990076
14, 23, -3.145317
14, 24, -9.045598
14, 25, -26.039452
14, 26, -3.591551
14, 27, 27.396913
14, 28, -24.169680
14, 30, -59.269873
14, 32, -3.367727
14, 33, -42.124010
14, 34, 0.247460
14, 35, 4.947015
14, 36, -43.762381
14, 37, -56.880368
14, 38, 5.778241
14, 39, -4.716579
14, 40, 34.817519
14, 41, -24.471445
14, 42, 99999.000000
14, 43, -13.807754
14, 44, 1.298120
14, 46, -16.340477
14, 47, 0.337923
14, 48, -6.469974
14, 50, 2.797535
15, 1, 27.983099
15, 2, -52.943765
15, 3, -23.035486
15, 4, 20.723312
15, 5, 41.035979
15, 6, -1.412419
15, 7, -21.717460
15, 9, 21.304020
15, 10, -0.862783
15, 11, -24.479798
15, 12, -12.395024
15, 13, 6.477091
15, 14, -27.217550
15, 15, 99999.000000
15, 16, -15.624387
15, 18, -2.228353
15, 19, -9.473550
15, 20, -6.203626
15, 21, 99999.000000
15, 22, 2.062098
15, 23, -14.939068
15, 24, -15.353705
15, 25, -25.436757
15, 26, -10.244408
15, 27, 23.710991
15, 28, -31.443919
15, 29, 35.156809
15, 30, -27.513532
15, 31, -84.000000
15, 32, -6.269010
15, 33, -50.012446
15, 35, 9.274856
15, 37, -18.658298
15, 38, -6.497877
15, 39, -3.589832
15, 40, 17.160609
15, 41, 8.710839
15, 42, 40.000000
15, 43, -19.605864
15, 45, -6.445720
15, 46, -13.928179
15, 47, -20.804210
15, 49, 13.063208
15, 50, 1.024831
16, 1, 9.582471
16, 2, -47.368982
16, 3, -28.985536
16, 4, 8.891542
16, 5, 17.550456
16, 6, -1.274836
16, 7, -15.570769
16, 8, -17.620380
16, 10, 39.043207
16, 11, -24.755271
16, 12, 21.888907
16, 13, -16.470857
16, 14, -13.622019
16, 15, -34.822824
16, 16, 2.909253
16, 17, 55.183135
16, 20, 4.964019
16, 21, 10.466715
16, 22, 21.094092
16, 23, -2.907517
16, 24, -9.041539
16, 25, -24.382463
16, 26, -0.693923
16, 27, 31.673635
16, 28, -24.169680
16, 29, 23.513290
16, 30, -59.269873
16, 32, -3.425343
16, 33, -42.124011
16, 34, 2.000000
16, 35, 5.322840
16, 36, 66.000000
16, 38, 12.244640
16, 40, 35.384263
16, 41, -25.986125
16, 43, -13.841456
16, 44, 22.185952
16, 45, -27.170033
16, 46, -16.944368
16, 47, 0.337853
16, 48, -17.048621
16, 49, -13.818663
16, 50, 1.535326
17, 1, 27.750480
17, 2, -53.508462
17, 4, 23.013859
17, 5, 35.787855
17, 6, -6.303538
17, 7, -21.716436
17, 8, -25.170000
17, 9, -26.797078
17, 10, -0.917074
17, 11, -24.449889
17, 12, -12.395023
17, 13, 6.474147
17, 14, -33.377987
17, 15, -32.127487
17, 16, -16.674598
17, 17, 51.816865
17, 18, 19.376682
17, 19, 86.000000
17, 20, -1.165836
17, 21, -1.283901
17, 22, 1.681061
17, 23, -14.848992
17, 25, -23.883618
17, 26, -5.625668
17, 27, 25.977359
17, 28, -31.443919
17, 29, 35.147514
17, 30, -27.513464
17, 31, 99999.000000
17, 32, -7.486227
17, 33, -50.012447
17, 35, 9.708838
17, 38, -4.578319
17, 39, -3.776730
17, 42, -12.720338
17, 43, -19.624230
17, 44, 37.721156
17, 45, -6.445677
17, 46, -13.398110
17, 47, -20.804335
17, 48, 5.159604
17, 49, 12.738079
17, 50, -1.409163
18, 1, 11.774642
18, 2, -48.119651
18, 3, -73.000000
18, 4, 16.858214
18, 5, 12.398548
18, 6, -5.658380
18, 7, -17.004100
18, 8, -17.628327
18, 9, -24.762706
18, 10, 38.972401
18, 12, 21.888817
18, 13, -16.463114
18, 14, -17.105636
18, 15, -34.756208
18, 16, 2.634603
18, 18, -6.749832
18, 20, 9.128793
18, 21, 10.469843
18, 22, 18.299948
18, 24, -31.623810
18, 25, -21.995314
18, 26, 0.835421
18, 27, 34.259572
18, 29, 23.510644
18, 30, 99999.000000
18, 32, -3.478137
18, 34, 23.000000
18, 35, 5.698664
18, 36, 21.797024
18, 37, 73.000000
18, 38, 15.931556
18, 39, 21.776922
18, 40, 12.276387
18, 41, 31.452756
18, 42, -4.802928
18, 44, 22.185951
18, 45, -27.169988
18, 46, -16.069550
18, 47, 0.337784
18, 48, -17.048620
18, 49, -14.369243
18, 50, -0.398464
19, 1, 27.611427
19, 2, -53.730857
19, 4, 25.483976
19, 5, 28.418718
19, 6, -11.565362
19, 7, -21.715559
19, 8, -25.186608
19, 9, -26.797078
19, 10, -0.971365
19, 11, -23.150328
19, 13, 6.472328
19, 14, -35.593215
19, 15, -32.140003
19, 16, -19.426281
19, 17, -29.814221
19, 18, 19.335014
19, 19, 19.156944
19, 20, 3.876401
19, 21, -0.811632
19, 22, 1.524960
19, 23, 9.568612
19, 24, -36.376190
19, 25, -21.644857
19, 26, -3.944659
19, 27, 27.173073
19, 28, -33.285527
19, 29, 35.132475
19, 30, -56.688135
19, 31, -90.000000
19, 33, 28.498273
19, 35, 9.925830
19, 36, 21.202976
19, 38, -3.873838
19, 39, -5.023444
19, 40, -7.170537
19, 41, 30.961845
19, 42, -12.765358
19, 45, -6.445633
19, 46, -11.694265
19, 48, 5.159606
19, 49, 11.914951
19, 50, -4.176495
20, 1, 12.616520
20, 3, 62.000000
20, 4, 24.775184
20, 5, 6.275466
20, 6, -9.919078
20, 8, -17.641186
20, 10, 38.936998
20, 11, -5.382558
20, 15, -34.622976
20, 16, 1.936853
20, 17, -29.561344
20, 18, -6.828455
20, 19, -0.216322
20, 20, 13.501355
20, 21, 10.463535
20, 23, -17.988854
20, 25, -19.697873
20, 27, 35.117169
20, 28, -6.916595
20, 29, 23.509009
20, 30, -78.000000
20, 33, 5.766598
20, 34, 8.756696
20, 37, -35.975278
20, 39, 19.673905
20, 40, 12.196600
20, 41, 31.452755
20, 42, -6.870764
20, 43, 63.000000
20, 44, -13.339639
20, 46, -14.046872
20, 47, 22.979669
20, 49, -15.211930
20, 50, -2.098987
21, 2, 66.000000
21, 4, 27.820997
21, 5, 20.818349
21, 6, -16.018836
21, 7, -7.252525
21, 8, -25.196873
21, 11, -23.180186
21, 12, -27.272064
21, 13, -59.623730
21, 14, -1.550732
21, 15, -32.160253
21, 16, -22.831946
21, 17, -28.671711
21, 18, 19.251679
21, 19, 19.181409
21, 20, 8.577654
21, 21, 0.495021
21, 23, 9.568626
21, 25, -19.653054
21, 28, -33.804083
21, 31, -14.524344
21, 32, -13.000000
21, 33, 28.707841
21, 34, 18.627541
21, 35, 26.026292
21, 36, -23.934622
21, 37, -39.024722
21, 38, 7.980963
21, 39, -8.668196
21, 40, -7.087316
21, 41, 30.961844
21, 42, -12.788042
21, 43, 75.475238
21, 44, -8.000196
21, 45, 0.164295
21, 46, -9.422301
21, 47, 20.266985
21, 48, -41.439786
21, 49, 10.979149
21, 50, -5.982454
22, 1, -96.000000
22, 2, 99999.000000
22, 3, 21.241492
22, 4, 31.679438
22, 5, 0.821715
22, 6, -12.991015
22, 7, -15.114605
22, 10, -10.288484
22, 11, -5.303599
22, 12, -27.332264
22, 13, -56.376270
22, 14, 19.401538
22, 15, -34.556360
22, 16, 1.139375
22, 17, -26.916100
22, 18, -6.907077
22, 19, -0.177386
22, 20, 17.389779
22, 21, 10.416015
22, 22, 80.599008
22, 23, -17.988859
22, 24, -72.945255
22, 25, -18.301085
22, 26, 43.718123
22, 28, -8.276077
22, 31, -18.010510
22, 33, 6.270942
22, 34, 8.756333
22, 35, 4.566562
22, 36, -18.138210
22, 38, 2.596366
22, 39, 15.703386
22, 40, 12.017319
22, 42, -10.477929
22, 43, 99999.000000
22, 44, -13.501133
22, 45, 6.575528
22, 46, -11.770595
22, 47, 22.633860
22, 48, -18.506866
22, 49, -15.952126
22, 50, -2.770569
23, 3, 20.177578
23, 4, 29.744154
23, 5, 15.107758
23, 6, -18.571042
23, 7, -7.252357
23, 8, 8.757959
23, 9, -9.290932
23, 10, 6.041461
23, 11, -23.247269
23, 12, -27.047505
23, 14, -1.550732
23, 16, -25.590746
23, 17, -25.778343
23, 18, 19.210012
23, 19, 19.220994
23, 20, 12.693979
23, 21, 2.318505
23, 22, 80.400992
23, 23, 9.568640
23, 24, -36.901189
23, 25, -18.857133
23, 26, 50.006182
23, 28, -35.115125
23, 30, 18.156343
23, 31, -14.924578
23, 32, 91.000000
23, 33, 29.238052
23, 34, 18.627540
23, 35, 25.909335
23, 36, -22.981132
23, 37, 76.000000
23, 38, 7.980977
23, 39, -14.389066
23, 40, -6.983540
23, 41, 17.932731
23, 42, -12.519618
23, 43, -17.374807
23, 44, -7.951906
23, 45, 0.164295
23, 46, -7.503881
23, 47, 19.996716
23, 48, -41.439786
23, 49, 10.368475
24, 1, 10.466358
24, 2, -73.000000
24, 3, 21.267748
24, 4, 36.783836
24, 5, -2.390895
24, 6, -14.106977
24, 7, -15.114341
24, 8, 9.961396
24, 9, -21.469710
24, 10, -10.281770
24, 11, -5.205134
24, 12, -27.173634
24, 13, 33.000000
24, 14, 19.401539
24, 15, 16.424695
24, 16, 0.616546
24, 17, -22.861242
24, 19, -0.153322
24, 20, 20.240828
24, 21, 10.313879
24, 24, -72.971192
24, 26, 43.718123
24, 27, -3.800554
24, 28, -10.356518
24, 29, -63.910861
24, 30, 6.405754
24, 31, -19.381717
24, 33, 7.044689
24, 34, 8.755970
24, 35, 6.101564
24, 36, -16.219679
24, 37, 99999.000000
24, 38, 2.596395
24, 39, 10.364941
24, 40, 11.873543
24, 41, 40.956283
24, 42, -14.759739
24, 43, 44.249921
24, 44, -13.907678
24, 45, 6.575527
24, 46, -10.286000
24, 47, 21.799035
24, 49, -16.244233
24, 50, -62.000000
25, 1, 15.191818
25, 3, 20.194219
25, 4, 31.013448
25, 5, 12.986506
25, 7, -7.252190
25, 8, 8.757959
25, 9, -9.999331
25, 10, 6.063148
25, 11, -23.301057
25, 12, -26.542931
25, 15, -18.724444
25, 16, -26.645355
25, 17, -22.487375
25, 18, 14.000000
25, 20, 16.121614
25, 21, 4.186185
25, 22, -7.306857
25, 24, -37.147377
25, 25, 25.000000
25, 27, -16.112879
25, 28, -36.602526
25, 29, -33.145232
25, 30, 17.786349
25, 31, -15.890804
25, 33, 29.840228
25, 34, 99999.000000
25, 35, 25.549283
25, 36, -20.436334
25, 38, 7.980990
25, 39, -21.558813
25, 40, -6.937354
25, 41, 17.932733
25, 42, -11.705672
25, 43, -16.766925
25, 44, -7.874448
25, 46, -6.756174
25, 47, 19.614450
25, 48, 4.092369
26, 1, 10.466358
26, 2, -51.831666
26, 3, 21.320262
26, 4, 39.499387
26, 6, -8.122358
26, 8, 9.961396
26, 9, -22.906149
26, 10, -10.270906
26, 11, -5.161311
26, 12, -26.975828
26, 13, 53.653492
26, 14, -56.908794
26, 15, 16.424694
26, 17, -19.293351
26, 19, -19.697138
26, 20, 21.844546
26, 21, 10.187013
26, 22, -3.201703
26, 23, 8.878866
26, 24, -73.029476
26, 26, -13.062909
26, 27, -3.789791
26, 28, -12.183620
26, 29, -63.910963
26, 30, 6.596516
26, 31, -21.320944
26, 32, -44.000000
26, 33, 7.726160
26, 34, 33.519639
26, 35, 8.484357
26, 36, -12.966611
26, 39, 4.449990
26, 41, 40.956284
26, 42, -18.820709
26, 43, 44.323652
26, 44, -14.365856
26, 47, 20.964254
26, 48, -19.791424
26, 49, 38.000000
26, 50, -14.752080
27, 1, 15.191818
27, 2, -50.168334
27, 3, 20.210861
27, 4, 31.457658
27, 5, 20.851499
27, 6, 19.607308
27, 7, 21.071059
27, 9, -11.792440
27, 10, 6.076551
27, 12, -26.138297
27, 13, 56.346508
27, 14, -31.386673
27, 15, -18.724445
27, 16, -0.953569
27, 17, -20.338916
27, 18, -7.595335
27, 19, -15.229862
27, 20, 18.870248
27, 21, 5.581229
27, 22, -7.630401
27, 23, 0.584591
27, 24, -37.454379
27, 25, -56.000000
27, 26, -32.563440
27, 27, -16.096302
27, 28, -37.571372
27, 29, -33.145349
27, 30, 16.850005
27, 31, -16.856999
27, 32, -50.237619
27, 33, 30.232837
27, 34, 2.468779
27, 35, 24.956068
27, 36, -17.131860
27, 37, 6.910953
27, 38, -20.389980
27, 39, -29.198992
27, 40, -3.920357
27, 42, -10.290935
27, 43, -15.299157
27, 44, -7.802859
27, 45, -38.203633
27, 46, 7.611126
27, 47, 19.344111
27, 48, 3.519223
27, 50, -35.219551
28, 3, 21.346519
28, 5, -20.183874
28, 6, -8.483417
28, 7, 13.580871
28, 8, -19.985199
28, 9, -25.108074
28, 12, -26.887798
28, 14, -56.908794
28, 16, -4.069058
28, 17, -17.883736
28, 18, 8.309755
28, 19, -19.196709
28, 20, 22.372387
28, 21, 10.097867
28, 22, -4.578841
28, 23, 10.116088
28, 24, -73.076217
28, 26, -12.989635
28, 27, -3.772376
28, 28, -12.904579
28, 29, -63.911064
28, 30, 6.891047
28, 31, -22.692219
28, 32, 99999.000000
28, 33, 7.995564
28, 34, 33.515910
28, 35, 10.666499
28, 36, -9.390932
28, 37, 13.089047
28, 38, -10.360795
28, 39, -0.998334
28, 40, -12.517214
28, 41, -36.151193
28, 42, -22.022607
28, 43, 44.489330
28, 44, -14.662540
28, 45, -5.943096
28, 46, -9.958450
28, 47, 20.618489
28, 48, -20.143058
28, 49, -81.237619
28, 50, -14.230486
29, 1, -12.210382
29, 5, 20.917692
29, 6, 19.000502
29, 7, 21.071059
29, 8, -25.014801
29, 9, -13.830407
29, 10, 25.328591
29, 11, 56.918310
29, 13, 99999.000000
29, 15, 99999.000000
29, 16, -0.737833
29, 18, -7.595336
29, 19, -14.012486
29, 20, 20.980645
29, 21, 6.097695
29, 22, -8.411715
29, 23, 1.544216
29, 24, -37.591012
29, 25, 8.271129
29, 26, -32.624583
29, 27, -16.086057
29, 30, 15.786132
29, 31, -17.257201
29, 32, -1.726019
29, 34, 2.468954
29, 35, 24.232197
29, 36, -14.123572
29, 38, -20.463779
29, 39, -36.055281
29, 40, -3.920356
29, 41, -8.502229
29, 42, -8.515927
29, 43, -13.831090
29, 44, -7.773691
29, 45, -38.203763
29, 46, 7.611126
29, 48, 2.010284
29, 49, -80.762381
29, 50, -34.782660
30, 1, -7.274576
30, 2, -26.982721
30, 3, 20.370492
30, 4, 8.038403
30, 5, -20.176525
30, 6, -9.354851
30, 9, -27.045591
30, 10, 28.795129
30, 11, 46.626236
30, 12, 35.636900
30, 13, -0.923451
30, 14, -1.258445
30, 15, 12.915833
30, 16, -3.785309
30, 17, 4.302570
30, 19, -17.873476
30, 20, 22.247698
30, 22, -6.526705
30, 23, 13.337266
30, 25, 5.521155
30, 26, -12.812894
30, 28, 2.760581
30, 29, 3.081265
30, 30, 7.152322
30, 32, -8.792063
30, 33, -62.000000
30, 34, 33.509878
30, 35, 11.714131
30, 36, -6.635664
30, 37, 9.512950
30, 38, -10.500199
30, 39, -4.863577
30, 40, -12.517213
30, 41, -36.151193
30, 42, -24.127642
30, 43, 44.622199
30, 45, -5.943264
30, 47, 24.475238
30, 48, -20.714454
30, 50, -12.840078
31, 1, -11.896506
31, 2, -34.868045
31, 3, -0.980791
31, 4, 11.053404
31, 5, 21.050076
31, 6, 18.142450
31, 7, -43.507306
31, 8, 19.449479
31, 9, -15.159976
31, 10, 25.328592
31, 11, 56.125742
31, 12, 40.692738
31, 13, 0.886444
31, 14, 29.606205
31, 15, 2.000000
31, 16, -0.253095
31, 17, 5.862054
31, 18, 63.000000
31, 19, -12.061201
31, 20, 22.448066
31, 21, -20.375458
31, 22, -9.193325
31, 23, 2.879314
31, 24, -59.079871
31, 25, 8.271323
31, 26, -32.710980
31, 28, -16.304880
31, 29, -5.782667
31, 30, 15.092253
31, 31, -69.000000
31, 32, -1.726019
31, 34, 2.469129
31, 35, 23.601406
31, 36, -12.348504
31, 37, -9.807399
31, 38, -20.611377
31, 39, -40.835024
31, 42, -6.862439
31, 43, -13.222908
31, 44, -85.000000
31, 45, -38.203894
31, 46, -33.371310
31, 47, 23.524762
31, 48, 0.128287
31, 50, -34.060975
32, 1, -8.341022
32, 2, -26.225386
32, 3, 20.294504
32, 4, 8.931453
32, 5, -20.171983
32, 6, -10.225946
32, 7, -48.593235
32, 8, 0.585626
32, 9, -27.811079
32, 10, 28.795130
32, 11, 45.276507
32, 12, 35.161340
32, 13, -0.904040
32, 14, -1.260949
32, 16, -3.431500
32, 17, 4.317622
32, 19, -16.170292
32, 20, 21.941254
32, 21, -9.142346
32, 22, -7.904262
32, 23, 17.309368
32, 24, -54.981310
32, 25, 5.521374
32, 26, -12.636374
32, 28, 2.641100
32, 29, 2.901909
32, 30, 7.256092
32, 31, 99999.000000
32, 33, -49.000000
32, 35, 11.188965
32, 36, -5.602961
32, 37, 9.512605
32, 38, -10.639604
32, 39, -6.264451
32, 40, -4.546022
32, 42, -25.236596
32, 46, -35.628690
32, 48, -21.288862
32, 49, -3.833149
32, 50, -11.038349
33, 1, -10.930589
33, 2, -32.601050
33, 3, -0.980884
33, 4, 13.090305
33, 5, 21.116267
33, 6, 17.535788
33, 7, -43.507305
33, 8, 18.363910
33, 11, 54.212061
33, 12, 38.951266
33, 13, 0.886679
33, 14, 29.603612
33, 15, 55.000000
33, 16, 0.135619
33, 17, 5.888888
33, 18, -22.306904
33, 19, -10.078839
33, 20, 23.211920
33, 21, -20.507300
33, 22, -9.517166
33, 23, 3.745969
33, 24, -59.079941
33, 25, 8.271518
33, 26, -32.772021
33, 27, -29.684800
33, 28, -16.307819
33, 29, -7.201356
33, 31, -12.896072
33, 32, -10.849894
33, 34, 11.000000
33, 35, 23.344408
33, 37, -9.807853
33, 38, -20.685176
33, 39, -42.551741
33, 40, 4.837344
33, 42, -5.862583
33, 45, 29.682918
33, 47, -61.827480
33, 48, -1.407908
33, 49, 8.361802
33, 50, -33.294723
34, 1, -9.967804
34, 2, -24.119111
34, 3, 20.142530
34, 4, 11.326085
34, 5, 99999.000000
34, 6, -10.586666
34, 8, -0.398807
34, 9, -58.243579
34, 10, -24.369736
34, 11, 43.367472
34, 12, 33.955568
34, 13, -0.872634
34, 14, -1.265000
34, 16, -3.274048
34, 17, 4.341976
34, 18, -19.693096
34, 19, -14.577993
34, 20, 21.797816
34, 21, -9.097410
34, 23, 20.643869
34, 24, -54.981410
34, 26, -12.563323
34, 27, -10.246038
34, 28, 2.263231
34, 29, 2.376529
34, 30, 4.000000
34, 31, -55.000000
34, 32, 4.045464
34, 33, 22.787103
34, 35, 9.262599
34, 36, 30.310557
34, 37, 9.512260
34, 39, 99999.000000
34, 40, -4.575794
34, 41, 16.000000
34, 42, -25.570592
34, 43, -25.688901
34, 44, 32.602289
34, 45, -6.071197
34, 46, 85.000000
34, 47, -95.881191
34, 48, -21.645373
34, 49, -4.061319
34, 50, -9.401893
35, 1, -9.354711
35, 2, -28.771414
35, 3, -0.980977
35, 4, 16.530243
35, 5, 36.000000
35, 7, -24.719303
35, 8, 15.241313
35, 9, -44.280390
35, 10, -7.662480
35, 11, 52.298025
35, 12, 36.281349
35, 13, 0.886915
35, 14, 29.602011
35, 15, -90.000000
35, 17, 5.905473
35, 19, -8.630641
35, 21, -20.838177
35, 22, -19.135530
35, 23, 3.512131
35, 24, -59.080011
35, 25, -14.886151
35, 27, -29.684566
35, 28, -16.460501
35, 29, -9.671396
35, 32, -10.703979
35, 33, 20.212897
35, 34, -16.995123
35, 35, 23.670213
35, 36, 14.159781
35, 38, 7.116854
35, 39, -10.312633
35, 40, 4.729648
35, 41, 25.356428
35, 43, -11.633240
35, 44, 48.953713
35, 45, 29.604201
35, 47, -61.827480
35, 48, -1.997899
35, 49, 7.677737
35, 50, -32.723027
36, 1, -11.498681
36, 2, -21.118093
36, 3, 20.066542
36, 4, 14.460195
36, 6, -93.000000
36, 7, -41.217858
36, 8, -2.234064
36, 9, -58.243579
36, 10, -24.457923
36, 11, 42.017416
36, 12, 32.581607
36, 15, 99999.000000
36, 18, -11.529642
36, 19, -13.423476
36, 20, -28.862524
36, 21, -9.026933
36, 22, -37.180246
36, 23, 22.418059
36, 25, -16.113849
36, 26, -30.119590
36, 27, -10.245684
36, 28, 1.593936
36, 29, 1.575091
36, 30, -10.594047
36, 31, 15.586260
36, 32, 4.324223
36, 34, -15.333084
36, 35, 6.549298
36, 36, 30.732787
36, 37, 0.000000
36, 38, -6.234805
36, 39, 3.274937
36, 40, -4.635338
36, 41, 99999.000000
36, 42, 4.011869
36, 43, -25.688901
36, 44, 32.603086
36, 45, -4.005738
36, 46, -13.032761
36, 47, 99999.000000
36, 49, -4.574010
36, 50, -8.438020
37, 1, -7.482813
37, 2, -24.515982
37, 4, 20.291691
37, 5, -13.000000
37, 7, -24.719303
37, 8, 10.479523
37, 10, -7.914881
37, 11, 51.505100
37, 12, 33.931635
37, 13, 21.158236
37, 14, -37.711682
37, 15, 21.888682
37, 16, -43.000000
37, 17, -11.670501
37, 18, -5.470358
37, 19, -7.910352
37, 20, -30.483144
37, 21, -21.209292
37, 22, -18.449158
37, 23, 2.107758
37, 24, 29.154535
37, 26, -65.819231
37, 27, -29.684331
37, 28, -16.943584
37, 29, -12.543646
37, 30, -9.405953
37, 31, 12.349759
37, 32, -10.260460
37, 33, 3.188175
37, 34, -17.072565
37, 35, 24.604496
37, 36, 14.792860
37, 38, 7.715596
37, 39, -10.490095
37, 40, 4.621952
37, 41, 99999.000000
37, 42, 7.256571
37, 44, 48.958163
37, 45, 29.420205
37, 46, 48.475238
37, 47, -80.000000
37, 48, 6.306985
37, 49, 6.824721
37, 50, -32.512862
38, 1, -12.523461
38, 2, -17.838597
38, 4, 17.338168
38, 6, 3.828660
38, 7, 99999.000000
38, 8, -4.718528
38, 10, -24.634296
38, 12, 31.683204
38, 13, 26.966933
38, 14, -4.176258
38, 15, 14.818842
38, 17, -24.374293
38, 19, -12.777214
38, 20, -28.876802
38, 21, -8.963327
38, 22, -35.551578
38, 23, 22.505338
38, 24, 32.230726
38, 25, -30.836555
38, 26, -30.119590
38, 28, 0.642220
38, 29, 0.676823
38, 31, 15.586260
38, 32, 4.929583
38, 33, 8.811825
38, 34, -15.448790
38, 35, 3.783752
38, 36, 31.681523
38, 37, -7.724483
38, 38, -4.630842
38, 39, 2.980233
38, 40, -4.665110
38, 42, 5.027767
38, 43, 62.000000
38, 44, 32.604375
38, 45, -0.488922
38, 46, -13.032762
38, 48, 11.693015
38, 49, -4.985154
39, 1, -5.924859
39, 2, -20.954337
39, 3, 74.540067
39, 4, 23.176416
39, 5, 24.559663
39, 6, -1.534685
39, 7, -1.159896
39, 8, 4.706526
39, 9, 19.787951
39, 10, -8.167282
39, 12, 33.003190
39, 13, 21.496670
39, 14, -36.501437
39, 15, 21.712548
39, 16, 5.340262
39, 17, -12.290940
39, 18, 84.000000
39, 19, -7.743728
39, 20, -30.509514
39, 21, -21.448567
39, 22, -16.596444
39, 23, 0.041806
39, 24, 29.154536
39, 25, -24.529722
39, 26, -65.819231
39, 27, 5.641386
39, 28, -17.827687
39, 29, -15.048397
39, 30, 41.058308
39, 32, -9.535125
39, 34, -17.227450
39, 35, 25.963913
39, 36, 15.582297
39, 37, 2.291881
39, 38, 9.366013
39, 39, -10.918455
39, 41, -51.153305
39, 42, 9.646844
39, 44, 48.960912
39, 45, 29.239079
39, 46, 99999.000000
39, 49, 6.445093
40, 1, -12.987902
40, 2, -14.873947
40, 3, 64.460679
40, 4, 19.047665
40, 5, 18.879298
40, 6, 3.828660
40, 7, -14.845089
40, 8, -7.646822
40, 9, 9.261034
40, 10, -24.722483
40, 11, -87.000000
40, 13, 28.229016
40, 14, -5.686067
40, 15, 14.764355
40, 16, -12.918334
40, 17, -24.191860
40, 19, -12.510934
40, 20, -28.899904
40, 21, -8.937787
40, 22, -32.592699
40, 23, 21.465181
40, 24, 32.230727
40, 25, -30.836555
40, 27, -9.910992
40, 28, -0.497571
40, 29, -0.042217
40, 30, 17.520595
40, 31, -58.991674
40, 32, 5.889539
40, 33, -95.000000
40, 34, -15.564497
40, 35, 1.522694
40, 36, 32.442347
40, 37, -7.415957
40, 38, -1.712074
40, 39, 2.318054
40, 40, -19.339370
40, 41, -29.892635
40, 42, 8.009187
40, 43, -11.014881
40, 45, 3.397288
40, 46, -23.247540
40, 47, -33.362011
40, 48, -0.429843
40, 50, 25.940635
41, 1, -5.314963
41, 2, -18.746261
41, 3, 74.540067
41, 4, 24.254628
41, 5, 24.559633
41, 7, -0.915536
41, 8, -1.315322
41, 9, 19.304135
41, 11, 99999.000000
41, 12, -24.088566
41, 13, 22.438443
41, 14, -33.324719
41, 15, 21.287375
41, 16, 5.340296
41, 17, -14.083313
41, 18, 31.019177
41, 19, -7.788169
41, 20, -30.525811
41, 22, -14.101157
41, 23, -1.926311
41, 25, 99999.000000
41, 26, 85.000000
41, 27, 7.191925
41, 28, -18.996373
41, 29, -16.501799
41, 30, 40.733804
41, 31, -64.467312
41, 32, -8.622778
41, 34, -17.304893
41, 35, 27.424180
41, 36, 15.933629
41, 37, 2.908069
41, 38, 11.676927
41, 39, -11.346715
41, 40, -10.228793
41, 41, -51.153305
41, 42, 14.102260
41, 43, -13.985119
41, 44, 32.242358
41, 45, 29.132493
41, 46, -43.000000
41, 47, -6.915176
41, 48, -7.247438
41, 49, 22.375702
41, 50, 30.059365
42, 2, -12.619868
42, 5, 18.879316
42, 6, 1.655763
42, 7, -15.300065
42, 8, -10.809319
42, 9, 9.039449
42, 11, 19.495080
42, 12, 9.486565
42, 13, 30.252168
42, 14, -7.999657
42, 15, 14.655380
42, 16, -12.918279
42, 17, -24.028716
42, 18, 47.059831
42, 19, -12.448318
42, 21, 99999.000000
42, 22, -28.835623
42, 23, 20.107706
42, 24, 7.000000
42, 25, -40.336749
42, 26, 49.653492
42, 27, -6.389824
42, 28, -1.645848
42, 29, -0.318405
42, 30, 17.445319
42, 31, -58.829828
42, 32, 7.135661
42, 33, 10.440287
42, 35, 0.003230
42, 37, -6.585939
42, 38, 1.975594
42, 39, 1.787042
42, 40, -19.419018
42, 41, -29.892635
42, 42, 12.666432
42, 44, 1.430349
42, 45, 6.406133
42, 47, -33.362011
42, 48, -0.429843
42, 49, 15.687572
43, 1, -12.924809
43, 2, -17.876399
43, 3, 42.242579
43, 4, 13.598035
43, 5, 24.559604
43, 6, -26.171759
43, 7, -0.255096
43, 8, -6.842568
43, 9, 18.036211
43, 10, 29.715007
43, 11, 59.000000
43, 12, -24.088233
43, 13, 23.776942
43, 14, -29.381570
43, 15, 20.862275
43, 16, 5.340330
43, 17, -16.793138
43, 18, 31.019131
43, 20, 85.485159
43, 21, 15.775400
43, 22, -11.576520
43, 23, -3.242041
43, 25, -11.235707
43, 26, 99999.000000
43, 27, 11.366877
43, 28, -20.177734
43, 30, 40.004652
43, 31, -64.268241
43, 32, -7.700299
43, 33, -50.938379
43, 34, -55.584127
43, 35, 28.633676
43, 36, -39.594500
43, 37, 3.914382
43, 38, 14.133190
43, 39, -11.524077
43, 40, -10.576268
43, 42, 19.920047
43, 43, -0.677452
43, 44, 32.174399
43, 45, 29.096314
43, 46, -59.000000
43, 48, -7.247437
43, 49, 22.375364
43, 50, -81.000000
44, 1, 17.850657
44, 2, -11.201017
44, 3, 42.757421
44, 4, 6.152014
44, 6, 1.079548
44, 7, -16.447823
44, 8, -13.934447
44, 9, 8.681028
44, 10, 0.112244
44, 12, 9.487040
44, 13, 32.333032
44, 14, -10.034622
44, 15, 14.600891
44, 17, -24.103955
44, 18, 47.059830
44, 19, -88.000000
44, 20, 86.514841
44, 21, -8.469750
44, 22, -24.939107
44, 23, 19.035743
44, 24, 1.900952
44, 25, -39.802801
44, 26, 59.399129
44, 27, -0.428629
44, 28, -2.581638
44, 29, 5.381150
44, 30, 17.351457
44, 31, -58.466168
44, 32, 8.483028
44, 33, 10.440780
44, 34, -52.415873
44, 35, -0.810432
44, 36, -38.105752
44, 37, -5.482530
44, 38, 5.711899
44, 40, -19.598000
44, 41, -10.472517
44, 42, 18.313795
44, 43, -29.053240
44, 44, 1.612366
44, 45, 7.537011
44, 47, 16.678471
44, 49, 15.687091
44, 50, 99999.000000
45, 1, -13.280108
45, 2, -17.797782
45, 4, 13.971352
45, 5, 28.500040
45, 6, -26.232420
45, 7, 0.602647
45, 8, -11.301747
45, 9, 16.466419
45, 10, 29.890014
45, 11, -21.029982
45, 12, -24.087900
45, 13, 25.212630
45, 14, -26.178140
45, 15, 20.686213
45, 16, -41.792063
45, 17, -19.903563
45, 18, 31.019084
45, 21, 15.643122
45, 22, -9.498936
45, 23, -3.823503
45, 24, -1.900952
45, 25, -10.932065
45, 26, 52.410913
45, 27, 16.869336
45, 28, -21.052712
45, 29, 1.618850
45, 30, 39.419917
45, 31, -64.020007
45, 32, -6.950427
45, 33, -50.938379
45, 35, 29.313282
45, 36, -39.594499
45, 37, 4.980320
45, 38, 16.242091
45, 40, -11.009581
45, 41, 5.244378
45, 42, 26.021360
45, 43, -0.161557
45, 44, 32.021691
45, 46, -19.933834
45, 47, -13.384728
45, 48, 59.950476
45, 49, 22.375026
45, 50, 1.673334
46, 1, 17.389141
46, 2, -10.543917
46, 4, 6.881269
46, 5, 32.499960
46, 6, -0.311765
46, 7, -17.745551
46, 8, -16.647732
46, 9, 8.322748
46, 10, 0.501710
46, 11, 6.689622
46, 13, 33.934456
46, 14, -10.838402
46, 15, 99999.000000
46, 16, -40.207937
46, 17, -24.446868
46, 18, 99999.000000
46, 19, 2.391151
46, 20, 65.438606
46, 21, -8.492706
46, 22, -21.570034
46, 23, 18.448845
46, 25, -38.513470
46, 26, 59.399129
46, 27, 6.110542
46, 28, -3.107337
46, 30, 17.309686
46, 31, -58.174539
46, 32, 9.682433
46, 33, 10.441274
46, 34, -49.042978
46, 35, -1.058136
46, 36, -38.105751
46, 37, -4.414121
46, 38, 8.739966
46, 40, -19.741544
46, 41, -10.436977
46, 42, 23.827974
46, 43, -28.374067
46, 44, 1.839337
46, 45, -73.000000
46, 46, -38.606989
46, 47, 16.678792
46, 48, 58.049524
46, 50, 89.000000
47, 1, -14.078451
47, 2, -17.865173
47, 3, 9.022530
47, 4, 14.810192
47, 6, -26.318235
47, 7, 1.330063
47, 8, -14.362623
47, 9, 15.194367
47, 10, 30.283249
47, 11, -21.029705
47, 12, 52.000000
47, 13, 26.415130
47, 14, -24.951385
47, 15, 27.331626
47, 17, -22.664127
47, 18, -54.000000
47, 19, 8.608849
47, 20, 54.342032
47, 21, 15.378566
47, 22, -8.101950
47, 23, -3.962594
47, 24, -33.000000
47, 25, -10.249785
47, 27, 21.960466
47, 28, -21.374861
47, 29, 99999.000000
47, 31, -63.909534
47, 32, -6.470092
47, 33, 99999.000000
47, 34, -29.105835
47, 37, 5.820362
47, 38, 17.640616
47, 39, -3.069800
47, 40, -11.202430
47, 41, 5.340322
47, 42, 31.113857
47, 43, 0.997648
47, 44, 31.899221
47, 46, -19.933835
47, 47, -13.384293
47, 49, 31.927890
48, 1, 16.813641
48, 3, 12.889456
48, 4, 7.790644
48, 5, -28.619022
48, 6, -1.703373
48, 7, -18.588302
48, 8, -18.517619
48, 9, 8.101389
48, 10, 0.987369
48, 11, 6.689964
48, 12, 75.910873
48, 13, 34.859980
48, 14, 99999.000000
48, 15, -47.000000
48, 16, -52.094746
48, 17, -24.850028
48, 20, 65.438606
48, 21, -8.529849
48, 22, -19.294789
48, 23, 18.276036
48, 25, -37.223761
48, 26, -92.000000
48, 27, 11.140155
48, 30, -62.798258
48, 32, 10.503282
48, 33, 18.728378
48, 34, -49.043062
48, 35, -16.895992
48, 36, -11.150013
48, 37, -3.654101
48, 38, 10.431591
48, 39, -21.095993
48, 41, -10.365895
48, 42, 27.877978
48, 43, -27.527143
48, 44, 1.940347
48, 45, 38.227789
48, 46, -38.606989
48, 47, 16.679114
48, 48, -34.962882
48, 49, 17.772361
48, 50, 36.094745
49, 1, -14.718665
49, 2, 99999.000000
49, 3, 9.022530
49, 4, 15.482896
49, 5, -10.217203
49, 6, -26.378935
49, 7, 1.615817
49, 8, -15.902412
49, 9, 14.708000
49, 10, 30.598597
49, 11, -21.029428
49, 12, 99999.000000
49, 13, 27.099362
49, 14, -50.148492
49, 16, -42.107829
49, 17, -24.295720
49, 18, -38.336587
49, 19, -30.727738
49, 21, 15.246288
49, 22, -7.420684
49, 24, -76.000000
49, 25, -9.702634
49, 27, 25.002021
49, 28, -20.772222
49, 29, 22.732699
49, 30, -48.927540
49, 31, 42.658453
49, 32, -6.251535
49, 33, -3.693015
49, 34, -29.105940
49, 35, -12.104008
49, 36, 4.662605
49, 37, 6.270280
49, 38, 18.127261
49, 39, -3.069802
49, 40, 22.202976
49, 41, 5.436267
49, 42, 34.015036
49, 43, 1.927260
49, 45, 25.929085
49, 48, -15.451406
49, 49, 31.927889
49, 50, 26.107829
50, 1, 16.557520
50, 2, 40.000000
50, 3, 12.889455
50, 4, 8.195357
50, 5, -28.619022
50, 6, -2.279882
50, 8, -19.187344
50, 10, 1.203509
50, 12, 83.000000
50, 13, 35.151235
50, 14, -20.000000
50, 15, 61.000000
50, 16, -52.094745
50, 17, -25.028126
50, 18, -33.663413
50, 19, -32.272262
50, 20, 4.000000
50, 22, -18.492021
50, 23, 75.000000
50, 25, -36.689435
50, 26, 68.000000
50, 27, 13.023280
50, 28, -15.227778
50, 29, 25.267301
50, 30, -62.798258
50, 31, 46.341547
50, 32, 10.793980
50, 33, 18.728378
50, 34, -49.043147
50, 36, -11.150014
50, 37, -3.380573
50, 39, -21.095995
50, 40, 22.797024
50, 41, -10.330354
50, 42, 29.369442
50, 43, -27.150223
50, 44, -53.000000
50, 45, 38.227788
50, 46, -72.000000
50, 47, -8.000000
50, 48, -34.962882
50, 49, 17.772360
50, 50, 36.094746
