1, 1, 33.000000
1, 3, -18.906314
1, 4, 22.405705
1, 6, -0.942754
1, 7, 15.597885
1, 8, 35.153437
1, 9, -12.403742
1, 10, -19.000000
1, 11, 6.982502
1, 12, 99999.000000
1, 13, -86.000000
1, 14, -57.366364
1, 15, -38.000000
1, 16, 0.198011
1, 18, -91.237614
1, 19, -40.796017
1, 20, -36.052690
1, 21, -21.388449
1, 22, -3.361950
1, 23, -0.757981
1, 24, 20.643373
1, 25, -18.066976
1, 27, 62.000000
1, 28, 11.596292
1, 29, -41.000000
1, 30, -34.004560
1, 32, -11.115082
1, 33, -42.906537
1, 34, -21.902445
1, 35, -14.498460
1, 37, -82.000000
1, 38, -87.000000
1, 39, 82.000000
1, 40, -17.767868
1, 41, 21.419172
1, 42, -11.747237
1, 43, -26.083804
1, 45, 25.059767
1, 46, -81.000000
1, 47, -1.092538
1, 49, 45.000000
1, 50, 14.642599
2, 2, 52.514079
2, 3, -30.223530
2, 4, 6.431729
2, 5, -52.845993
2, 6, 4.252472
2, 7, 5.795913
2, 8, 33.846563
2, 9, -23.649280
2, 11, 3.232621
2, 14, -58.633636
2, 16, 29.492686
2, 17, 2.513247
2, 19, -40.153737
2, 20, -9.775735
2, 21, -21.082906
2, 22, -16.876016
2, 23, 7.631838
2, 24, 3.394157
2, 25, -32.471389
2, 28, 3.366380
2, 30, -35.054098
2, 31, 9.428114
2, 32, -9.148409
2, 33, -35.462755
2, 34, -4.996660
2, 35, 3.946527
2, 36, -70.282188
2, 40, 2.251709
2, 41, 13.928953
2, 42, -29.501742
2, 43, -40.074964
2, 44, 9.855801
2, 45, -1.540783
2, 47, -13.194252
2, 48, -12.063139
2, 50, 24.482679
3, 1, -19.683344
3, 2, 5.345473
3, 3, -19.043641
3, 4, 22.372328
3, 5, -32.546596
3, 6, -0.892763
3, 7, 15.597908
3, 9, -12.403425
3, 11, 5.489266
3, 12, 34.416110
3, 13, 99999.000000
3, 15, -26.752443
3, 17, -43.679824
3, 19, -39.124927
3, 20, -36.052021
3, 21, -22.303691
3, 22, -3.362824
3, 23, -1.235776
3, 24, 20.721945
3, 25, -18.376976
3, 26, -26.813613
3, 27, -5.402057
3, 28, 11.596403
3, 29, 46.338845
3, 30, -34.004229
3, 31, 7.024736
3, 32, -10.281933
3, 33, -40.375158
3, 34, -22.055491
3, 35, -14.107730
3, 36, -70.717812
3, 37, -79.000000
3, 38, 39.618892
3, 39, 1.953312
3, 40, -18.298296
3, 41, 21.419123
3, 42, -11.747174
3, 43, -26.201355
3, 44, -40.206930
3, 45, 25.072324
3, 47, 0.321406
3, 48, -7.624565
3, 49, -36.371417
3, 50, 14.643996
4, 1, -16.689932
4, 2, 52.514097
4, 3, -30.469950
4, 4, 6.383828
4, 5, -52.863519
4, 6, 3.866378
4, 8, -15.753356
4, 9, -23.653767
4, 10, -95.000000
4, 11, 0.401902
4, 12, 30.069886
4, 14, 16.877316
4, 15, -25.247557
4, 17, 2.513966
4, 19, -42.395569
4, 20, -9.775130
4, 21, -24.788337
4, 23, 2.271034
4, 24, 3.452527
4, 25, -29.105532
4, 26, -39.112905
4, 27, 5.617894
4, 29, 60.579522
4, 31, 9.469496
4, 32, -6.561166
4, 33, -29.458337
4, 34, -1.866610
4, 35, 4.622207
4, 38, 43.381108
4, 39, -14.520199
4, 40, 2.085030
4, 43, -40.357867
4, 44, 8.290549
4, 45, -1.523376
4, 47, -9.793550
4, 48, -12.063258
4, 49, -47.208707
4, 50, 24.486593
5, 1, -19.489286
5, 2, 5.298517
5, 3, -19.318166
5, 4, 22.338734
5, 5, -32.572643
5, 6, -0.215132
5, 7, 21.957182
5, 8, -44.364523
5, 11, 1.865172
5, 12, 34.415987
5, 13, 14.116116
5, 14, 20.654643
5, 19, -34.936593
5, 21, -24.711139
5, 23, -2.425800
5, 24, 20.849595
5, 25, -19.611842
5, 26, -24.505936
5, 27, -3.282278
5, 29, 46.338964
5, 31, 7.019496
5, 32, -8.129294
5, 33, -33.408612
5, 34, -22.362064
5, 35, -13.215672
5, 36, -3.585125
5, 39, 1.503261
5, 40, -19.358175
5, 41, 1.421987
5, 43, -26.391954
5, 44, -42.420667
5, 45, 25.084662
5, 47, 3.979519
5, 49, -36.371587
5, 50, 14.645296
6, 1, -16.309942
6, 3, -30.716061
6, 5, -52.880973
6, 6, 3.981491
6, 7, 5.959368
6, 8, -13.989424
6, 10, 2.373121
6, 11, -3.633580
6, 13, -1.419704
6, 14, 14.959313
6, 16, -19.439451
6, 19, -45.842708
6, 20, -21.986609
6, 21, -31.026945
6, 23, -5.933060
6, 24, 3.489065
6, 25, -24.807736
6, 26, -38.404967
6, 27, 7.410591
6, 31, 9.536933
6, 32, -2.724278
6, 33, -18.930030
6, 34, 3.317941
6, 35, 5.457007
6, 36, 13.980794
6, 38, -17.492566
6, 39, -15.510269
6, 40, 1.918695
6, 41, 19.049554
6, 42, -38.739482
6, 43, -40.640940
6, 44, 4.770978
6, 47, -4.362855
6, 49, -47.208958
7, 1, -19.175079
7, 3, -19.455330
7, 4, -24.014744
7, 6, 1.899359
7, 7, 21.956707
7, 8, -38.646291
7, 10, -17.321143
7, 11, -1.786061
7, 12, 4.152416
7, 13, 14.056947
7, 14, 18.520922
7, 16, -21.473417
7, 18, 28.697926
7, 19, -30.248042
7, 20, -3.188677
7, 21, -27.824037
7, 22, 47.201858
7, 23, -3.732921
7, 25, -22.177448
7, 26, -20.295403
7, 27, 2.577291
7, 29, -30.187605
7, 31, 7.016633
7, 32, -5.523079
7, 33, -23.894535
7, 34, -22.551360
7, 35, -12.372439
7, 36, -4.523518
7, 38, -22.229401
7, 39, 0.603728
7, 40, -19.887804
7, 41, -1.714839
7, 42, -64.354075
7, 44, -45.179849
7, 46, -7.578004
7, 47, 8.481884
7, 50, 24.158440
8, 1, -16.074802
8, 4, -18.985256
8, 5, 6.063780
8, 6, 5.191709
8, 8, -9.316941
8, 9, 16.249331
8, 10, 1.918211
8, 11, -6.510197
8, 12, 28.564895
8, 13, -0.479154
8, 14, 9.135067
8, 16, -17.252791
8, 19, -48.886018
8, 20, -21.038595
8, 21, -37.966122
8, 22, 2.733879
8, 23, -13.403675
8, 24, -2.000000
8, 25, -22.564676
8, 26, -35.818079
8, 27, 10.665965
8, 29, -14.362834
8, 30, -9.874544
8, 32, 0.325564
8, 33, -6.866421
8, 34, 8.651959
8, 35, 5.974504
8, 36, 12.421059
8, 37, -17.673609
8, 38, -16.780006
8, 39, -16.499854
8, 41, 16.570725
8, 42, -38.739434
8, 44, 1.945605
8, 45, 2.701001
8, 46, -7.471915
8, 47, 1.140189
8, 48, -20.917118
8, 49, 14.000000
8, 50, 0.645008
9, 3, -26.547667
9, 5, 2.270887
9, 6, 5.142947
9, 8, -29.199970
9, 9, -22.361245
9, 10, -17.779650
9, 11, -3.306735
9, 12, 4.152399
9, 13, 13.925955
9, 14, 13.744724
9, 15, 23.000000
9, 16, -21.076285
9, 17, 60.000000
9, 19, -27.230377
9, 20, -3.270043
9, 21, -30.833650
9, 22, 43.552436
9, 23, -4.510873
9, 25, -25.678329
9, 26, -14.887462
9, 27, 10.832510
9, 29, -30.188125
9, 30, -24.765071
9, 31, -68.000000
9, 32, -3.423164
9, 33, -14.758255
9, 34, -22.549475
9, 35, -11.898413
9, 36, -6.400340
9, 37, -56.751284
9, 38, -17.488335
9, 39, 0.153955
9, 40, 28.038050
9, 41, -9.734982
9, 44, -46.407570
9, 45, 11.931964
9, 46, -9.060292
9, 47, 12.340445
9, 48, -5.242683
9, 50, 24.151299
10, 1, 28.871624
10, 2, -50.578296
10, 3, -22.210730
10, 4, 15.775750
10, 5, 6.064577
10, 6, 6.782603
10, 7, -21.676025
10, 8, -3.428904
10, 9, 18.380414
10, 10, 1.008885
10, 13, 0.697141
10, 14, -0.483840
10, 16, -14.162807
10, 19, -50.090897
10, 20, -18.388585
10, 21, -43.763433
10, 22, 3.123201
10, 23, -17.446694
10, 24, -15.500527
10, 25, -23.660422
10, 26, -30.160163
10, 27, 14.854025
10, 29, -14.363432
10, 30, -9.873892
10, 32, 0.878167
10, 33, 2.771084
10, 34, 12.023941
10, 35, 6.136663
10, 36, 10.860803
10, 37, -17.966743
10, 38, -14.651656
10, 40, 10.864764
10, 41, 12.813286
10, 42, -51.938284
10, 43, -3.420710
10, 45, 2.730521
10, 46, -9.778188
10, 47, 5.063110
10, 48, -21.781824
10, 49, 17.538631
10, 50, 0.634723
11, 1, 0.536091
11, 2, -42.894655
11, 3, -27.277487
11, 4, -10.720784
11, 5, 2.271678
11, 6, 7.731986
11, 7, -7.042291
11, 8, -19.511360
11, 9, -19.042634
11, 10, -18.237570
11, 11, -24.772956
11, 12, -16.000000
11, 13, 13.822743
11, 14, 5.990927
11, 15, 11.435625
11, 16, -20.678457
11, 17, -10.218845
11, 20, -3.088047
11, 21, -33.150889
11, 22, 36.926308
11, 23, -4.381303
11, 24, -9.095317
11, 25, -28.718112
11, 26, -9.131228
11, 27, 19.691751
11, 28, 9.400994
11, 30, -24.764506
11, 32, -2.443217
11, 33, -9.147991
11, 34, -22.511578
11, 35, -11.766039
11, 36, -7.339029
11, 37, -56.828103
11, 38, -8.732936
11, 39, -4.706837
11, 40, 30.238532
11, 41, -19.374291
11, 42, -54.804969
11, 44, 1.298926
11, 45, 11.976438
11, 46, -12.880893
11, 47, 14.511343
11, 48, -6.284351
11, 49, -2.732350
11, 50, 24.144238
12, 1, 28.650574
12, 2, -51.122866
12, 3, -22.704272
12, 4, 16.545462
12, 6, 7.006681
12, 7, -21.708418
12, 8, 1.428211
12, 9, 21.401708
12, 10, 0.554324
12, 11, -24.845786
12, 13, 1.221923
12, 14, -12.963025
12, 16, -11.979105
12, 17, -5.159414
12, 18, -2.228316
12, 19, -9.474159
12, 20, -14.454203
12, 21, -47.026803
12, 22, 3.321790
12, 23, -17.522872
12, 24, -15.435478
12, 25, -26.782028
12, 26, -21.478534
12, 27, 19.354038
12, 28, 9.599006
12, 29, 80.000000
12, 31, 16.935710
12, 32, -1.522765
12, 33, 6.458795
12, 37, -18.629157
12, 38, -11.262370
12, 39, -3.580541
12, 40, 14.634952
12, 41, 9.305040
12, 42, -51.938418
12, 43, -19.179824
12, 44, 16.392319
12, 45, 2.759846
12, 46, -13.289713
12, 47, 6.465077
12, 48, -23.511156
12, 49, 17.539796
13, 1, 3.265669
13, 2, -44.605462
13, 3, -28.917249
13, 4, -5.740968
13, 5, 26.626071
13, 6, 7.583843
13, 7, -10.289143
13, 8, -13.400941
13, 9, -14.905075
13, 11, -24.765042
13, 14, -4.076506
13, 17, -10.218172
13, 18, -0.702758
13, 19, 4.691403
13, 20, -1.968545
13, 21, -34.405568
13, 22, 28.583547
13, 23, -3.466948
13, 24, -9.049387
13, 25, -29.711680
13, 26, -3.854234
13, 27, 27.442909
13, 30, -59.269780
13, 31, 20.064290
13, 32, -2.607111
13, 34, 0.247386
13, 35, 2.507430
13, 36, -43.762386
13, 37, -56.924934
13, 38, 2.396613
13, 39, -4.716560
13, 40, 35.179525
13, 41, -27.371613
13, 43, -13.433779
13, 44, 1.297790
13, 46, -17.366334
13, 48, -7.326452
13, 49, -2.731246
13, 50, 6.544768
14, 1, 28.143351
14, 2, -52.451602
14, 3, -23.320226
14, 4, 18.598763
14, 5, 49.585981
14, 6, 4.352579
14, 7, -21.752593
14, 8, 3.306266
14, 9, 23.543207
14, 10, -0.510265
14, 11, -24.509636
14, 13, 6.516235
14, 14, -26.226701
14, 17, -5.158697
14, 18, -2.228419
14, 19, -9.473276
14, 20, -9.601559
14, 22, 2.769033
14, 23, -15.236188
14, 24, -15.306184
14, 25, -29.071364
14, 26, -11.425445
14, 27, 23.514396
14, 28, -31.443899
14, 30, -27.517777
14, 32, -5.767317
14, 33, -50.012205
14, 34, -6.247386
14, 35, 7.053602
14, 36, -44.237614
14, 37, -19.163707
14, 38, -7.160970
14, 39, -3.598897
14, 40, 19.334199
14, 41, 7.027440
14, 43, -19.468606
14, 44, 16.391109
14, 46, -16.285265
14, 47, -20.796330
14, 48, -24.376077
14, 50, 6.550940
15, 1, 7.982913
15, 2, -47.198261
15, 3, -30.232179
15, 4, 2.672571
15, 5, 24.697963
15, 6, 3.872751
15, 7, -15.231482
15, 9, -13.063737
15, 10, 39.405558
15, 11, -24.749568
15, 12, 21.894573
15, 13, -16.556780
15, 14, -14.472820
15, 18, -0.702791
15, 19, 4.692267
15, 20, 0.819299
15, 22, 20.287805
15, 23, -2.391973
15, 24, -9.004150
15, 25, -27.958006
15, 26, 0.285520
15, 27, 32.985823
15, 28, -24.169568
15, 29, 23.548632
15, 30, -59.269910
15, 31, -84.000000
15, 32, -3.395698
15, 33, -42.123920
15, 35, 3.915187
15, 37, -56.968363
15, 38, 13.395163
15, 39, -4.726136
15, 40, 39.139442
15, 41, -31.735492
15, 43, -13.963474
15, 45, -27.172795
15, 46, -20.426096
15, 47, 0.342310
15, 49, -12.168749
15, 50, 5.036366
16, 1, 27.663008
16, 2, -53.875243
16, 3, -23.594568
16, 4, 21.360029
16, 5, 44.794708
16, 6, -1.403243
16, 7, -21.736453
16, 8, -24.948588
16, 10, -0.713806
16, 11, -24.173672
16, 12, -12.395099
16, 13, 6.487935
16, 14, -37.429811
16, 16, -11.109304
16, 17, 51.816904
16, 20, -4.091423
16, 22, 1.580865
16, 23, -13.154796
16, 24, -15.241851
16, 25, -28.216687
16, 26, -2.599007
16, 27, 26.766384
16, 28, -31.443821
16, 29, 35.314376
16, 30, -27.509249
16, 32, -9.710973
16, 33, -50.012597
16, 34, 2.000000
16, 35, 9.491829
16, 36, 66.000000
16, 38, -3.363873
16, 40, 21.425152
16, 41, 6.266077
16, 43, -19.935602
16, 44, 37.721249
16, 45, -6.448468
16, 46, -17.183766
16, 47, -20.804234
16, 48, 5.158928
16, 49, 14.607587
16, 50, 2.483916
17, 1, 13.074000
17, 2, -49.449802
17, 4, 12.454696
17, 5, 19.027472
17, 6, -2.455786
17, 7, -19.545004
17, 8, -17.485682
17, 9, -24.762880
17, 10, 39.007940
17, 11, -24.741874
17, 12, 21.883275
17, 13, -16.434956
17, 14, -22.396007
17, 15, -35.438150
17, 16, 4.165653
17, 17, 55.183096
17, 18, -6.239179
17, 19, 86.000000
17, 20, 5.528380
17, 21, 10.382191
17, 22, 14.097581
17, 23, -1.918408
17, 25, -24.065005
17, 26, 2.883462
17, 27, 36.136203
17, 28, -24.169657
17, 29, 23.522711
17, 31, 99999.000000
17, 32, -4.059589
17, 33, -42.124264
17, 35, 6.730441
17, 38, 21.468802
17, 39, 25.851139
17, 42, 0.069493
17, 43, -14.290916
17, 44, 22.185976
17, 45, -27.170135
17, 46, -20.480296
17, 47, 0.333498
17, 48, -17.048969
17, 49, -12.840702
17, 50, 1.218472
18, 1, 27.395549
18, 2, -54.754120
18, 3, -73.000000
18, 4, 24.303351
18, 5, 35.562151
18, 6, -9.099695
18, 7, -21.687533
18, 8, -25.109826
18, 9, -26.797075
18, 10, -1.120467
18, 12, -12.394767
18, 13, 6.441490
18, 14, -43.854348
18, 15, -31.915371
18, 16, -14.897445
18, 18, 19.761525
18, 20, 1.737103
18, 21, -2.976341
18, 22, 0.582813
18, 24, -36.376136
18, 25, -24.040207
18, 26, 2.538474
18, 27, 28.772645
18, 29, 35.077932
18, 32, -11.304824
18, 34, 23.000000
18, 35, 11.930101
18, 36, 21.202983
18, 37, 73.000000
18, 38, -1.059612
18, 39, 0.126000
18, 40, -7.535744
18, 41, 30.962014
18, 42, -12.130690
18, 44, 37.721141
18, 45, -6.442980
18, 46, -15.268899
18, 47, -20.812236
18, 48, 5.159913
18, 49, 13.230947
18, 50, -3.732419
19, 1, 16.408535
19, 2, -50.331479
19, 4, 22.092926
19, 5, 10.316705
19, 6, -9.424523
19, 7, -21.239896
19, 8, -17.687617
19, 9, -24.762522
19, 10, 38.609973
19, 11, -5.728470
19, 13, -16.359917
19, 14, -25.367307
19, 15, -34.689522
19, 16, 3.093928
19, 17, -37.374941
19, 18, -6.534232
19, 19, -0.735573
19, 20, 11.529464
19, 21, 10.483684
19, 22, 11.793502
19, 23, -17.988533
19, 24, -31.623864
19, 25, -19.540428
19, 26, 3.763514
19, 27, 37.424124
19, 28, -2.837143
19, 29, 23.481316
19, 31, -90.000000
19, 33, 4.288588
19, 35, 8.138329
19, 36, 21.797017
19, 38, 24.433665
19, 39, 24.590333
19, 40, 12.804910
19, 41, 31.452761
19, 42, -1.657058
19, 45, -27.167155
19, 46, -17.291358
19, 48, -17.047952
19, 49, -14.523781
19, 50, -3.122047
20, 1, 27.322611
20, 3, 62.000000
20, 4, 27.146655
20, 5, 23.411172
20, 6, -16.786595
20, 8, -25.370844
20, 10, -1.323690
20, 11, -22.951699
20, 15, -32.233687
20, 16, -21.081706
20, 17, -35.223657
20, 18, 19.293175
20, 19, 18.742185
20, 20, 7.341919
20, 21, -1.741136
20, 23, 9.567812
20, 25, -18.585922
20, 27, 29.440601
20, 28, -30.786861
20, 29, 34.931982
20, 30, -56.688154
20, 33, 27.495687
20, 34, 18.628152
20, 37, -39.024687
20, 39, -2.519014
20, 40, -7.356714
20, 41, 30.961681
20, 42, -12.808876
20, 43, 75.475227
20, 44, -8.079881
20, 46, -11.095481
20, 47, 21.201373
20, 49, 11.128410
20, 50, -9.185093
21, 4, 30.843383
21, 5, 0.475341
21, 6, -15.110411
21, 7, -15.131269
21, 8, -17.812704
21, 11, -5.559421
21, 12, -28.029240
21, 13, -56.376307
21, 14, 19.401132
21, 15, -33.941073
21, 16, 1.339306
21, 17, -34.249871
21, 18, -7.123071
21, 19, -0.357267
21, 20, 17.444024
21, 21, 10.612425
21, 23, -17.988873
21, 25, -16.031627
21, 28, -4.501123
21, 31, -13.261636
21, 32, -13.000000
21, 33, 4.873705
21, 34, 8.779207
21, 35, 0.030171
21, 36, -22.691879
21, 37, -35.975313
21, 38, 2.594511
21, 39, 20.973171
21, 40, 12.247901
21, 41, 31.452554
21, 42, -6.320248
21, 44, -12.526545
21, 45, 6.575967
21, 46, -12.216386
21, 47, 24.853297
21, 48, -18.506890
21, 49, -16.406839
21, 50, -5.955053
22, 1, -96.000000
22, 3, 20.069873
22, 4, 29.736971
22, 5, 11.580400
22, 6, -22.430997
22, 7, -7.262901
22, 10, 5.752218
22, 11, -23.162404
22, 12, -28.760570
22, 13, -59.623693
22, 14, -1.550988
22, 15, -32.430176
22, 16, -27.334969
22, 17, -30.419391
22, 18, 18.825263
22, 19, 19.364335
22, 20, 12.135398
22, 21, 0.607490
22, 22, 80.400994
22, 23, 9.569493
22, 24, -35.821953
22, 25, -14.813941
22, 26, 50.006266
22, 28, -33.049628
22, 31, -12.356304
22, 33, 28.396446
22, 34, 18.627282
22, 35, 26.217690
22, 36, -27.913838
22, 38, 7.980102
22, 39, -7.773612
22, 40, -6.954294
22, 42, -13.627410
22, 44, -8.080175
22, 45, 0.164456
22, 46, -6.375954
22, 47, 20.793902
22, 48, -41.439750
22, 49, 9.285638
22, 50, -11.335173
23, 3, 20.999065
23, 4, 38.165562
23, 5, -7.456397
23, 6, -18.241499
23, 7, -15.114399
23, 8, 9.961144
23, 9, -17.227211
23, 10, -10.402230
23, 11, -5.177892
23, 12, -27.686933
23, 14, 19.401685
23, 16, -0.316666
23, 17, -26.294083
23, 18, -7.417116
23, 19, 0.254646
23, 20, 21.810948
23, 21, 10.599433
23, 22, 80.599006
23, 23, -17.989171
23, 24, -72.773514
23, 25, -14.721690
23, 26, 43.718133
23, 28, -8.663648
23, 30, 5.881101
23, 31, -15.336745
23, 32, 91.000000
23, 33, 6.377076
23, 34, 8.733489
23, 35, 1.871851
23, 36, -21.118365
23, 38, 2.596324
23, 39, 15.345020
23, 40, 11.551956
23, 41, 40.955574
23, 42, -12.551906
23, 44, -13.297437
23, 45, 6.575296
23, 46, -7.642903
23, 47, 23.062089
23, 48, -18.506725
23, 49, -17.618428
24, 1, 15.191903
24, 2, -73.000000
24, 3, 20.131699
24, 4, 31.825618
24, 5, 4.190567
24, 6, -24.503570
24, 7, -7.241704
24, 8, 8.757884
24, 9, -5.919140
24, 10, 5.963028
24, 11, -23.421737
24, 12, -27.189957
24, 13, 33.000000
24, 14, -1.550348
24, 15, -18.724213
24, 16, -31.234942
24, 17, -23.038741
24, 19, 19.748862
24, 20, 15.815577
24, 21, 3.621449
24, 24, -36.349997
24, 26, 50.006130
24, 27, -16.334098
24, 28, -36.418865
24, 29, -33.137921
24, 30, 19.921190
24, 31, -14.428292
24, 33, 29.754843
24, 35, 26.244899
24, 36, -24.587443
24, 38, 7.981798
24, 39, -15.481334
24, 40, -6.631225
24, 41, 17.932405
24, 42, -13.769085
24, 43, -20.657773
24, 44, -8.007465
24, 45, 0.163841
24, 46, -3.264622
24, 47, 19.807826
24, 49, 8.559312
24, 50, -62.000000
25, 1, 10.466376
25, 3, 21.293672
25, 4, 43.219249
25, 5, -10.515194
25, 7, -15.097718
25, 8, 9.961559
25, 9, -18.923850
25, 10, -10.231599
25, 11, -4.870453
25, 12, -26.919297
25, 15, 16.424842
25, 16, -1.000192
25, 17, -17.170929
25, 18, 14.000000
25, 20, 23.859322
25, 21, 10.322817
25, 22, 1.557253
25, 24, -72.954418
25, 25, 25.000000
25, 27, -3.983022
25, 28, -13.309654
25, 29, -63.904582
25, 30, 6.071084
25, 31, -20.349159
25, 33, 8.124294
25, 35, 6.489083
25, 36, -16.759667
25, 38, 2.598281
25, 39, 8.110059
25, 40, 11.241846
25, 41, 40.956651
25, 42, -18.632022
25, 43, 43.761848
25, 44, -14.362063
25, 46, -5.813526
25, 47, 20.533251
25, 48, -18.879492
26, 1, 15.191767
26, 2, -50.168352
26, 3, 20.256331
26, 4, 33.026309
26, 6, 21.713975
26, 8, 8.758228
26, 9, -8.931548
26, 10, 6.303773
26, 11, -23.535870
26, 12, -25.232973
26, 13, 56.346477
26, 14, -31.386531
26, 15, -18.724579
26, 17, -16.527033
26, 19, -18.793968
26, 20, 18.546705
26, 21, 6.466255
26, 22, -5.563375
26, 23, -2.723324
26, 24, -37.539947
26, 26, -32.348451
26, 27, -16.172734
26, 28, -39.284811
26, 29, -33.145212
26, 30, 18.340685
26, 31, -17.355355
26, 32, -50.237614
26, 33, 30.928008
26, 35, 25.935439
26, 36, -19.201469
26, 39, -25.076767
26, 41, 17.933449
26, 42, -12.589613
26, 43, -17.531984
26, 44, -7.798573
26, 47, 18.817222
26, 48, 6.465079
26, 49, 38.000000
26, 50, -36.398818
27, 1, 10.466266
27, 2, -51.831648
27, 3, 21.589130
27, 4, 45.048373
27, 5, -20.281917
27, 6, -6.157686
27, 7, 13.580703
27, 9, -23.243346
27, 10, -10.126099
27, 12, -26.304770
27, 13, 53.653523
27, 14, -56.908754
27, 15, 16.424466
27, 16, -5.317649
27, 17, -11.171655
27, 18, 8.309951
27, 19, -21.915202
27, 20, 23.856146
27, 21, 9.919018
27, 22, -0.515783
27, 23, 3.292043
27, 24, -73.180715
27, 25, -56.000000
27, 26, -13.465969
27, 27, -3.709124
27, 28, -16.292147
27, 29, -63.917331
27, 30, 6.600118
27, 31, -25.365949
27, 33, 9.286660
27, 34, 33.582846
27, 35, 11.665913
27, 36, -10.743009
27, 37, 13.088977
27, 38, -9.456018
27, 39, 0.044258
27, 40, -12.517538
27, 42, -23.140257
27, 43, 44.275857
27, 44, -15.182631
27, 45, -5.932654
27, 46, -9.958378
27, 47, 18.747589
27, 48, -19.213121
27, 50, -16.944260
28, 3, 20.319202
28, 5, 20.240040
28, 6, 20.790393
28, 7, 21.071047
28, 8, -25.014744
28, 9, -13.515640
28, 12, -24.362437
28, 14, -31.386685
28, 16, -2.384956
28, 17, -13.949308
28, 18, -7.595310
28, 19, -17.320973
28, 20, 20.766239
28, 21, 8.198362
28, 22, -7.218684
28, 23, -1.301779
28, 24, -38.497438
28, 26, -32.444391
28, 27, -15.912301
28, 28, -40.391671
28, 29, -33.152703
28, 30, 15.944722
28, 31, -19.423188
28, 33, 31.386078
28, 34, 2.457930
28, 35, 24.982049
28, 36, -13.635539
28, 37, 6.911023
28, 38, -19.708378
28, 39, -35.243668
28, 40, -3.920410
28, 41, -8.502169
28, 42, -10.052416
28, 43, -13.085014
28, 44, -7.590172
28, 45, -38.195570
28, 46, 7.611099
28, 47, 18.405241
28, 48, 4.555562
28, 49, -80.762386
28, 50, -35.932979
29, 1, -3.535573
29, 5, -20.210358
29, 6, -8.045638
29, 7, 13.581002
29, 8, -19.985256
29, 9, -28.197729
29, 10, 28.794511
29, 11, 51.293119
29, 16, -4.703145
29, 18, 8.309639
29, 19, -19.969798
29, 20, 22.789919
29, 21, 9.723671
29, 22, -5.539614
29, 23, 8.178762
29, 24, -73.281697
29, 25, 5.507515
29, 26, -13.073585
29, 27, -3.540253
29, 30, 7.284193
29, 31, -27.445436
29, 34, 33.487968
29, 35, 15.065055
29, 36, -4.900997
29, 38, -9.977987
29, 39, -7.278772
29, 40, -12.516973
29, 41, -36.151150
29, 42, -25.498245
29, 43, 44.919163
29, 44, -15.476958
29, 45, -5.943114
29, 46, -9.958611
29, 48, -20.110596
29, 49, -81.237614
29, 50, -15.099831
30, 1, -12.620608
30, 2, -40.470943
30, 3, -0.980061
30, 4, 6.120456
30, 5, 20.984283
30, 6, 18.566972
30, 9, -17.516613
30, 10, 25.328312
30, 11, 61.199679
30, 12, 45.828569
30, 14, 29.640911
30, 16, -0.872679
30, 17, 5.504280
30, 19, -13.697829
30, 20, 22.736928
30, 22, -9.586225
30, 23, 2.187467
30, 25, 8.259059
30, 26, -32.671075
30, 28, -16.827762
30, 29, -2.550382
30, 30, 13.862812
30, 32, -1.726027
30, 33, -62.000000
30, 34, 2.479933
30, 35, 23.548840
30, 36, -9.588532
30, 37, -9.778936
30, 38, -20.537479
30, 39, -43.937574
30, 40, -3.919994
30, 41, -8.502149
30, 42, -6.870063
30, 43, -9.921383
30, 45, -38.211963
30, 47, 23.524773
30, 48, 1.250980
30, 50, -34.762386
31, 1, -5.285420
31, 2, -29.745318
31, 3, 21.072342
31, 4, 4.416517
31, 5, -20.095011
31, 6, -10.685286
31, 7, -48.593381
31, 8, 2.747120
31, 9, -31.456491
31, 10, 28.795419
31, 11, 49.258391
31, 12, 37.859841
31, 13, -1.252428
31, 14, -1.215966
31, 15, 12.915824
31, 16, -3.328557
31, 17, 4.047480
31, 18, 63.000000
31, 19, -16.995912
31, 20, 21.670861
31, 21, -9.245740
31, 22, -10.589888
31, 23, 15.752410
31, 24, -54.975060
31, 25, 5.521177
31, 26, -12.538347
31, 28, 2.986653
31, 29, 3.513739
31, 30, 7.777717
31, 32, -8.792045
31, 34, 33.429472
31, 35, 15.360917
31, 36, -1.284658
31, 37, 9.534291
31, 38, -11.022221
31, 39, -11.734627
31, 42, -26.120769
31, 43, 45.206458
31, 44, -85.000000
31, 45, -5.953743
31, 46, -35.628665
31, 47, 24.475227
31, 48, -21.267259
31, 50, -12.138274
32, 1, -12.886313
32, 2, -38.455636
32, 3, -0.980703
32, 4, 7.863008
32, 5, 21.727505
32, 6, 16.352602
32, 7, -43.507314
32, 8, 23.019396
32, 9, -19.089358
32, 10, 25.329211
32, 11, 57.122120
32, 12, 43.778706
32, 13, 0.871826
32, 14, 29.615509
32, 16, 1.006021
32, 17, 5.764925
32, 19, -9.757480
32, 20, 24.256332
32, 21, -19.691320
32, 22, -11.279075
32, 23, 5.783035
32, 24, -59.075533
32, 25, 8.283490
32, 26, -32.891086
32, 28, -16.493699
32, 29, -3.648392
32, 30, 13.046937
32, 33, -49.000000
32, 35, 22.283896
32, 36, -8.123801
32, 37, -9.807703
32, 38, -21.366833
32, 39, -48.987142
32, 40, 5.536266
32, 42, -4.224134
32, 46, -33.371335
32, 48, -2.318204
32, 49, 11.364902
32, 50, -33.398506
33, 1, -9.239264
33, 2, -27.664889
33, 3, 20.218479
33, 4, 7.360833
33, 6, -12.530225
33, 7, -48.593116
33, 8, 1.973649
33, 11, 44.332210
33, 12, 35.914334
33, 13, -0.758964
33, 14, -1.279887
33, 15, 55.000000
33, 16, -2.232196
33, 17, 4.430052
33, 18, -19.693125
33, 19, -14.237023
33, 20, 21.045225
33, 21, -9.219557
33, 22, -12.689582
33, 23, 22.741170
33, 24, -54.981372
33, 25, 5.535064
33, 26, -12.174024
33, 27, -10.268256
33, 28, 2.945348
33, 29, 3.361965
33, 32, 3.818311
33, 34, 11.000000
33, 35, 12.703094
33, 37, 9.490878
33, 38, -11.544678
33, 40, -4.270996
33, 42, -26.018488
33, 45, -10.862888
33, 47, -95.881193
33, 48, -22.241233
33, 49, -2.320816
33, 50, -9.114849
34, 1, -12.123585
34, 2, -33.011296
34, 3, -0.981264
34, 4, 12.616243
34, 6, 15.438144
34, 8, 20.527369
34, 9, -44.280373
34, 10, -6.024293
34, 11, 51.324216
34, 12, 38.550429
34, 13, 0.901465
34, 14, 29.574759
34, 16, 1.839365
34, 17, 6.186547
34, 18, -22.306875
34, 19, -7.164481
34, 20, 24.846316
34, 21, -20.359235
34, 23, 7.325244
34, 24, -59.084375
34, 26, -32.980443
34, 27, -29.699366
34, 28, -15.832789
34, 29, -6.702451
34, 30, 4.000000
34, 31, -12.896108
34, 32, -11.131804
34, 33, 20.212926
34, 35, 21.919612
34, 36, 11.380402
34, 37, -9.836273
34, 40, 5.133236
34, 41, 25.356420
34, 42, -3.196850
34, 43, -11.633153
34, 44, 48.894365
34, 45, 30.251733
34, 46, 85.000000
34, 47, -61.827490
34, 48, -4.656168
34, 49, 9.892161
34, 50, -32.309440
35, 1, -12.687005
35, 2, -23.871837
35, 3, 19.364713
35, 4, 12.307243
35, 7, -41.217898
35, 8, -0.050305
35, 9, -58.243557
35, 10, -23.555274
35, 11, 39.385535
35, 12, 32.854926
35, 13, -0.453885
35, 14, -1.318931
35, 17, 4.666719
35, 19, -12.549330
35, 21, -9.117927
35, 22, -40.672165
35, 23, 26.455938
35, 24, -54.987653
35, 25, -16.113835
35, 27, -10.245857
35, 28, 2.618761
35, 29, 2.709868
35, 32, 3.780068
35, 33, 22.787074
35, 34, -14.582255
35, 35, 8.377014
35, 36, 27.511992
35, 38, -9.539022
35, 40, -4.605398
35, 43, -25.688879
35, 44, 32.588789
35, 45, -9.253490
35, 48, -22.622347
35, 49, -3.916389
35, 50, -6.944598
36, 1, -9.320014
36, 2, -25.861198
36, 3, -0.981396
36, 4, 19.006943
36, 6, -93.000000
36, 7, -24.719294
36, 8, 15.656651
36, 9, -44.280336
36, 10, -6.969363
36, 11, 47.201676
36, 12, 32.538663
36, 18, -5.470427
36, 19, -6.491366
36, 20, -30.131432
36, 21, -21.237257
36, 22, -21.993745
36, 23, 5.690335
36, 25, -14.886165
36, 26, -65.819105
36, 27, -29.669812
36, 28, -15.585401
36, 29, -10.994996
36, 30, -9.405966
36, 31, 12.349639
36, 32, -11.105061
36, 34, -16.279905
36, 35, 22.797977
36, 36, 12.743609
36, 37, 0.000000
36, 38, 4.850323
36, 39, -9.348811
36, 40, 4.326330
36, 42, 2.759921
36, 43, -11.633256
36, 44, 48.937618
36, 45, 29.591025
36, 46, 48.475227
36, 49, 6.583058
36, 50, -31.734647
37, 1, -13.880294
37, 2, -19.192524
37, 4, 17.669219
37, 5, -13.000000
37, 8, -2.710509
37, 10, -24.545941
37, 11, 37.330029
37, 12, 30.085444
37, 13, 23.146323
37, 14, 0.297436
37, 16, -43.000000
37, 17, -25.528764
37, 18, -11.529573
37, 19, -12.052849
37, 20, -28.620447
37, 21, -8.943078
37, 22, -39.509318
37, 23, 26.096543
37, 24, 32.230382
37, 26, -30.119440
37, 27, -10.223468
37, 28, 1.771113
37, 29, 1.334551
37, 30, -10.594034
37, 31, 15.586255
37, 32, 3.864611
37, 33, 8.811761
37, 34, -15.015272
37, 35, 4.000950
37, 36, 30.464609
37, 38, -8.505510
37, 39, 5.229490
37, 40, -4.940229
37, 41, 99999.000000
37, 42, 1.121773
37, 44, 32.609004
37, 45, -4.698398
37, 46, -13.032738
37, 48, 11.692954
37, 49, -5.905006
37, 50, -6.165921
38, 1, -5.231446
38, 2, -19.409646
38, 4, 25.036108
38, 6, -1.534650
38, 8, 8.893520
38, 10, -8.860078
38, 12, 28.576504
38, 13, 19.919206
38, 14, -42.842344
38, 15, 22.844409
38, 17, -9.829154
38, 19, -7.174242
38, 20, -30.387691
38, 21, -21.865251
38, 22, -19.579706
38, 23, 1.576096
38, 24, 29.154306
38, 25, -24.529744
38, 26, -65.819259
38, 28, -16.297141
38, 29, -15.417198
38, 31, 12.349863
38, 32, -10.662530
38, 33, 3.188239
38, 34, -17.149741
38, 35, 24.683287
38, 36, 15.805999
38, 37, 0.506054
38, 38, 6.610824
38, 39, -10.272680
38, 40, 3.922610
38, 42, 4.024877
38, 43, 62.000000
38, 44, 49.007537
38, 45, 28.910227
38, 48, 6.307046
38, 49, 3.929154
39, 1, -13.324446
39, 2, -14.792898
39, 3, 64.460692
39, 4, 21.741799
39, 5, 18.878104
39, 6, 3.828651
39, 8, -5.606586
39, 9, 9.853015
39, 10, -25.537038
39, 12, 28.971195
39, 13, 24.778802
39, 14, -1.498660
39, 15, 15.321976
39, 16, -12.921799
39, 17, -24.889793
39, 18, 84.000000
39, 19, -12.281000
39, 20, -28.983554
39, 21, -8.795534
39, 22, -36.275675
39, 23, 22.986487
39, 24, 32.230802
39, 25, -30.836545
39, 26, -30.119692
39, 27, -18.335296
39, 28, 0.403459
39, 29, -0.405107
39, 30, 17.851792
39, 32, 4.490137
39, 34, -15.881976
39, 35, 0.766810
39, 36, 34.144513
39, 37, -9.009439
39, 38, -5.487959
39, 39, 3.165566
39, 41, -29.892920
39, 42, 2.781402
39, 44, 32.621581
39, 45, 1.786718
39, 49, -6.789782
40, 1, -2.170360
40, 2, -15.748515
40, 3, 74.540051
40, 4, 28.686789
40, 5, 24.561440
40, 6, -1.534747
40, 7, -1.955412
40, 8, 1.243522
40, 9, 21.864424
40, 10, -9.805970
40, 13, 20.867628
40, 14, -38.601973
40, 15, 21.929045
40, 16, 5.338126
40, 17, -10.925180
40, 19, -8.157777
40, 20, -30.802156
40, 21, -22.076295
40, 22, -15.738067
40, 23, -2.832907
40, 24, 29.154849
40, 27, -0.490102
40, 28, -17.928283
40, 29, -18.731144
40, 30, 43.208786
40, 31, -65.341910
40, 32, -9.503105
40, 33, -95.000000
40, 34, -18.020259
40, 35, 26.955164
40, 36, 18.261917
40, 37, 1.253883
40, 38, 9.718022
40, 39, -11.570520
40, 40, -8.705948
40, 41, -51.153430
40, 42, 7.978229
40, 43, -13.985085
40, 45, 28.785050
40, 47, -6.915111
40, 48, -7.247640
40, 50, 30.059318
41, 1, -12.818675
41, 2, -11.694303
41, 3, 64.460615
41, 4, 23.254117
41, 5, 18.879269
41, 7, -12.602175
41, 8, -8.779205
41, 9, 9.628743
41, 12, 9.456770
41, 13, 28.694948
41, 14, -6.056127
41, 15, 14.710180
41, 16, -12.918417
41, 17, -23.558031
41, 18, 47.059983
41, 19, -12.601668
41, 20, -29.207993
41, 22, -31.634482
41, 23, 19.565921
41, 26, 49.653523
41, 27, -15.398178
41, 28, -1.235073
41, 29, -1.645299
41, 30, 17.688711
41, 31, -60.064780
41, 32, 5.891293
41, 34, -16.315842
41, 35, -0.934181
41, 36, 35.781814
41, 37, -7.924964
41, 38, -0.870270
41, 39, 0.598428
41, 40, -18.812787
41, 41, -29.892452
41, 42, 6.809722
41, 43, -11.014915
41, 44, 0.630960
41, 45, 8.261196
41, 46, -23.247557
41, 47, -33.361969
41, 48, -0.429947
41, 49, 15.717782
41, 50, 25.940682
42, 2, -15.516162
42, 5, 24.557796
42, 6, -25.962641
42, 7, -1.513978
42, 8, -6.013388
42, 9, 20.125692
42, 12, -24.109246
42, 13, 22.544663
42, 14, -31.531310
42, 15, 20.641194
42, 16, 5.342382
42, 17, -13.509719
42, 18, 31.021983
42, 19, -8.588226
42, 22, -11.844755
42, 23, -5.311943
42, 24, 7.000000
42, 27, 4.372543
42, 28, -19.935827
42, 29, -19.959637
42, 30, 40.940502
42, 31, -64.912522
42, 32, -7.878943
42, 33, -50.938708
42, 35, 28.969139
42, 37, 3.063114
42, 38, 13.349542
42, 39, -12.481613
42, 40, -9.450707
42, 41, -51.153008
42, 42, 14.671372
42, 44, 32.691979
42, 45, 29.122972
42, 47, -6.915106
42, 48, -7.247376
42, 49, 22.396643
43, 1, 19.876801
43, 2, -10.222297
43, 3, 42.757415
43, 4, 2.951824
43, 5, 18.880532
43, 6, 4.767407
43, 7, -14.683073
43, 8, -12.402338
43, 9, 9.041827
43, 10, -1.597170
43, 11, 19.495114
43, 12, 9.486819
43, 13, 32.726998
43, 14, -11.254140
43, 15, 14.097584
43, 16, -12.914752
43, 17, -22.775897
43, 18, 47.059705
43, 20, 86.514829
43, 22, -26.440544
43, 23, 17.745080
43, 25, -43.217172
43, 27, -7.313582
43, 28, -2.780662
43, 30, 17.324248
43, 31, -58.932136
43, 32, 7.837066
43, 33, 10.409688
43, 34, -52.415909
43, 35, -1.441598
43, 36, -38.106267
43, 37, -6.200169
43, 38, 4.500380
43, 39, -0.541672
43, 40, -19.366223
43, 42, 13.609430
43, 43, -32.033674
43, 44, 1.023175
43, 45, 12.341371
43, 46, -59.000000
43, 48, -0.429649
43, 49, 15.687284
44, 1, -10.569423
44, 2, -17.479815
44, 3, 42.242585
44, 4, 11.124491
44, 6, -26.053539
44, 7, -0.272811
44, 8, -11.819592
44, 9, 17.278850
44, 10, 28.554953
44, 12, -24.067290
44, 13, 24.602204
44, 14, -24.201082
44, 15, 19.734979
44, 17, -17.707771
44, 18, 31.016153
44, 19, -88.000000
44, 20, 85.485171
44, 21, 16.997109
44, 22, -8.932175
44, 23, -5.174588
44, 24, -1.900909
44, 25, -13.247568
44, 27, 12.800594
44, 28, -21.655116
44, 29, 1.618892
44, 30, 38.111851
44, 31, -63.949059
44, 32, -6.510842
44, 33, -50.938224
44, 34, -55.584091
44, 35, 30.299055
44, 36, -39.594741
44, 37, 4.987110
44, 38, 16.543608
44, 40, -11.129975
44, 41, 4.621849
44, 42, 23.290342
44, 43, -4.096302
44, 44, 32.218848
44, 45, 29.345372
44, 47, -13.411999
44, 49, 22.354047
45, 1, 18.883107
45, 2, -9.892604
45, 4, 4.520193
45, 5, 32.499914
45, 6, 1.805104
45, 7, -17.661946
45, 8, -16.284062
45, 9, 8.317887
45, 10, -0.759125
45, 11, 6.668234
45, 12, 9.516826
45, 13, 35.144388
45, 14, -14.655530
45, 16, -40.207955
45, 17, -23.349534
45, 21, -8.080594
45, 22, -21.557920
45, 23, 17.757741
45, 24, 1.900909
45, 25, -40.478574
45, 26, 59.399118
45, 27, 3.730052
45, 28, -3.881239
45, 29, 5.381108
45, 30, 17.033336
45, 31, -57.521868
45, 32, 9.747444
45, 33, 10.471877
45, 35, -1.435870
45, 36, -38.105522
45, 37, -4.441457
45, 38, 9.455001
45, 40, -20.062098
45, 41, -10.800652
45, 42, 22.253211
45, 43, -30.572942
45, 44, 1.903958
45, 46, -38.606910
45, 47, 16.658593
45, 48, 58.049546
45, 49, 15.656908
46, 1, -13.055016
46, 2, -19.346096
46, 4, 13.732758
46, 5, 28.500086
46, 6, -26.274140
46, 7, 1.618838
46, 8, -15.708203
46, 9, 14.391887
46, 10, 29.779016
46, 11, -21.047127
46, 13, 26.620113
46, 14, -19.540701
46, 16, -41.792045
46, 17, -22.725970
46, 19, 8.608778
46, 20, 54.341958
46, 21, 15.510907
46, 22, -7.305315
46, 23, -3.684587
46, 25, -11.126086
46, 26, 52.410938
46, 27, 22.325661
46, 28, -22.616633
46, 30, 36.852724
46, 31, -63.177746
46, 32, -5.953285
46, 34, -29.099315
46, 35, 30.757270
46, 36, -39.593985
46, 37, 6.288078
46, 38, 18.672011
46, 40, -12.482035
46, 41, 4.980802
46, 42, 31.963882
46, 43, -0.490252
46, 44, 31.625594
46, 45, -73.000000
46, 46, -19.933771
46, 47, -13.384505
46, 48, 59.950454
46, 50, 1.673410
47, 1, 16.650555
47, 2, -9.909186
47, 3, 12.889851
47, 4, 8.047099
47, 6, -2.410272
47, 7, -20.072286
47, 8, -19.702494
47, 9, 7.734456
47, 10, 1.124598
47, 11, 6.689855
47, 12, 75.910852
47, 13, 35.729471
47, 17, -24.922203
47, 19, 2.391222
47, 20, 65.438589
47, 21, -8.664310
47, 22, -17.766273
47, 23, 18.392863
47, 24, -33.000000
47, 25, -36.571971
47, 27, 14.335500
47, 28, -4.279962
47, 29, 99999.000000
47, 31, -56.895073
47, 32, 11.109796
47, 34, -49.037707
47, 37, -3.110309
47, 38, 12.897748
47, 39, -21.095037
47, 40, -20.373974
47, 41, -10.401830
47, 42, 30.426507
47, 43, -27.288314
47, 44, 2.609629
47, 46, -38.607034
47, 47, 16.699079
47, 49, 17.772527
48, 1, -16.151242
48, 3, 9.022711
48, 4, 16.987590
48, 5, -10.217265
48, 6, -26.497104
48, 7, 3.113218
48, 8, -17.793556
48, 9, 12.588251
48, 10, 31.304150
48, 11, -21.012282
48, 13, 28.122859
48, 15, 27.331562
48, 16, -42.107849
48, 17, -26.901669
48, 20, 54.342049
48, 21, 14.024544
48, 22, -6.659983
48, 23, -2.866741
48, 25, -8.478811
48, 26, -92.000000
48, 27, 29.848385
48, 30, -48.927558
48, 32, -6.064659
48, 34, -29.105772
48, 35, -12.104063
48, 36, 4.662865
48, 37, 6.851596
48, 38, 19.652021
48, 39, -3.069373
48, 41, 5.699484
48, 42, 38.389420
48, 43, 4.006862
48, 44, 31.360269
48, 45, 25.929183
48, 46, -19.933910
48, 47, -13.357025
48, 48, -15.451224
48, 49, 31.927986
48, 50, 26.107687
49, 1, 14.860143
49, 3, 12.889286
49, 4, 10.878311
49, 5, -28.618993
49, 6, -5.409782
49, 7, -20.969934
49, 8, -21.727198
49, 9, 7.512419
49, 10, 2.636135
49, 11, 6.711318
49, 13, 35.503465
49, 16, -52.094730
49, 17, -26.249916
49, 18, -33.663466
49, 19, -32.272244
49, 21, -9.025158
49, 22, -15.689799
49, 24, -76.000000
49, 25, -33.785553
49, 27, 20.846717
49, 28, -15.227841
49, 29, 25.267273
49, 30, -62.798236
49, 31, 46.341505
49, 32, 11.760746
49, 33, 18.728350
49, 34, -49.048332
49, 35, -16.895937
49, 36, -11.149989
49, 37, -2.418932
49, 38, 14.122702
49, 39, -21.096478
49, 40, 22.797017
49, 41, -10.002000
49, 42, 35.411673
49, 43, -24.651573
49, 45, 38.227769
49, 48, -34.962852
49, 49, 17.772277
49, 50, 36.094730
50, 1, -17.528075
50, 3, 9.022137
50, 4, 18.437132
50, 5, -10.217046
50, 6, -26.590445
50, 8, -18.428859
50, 10, 31.982578
50, 13, 28.683382
50, 14, -50.148466
50, 15, 61.000000
50, 16, -42.107758
50, 17, -28.533077
50, 18, -38.336534
50, 19, -30.727756
50, 20, 4.000000
50, 22, -6.517626
50, 23, 75.000000
50, 25, -7.299790
50, 26, 68.000000
50, 27, 32.708550
50, 28, -20.772159
50, 29, 22.732727
50, 30, -48.927450
50, 31, 42.658495
50, 32, -6.218712
50, 33, -3.692954
50, 34, -29.112524
50, 36, 4.662425
50, 37, 6.976887
50, 39, -3.070770
50, 40, 22.202983
50, 41, 6.059356
50, 42, 40.755710
50, 43, 6.008639
50, 44, -53.000000
50, 45, 25.928925
50, 46, -72.000000
50, 47, -8.000000
50, 48, -15.451488
50, 49, 31.927726
50, 50, 26.107920
