1, 1, 33.000000
1, 3, -19.094016
1, 4, 22.374359
1, 6, -0.536510
1, 7, 15.597872
1, 8, 35.153452
1, 9, -12.403587
1, 10, -19.000000
1, 11, 4.581369
1, 12, 99999.000000
1, 13, -86.000000
1, 14, -57.366350
1, 15, -38.000000
1, 16, 0.198016
1, 18, -91.237619
1, 19, -38.017960
1, 20, -36.052249
1, 21, -22.991658
1, 22, -3.362535
1, 23, -1.547054
1, 24, 20.736405
1, 25, -18.856950
1, 27, 62.000000
1, 28, 11.596326
1, 29, -41.000000
1, 30, -34.004322
1, 32, -9.687827
1, 33, -38.313222
1, 34, -22.115558
1, 35, -13.893742
1, 37, -82.000000
1, 38, -87.000000
1, 39, 82.000000
1, 40, -18.492687
1, 41, 21.419129
1, 42, -11.747251
1, 43, -26.222851
1, 45, 25.071452
1, 46, -81.000000
1, 47, 1.338892
1, 49, 45.000000
1, 50, 14.643871
2, 2, 52.514105
2, 3, -30.391913
2, 4, 6.409265
2, 5, -52.862385
2, 6, 4.130617
2, 7, 5.795898
2, 8, 33.846548
2, 9, -23.651446
2, 11, 0.957645
2, 14, -58.633650
2, 16, 29.492694
2, 17, 2.513768
2, 19, -42.035193
2, 20, -9.775598
2, 21, -24.379193
2, 22, -16.876032
2, 23, 3.127830
2, 24, 3.428770
2, 25, -29.906611
2, 28, 3.366367
2, 30, -35.054089
2, 31, 9.477186
2, 32, -7.023818
2, 33, -30.012944
2, 34, -2.254067
2, 35, 4.460448
2, 36, -70.282183
2, 40, 2.137870
2, 41, 13.928941
2, 42, -29.501769
2, 43, -40.268406
2, 44, 7.502523
2, 45, -1.532646
2, 47, -10.261248
2, 48, -12.063186
2, 50, 24.484476
3, 1, -19.453964
3, 2, 5.323461
3, 3, -19.137445
3, 4, 22.372245
3, 5, -32.558804
3, 6, -0.195671
3, 7, 15.597873
3, 9, -12.403582
3, 11, 3.782430
3, 12, 34.416039
3, 13, 99999.000000
3, 15, -26.752460
3, 17, -43.679826
3, 19, -37.019658
3, 20, -36.052237
3, 21, -23.639589
3, 22, -3.362550
3, 23, -1.826246
3, 24, 20.750869
3, 25, -19.316991
3, 26, -24.651430
3, 27, -1.518493
3, 28, 11.596328
3, 29, 46.338939
3, 30, -34.004317
3, 31, 7.021735
3, 32, -9.141968
3, 33, -36.397801
3, 34, -22.172048
3, 35, -13.695440
3, 36, -70.717817
3, 37, -79.000000
3, 38, 39.618850
3, 39, 1.338227
3, 40, -18.660389
3, 41, 21.419128
3, 42, -11.747250
3, 43, -26.244455
3, 44, -41.869990
3, 45, 25.072240
3, 47, 2.282069
3, 48, -7.624558
3, 49, -36.371577
3, 50, 14.643958
4, 1, -16.465385
4, 2, 52.514105
4, 3, -30.469832
4, 4, 6.406233
4, 5, -52.863491
4, 6, 4.267071
4, 8, -12.669204
4, 9, -23.651728
4, 10, -95.000000
4, 11, -0.555585
4, 12, 30.069879
4, 14, 13.026353
4, 15, -25.247540
4, 17, 2.513780
4, 19, -43.403237
4, 20, -9.775588
4, 21, -27.082675
4, 23, -0.204533
4, 24, 3.439516
4, 25, -28.358404
4, 26, -38.033566
4, 27, 7.294328
4, 29, 60.579544
4, 31, 9.484825
4, 32, -5.550390
4, 33, -25.465879
4, 34, -0.100484
4, 35, 4.787498
4, 38, 43.381150
4, 39, -15.196857
4, 40, 2.085162
4, 43, -40.357932
4, 44, 6.822262
4, 45, -1.531545
4, 47, -7.976584
4, 48, -12.063188
4, 49, -47.208814
4, 50, 24.484725
5, 1, -19.418317
5, 2, 5.320486
5, 3, -19.224300
5, 4, 22.370127
5, 5, -32.560454
5, 6, 0.863280
5, 7, 21.956909
5, 8, -39.361053
5, 11, 1.852405
5, 12, 34.416037
5, 13, 14.028018
5, 14, 18.370650
5, 19, -34.496936
5, 21, -25.398052
5, 23, -2.525030
5, 24, 20.774283
5, 25, -20.682936
5, 26, -22.712489
5, 27, 0.155795
5, 29, 46.338941
5, 31, 7.020807
5, 32, -7.709917
5, 33, -31.215082
5, 34, -22.302460
5, 35, -13.200017
5, 36, -4.868098
5, 39, 1.195885
5, 40, -18.995775
5, 41, -3.915640
5, 43, -26.279417
5, 44, -42.830902
5, 45, 25.073024
5, 47, 4.779857
5, 49, -36.371580
5, 50, 14.644045
6, 1, -16.395605
6, 3, -30.547745
6, 5, -52.864597
6, 6, 4.661066
6, 7, 5.959343
6, 8, -11.461520
6, 10, 1.751364
6, 11, -2.697658
6, 13, -0.712236
6, 14, 11.139926
6, 16, -17.688565
6, 19, -45.500646
6, 20, -20.217292
6, 21, -31.712981
6, 23, -5.490817
6, 24, 3.446165
6, 25, -26.304569
6, 26, -36.525114
6, 27, 8.797432
6, 31, 9.497194
6, 32, -3.395145
6, 33, -17.708491
6, 34, 3.406264
6, 35, 5.269519
6, 36, 12.914477
6, 38, -16.089281
6, 39, -15.510082
6, 40, 2.032460
6, 41, 16.969709
6, 42, -38.739523
6, 43, -40.447462
6, 44, 5.293661
6, 47, -4.204003
6, 49, -47.208818
7, 1, -19.360634
7, 3, -19.267726
7, 4, -24.014800
7, 6, 2.564531
7, 7, 21.956901
7, 8, -35.438905
7, 10, -17.634421
7, 11, -0.079339
7, 12, 4.152469
7, 13, 14.002791
7, 14, 15.952063
7, 16, -21.201789
7, 18, 28.697975
7, 19, -31.637021
7, 20, -3.142741
7, 21, -27.788985
7, 22, 43.799737
7, 23, -3.298684
7, 25, -22.796476
7, 26, -19.151278
7, 27, 4.813209
7, 29, -30.187981
7, 31, 7.020239
7, 32, -5.911377
7, 33, -24.328815
7, 34, -22.428668
7, 35, -12.635074
7, 36, -5.165042
7, 38, -17.770894
7, 39, 0.911211
7, 40, -19.163463
7, 41, -5.953197
7, 42, -64.354115
7, 44, -44.029106
7, 46, -10.098694
7, 47, 7.980394
7, 50, 24.151779
8, 1, -16.352474
8, 4, -18.985200
8, 5, 6.064313
8, 6, 5.243533
8, 8, -8.289345
8, 9, 17.958098
8, 10, 1.607487
8, 11, -4.213784
8, 12, 28.564933
8, 13, -0.303029
8, 14, 5.629869
8, 16, -16.528629
8, 19, -47.346516
8, 20, -19.414001
8, 21, -36.978272
8, 22, 2.941032
8, 23, -10.706767
8, 24, -2.000000
8, 25, -25.045415
8, 26, -33.159300
8, 27, 11.562046
8, 29, -14.363065
8, 30, -9.874154
8, 32, -1.738781
8, 33, -9.114833
8, 34, 6.940455
8, 35, 5.693295
8, 36, 12.420859
8, 37, -18.115695
8, 38, -15.425752
8, 39, -15.823299
8, 41, 15.414328
8, 42, -38.739522
8, 44, 4.067743
8, 45, 2.728583
8, 46, -9.394620
8, 47, -0.200277
8, 48, -22.099302
8, 49, 14.000000
8, 50, 0.640240
9, 3, -27.644371
9, 5, 2.271130
9, 6, 4.398933
9, 8, -29.056794
9, 9, -19.867849
9, 10, -17.779425
9, 11, -0.880004
9, 12, 4.152469
9, 13, 13.946157
9, 14, 11.111564
9, 15, 23.000000
9, 16, -21.076018
9, 17, 60.000000
9, 19, -29.775405
9, 20, -2.898345
9, 21, -30.220444
9, 22, 40.795268
9, 23, -3.776769
9, 25, -25.162128
9, 26, -14.532240
9, 27, 11.466264
9, 29, -30.187990
9, 30, -24.764927
9, 31, -68.000000
9, 32, -4.339645
9, 33, -17.901958
9, 34, -22.502431
9, 35, -12.216365
9, 36, -5.758930
9, 37, -56.809244
9, 38, -13.802358
9, 39, 0.768874
9, 40, 31.343459
9, 41, -11.320706
9, 44, -44.562348
9, 45, 11.952735
9, 46, -11.031924
9, 47, 10.851120
9, 48, -5.954828
9, 50, 24.151330
10, 1, 28.528494
10, 2, -51.465005
10, 3, -22.581677
10, 4, 17.145622
10, 5, 6.064326
10, 6, 5.492593
10, 7, -21.710819
10, 8, -4.347414
10, 9, 19.091701
10, 10, 1.319743
10, 13, 0.207333
10, 14, -2.957174
10, 16, -14.888374
10, 19, -48.075876
10, 20, -17.097500
10, 21, -41.468801
10, 22, 2.942813
10, 23, -14.212840
10, 24, -15.411902
10, 25, -25.169333
10, 26, -27.677120
10, 27, 15.157289
10, 29, -14.363075
10, 30, -9.874143
10, 32, -1.538932
10, 33, -2.446420
10, 34, 9.138440
10, 35, 5.926101
10, 36, 11.927231
10, 37, -18.243840
10, 38, -13.527933
10, 40, 13.697142
10, 41, 12.899426
10, 42, -51.938357
10, 43, -3.420753
10, 45, 2.730446
10, 46, -10.767915
10, 47, 2.785713
10, 48, -22.372917
10, 49, 17.539376
10, 50, 0.639589
11, 1, 2.981697
11, 2, -44.320706
11, 3, -27.961227
11, 4, -6.260448
11, 5, 2.271143
11, 6, 5.405757
11, 7, -9.754296
11, 8, -22.630198
11, 9, -18.427074
11, 10, -17.924418
11, 11, -24.762272
11, 12, -16.000000
11, 13, 13.900787
11, 14, 4.123001
11, 15, 11.435635
11, 16, -20.950234
11, 17, -10.218366
11, 20, -2.144110
11, 21, -32.157909
11, 22, 35.390272
11, 23, -3.762998
11, 24, -9.064092
11, 25, -26.965755
11, 26, -9.550889
11, 27, 18.798698
11, 28, 9.400992
11, 30, -24.764917
11, 32, -3.399606
11, 33, -14.037400
11, 34, -22.523905
11, 35, -12.065474
11, 36, -6.055879
11, 37, -56.842836
11, 38, -6.652112
11, 39, -4.715888
11, 40, 32.298148
11, 41, -18.134270
11, 42, -54.804973
11, 44, 1.298134
11, 45, 11.955553
11, 46, -13.406903
11, 47, 12.525485
11, 48, -6.284518
11, 49, -2.732025
11, 50, 24.150882
12, 1, 28.415818
12, 2, -51.775373
12, 3, -22.796098
12, 4, 17.719626
12, 6, 4.555661
12, 7, -21.714821
12, 8, -1.141356
12, 9, 20.695329
12, 10, 1.175872
12, 11, -24.616054
12, 13, 0.434499
12, 14, -13.490595
12, 16, -13.728633
12, 17, -5.159177
12, 18, -2.228353
12, 19, -9.473561
12, 20, -13.510062
12, 21, -44.032494
12, 22, 2.787275
12, 23, -15.492761
12, 24, -15.391432
12, 25, -26.125294
12, 26, -20.435453
12, 27, 19.047048
12, 28, 9.599008
12, 29, 80.000000
12, 31, 16.935676
12, 32, -3.014385
12, 33, 0.063181
12, 37, -18.531876
12, 38, -10.703745
12, 39, -3.589104
12, 40, 15.333674
12, 41, 10.307944
12, 42, -51.938359
12, 43, -19.520958
12, 44, 16.391903
12, 45, 2.732306
12, 46, -12.824197
12, 47, 3.883172
12, 48, -22.920146
12, 49, 17.539396
13, 1, 4.955174
13, 2, -45.349114
13, 3, -28.673191
13, 4, -2.498800
13, 5, 22.896723
13, 6, 4.611125
13, 7, -11.714948
13, 8, -18.636070
13, 9, -16.630474
13, 11, -24.759808
13, 14, -4.137070
13, 17, -10.218354
13, 18, -0.702737
13, 19, 4.691649
13, 20, -0.471224
13, 21, -33.222354
13, 22, 28.719926
13, 23, -3.347269
13, 24, -9.049653
13, 25, -27.405781
13, 26, -4.902911
13, 27, 25.547753
13, 30, -59.269872
13, 31, 20.064324
13, 32, -3.153055
13, 34, 0.247458
13, 35, 4.431998
13, 36, -43.762381
13, 37, -56.884754
13, 38, 2.176461
13, 39, -4.716503
13, 40, 34.443231
13, 41, -24.179600
13, 43, -13.746703
13, 44, 1.298115
13, 46, -16.125793
13, 48, -6.614215
13, 49, -2.732007
13, 50, 4.017924
14, 1, 28.134369
14, 2, -52.555293
14, 3, -23.063489
14, 4, 19.315257
14, 5, 44.973100
14, 6, 1.728070
14, 7, -21.720429
14, 8, 0.087270
14, 9, 21.829597
14, 10, -0.788382
14, 11, -24.509707
14, 13, 6.482555
14, 14, -24.217040
14, 17, -5.159165
14, 18, -2.228354
14, 19, -9.473546
14, 20, -8.970040
14, 22, 2.355450
14, 23, -15.210530
14, 24, -15.350505
14, 25, -26.638155
14, 26, -12.612382
14, 27, 22.684898
14, 28, -31.443919
14, 30, -27.513801
14, 32, -5.501267
14, 33, -50.012442
14, 34, -6.247458
14, 35, 8.720324
14, 36, -44.237619
14, 37, -18.762954
14, 38, -7.514949
14, 39, -3.590269
14, 40, 17.374343
14, 41, 8.430897
14, 43, -19.573952
14, 44, 16.391882
14, 46, -14.492926
14, 47, -20.803772
14, 48, -23.193764
14, 50, 3.147318
15, 1, 8.203798
15, 2, -46.921339
15, 3, -29.244139
15, 4, 4.198720
15, 5, 21.190447
15, 6, 1.620277
15, 7, -14.714984
15, 9, -15.830914
15, 10, 39.133679
15, 11, -24.754887
15, 12, 21.889266
15, 13, -16.484884
15, 14, -12.122109
15, 18, -0.702738
15, 19, 4.691664
15, 20, 2.441701
15, 22, 22.277856
15, 23, -2.853924
15, 24, -9.035225
15, 25, -26.134268
15, 26, -1.174660
15, 27, 30.833783
15, 28, -24.169678
15, 29, 23.518205
15, 30, -59.269874
15, 31, -84.000000
15, 32, -3.342968
15, 33, -42.124009
15, 35, 4.877420
15, 37, -56.903419
15, 38, 10.690442
15, 39, -4.717116
15, 40, 36.163389
15, 41, -27.674574
15, 43, -13.843946
15, 45, -27.170189
15, 46, -17.888654
15, 47, 0.338132
15, 49, -13.285316
15, 50, 3.101268
16, 1, 27.813634
16, 2, -53.431803
16, 3, -23.182494
16, 4, 21.615516
16, 5, 40.775789
16, 6, -3.056258
16, 7, -21.718916
16, 8, -25.139156
16, 10, -0.852730
16, 11, -24.403363
16, 12, -12.395025
16, 13, 6.477311
16, 14, -33.030915
16, 16, -14.403699
16, 17, 51.816866
16, 20, -3.832819
16, 22, 1.761014
16, 23, -14.603847
16, 24, -15.330047
16, 25, -25.644110
16, 26, -5.934504
16, 27, 25.603189
16, 28, -31.443917
16, 29, 35.174756
16, 30, -27.513261
16, 32, -7.776046
16, 33, -50.012449
16, 34, 2.000000
16, 35, 9.491847
16, 36, 66.000000
16, 38, -4.722290
16, 40, 18.282514
16, 41, 7.753633
16, 43, -19.659695
16, 44, 37.721157
16, 45, -6.445852
16, 46, -14.815046
16, 47, -20.804272
16, 48, 5.159593
16, 49, 13.455915
16, 50, 0.680604
17, 1, 11.521035
17, 2, -48.300543
17, 4, 12.553206
17, 5, 16.398556
17, 6, -3.088762
17, 7, -17.349304
17, 8, -17.605033
17, 9, -24.762709
17, 10, 39.007806
17, 11, -24.752426
17, 12, 21.888549
17, 13, -16.462539
17, 14, -17.961672
17, 15, -34.926449
17, 16, 3.238752
17, 17, 55.183134
17, 18, -6.642085
17, 19, 86.000000
17, 20, 6.571106
17, 21, 10.455321
17, 22, 17.610529
17, 23, -2.638508
17, 25, -23.494154
17, 26, 1.218379
17, 27, 34.293781
17, 28, -24.169680
17, 29, 23.513483
17, 31, 99999.000000
17, 32, -3.578229
17, 33, -42.124015
17, 35, 5.768259
17, 38, 16.842438
17, 39, 23.437267
17, 42, -3.018604
17, 43, -13.904047
17, 44, 22.185952
17, 45, -27.170012
17, 46, -17.785854
17, 47, 0.337576
17, 48, -17.048626
17, 49, -13.686405
17, 50, 0.780292
18, 1, 27.576175
18, 2, -53.997941
18, 3, -73.000000
18, 4, 24.245235
18, 5, 33.206003
18, 6, -9.052457
18, 7, -21.713394
18, 8, -25.168772
18, 9, -26.797078
18, 10, -0.981420
18, 12, -12.395019
18, 13, 6.468815
18, 14, -38.011982
18, 15, -32.103320
18, 16, -16.966142
18, 18, 19.441497
18, 20, 1.506334
18, 21, -1.798180
18, 22, 1.323886
18, 24, -36.376189
18, 25, -23.076415
18, 26, -2.082967
18, 27, 27.472828
18, 29, 35.131362
18, 32, -8.689656
18, 34, 23.000000
18, 35, 10.263370
18, 36, 21.202976
18, 37, 73.000000
18, 38, -3.085500
18, 39, -2.499875
18, 40, -7.266635
18, 41, 30.961847
18, 42, -12.623124
18, 44, 37.721155
18, 45, -6.445503
18, 46, -13.408016
18, 47, -20.804772
18, 48, 5.159610
18, 49, 12.621608
18, 50, -3.096932
19, 1, 13.605532
19, 2, -48.844357
19, 4, 21.284448
19, 5, 9.543825
19, 6, -8.353086
19, 7, -18.388679
19, 8, -17.642134
19, 9, -24.762703
19, 10, 38.881927
19, 11, -5.473722
19, 13, -16.448734
19, 14, -20.108553
19, 15, -34.689591
19, 16, 2.540598
19, 17, -32.116351
19, 18, -6.735277
19, 19, -0.288633
19, 20, 11.418197
19, 21, 10.484497
19, 22, 15.905338
19, 23, -17.988838
19, 24, -31.623811
19, 25, -20.400299
19, 26, 2.040865
19, 27, 35.957203
19, 28, -5.599299
19, 29, 23.505851
19, 31, -90.000000
19, 33, 5.280235
19, 35, 6.213683
19, 36, 21.797024
19, 38, 19.085411
19, 39, 22.303645
19, 40, 12.386071
19, 41, 31.452756
19, 42, -4.293762
19, 45, -27.169830
19, 46, -15.755093
19, 48, -17.048609
19, 49, -14.699882
19, 50, -1.858915
20, 1, 27.490684
20, 3, 62.000000
20, 4, 26.868338
20, 5, 23.991129
20, 6, -14.924142
20, 8, -25.216694
20, 10, -1.045763
20, 11, -23.109268
20, 15, -32.161751
20, 16, -21.122506
20, 17, -31.193388
20, 18, 19.293344
20, 19, 19.109703
20, 20, 6.628687
20, 21, -0.741639
20, 23, 9.568572
20, 25, -19.975707
20, 27, 28.114189
20, 28, -32.657541
20, 29, 35.104546
20, 30, -56.688135
20, 33, 28.244819
20, 34, 18.627551
20, 37, -39.024721
20, 39, -5.071578
20, 40, -7.188846
20, 41, 30.961842
20, 42, -12.856020
20, 43, 75.475238
20, 44, -8.042712
20, 46, -10.693021
20, 47, 20.547455
20, 49, 11.344125
20, 50, -6.417166
21, 4, 29.342299
21, 5, 2.331355
21, 6, -12.805854
21, 7, -15.115531
21, 8, -17.665069
21, 11, -5.399935
21, 12, -27.515458
21, 13, -56.376271
21, 14, 19.401532
21, 15, -34.452736
21, 16, 1.457548
21, 17, -30.198483
21, 18, -6.921639
21, 19, -0.219199
21, 20, 16.129787
21, 21, 10.491731
21, 23, -17.988857
21, 25, -17.958432
21, 28, -6.590107
21, 31, -16.587199
21, 32, -13.000000
21, 33, 5.644942
21, 34, 8.757780
21, 35, 3.093463
21, 36, -19.820026
21, 37, -35.975279
21, 38, 2.596263
21, 39, 19.008545
21, 40, 12.143915
21, 41, 31.452752
21, 42, -7.765894
21, 44, -13.142446
21, 45, 6.575535
21, 46, -12.663381
21, 47, 23.419601
21, 48, -18.506866
21, 49, -15.848699
21, 50, -3.581482
22, 1, -96.000000
22, 3, 20.154777
22, 4, 29.198364
22, 5, 15.599184
22, 6, -19.201367
22, 7, -7.253026
22, 10, 6.001185
22, 11, -23.199935
22, 12, -27.580782
22, 13, -59.623729
22, 14, -1.550736
22, 15, -32.197860
22, 16, -25.291559
22, 17, -28.264028
22, 18, 19.145198
22, 19, 19.223919
22, 20, 11.174915
22, 21, 1.147557
22, 22, 80.400992
22, 23, 9.568681
22, 24, -36.616930
22, 25, -17.875919
22, 26, 50.006183
22, 28, -33.993073
22, 31, -14.015188
22, 33, 28.783552
22, 34, 18.627536
22, 35, 26.133009
22, 36, -25.023665
22, 38, 7.980923
22, 39, -10.071055
22, 40, -7.014048
22, 42, -13.014055
22, 44, -8.012775
22, 45, 0.164298
22, 46, -7.754974
22, 47, 20.330256
22, 48, -41.439785
22, 49, 10.221468
22, 50, -7.728002
23, 3, 21.200649
23, 4, 35.880011
23, 5, -3.176016
23, 6, -15.332925
23, 7, -15.114472
23, 8, 9.961391
23, 9, -20.082309
23, 10, -10.301448
23, 11, -5.234093
23, 12, -27.367155
23, 14, 19.401541
23, 16, 0.491708
23, 17, -25.337074
23, 18, -7.014814
23, 19, -0.106855
23, 20, 19.842138
23, 21, 10.417023
23, 22, 80.599008
23, 23, -17.988875
23, 24, -72.909599
23, 25, -17.036230
23, 26, 43.718123
23, 28, -9.092956
23, 30, 6.224043
23, 31, -17.689598
23, 32, 91.000000
23, 33, 6.571008
23, 34, 8.754887
23, 35, 4.197739
23, 36, -18.613312
23, 38, 2.596379
23, 39, 13.882874
23, 40, 11.841917
23, 41, 40.956271
23, 42, -12.505834
23, 44, -13.563164
23, 45, 6.575523
23, 46, -9.930166
23, 47, 22.470184
23, 48, -18.506863
23, 49, -16.596435
24, 1, 15.191820
24, 2, -73.000000
24, 3, 20.174493
24, 4, 30.966836
24, 5, 10.579707
24, 6, -20.765553
24, 7, -7.251687
24, 8, 8.757958
24, 9, -8.434975
24, 10, 6.039860
24, 11, -23.312902
24, 12, -26.899181
24, 13, 33.000000
24, 14, -1.550725
24, 15, -18.724440
24, 16, -27.874536
24, 17, -23.773501
24, 19, 19.294508
24, 20, 14.954194
24, 21, 3.420706
24, 24, -36.847017
24, 26, 50.006181
24, 27, -16.143668
24, 28, -36.027683
24, 29, -33.144822
24, 30, 18.603582
24, 31, -15.113981
24, 33, 29.606410
24, 35, 25.929192
24, 36, -22.748820
24, 38, 7.981030
24, 39, -17.109466
24, 40, -6.873860
24, 41, 17.932727
24, 42, -12.658072
24, 43, -18.147822
24, 44, -7.928360
24, 45, 0.164287
24, 46, -5.863092
24, 47, 19.805706
24, 49, 9.778285
24, 50, -62.000000
25, 1, 10.466358
25, 3, 21.293999
25, 4, 40.173624
25, 5, -5.240034
25, 7, -15.113416
25, 8, 9.961399
25, 9, -21.123720
25, 10, -10.270104
25, 11, -5.101057
25, 12, -27.033958
25, 15, 16.424697
25, 16, 0.106801
25, 17, -19.799801
25, 18, 14.000000
25, 20, 22.055611
25, 21, 10.253785
25, 22, -1.772666
25, 24, -72.988317
25, 25, 25.000000
25, 27, -3.821337
25, 28, -11.928714
25, 29, -63.910558
25, 30, 6.359223
25, 31, -20.351210
25, 33, 7.628604
25, 35, 7.000274
25, 36, -15.340952
25, 38, 2.596499
25, 39, 7.538707
25, 40, 11.707505
25, 41, 40.956289
25, 42, -17.351922
25, 43, 44.148566
25, 44, -14.193970
25, 46, -8.846416
25, 47, 21.127757
25, 48, -19.470277
26, 1, 15.191817
26, 2, -50.168334
26, 3, 20.213939
26, 4, 31.928999
26, 6, 20.237384
26, 8, 8.757963
26, 9, -10.253718
26, 10, 6.102432
26, 11, -23.363143
26, 12, -26.049278
26, 13, 56.346507
26, 14, -31.386671
26, 15, -18.724447
26, 17, -19.822089
26, 19, -16.379158
26, 20, 17.979084
26, 21, 5.467036
26, 22, -6.895538
26, 23, -0.417036
26, 24, -37.364105
26, 26, -32.499844
26, 27, -16.114101
26, 28, -37.805355
26, 29, -33.145289
26, 30, 17.653138
26, 31, -16.667724
26, 32, -50.237619
26, 33, 30.327496
26, 35, 25.444640
26, 36, -18.973180
26, 39, -25.409365
26, 41, 17.932744
26, 42, -11.487492
26, 43, -16.479869
26, 44, -7.817392
26, 47, 19.280875
26, 48, 4.753010
26, 49, 38.000000
26, 50, -35.617607
27, 1, 10.466356
27, 2, -51.831666
27, 3, 21.387364
27, 4, 41.675366
27, 5, -20.197523
27, 6, -7.662771
27, 7, 13.580869
27, 9, -23.763556
27, 10, -10.250731
27, 12, -26.766783
27, 13, 53.653493
27, 14, -56.908793
27, 15, 16.424691
27, 16, -4.396782
27, 17, -16.180373
27, 18, 8.309758
27, 19, -20.278623
27, 20, 22.813544
27, 21, 10.078202
27, 22, -2.879272
27, 23, 7.421941
27, 24, -73.086497
27, 25, -56.000000
27, 26, -13.156310
27, 27, -3.771086
27, 28, -13.773673
27, 29, -63.911367
27, 30, 6.707135
27, 31, -23.013096
27, 33, 8.321497
27, 34, 33.526837
27, 35, 10.227648
27, 36, -10.977040
27, 37, 13.089046
27, 38, -10.169761
27, 39, 0.945158
27, 40, -12.517219
27, 42, -21.329426
27, 43, 44.372329
27, 44, -14.734933
27, 45, -5.942513
27, 46, -9.958448
27, 47, 20.178687
27, 48, -19.705162
27, 50, -15.348959
28, 3, 20.233672
28, 5, 20.748534
28, 6, 19.749260
28, 7, 21.071059
28, 8, -25.014800
28, 9, -13.036578
28, 12, -25.671047
28, 14, -31.386673
28, 16, -1.250180
28, 17, -18.260897
28, 18, -7.595335
28, 19, -15.520936
28, 20, 20.371039
28, 21, 6.680723
28, 22, -7.782944
28, 23, 0.359038
28, 24, -37.778863
28, 26, -32.549170
28, 27, -16.066272
28, 28, -38.504440
28, 29, -33.145760
28, 30, 16.199968
28, 31, -17.766260
28, 33, 30.611630
28, 34, 2.468256
28, 35, 24.659309
28, 36, -14.938315
28, 37, 6.910954
28, 38, -20.275183
28, 39, -33.740313
28, 40, -3.920357
28, 41, -8.502228
28, 42, -9.565813
28, 43, -14.119342
28, 44, -7.736374
28, 45, -38.203244
28, 46, 7.611126
28, 47, 19.063395
28, 48, 3.370644
28, 49, -80.762381
28, 50, -35.325509
29, 1, -6.201547
29, 5, -20.184415
29, 6, -8.654828
29, 7, 13.580874
29, 8, -19.985200
29, 9, -26.770527
29, 10, 28.795119
29, 11, 48.026934
29, 16, -4.131455
29, 18, 8.309752
29, 19, -19.056169
29, 20, 22.594142
29, 21, 10.001898
29, 22, -5.552042
29, 23, 10.495524
29, 24, -73.130198
29, 25, 5.520390
29, 26, -12.954580
29, 27, -3.740036
29, 30, 7.112543
29, 31, -24.115769
29, 34, 33.509431
29, 35, 12.466638
29, 36, -6.888448
29, 38, -10.334978
29, 39, -4.609835
29, 40, -12.517210
29, 41, -36.151193
29, 42, -23.963716
29, 43, 44.651420
29, 44, -14.945031
29, 45, -5.943179
29, 46, -9.958452
29, 48, -20.324453
29, 49, -81.237619
29, 50, -14.101298
30, 1, -12.492924
30, 2, -36.879799
30, 3, -0.980661
30, 4, 9.256998
30, 5, 20.983890
30, 6, 18.571226
30, 9, -15.480186
30, 10, 25.328587
30, 11, 57.926211
30, 12, 42.374273
30, 14, 29.611022
30, 16, -0.595289
30, 17, 5.812220
30, 19, -13.333793
30, 20, 22.200403
30, 22, -9.039598
30, 23, 2.233584
30, 25, 8.270548
30, 26, -32.667960
30, 28, -16.382155
30, 29, -4.567369
30, 30, 14.925059
30, 32, -1.726019
30, 33, -62.000000
30, 34, 2.469651
30, 35, 23.744129
30, 36, -11.909110
30, 37, -9.805812
30, 38, -20.537576
30, 39, -40.565293
30, 40, -3.920350
30, 41, -8.502228
30, 42, -7.370524
30, 43, -12.448998
30, 45, -38.204283
30, 47, 23.524762
30, 48, 1.094594
30, 50, -34.560941
31, 1, -7.029524
31, 2, -27.807323
31, 3, 20.488693
31, 4, 7.025901
31, 5, -20.163213
31, 6, -10.055892
31, 7, -48.593238
31, 8, 1.390438
31, 9, -28.736106
31, 10, 28.795134
31, 11, 46.942215
31, 12, 36.209639
31, 13, -0.960930
31, 14, -1.253610
31, 15, 12.915833
31, 16, -3.535430
31, 17, 4.273506
31, 18, 63.000000
31, 19, -17.087109
31, 20, 22.022720
31, 21, -9.183833
31, 22, -8.226482
31, 23, 15.364847
31, 24, -54.980962
31, 25, 5.521263
31, 26, -12.670542
31, 28, 2.868540
31, 29, 3.258924
31, 30, 7.382762
31, 32, -8.792063
31, 34, 33.498676
31, 35, 12.804849
31, 36, -4.422812
31, 37, 9.513980
31, 38, -10.665418
31, 39, -7.812719
31, 42, -25.335554
31, 43, 44.775652
31, 44, -85.000000
31, 45, -5.943848
31, 46, -35.628690
31, 47, 24.475238
31, 48, -21.098635
31, 50, -12.037177
32, 1, -11.958126
32, 2, -35.424799
32, 3, -0.980776
32, 4, 10.550559
32, 5, 21.219229
32, 6, 17.393764
32, 7, -43.507306
32, 8, 20.584640
32, 9, -16.444322
32, 10, 25.328602
32, 11, 55.751412
32, 12, 41.112314
32, 13, 0.885739
32, 14, 29.606395
32, 16, 0.221158
32, 17, 5.860072
32, 19, -10.747200
32, 20, 23.398805
32, 21, -20.213531
32, 22, -9.929370
32, 23, 4.090200
32, 24, -59.079661
32, 25, 8.272098
32, 26, -32.786341
32, 28, -16.298109
32, 29, -5.430662
32, 30, 14.422326
32, 33, -49.000000
32, 35, 23.055065
32, 36, -10.791244
32, 37, -9.807627
32, 38, -20.799974
32, 39, -44.426107
32, 40, 4.984924
32, 42, -5.619825
32, 46, -33.371310
32, 48, -1.230058
32, 49, 9.151742
32, 50, -33.601252
33, 1, -9.030402
33, 2, -26.111688
33, 3, 20.218516
33, 4, 9.135075
33, 6, -11.045238
33, 7, -48.593233
33, 8, 0.827353
33, 11, 44.322561
33, 12, 34.994242
33, 13, -0.870314
33, 14, -1.265303
33, 15, 55.000000
33, 16, -3.057613
33, 17, 4.343774
33, 18, -19.693096
33, 19, -15.061898
33, 20, 21.605729
33, 21, -9.153612
33, 22, -9.334762
33, 23, 20.110719
33, 24, -54.981360
33, 25, 5.522140
33, 26, -12.470586
33, 27, -10.247274
33, 28, 2.661988
33, 29, 2.907518
33, 32, 3.869878
33, 34, 11.000000
33, 35, 11.161741
33, 37, 9.511230
33, 38, -10.830643
33, 40, -4.499709
33, 42, -25.848800
33, 45, -7.870249
33, 47, -95.881191
33, 48, -21.731994
33, 49, -3.519467
33, 50, -9.840982
34, 1, -10.646267
34, 2, -31.528714
34, 3, -0.980995
34, 4, 14.038834
34, 6, 16.906212
34, 8, 18.281823
34, 9, -44.280390
34, 10, -7.316601
34, 11, 52.673778
34, 12, 37.912405
34, 13, 0.887618
34, 14, 29.598915
34, 16, 0.584440
34, 17, 5.937496
34, 18, -22.306904
34, 19, -8.699528
34, 20, 23.822588
34, 21, -20.559788
34, 23, 4.763839
34, 24, -59.080221
34, 26, -32.835259
34, 27, -29.685500
34, 28, -16.185024
34, 29, -7.804663
34, 30, 4.000000
34, 31, -12.896072
34, 32, -10.987080
34, 33, 20.212898
34, 35, 22.968201
34, 36, 13.428716
34, 37, -9.809439
34, 40, 4.857290
34, 41, 25.356428
34, 42, -4.951633
34, 43, -11.633239
34, 44, 48.945450
34, 45, 29.790337
34, 46, 85.000000
34, 47, -61.827480
34, 48, -2.691068
34, 49, 8.512289
34, 50, -32.760811
35, 1, -11.145723
35, 2, -23.091868
35, 3, 19.948341
35, 4, 12.680049
35, 7, -41.217858
35, 8, -0.749012
35, 9, -58.243579
35, 10, -24.232559
35, 11, 41.701602
35, 12, 33.122786
35, 13, -0.814309
35, 14, -1.272521
35, 17, 4.387205
35, 19, -13.537218
35, 21, -9.073036
35, 22, -38.525665
35, 23, 23.103560
35, 24, -54.981757
35, 25, -16.113849
35, 27, -10.245861
35, 28, 2.173967
35, 29, 2.173436
35, 32, 3.971821
35, 33, 22.787102
35, 34, -15.174528
35, 35, 8.190098
35, 36, 29.730087
35, 38, -7.549158
35, 40, -4.605563
35, 43, -25.688901
35, 44, 32.600750
35, 45, -6.584411
35, 48, -21.975576
35, 49, -4.212025
35, 50, -8.199081
36, 1, -8.523625
36, 2, -26.435176
36, 3, -0.981101
36, 4, 18.647537
36, 6, -93.000000
36, 7, -24.719303
36, 8, 13.936144
36, 9, -44.280389
36, 10, -7.615738
36, 11, 50.496134
36, 12, 34.265726
36, 18, -5.470359
36, 19, -7.667025
36, 20, -30.434171
36, 21, -21.073119
36, 22, -19.914150
36, 23, 3.702851
36, 25, -14.886151
36, 26, -65.819229
36, 27, -29.683632
36, 28, -16.352840
36, 29, -11.083739
36, 30, -9.405953
36, 31, 12.349757
36, 32, -10.721332
36, 34, -16.874659
36, 35, 23.670857
36, 36, 14.020513
36, 37, 0.000000
36, 38, 6.457046
36, 39, -10.086801
36, 40, 4.602010
36, 42, 5.359710
36, 43, -11.633241
36, 44, 48.953385
36, 45, 29.552506
36, 46, 48.475238
36, 49, 7.075453
36, 50, -32.280050
37, 1, -12.547568
37, 2, -19.414602
37, 4, 16.531887
37, 5, -13.000000
37, 8, -3.080583
37, 10, -24.546106
37, 11, 40.615574
37, 12, 31.467689
37, 13, 25.766781
37, 14, -2.717026
37, 16, -43.000000
37, 17, -24.629046
37, 18, -11.529641
37, 19, -12.713717
37, 20, -28.834954
37, 21, -8.974381
37, 22, -37.584698
37, 23, 23.726753
37, 24, 32.230721
37, 26, -30.119588
37, 27, -10.244448
37, 28, 1.335403
37, 29, 1.127368
37, 30, -10.594047
37, 31, 15.586260
37, 32, 4.344030
37, 33, 8.811824
37, 34, -15.311655
37, 35, 4.869664
37, 36, 31.011669
37, 38, -6.635648
37, 39, 3.680106
37, 40, -4.711424
37, 41, 99999.000000
37, 42, 2.987780
37, 44, 32.604470
37, 45, -3.076275
37, 46, -13.032761
37, 48, 11.693014
37, 49, -5.075604
37, 50, -7.594735
38, 1, -6.159264
38, 2, -21.698784
38, 4, 22.922585
38, 6, -1.534684
38, 8, 8.094755
38, 10, -8.214019
38, 12, 31.881001
38, 13, 20.790372
38, 14, -39.113994
38, 15, 22.112799
38, 17, -11.033753
38, 19, -7.530538
38, 20, -30.481196
38, 21, -21.507389
38, 22, -18.289775
38, 23, 1.289397
38, 24, 29.154532
38, 25, -24.529723
38, 26, -65.819231
38, 28, -17.045791
38, 29, -14.403949
38, 31, 12.349761
38, 32, -10.120840
38, 33, 3.188176
38, 34, -17.150003
38, 35, 25.054143
38, 36, 15.350255
38, 37, 1.717816
38, 38, 7.819589
38, 39, -10.574224
38, 40, 4.474366
38, 42, 6.653740
38, 43, 62.000000
38, 44, 48.966223
38, 45, 29.260779
38, 48, 6.306986
38, 49, 5.923195
39, 1, -13.121478
39, 2, -15.859045
39, 3, 64.460679
39, 4, 19.468635
39, 5, 18.879236
39, 6, 3.828659
39, 8, -5.921866
39, 9, 9.464948
39, 10, -24.859661
39, 12, 30.811624
39, 13, 26.667790
39, 14, -3.812812
39, 15, 14.903598
39, 16, -12.918528
39, 17, -24.409162
39, 18, 84.000000
39, 19, -12.444296
39, 20, -28.901611
39, 21, -8.905965
39, 22, -34.941745
39, 23, 22.507489
39, 24, 32.230728
39, 25, -30.836555
39, 26, -30.119592
39, 27, -13.005001
39, 28, 0.175573
39, 29, 0.049010
39, 30, 17.607537
39, 32, 5.114593
39, 34, -15.585920
39, 35, 2.045588
39, 36, 32.609724
39, 37, -8.074909
39, 38, -4.044040
39, 39, 2.785539
39, 41, -29.892640
39, 42, 5.034570
39, 44, 32.606770
39, 45, 1.647988
39, 49, -5.459925
40, 1, -4.571947
40, 2, -18.548635
40, 3, 74.540067
40, 4, 25.481358
40, 5, 24.559751
40, 6, -1.534686
40, 7, -1.428437
40, 8, 1.560745
40, 9, 20.350100
40, 10, -8.513169
40, 13, 21.546378
40, 14, -36.173804
40, 15, 21.629094
40, 16, 5.340161
40, 17, -12.314052
40, 19, -7.792477
40, 20, -30.557282
40, 21, -21.674479
40, 22, -15.578101
40, 23, -1.410267
40, 24, 29.154541
40, 27, 3.895046
40, 28, -18.255727
40, 29, -16.860228
40, 30, 41.504421
40, 31, -64.697208
40, 32, -9.182275
40, 33, -95.000000
40, 34, -17.425359
40, 35, 26.766064
40, 36, 16.416625
40, 37, 2.144687
40, 38, 10.201234
40, 39, -11.262985
40, 40, -9.827592
40, 41, -51.153307
40, 42, 10.426373
40, 43, -13.985118
40, 45, 29.097919
40, 47, -6.915175
40, 48, -7.247441
40, 50, 30.059364
41, 1, -13.235958
41, 2, -13.053287
41, 3, 64.460678
41, 4, 20.562439
41, 5, 18.879307
41, 7, -14.291754
41, 8, -9.111985
41, 9, 9.315113
41, 12, 9.484906
41, 13, 28.942865
41, 14, -6.588509
41, 15, 14.709872
41, 16, -12.918308
41, 17, -23.965772
41, 18, 47.059833
41, 19, -12.423790
41, 20, -28.942807
41, 22, -31.090279
41, 23, 20.618854
41, 26, 49.653493
41, 27, -10.781907
41, 28, -1.144092
41, 29, -0.646688
41, 30, 17.537147
41, 31, -59.214182
41, 32, 6.322459
41, 34, -15.723061
41, 35, 0.138412
41, 36, 33.320912
41, 37, -7.343798
41, 38, -0.223243
41, 39, 1.670203
41, 40, -19.229892
41, 41, -29.892632
41, 42, 9.139243
41, 43, -11.014882
41, 44, 1.220154
41, 45, 6.118947
41, 46, -23.247540
41, 47, -33.362010
41, 48, -0.429845
41, 49, 15.689254
41, 50, 25.940636
42, 2, -17.360268
42, 5, 24.559516
42, 6, -26.108836
42, 7, -0.877113
42, 8, -4.761738
42, 9, 19.170216
42, 12, -24.089561
42, 13, 22.896186
42, 14, -31.377950
42, 15, 20.945441
42, 16, 5.340430
42, 17, -14.820214
42, 18, 31.019315
42, 19, -7.948400
42, 22, -12.582767
42, 23, -3.332281
42, 24, 7.000000
42, 27, 7.523956
42, 28, -19.706513
42, 29, -17.764670
42, 30, 40.519484
42, 31, -64.511100
42, 32, -8.079134
42, 33, -50.938385
42, 35, 28.367488
42, 37, 3.238409
42, 38, 13.021719
42, 39, -11.749610
42, 40, -10.152328
42, 41, -51.153300
42, 42, 16.248815
42, 44, 32.335773
42, 45, 29.082088
42, 47, -6.915175
42, 48, -7.247436
42, 49, 22.376712
43, 1, 18.383603
43, 2, -11.261179
43, 3, 42.757420
43, 4, 5.309918
43, 5, 18.879379
43, 6, 2.388500
43, 7, -15.470475
43, 8, -12.490781
43, 9, 8.923023
43, 10, -0.337493
43, 11, 19.495080
43, 12, 9.486803
43, 13, 31.600018
43, 14, -9.746758
43, 15, 14.516133
43, 16, -12.918084
43, 17, -23.754850
43, 18, 47.059829
43, 20, 86.514841
43, 22, -26.721648
43, 23, 19.105593
43, 25, -41.015647
43, 27, -4.766560
43, 28, -2.370096
43, 30, 17.379030
43, 31, -58.722917
43, 32, 7.819162
43, 33, 10.438812
43, 34, -52.415874
43, 35, -0.876743
43, 36, -38.105760
43, 37, -6.123653
43, 38, 4.107586
43, 39, 1.173893
43, 40, -19.471575
43, 42, 14.995340
43, 43, -29.837505
43, 44, 1.390308
43, 45, 8.834944
43, 46, -59.000000
43, 48, -0.429840
43, 49, 15.687331
44, 1, -12.436346
44, 2, -17.558660
44, 3, 42.242580
44, 4, 13.084822
44, 6, -26.157551
44, 7, 0.111583
44, 8, -10.100004
44, 9, 17.255148
44, 10, 29.474410
44, 12, -24.086906
44, 13, 24.546789
44, 14, -26.534459
44, 15, 20.462312
44, 17, -18.248137
44, 18, 31.018945
44, 19, -88.000000
44, 20, 85.485159
44, 21, 15.981163
44, 22, -10.008727
44, 23, -4.070188
44, 24, -1.900951
44, 25, -11.653135
44, 27, 13.691954
44, 28, -20.989024
44, 29, 1.618850
44, 30, 39.291284
44, 31, -64.092956
44, 32, -7.103441
44, 33, -50.938376
44, 34, -55.584126
44, 35, 29.483221
44, 36, -39.594503
44, 37, 4.561278
44, 38, 15.653307
44, 40, -10.882155
44, 41, 5.112903
44, 42, 23.201510
44, 43, -1.386681
44, 44, 32.129542
44, 45, 29.100242
44, 47, -13.386249
44, 49, 22.374016
45, 1, 17.952184
45, 2, -10.372223
45, 4, 5.991574
45, 5, 32.499959
45, 6, 0.807464
45, 7, -17.251529
45, 8, -15.753967
45, 9, 8.438765
45, 10, 0.026562
45, 11, 6.688428
45, 12, 9.488699
45, 13, 33.720154
45, 14, -11.809213
45, 16, -40.207937
45, 17, -24.061533
45, 21, -8.425424
45, 22, -22.588729
45, 23, 18.357068
45, 24, 1.900951
45, 25, -39.550862
45, 26, 59.399129
45, 27, 3.226250
45, 28, -3.237575
45, 29, 5.381150
45, 30, 17.252268
45, 31, -58.110376
45, 32, 9.306961
45, 33, 10.442749
45, 35, -1.268489
45, 36, -38.105747
45, 37, -4.786963
45, 38, 8.075946
45, 40, -19.773102
45, 41, -10.527800
45, 42, 21.652462
45, 43, -29.202660
45, 44, 1.772629
45, 46, -38.606987
45, 47, 16.677511
45, 48, 58.049524
45, 49, 15.685409
46, 1, -13.514796
46, 2, -18.068919
46, 4, 14.217893
46, 5, 28.500041
46, 6, -26.275260
46, 7, 1.219712
46, 8, -13.990260
46, 9, 15.332719
46, 10, 30.005610
46, 11, -21.030809
46, 13, 26.128362
46, 14, -23.517192
46, 16, -41.792063
46, 17, -21.880137
46, 19, 8.608847
46, 20, 54.342031
46, 21, 15.510845
46, 22, -8.221674
46, 23, -4.015355
46, 25, -10.731537
46, 26, 52.410913
46, 27, 20.492626
46, 28, -21.734616
46, 30, 38.744679
46, 31, -63.757666
46, 32, -6.472078
46, 34, -29.105469
46, 35, 29.880570
46, 36, -39.594490
46, 37, 5.687082
46, 38, 17.610614
46, 40, -11.467575
46, 41, 5.226608
46, 42, 29.884483
46, 43, 0.179167
46, 44, 31.872291
46, 45, -73.000000
46, 46, -19.933833
46, 47, -13.384511
46, 48, 59.950476
46, 50, 1.673335
47, 1, 16.982800
47, 2, -10.120161
47, 3, 12.889462
47, 4, 7.523317
47, 6, -1.430114
47, 7, -18.792910
47, 8, -18.410819
47, 9, 8.047326
47, 10, 0.844607
47, 11, 6.689794
47, 12, 75.910872
47, 13, 34.934047
47, 17, -24.730189
47, 19, 2.391153
47, 20, 65.438606
47, 21, -8.532593
47, 22, -19.383586
47, 23, 18.152564
47, 24, -33.000000
47, 25, -37.477211
47, 27, 10.685975
47, 28, -3.550649
47, 29, 99999.000000
47, 31, -57.837792
47, 32, 10.473133
47, 34, -49.042725
47, 37, -3.691264
47, 38, 10.851698
47, 39, -21.095978
47, 40, -19.907352
47, 41, -10.401442
47, 42, 27.557064
47, 43, -27.776112
47, 44, 2.079211
47, 46, -38.606989
47, 47, 16.680075
47, 49, 17.772364
48, 1, -14.859516
48, 3, 9.022533
48, 4, 15.630874
48, 5, -10.217204
48, 6, -26.393123
48, 7, 1.964291
48, 8, -16.291936
48, 9, 14.140925
48, 10, 30.667973
48, 11, -21.028600
48, 13, 27.268312
48, 15, 27.331625
48, 16, -42.107829
48, 17, -24.692215
48, 20, 54.342032
48, 21, 15.040524
48, 22, -7.245052
48, 23, -3.881930
48, 25, -9.582274
48, 26, -92.000000
48, 27, 25.747552
48, 30, -48.927540
48, 32, -6.191206
48, 34, -29.105885
48, 35, -12.104009
48, 36, 4.662609
48, 37, 6.386680
48, 38, 18.632979
48, 39, -3.069794
48, 41, 5.454031
48, 42, 34.730250
48, 43, 2.131761
48, 44, 31.757770
48, 45, 25.929087
48, 46, -19.933836
48, 47, -13.382773
48, 48, -15.451403
48, 49, 31.927891
48, 50, 26.107826
49, 1, 16.205414
49, 3, 12.889453
49, 4, 8.751754
49, 5, -28.619021
49, 6, -3.013497
49, 7, -19.395238
49, 8, -19.918946
49, 9, 7.897894
49, 10, 1.500653
49, 11, 6.691158
49, 13, 35.402936
49, 16, -52.094745
49, 17, -25.273753
49, 18, -33.663414
49, 19, -32.272261
49, 21, -8.598828
49, 22, -17.636568
49, 24, -76.000000
49, 25, -36.009407
49, 27, 15.171634
49, 28, -15.227780
49, 29, 25.267301
49, 30, -62.798257
49, 31, 46.341546
49, 32, 11.103108
49, 33, 18.728378
49, 34, -49.043398
49, 35, -16.895991
49, 36, -11.150013
49, 37, -3.084591
49, 38, 11.847216
49, 39, -21.096002
49, 40, 22.797024
49, 41, -10.275068
49, 42, 31.047327
49, 43, -26.632038
49, 45, 38.227788
49, 48, -34.962882
49, 49, 17.772359
49, 50, 36.094745
50, 1, -15.457943
50, 3, 9.022523
50, 4, 16.259736
50, 5, -10.217200
50, 6, -26.441994
50, 8, -17.045660
50, 10, 30.962743
50, 13, 27.683795
50, 14, -50.148491
50, 15, 61.000000
50, 16, -42.107827
50, 17, -25.755085
50, 18, -38.336586
50, 19, -30.727739
50, 20, 4.000000
50, 22, -6.944733
50, 23, 75.000000
50, 25, -9.070783
50, 26, 68.000000
50, 27, 27.720367
50, 28, -20.772220
50, 29, 22.732699
50, 30, -48.927538
50, 31, 42.658454
50, 32, -6.124510
50, 33, -3.693014
50, 34, -29.106306
50, 36, 4.662602
50, 37, 6.616495
50, 39, -3.069818
50, 40, 22.202976
50, 41, 5.567752
50, 42, 36.501898
50, 43, 3.000756
50, 44, -53.000000
50, 45, 25.929083
50, 46, -72.000000
50, 47, -8.000000
50, 48, -15.451407
50, 49, 31.927887
50, 50, 26.107830
