1, 1, 33.000000
1, 3, -19.169278
1, 4, 22.372260
1, 6, 0.603814
1, 7, 15.597872
1, 8, 35.153452
1, 9, -12.403584
1, 10, -19.000000
1, 11, 2.752873
1, 12, 99999.000000
1, 13, -86.000000
1, 14, -57.366349
1, 15, -38.000000
1, 16, 0.198016
1, 18, -91.237619
1, 19, -35.542676
1, 20, -36.052241
1, 21, -24.845213
1, 22, -3.362545
1, 23, -2.229363
1, 24, 20.756265
1, 25, -20.338950
1, 27, 62.000000
1, 28, 11.596326
1, 29, -41.000000
1, 30, -34.004318
1, 32, -8.223470
1, 33, -32.947017
1, 34, -22.242627
1, 35, -13.399852
1, 37, -82.000000
1, 38, -87.000000
1, 39, 82.000000
1, 40, -18.783310
1, 41, 21.419129
1, 42, -11.747251
1, 43, -26.252511
1, 45, 25.072232
1, 46, -81.000000
1, 47, 3.904306
1, 49, 45.000000
1, 50, 14.643957
2, 2, 52.514105
2, 3, -30.459429
2, 4, 6.407760
2, 5, -52.863482
2, 6, 4.400156
2, 7, 5.795898
2, 8, 33.846548
2, 9, -23.651587
2, 11, -0.773867
2, 14, -58.633651
2, 16, 29.492694
2, 17, 2.513777
2, 19, -43.735836
2, 20, -9.775596
2, 21, -28.218504
2, 22, -16.876032
2, 23, -1.241216
2, 24, 3.436148
2, 25, -28.209405
2, 28, 3.366367
2, 30, -35.054088
2, 31, 9.487677
2, 32, -5.288943
2, 33, -23.642741
2, 34, 0.605464
2, 35, 4.862634
2, 36, -70.282183
2, 40, 2.092200
2, 41, 13.928941
2, 42, -29.501770
2, 43, -40.345983
2, 44, 6.115320
2, 45, -1.532100
2, 47, -7.149361
2, 48, -12.063187
2, 50, 24.484599
3, 1, -19.405027
3, 2, 5.321985
3, 3, -19.175075
3, 4, 22.372243
3, 5, -32.559623
3, 6, 0.863078
3, 7, 15.597872
3, 9, -12.403584
3, 11, 2.488885
3, 12, 34.416038
3, 13, 99999.000000
3, 15, -26.752460
3, 17, -43.679826
3, 19, -35.126472
3, 20, -36.052241
3, 21, -25.247445
3, 22, -3.362545
3, 23, -2.342634
3, 24, 20.757010
3, 25, -20.686505
3, 26, -21.638954
3, 27, 3.492362
3, 28, 11.596326
3, 29, 46.338941
3, 30, -34.004318
3, 31, 7.021100
3, 32, -7.934035
3, 33, -31.848687
3, 34, -22.262843
3, 35, -13.312158
3, 36, -70.717817
3, 37, -79.000000
3, 38, 39.618850
3, 39, 1.091549
3, 40, -18.805695
3, 41, 21.419129
3, 42, -11.747251
3, 43, -26.253623
3, 44, -42.849698
3, 45, 25.072238
3, 47, 4.415156
3, 48, -7.624558
3, 49, -36.371580
3, 50, 14.643958
4, 1, -16.417489
4, 2, 52.514105
4, 3, -30.469829
4, 4, 6.407737
4, 5, -52.863491
4, 6, 4.492273
4, 8, -9.464620
4, 9, -23.651589
4, 10, -95.000000
4, 11, -1.273816
4, 12, 30.069879
4, 14, 6.897279
4, 15, -25.247540
4, 17, 2.513777
4, 19, -44.308982
4, 20, -9.775596
4, 21, -29.848368
4, 23, -2.919485
4, 24, 3.436701
4, 25, -27.726545
4, 26, -35.133323
4, 27, 9.633820
4, 29, 60.579544
4, 31, 9.488070
4, 32, -4.767471
4, 33, -21.034842
4, 34, 1.682033
4, 35, 5.003706
4, 38, 43.381150
4, 39, -15.468269
4, 40, 2.085165
4, 43, -40.357934
4, 44, 5.957326
4, 45, -1.532091
4, 47, -5.908231
4, 48, -12.063187
4, 49, -47.208815
4, 50, 24.484601
5, 1, -19.403193
5, 2, 5.321961
5, 3, -19.186668
5, 4, 22.372227
5, 5, -32.559636
5, 6, 1.551100
5, 7, 21.956904
5, 8, -34.156042
5, 11, 1.851551
5, 12, 34.416038
5, 13, 13.976612
5, 14, 14.258203
5, 19, -34.072726
5, 21, -26.355931
5, 23, -2.630800
5, 24, 20.758214
5, 25, -21.642539
5, 26, -20.174238
5, 27, 4.652455
5, 29, 46.338941
5, 31, 7.021052
5, 32, -7.154348
5, 33, -28.898437
5, 34, -22.314869
5, 35, -13.083791
5, 36, -5.382712
5, 39, 1.072549
5, 40, -18.850464
5, 41, -9.417056
5, 43, -26.255422
5, 44, -43.072856
5, 45, 25.072244
5, 47, 5.782664
5, 49, -36.371580
5, 50, 14.643958
6, 1, -16.413898
6, 3, -30.480230
6, 5, -52.863500
6, 6, 4.564408
6, 7, 5.959343
6, 8, -8.861790
6, 10, 1.502026
6, 11, -1.980865
6, 13, -0.294987
6, 14, 5.352968
6, 16, -16.362092
6, 19, -45.187128
6, 20, -17.618659
6, 21, -32.664538
6, 23, -5.737553
6, 24, 3.437043
6, 25, -27.005851
6, 26, -33.432995
6, 27, 10.773688
6, 31, 9.488706
6, 32, -4.023869
6, 33, -16.637525
6, 34, 3.425100
6, 35, 5.229540
6, 36, 12.486746
6, 38, -14.030953
6, 39, -15.510079
6, 40, 2.078129
6, 41, 14.889104
6, 42, -38.739523
6, 43, -40.369884
6, 44, 5.602318
6, 47, -3.826346
6, 49, -47.208815
7, 1, -19.400225
7, 3, -19.192465
7, 4, -24.014801
7, 6, 2.401109
7, 7, 21.956904
7, 8, -32.197347
7, 10, -17.760066
7, 11, 1.214204
7, 12, 4.152470
7, 13, 13.970760
7, 14, 12.093810
7, 16, -21.092802
7, 18, 28.697976
7, 19, -32.874662
7, 20, -2.430628
7, 21, -27.903835
7, 22, 39.291567
7, 23, -2.966369
7, 25, -22.954684
7, 26, -17.464604
7, 27, 7.916989
7, 29, -30.187988
7, 31, 7.021023
7, 32, -6.112482
7, 33, -25.025679
7, 34, -22.377375
7, 35, -12.803954
7, 36, -5.422350
7, 38, -11.810681
7, 39, 1.034549
7, 40, -18.872848
7, 41, -10.504757
7, 42, -64.354116
7, 44, -43.351130
7, 46, -12.427245
7, 47, 7.567441
7, 50, 24.151334
8, 1, -16.411679
8, 4, -18.985199
8, 5, 6.064322
8, 6, 4.383109
8, 8, -7.283022
8, 9, 19.254737
8, 10, 1.482821
8, 11, -2.480836
8, 12, 28.564933
8, 13, -0.199940
8, 14, 0.939603
8, 16, -15.979256
8, 19, -45.959391
8, 20, -16.945370
8, 21, -35.905592
8, 22, 2.819921
8, 23, -8.867024
8, 24, -2.000000
8, 25, -26.355075
8, 26, -30.118344
8, 27, 12.883785
8, 29, -14.363069
8, 30, -9.874147
8, 32, -3.498257
8, 33, -11.839006
8, 34, 5.169579
8, 35, 5.452378
8, 36, 12.420855
8, 37, -18.377071
8, 38, -13.546978
8, 39, -15.551889
8, 41, 14.073722
8, 42, -38.739523
8, 44, 5.317623
8, 45, 2.730430
8, 46, -11.044833
8, 47, -1.569941
8, 48, -22.573486
8, 49, 14.000000
8, 50, 0.639918
9, 3, -28.290484
9, 5, 2.271134
9, 6, 2.999280
9, 8, -29.026260
9, 9, -18.398879
9, 10, -17.779421
9, 11, 0.950202
9, 12, 4.152470
9, 13, 13.957611
9, 14, 8.020660
9, 15, 23.000000
9, 16, -21.076013
9, 17, 60.000000
9, 19, -32.092803
9, 20, -1.869006
9, 21, -29.528043
9, 22, 37.236880
9, 23, -3.213380
9, 25, -24.241554
9, 26, -13.908857
9, 27, 12.697062
9, 29, -30.187988
9, 30, -24.764924
9, 31, -68.000000
9, 32, -5.081166
9, 33, -21.457915
9, 34, -22.426486
9, 35, -12.579534
9, 36, -5.501624
9, 37, -56.843504
9, 38, -9.093626
9, 39, 1.015549
9, 40, 33.290153
9, 41, -13.413795
9, 44, -43.474973
9, 45, 11.954132
9, 46, -12.817558
9, 47, 9.201347
9, 48, -6.240512
9, 50, 24.151330
10, 1, 28.247962
10, 2, -52.229735
10, 3, -22.800299
10, 4, 18.878201
10, 5, 6.064322
10, 6, 3.618267
10, 7, -21.715782
10, 8, -5.330480
10, 9, 19.629021
10, 10, 1.444412
10, 13, -0.081419
10, 14, -5.690275
10, 16, -15.437845
10, 19, -46.264390
10, 20, -14.984869
10, 21, -38.703103
10, 22, 2.715955
10, 23, -11.550244
10, 24, -15.376434
10, 25, -25.916212
10, 26, -25.452977
10, 27, 15.655421
10, 29, -14.363069
10, 30, -9.874147
10, 32, -3.535973
10, 33, -8.165725
10, 34, 6.248432
10, 35, 5.588601
10, 36, 12.354964
10, 37, -18.406844
10, 38, -12.195085
10, 40, 15.365688
10, 41, 12.710887
10, 42, -51.938358
10, 43, -3.420753
10, 45, 2.730445
10, 46, -11.553083
10, 47, 0.146549
10, 48, -22.610009
10, 49, 17.539389
10, 50, 0.639913
11, 1, 5.624401
11, 2, -45.596679
11, 3, -28.364070
11, 4, -0.592338
11, 5, 2.271134
11, 6, 2.880998
11, 7, -12.188359
11, 8, -25.852885
11, 9, -18.064275
11, 10, -17.798776
11, 11, -24.758005
11, 12, -16.000000
11, 13, 13.947066
11, 14, 2.584342
11, 15, 11.435635
11, 16, -21.059224
11, 17, -10.218358
11, 20, -0.657928
11, 21, -30.859652
11, 22, 33.581520
11, 23, -3.297597
11, 24, -9.051584
11, 25, -25.081995
11, 26, -10.014140
11, 27, 18.184283
11, 28, 9.400992
11, 30, -24.764924
11, 32, -4.272086
11, 33, -19.333438
11, 34, -22.444901
11, 35, -12.494279
11, 36, -5.541262
11, 37, -56.851310
11, 38, -4.260481
11, 39, -4.716498
11, 40, 33.511860
11, 41, -17.204594
11, 42, -54.804973
11, 44, 1.298121
11, 45, 11.954154
11, 46, -13.799760
11, 47, 10.169612
11, 48, -6.284521
11, 49, -2.732020
11, 50, 24.151327
12, 1, 28.198174
12, 2, -52.357670
12, 3, -22.850098
12, 4, 19.289617
12, 6, 1.941124
12, 7, -21.715949
12, 8, -3.749968
12, 9, 20.158340
12, 10, 1.425207
12, 11, -24.523904
12, 13, -0.028672
12, 14, -13.490187
12, 16, -15.055010
12, 17, -5.159173
12, 18, -2.228353
12, 19, -9.473550
12, 20, -11.906784
12, 21, -40.314308
12, 22, 2.514451
12, 23, -13.380038
12, 24, -15.373702
12, 25, -25.562122
12, 26, -19.981773
12, 27, 18.694413
12, 28, 9.599008
12, 29, 80.000000
12, 31, 16.935675
12, 32, -4.197442
12, 33, -6.794272
12, 37, -18.473745
12, 38, -10.261811
12, 39, -3.589682
12, 40, 15.745750
12, 41, 11.240806
12, 42, -51.938358
12, 43, -19.593705
12, 44, 16.391896
12, 45, 2.730459
12, 46, -12.277483
12, 47, 0.785031
12, 48, -22.683056
12, 49, 17.539389
13, 1, 6.626541
13, 2, -46.026044
13, 3, -28.529416
13, 4, 2.086368
13, 5, 17.796879
13, 6, 1.694202
13, 7, -13.007806
13, 8, -23.890486
13, 9, -17.647031
13, 11, -24.757677
13, 14, -3.368908
13, 17, -10.218358
13, 18, -0.702737
13, 19, 4.691654
13, 20, 1.311236
13, 21, -31.605648
13, 22, 29.143799
13, 23, -3.240136
13, 24, -9.049658
13, 25, -25.152258
13, 26, -6.313326
13, 27, 23.543757
13, 30, -59.269873
13, 31, 20.064325
13, 32, -3.769453
13, 34, 0.247459
13, 35, 5.203927
13, 36, -43.762381
13, 37, -56.861043
13, 38, 1.605866
13, 39, -4.716502
13, 40, 34.010030
13, 41, -20.669055
13, 43, -13.813448
13, 44, 1.298121
13, 46, -14.894001
13, 48, -6.328530
13, 49, -2.732020
13, 50, 1.740042
14, 1, 28.068526
14, 2, -52.681472
14, 3, -22.912197
14, 4, 20.458961
14, 5, 38.716616
14, 6, -0.817841
14, 7, -21.716263
14, 8, -3.146061
14, 9, 20.532629
14, 10, -0.899896
14, 11, -24.509708
14, 13, 6.475352
14, 14, -21.134560
14, 17, -5.159173
14, 18, -2.228353
14, 19, -9.473550
14, 20, -7.968477
14, 22, 2.247959
14, 23, -14.360067
14, 24, -15.368239
14, 25, -24.998789
14, 26, -14.543379
14, 27, 21.584731
14, 28, -31.443919
14, 30, -27.513534
14, 32, -5.214375
14, 33, -50.012447
14, 34, -6.247459
14, 35, 9.388861
14, 36, -44.237619
14, 37, -18.527395
14, 38, -8.174563
14, 39, -3.589691
14, 40, 16.219678
14, 41, 10.127417
14, 43, -19.596431
14, 44, 16.391896
14, 46, -12.773929
14, 47, -20.804268
14, 48, -22.719579
14, 50, 0.083257
15, 1, 8.250893
15, 2, -46.683789
15, 3, -28.662014
15, 4, 7.006571
15, 5, 16.660727
15, 6, -0.631029
15, 7, -14.263179
15, 9, -17.461340
15, 10, 39.024606
15, 11, -24.757020
15, 12, 21.888910
15, 13, -16.469549
15, 14, -8.776508
15, 18, -0.702737
15, 19, 4.691654
15, 20, 4.065440
15, 22, 24.935320
15, 23, -3.135250
15, 24, -9.047731
15, 25, -24.362164
15, 26, -3.289061
15, 27, 28.077895
15, 28, -24.169680
15, 29, 23.511727
15, 30, -59.269873
15, 31, -84.000000
15, 32, -3.531604
15, 33, -42.124010
15, 35, 5.263383
15, 37, -56.865375
15, 38, 7.167648
15, 39, -4.716507
15, 40, 34.409531
15, 41, -22.719435
15, 43, -13.818452
15, 45, -27.170012
15, 46, -15.550952
15, 47, 0.337855
15, 49, -14.279729
15, 50, 1.356351
16, 1, 27.909671
16, 2, -53.049436
16, 3, -22.939833
16, 4, 22.207152
16, 5, 35.935509
16, 6, -4.522198
16, 7, -21.716432
16, 8, -25.179813
16, 10, -0.908485
16, 11, -24.495513
16, 12, -12.395023
16, 13, 6.475081
16, 14, -27.233276
16, 16, -17.795864
16, 17, 51.816866
16, 20, -3.483967
16, 22, 1.987868
16, 23, -14.738635
16, 24, -15.365508
16, 25, -24.004910
16, 26, -10.135492
16, 27, 23.948218
16, 28, -31.443919
16, 29, 35.144973
16, 30, -27.513529
16, 32, -6.118411
16, 33, -50.012447
16, 34, 2.000000
16, 35, 9.491847
16, 36, 66.000000
16, 38, -6.417083
16, 40, 16.430597
16, 41, 9.714367
16, 43, -19.600843
16, 44, 37.721155
16, 45, -6.445678
16, 46, -12.663559
16, 47, -20.804272
16, 48, 5.159605
16, 49, 12.419668
16, 50, -0.948754
17, 1, 9.878775
17, 2, -47.262119
17, 4, 13.401949
17, 5, 13.539230
17, 6, -3.795305
17, 7, -15.367043
17, 8, -17.630500
17, 9, -24.762706
17, 10, 39.007804
17, 11, -24.756691
17, 12, 21.888904
17, 13, -16.468399
17, 14, -12.565266
17, 15, -34.721209
17, 16, 2.363884
17, 17, 55.183134
17, 18, -6.803578
17, 19, 86.000000
17, 20, 7.464124
17, 21, 10.459265
17, 22, 21.933690
17, 23, -3.085706
17, 25, -22.920600
17, 26, -1.317232
17, 27, 31.310025
17, 28, -24.169680
17, 29, 23.511484
17, 31, 99999.000000
17, 32, -3.453770
17, 33, -42.124010
17, 35, 5.382296
17, 38, 11.133448
17, 39, 19.763893
17, 42, -6.684285
17, 43, -13.821544
17, 44, 22.185952
17, 45, -27.170010
17, 46, -15.410693
17, 47, 0.337851
17, 48, -17.048620
17, 49, -14.446924
17, 50, 0.384812
18, 1, 27.782286
18, 2, -53.289465
18, 3, -73.000000
18, 4, 24.279909
18, 5, 31.078330
18, 6, -8.679322
18, 7, -21.716433
18, 8, -25.181336
18, 9, -26.797078
18, 10, -0.925663
18, 12, -12.395023
18, 13, 6.474644
18, 14, -30.617647
18, 15, -32.143424
18, 16, -19.069653
18, 18, 19.313122
18, 20, 1.212476
18, 21, -0.236398
18, 22, 1.825315
18, 24, -36.376190
18, 25, -22.641059
18, 26, -7.662120
18, 27, 25.489800
18, 29, 35.142740
18, 32, -6.477702
18, 34, 23.000000
18, 35, 9.594833
18, 36, 21.202976
18, 37, 73.000000
18, 38, -5.413815
18, 39, -6.764199
18, 40, -7.108005
18, 41, 30.961845
18, 42, -12.712467
18, 44, 37.721155
18, 45, -6.445675
18, 46, -11.827576
18, 47, -20.804276
18, 48, 5.159605
18, 49, 12.070674
18, 50, -2.529846
19, 1, 10.886626
19, 2, -47.490498
19, 4, 20.342319
19, 5, 9.233838
19, 6, -7.180352
19, 7, -15.802969
19, 8, -17.632409
19, 9, -24.762706
19, 10, 38.991001
19, 11, -5.323228
19, 13, -16.467688
19, 14, -13.928372
19, 15, -34.689592
19, 16, 2.067166
19, 17, -27.344572
19, 18, -6.816016
19, 19, -0.193318
19, 20, 11.180116
19, 21, 10.442066
19, 22, 20.846962
19, 23, -17.988856
19, 24, -31.623810
19, 25, -21.285092
19, 26, -0.633344
19, 27, 32.978590
19, 28, -8.054973
19, 29, 23.511091
19, 31, -90.000000
19, 33, 6.189415
19, 35, 5.441753
19, 36, 21.797024
19, 38, 12.569014
19, 39, 18.834561
19, 40, 12.139163
19, 41, 31.452755
19, 42, -7.487588
19, 45, -27.170009
19, 46, -14.480147
19, 48, -17.048620
19, 49, -14.870223
19, 50, -0.719979
20, 1, 27.733896
20, 3, 62.000000
20, 4, 26.392944
20, 5, 25.406386
20, 6, -12.531066
20, 8, -25.183802
20, 10, -0.934252
20, 11, -23.201676
20, 15, -32.146431
20, 16, -21.131216
20, 17, -27.552172
20, 18, 19.293346
20, 19, 19.188097
20, 20, 5.806619
20, 21, 0.452344
20, 23, 9.568626
20, 25, -21.278900
20, 27, 26.024551
20, 28, -34.310640
20, 29, 35.141360
20, 30, -56.688135
20, 33, 28.912825
20, 34, 18.627541
20, 37, -39.024722
20, 39, -8.982976
20, 40, -7.089938
20, 41, 30.961845
20, 42, -12.596852
20, 43, 75.475238
20, 44, -7.958845
20, 46, -10.486580
20, 47, 20.050491
20, 49, 11.536001
20, 50, -3.920195
21, 4, 26.891947
21, 5, 4.880693
21, 6, -10.022922
21, 7, -15.114481
21, 8, -17.633589
21, 11, -5.306086
21, 12, -27.213072
21, 13, -56.376270
21, 14, 19.401538
21, 15, -34.657975
21, 16, 1.612245
21, 17, -26.540014
21, 18, -6.840893
21, 19, -0.189746
21, 20, 14.768400
21, 21, 10.402072
21, 23, -17.988857
21, 25, -20.005481
21, 28, -8.467743
21, 31, -19.108846
21, 32, -13.000000
21, 33, 6.342946
21, 34, 8.756344
21, 35, 5.863546
21, 36, -16.428983
21, 37, -35.975278
21, 38, 2.596380
21, 39, 16.172937
21, 40, 12.082920
21, 41, 31.452755
21, 42, -9.715422
21, 44, -13.657627
21, 45, 6.575527
21, 46, -13.142238
21, 47, 22.333933
21, 48, -18.506866
21, 49, -15.351494
21, 50, -1.441078
22, 1, -96.000000
22, 3, 20.188954
22, 4, 28.270085
22, 5, 20.439461
22, 6, -15.262239
22, 7, -7.252363
22, 10, 6.054274
22, 11, -23.222720
22, 12, -26.885854
22, 13, -59.623730
22, 14, -1.550732
22, 15, -32.148289
22, 16, -23.193432
22, 17, -26.325105
22, 18, 19.273571
22, 19, 19.193974
22, 20, 10.042977
22, 21, 1.652971
22, 22, 80.400992
22, 23, 9.568626
22, 24, -37.086175
22, 25, -20.421065
22, 26, 50.006182
22, 28, -34.865853
22, 31, -15.271717
22, 33, 29.137499
22, 34, 18.627541
22, 35, 25.732683
22, 36, -21.911481
22, 38, 7.980976
22, 39, -13.172778
22, 40, -7.049342
22, 42, -12.273280
22, 44, -7.943448
22, 45, 0.164295
22, 46, -9.121294
22, 47, 19.978755
22, 48, -41.439786
22, 49, 11.065837
22, 50, -4.469277
23, 3, 21.281543
23, 4, 32.224711
23, 5, 1.663691
23, 6, -11.642717
23, 7, -15.114473
23, 8, 9.961396
23, 9, -22.673485
23, 10, -10.279934
23, 11, -5.267568
23, 12, -27.178634
23, 14, 19.401538
23, 16, 1.211873
23, 17, -24.502676
23, 18, -6.853331
23, 19, -0.183965
23, 20, 17.798780
23, 21, 10.337477
23, 22, 80.599008
23, 23, -17.988857
23, 24, -72.989865
23, 25, -19.522933
23, 26, 43.718123
23, 28, -9.512769
23, 30, 6.566160
23, 31, -19.472766
23, 32, 91.000000
23, 33, 6.731763
23, 34, 8.756322
23, 35, 6.343268
23, 36, -15.732999
23, 38, 2.596380
23, 39, 12.157569
23, 40, 12.012786
23, 41, 40.956283
23, 42, -12.883265
23, 44, -13.829156
23, 45, 6.575527
23, 46, -11.985681
23, 47, 22.020609
23, 48, -18.506866
23, 49, -15.665571
24, 1, 15.191818
24, 2, -73.000000
24, 3, 20.191587
24, 4, 29.672146
24, 5, 17.548608
24, 6, -16.250121
24, 7, -7.252352
24, 8, 8.757959
24, 9, -10.692847
24, 10, 6.056264
24, 11, -23.248961
24, 12, -26.727564
24, 13, 33.000000
24, 14, -1.550732
24, 15, -18.724444
24, 16, -24.468277
24, 17, -24.445067
24, 19, 19.197606
24, 20, 13.749591
24, 21, 3.051455
24, 24, -37.139622
24, 26, 50.006182
24, 27, -16.103085
24, 28, -35.716212
24, 29, -33.145287
24, 30, 17.424265
24, 31, -15.634361
24, 33, 29.481658
24, 35, 25.511828
24, 36, -20.665036
24, 38, 7.980977
24, 39, -18.824593
24, 40, -7.016787
24, 41, 17.932732
24, 42, -11.625039
24, 43, -16.239528
24, 44, -7.904256
24, 45, 0.164295
24, 46, -8.265469
24, 47, 19.805567
24, 49, 10.880159
24, 50, -62.000000
25, 1, 10.466358
25, 3, 21.294005
25, 4, 35.697925
25, 5, 0.479787
25, 7, -15.114465
25, 8, 9.961396
25, 9, -23.110387
25, 10, -10.278321
25, 11, -5.236678
25, 12, -27.101254
25, 15, 16.424695
25, 16, 1.053671
25, 17, -22.185683
25, 18, 14.000000
25, 20, 19.992456
25, 21, 10.260120
25, 22, -4.304848
25, 24, -73.008149
25, 25, 25.000000
25, 27, -3.786848
25, 28, -10.700880
25, 29, -63.910960
25, 30, 6.624618
25, 31, -20.351346
25, 33, 7.174016
25, 35, 7.572012
25, 36, -13.862863
25, 38, 2.596381
25, 39, 7.405475
25, 40, 11.981574
25, 41, 40.956283
25, 42, -16.362995
25, 43, 44.376732
25, 44, -14.091622
25, 46, -11.531342
25, 47, 21.577504
25, 48, -20.096491
26, 1, 15.191818
26, 2, -50.168334
26, 3, 20.196852
26, 4, 30.421066
26, 6, 19.121286
26, 8, 8.757959
26, 9, -11.452975
26, 10, 6.059484
26, 11, -23.260639
26, 12, -26.530180
26, 13, 56.346508
26, 14, -31.386673
26, 15, -18.724444
26, 17, -22.791730
26, 19, -14.177949
26, 20, 16.836738
26, 21, 4.273058
26, 22, -7.911169
26, 23, 1.344741
26, 24, -37.259717
26, 26, -32.612398
26, 27, -16.101564
26, 28, -36.463728
26, 29, -33.145290
26, 30, 17.027404
26, 31, -16.147216
26, 32, -50.237619
26, 33, 29.784246
26, 35, 25.106764
26, 36, -18.572474
26, 39, -25.171314
26, 41, 17.932732
26, 42, -10.609785
26, 43, -15.688590
26, 44, -7.859329
26, 47, 19.632377
26, 48, 2.901573
26, 49, 38.000000
26, 50, -34.835850
27, 1, 10.466358
27, 2, -51.831666
27, 3, 21.306467
27, 4, 36.902577
27, 5, -20.179532
27, 6, -8.796440
27, 7, 13.580871
27, 9, -24.216734
27, 10, -10.277324
27, 12, -27.039200
27, 13, 53.653492
27, 14, -56.908794
27, 15, 16.424695
27, 16, -3.855857
27, 17, -20.673248
27, 18, 8.309754
27, 19, -18.642250
27, 20, 21.298925
27, 21, 10.195455
27, 22, -4.670383
27, 23, 11.428449
27, 24, -73.030950
27, 25, -56.000000
27, 26, -12.926179
27, 27, -3.784263
27, 28, -11.476221
27, 29, -63.910966
27, 30, 6.772772
27, 31, -21.229929
27, 33, 7.462739
27, 34, 33.514891
27, 35, 9.011403
27, 36, -11.406556
27, 37, 13.089047
27, 38, -10.456091
27, 39, 2.716595
27, 40, -12.517214
27, 42, -19.571352
27, 43, 44.428708
27, 44, -14.322102
27, 45, -5.943175
27, 46, -9.958450
27, 47, 21.264182
27, 48, -20.214766
27, 50, -13.646790
28, 3, 20.199485
28, 5, 20.952468
28, 6, 18.960259
28, 7, 21.071059
28, 8, -25.014801
28, 9, -12.617472
28, 12, -26.442335
28, 14, -31.386673
28, 16, -0.582539
28, 17, -22.138761
28, 18, -7.595335
28, 19, -13.766580
28, 20, 19.269743
28, 21, 4.982776
28, 22, -8.204462
28, 23, 1.587931
28, 24, -37.356026
28, 26, -32.628613
28, 27, -16.099103
28, 28, -36.758874
28, 29, -33.145294
28, 30, 16.419449
28, 31, -16.509859
28, 33, 29.903732
28, 34, 2.468948
28, 35, 24.604094
28, 36, -16.301981
28, 37, 6.910953
28, 38, -20.502552
28, 39, -31.249214
28, 40, -3.920356
28, 41, -8.502229
28, 42, -9.333259
28, 43, -14.909434
28, 44, -7.829799
28, 45, -38.203759
28, 46, 7.611126
28, 47, 19.560638
28, 48, 2.199398
28, 49, -80.762381
28, 50, -34.682602
29, 1, -8.172246
29, 5, -20.178858
29, 6, -9.123458
29, 7, 13.580871
29, 8, -19.985199
29, 9, -25.474946
29, 10, 28.795129
29, 11, 45.545061
29, 16, -3.794259
29, 18, 8.309754
29, 19, -17.988705
29, 20, 21.881362
29, 21, 10.170108
29, 22, -5.552871
29, 23, 12.937315
29, 24, -73.041097
29, 25, 5.521258
29, 26, -12.859878
29, 27, -3.782665
29, 30, 6.941481
29, 31, -21.593851
29, 34, 33.513996
29, 35, 10.027386
29, 36, -9.142294
29, 38, -10.478145
29, 39, -1.047846
29, 40, -12.517214
29, 41, -36.151193
29, 42, -22.109504
29, 43, 44.493520
29, 44, -14.413040
29, 45, -5.943180
29, 46, -9.958450
29, 48, -20.524638
29, 49, -81.237619
29, 50, -12.966860
30, 1, -11.426094
30, 2, -32.848558
30, 3, -0.980854
30, 4, 12.864082
30, 5, 20.983883
30, 6, 18.571510
30, 9, -13.641427
30, 10, 25.328592
30, 11, 55.438126
30, 12, 39.233233
30, 14, 29.604673
30, 16, -0.430473
30, 17, 5.877908
30, 19, -12.670516
30, 20, 21.032741
30, 22, -8.619254
30, 23, 2.157036
30, 25, 8.271317
30, 26, -32.667758
30, 28, -16.356132
30, 29, -7.068912
30, 30, 15.884893
30, 32, -1.726019
30, 33, -62.000000
30, 34, 2.468959
30, 35, 24.146075
30, 36, -14.573001
30, 37, -9.807612
30, 38, -20.537578
30, 39, -36.041571
30, 40, -3.920356
30, 41, -8.502229
30, 42, -8.052284
30, 43, -14.358478
30, 45, -38.203767
30, 47, 23.524762
30, 48, 1.061234
30, 50, -34.273191
31, 1, -8.509888
31, 2, -25.283245
31, 3, 20.254581
31, 4, 9.942797
31, 5, -20.177767
31, 6, -9.585916
31, 7, -48.593235
31, 8, -0.352542
31, 9, -26.296255
31, 10, 28.795129
31, 11, 45.186811
31, 12, 34.694310
31, 13, -0.898734
31, 14, -1.261633
31, 15, 12.915833
31, 16, -3.655850
31, 17, 4.321736
31, 18, 63.000000
31, 19, -16.869300
31, 20, 22.024517
31, 21, -9.104279
31, 22, -6.435372
31, 23, 15.430463
31, 24, -54.981357
31, 25, 5.521265
31, 26, -12.766125
31, 28, 2.444734
31, 29, 2.657088
31, 30, 7.051733
31, 32, -8.792063
31, 34, 33.513442
31, 35, 10.148639
31, 36, -7.793373
31, 37, 9.512616
31, 38, -10.522254
31, 39, -3.146230
31, 42, -23.801314
31, 43, 44.522364
31, 44, -85.000000
31, 45, -5.943185
31, 46, -35.628690
31, 47, 24.475238
31, 48, -20.908107
31, 50, -11.825984
32, 1, -10.843176
32, 2, -32.019195
32, 3, -0.980869
32, 4, 13.599203
32, 5, 21.015299
32, 6, 18.182765
32, 7, -43.507306
32, 8, 16.901058
32, 9, -14.045796
32, 10, 25.328592
32, 11, 54.719817
32, 12, 38.703469
32, 13, 0.886672
32, 14, 29.604436
32, 16, -0.240851
32, 17, 5.880371
32, 19, -11.236872
32, 20, 22.106011
32, 21, -20.634325
32, 22, -8.912566
32, 23, 2.659568
32, 24, -59.079939
32, 25, 8.271330
32, 26, -32.706899
32, 28, -16.412258
32, 29, -7.610297
32, 30, 15.673799
32, 33, -49.000000
32, 35, 23.906460
32, 36, -13.929479
32, 37, -9.807626
32, 38, -20.572604
32, 39, -38.686407
32, 40, 4.763724
32, 42, -7.096629
32, 46, -33.371310
32, 48, -0.079432
32, 49, 7.847803
32, 50, -33.740670
33, 1, -9.397482
33, 2, -24.130574
33, 3, 20.218517
33, 4, 11.122871
33, 6, -9.912913
33, 7, -48.593235
33, 8, -0.788300
33, 11, 44.321913
33, 12, 34.182423
33, 13, -0.894071
33, 14, -1.262235
33, 15, 55.000000
33, 16, -3.544855
33, 17, 4.325352
33, 18, -19.693096
33, 19, -15.577748
33, 20, 22.010460
33, 21, -9.090282
33, 22, -6.800920
33, 23, 18.092279
33, 24, -54.981360
33, 25, 5.521272
33, 26, -12.699838
33, 27, -10.245872
33, 28, 2.183132
33, 29, 2.358041
33, 32, 4.338163
33, 34, 11.000000
33, 35, 9.233208
33, 37, 9.512594
33, 38, -10.544308
33, 40, -4.591436
33, 42, -24.630627
33, 45, -4.226845
33, 47, -95.881191
33, 48, -21.218702
33, 49, -4.225571
33, 50, -10.588968
34, 1, -9.782105
34, 2, -29.764781
34, 3, -0.980898
34, 4, 15.572777
34, 6, 18.021743
34, 8, 15.054299
34, 9, -44.280390
34, 10, -7.835020
34, 11, 53.703960
34, 12, 37.361951
34, 13, 0.886687
34, 14, 29.604051
34, 16, -0.156461
34, 17, 5.884355
34, 18, -22.306904
34, 19, -9.860174
34, 20, 22.467174
34, 21, -20.773554
34, 23, 2.687106
34, 24, -59.079943
34, 26, -32.723111
34, 27, -29.684573
34, 28, -16.610992
34, 29, -9.091400
34, 30, 4.000000
34, 31, -12.896072
34, 32, -10.486692
34, 33, 20.212897
34, 35, 24.034772
34, 36, 14.635470
34, 37, -9.807640
34, 40, 4.746686
34, 41, 25.356428
34, 42, -6.742296
34, 43, -11.633240
34, 44, 48.956342
34, 45, 29.538153
34, 46, 85.000000
34, 47, -61.827480
34, 48, -0.785653
34, 49, 7.699296
34, 50, -33.254986
35, 1, -10.527480
35, 2, -22.056699
35, 3, 20.182453
35, 4, 13.107997
35, 7, -41.217858
35, 8, -2.051075
35, 9, -58.243579
35, 10, -24.504255
35, 11, 43.457004
35, 12, 33.397944
35, 13, -0.891190
35, 14, -1.262606
35, 17, 4.327587
35, 19, -14.395757
35, 21, -9.054744
35, 22, -35.659533
35, 23, 20.162217
35, 24, -54.981363
35, 25, -16.113849
35, 27, -10.245861
35, 28, 1.663885
35, 29, 1.823260
35, 32, 4.490507
35, 33, 22.787103
35, 34, -15.412180
35, 35, 7.480927
35, 36, 31.036736
35, 38, -4.737182
35, 40, -4.605566
35, 43, -25.688901
35, 44, 32.603304
35, 45, -3.473552
35, 48, -21.337425
35, 49, -4.386407
35, 50, -9.647591
36, 1, -8.475772
36, 2, -26.695465
36, 3, -0.980913
36, 4, 18.161148
36, 6, -93.000000
36, 7, -24.719303
36, 8, 11.600007
36, 9, -44.280390
36, 10, -7.874950
36, 11, 52.985630
36, 12, 35.836244
36, 18, -5.470358
36, 19, -8.818393
36, 20, -30.498724
36, 21, -20.986454
36, 22, -17.649980
36, 23, 2.035289
36, 25, -14.886151
36, 26, -65.819231
36, 27, -29.684558
36, 28, -17.017278
36, 29, -11.119385
36, 30, -9.405953
36, 31, 12.349759
36, 32, -10.210462
36, 34, -17.113253
36, 35, 24.592765
36, 36, 14.772908
36, 37, 0.000000
36, 38, 8.445227
36, 39, -10.643977
36, 40, 4.712610
36, 42, 9.522054
36, 43, -11.633240
36, 44, 48.956750
36, 45, 29.464898
36, 46, 48.475238
36, 49, 7.365605
36, 50, -32.967994
37, 1, -11.562238
37, 2, -19.458617
37, 4, 15.267613
37, 5, -13.000000
37, 8, -4.017770
37, 10, -24.546109
37, 11, 43.098744
37, 12, 32.707859
37, 13, 28.058909
37, 14, -5.441312
37, 16, -43.000000
37, 17, -24.256615
37, 18, -11.529642
37, 19, -13.500899
37, 20, -28.880705
37, 21, -9.014164
37, 22, -34.982946
37, 23, 21.219619
37, 24, 32.230726
37, 26, -30.119590
37, 27, -10.245850
37, 28, 0.912196
37, 29, 1.179218
37, 30, -10.594047
37, 31, 15.586260
37, 32, 4.947105
37, 33, 8.811825
37, 34, -15.430485
37, 35, 5.309745
37, 36, 31.334364
37, 38, -4.073211
37, 39, 2.768092
37, 40, -4.619696
37, 41, 99999.000000
37, 42, 6.444110
37, 44, 32.603495
37, 45, -1.447615
37, 46, -13.032762
37, 48, 11.693015
37, 49, -4.586967
37, 50, -9.297349
38, 1, -7.274208
38, 2, -23.563786
38, 4, 20.543364
38, 6, -1.534685
38, 8, 6.983056
38, 10, -7.954812
38, 12, 34.840301
38, 13, 21.916710
38, 14, -35.204772
38, 15, 21.559807
38, 17, -13.122986
38, 19, -8.193308
38, 20, -30.501144
38, 21, -21.173264
38, 22, -16.690652
38, 23, 0.803280
38, 24, 29.154535
38, 25, -24.529722
38, 26, -65.819231
38, 28, -17.669796
38, 29, -13.152862
38, 31, 12.349759
38, 32, -9.689685
38, 33, 3.188175
38, 34, -17.150008
38, 35, 25.516674
38, 36, 15.081728
38, 37, 2.830530
38, 38, 9.330678
38, 39, -10.804735
38, 40, 4.695572
38, 42, 10.547903
38, 43, 62.000000
38, 44, 48.957411
38, 45, 29.351293
38, 48, 6.306985
38, 49, 7.098005
39, 1, -12.259355
39, 2, -16.788563
39, 3, 64.460679
39, 4, 16.916167
39, 5, 18.879307
39, 6, 3.828660
39, 8, -6.508138
39, 9, 9.069246
39, 10, -24.587963
39, 12, 32.435266
39, 13, 28.488673
39, 14, -5.900364
39, 15, 14.735728
39, 16, -12.918308
39, 17, -24.236468
39, 18, 84.000000
39, 19, -12.942506
39, 20, -28.884135
39, 21, -8.987580
39, 22, -33.073810
39, 23, 21.278033
39, 24, 32.230726
39, 25, -30.836555
39, 26, -30.119590
39, 27, -6.776663
39, 28, -0.004180
39, 29, 0.598481
39, 30, 17.464035
39, 32, 5.693836
39, 34, -15.467095
39, 35, 3.174578
39, 36, 31.705500
39, 37, -7.061441
39, 38, -2.207234
39, 39, 2.560361
39, 41, -29.892635
39, 42, 8.224626
39, 44, 32.603613
39, 45, 1.217310
39, 49, -4.676224
40, 1, -6.550796
40, 2, -20.989430
40, 3, 74.540067
40, 4, 21.960841
40, 5, 24.559634
40, 6, -1.534685
40, 7, -0.638643
40, 8, 1.785506
40, 9, 18.787375
40, 10, -7.994742
40, 13, 22.426704
40, 14, -33.731325
40, 15, 21.400240
40, 16, 5.340295
40, 17, -14.150233
40, 19, -7.905794
40, 20, -30.505059
40, 21, -21.246935
40, 22, -15.007564
40, 23, -0.677675
40, 24, 29.154535
40, 27, 8.962638
40, 28, -18.525390
40, 29, -14.644949
40, 30, 40.500203
40, 31, -64.317733
40, 32, -8.994128
40, 33, -95.000000
40, 34, -17.186763
40, 35, 26.625911
40, 36, 15.329382
40, 37, 3.045635
40, 38, 10.904941
40, 39, -11.032078
40, 40, -10.489886
40, 41, -51.153305
40, 42, 13.453500
40, 43, -13.985119
40, 45, 29.241418
40, 47, -6.915176
40, 48, -7.247437
40, 50, 30.059365
41, 1, -12.501758
41, 2, -14.439012
41, 3, 64.460679
41, 4, 17.530645
41, 5, 18.879307
41, 7, -15.742685
41, 8, -9.298668
41, 9, 8.995115
41, 12, 9.486788
41, 13, 29.639610
41, 14, -7.062751
41, 15, 14.709867
41, 16, -12.918306
41, 17, -24.210861
41, 18, 47.059831
41, 19, -12.685657
41, 20, -28.886255
41, 22, -30.270537
41, 23, 20.673594
41, 26, 49.653492
41, 27, -5.501850
41, 28, -0.966800
41, 29, 0.253477
41, 30, 17.447693
41, 31, -58.713322
41, 32, 6.675493
41, 34, -15.485401
41, 35, 1.419861
41, 36, 31.870671
41, 37, -6.641669
41, 38, 0.503457
41, 39, 2.301324
41, 40, -19.476362
41, 41, -29.892635
41, 42, 11.526531
41, 43, -11.014881
41, 44, 1.567114
41, 45, 3.677851
41, 46, -23.247540
41, 47, -33.362011
41, 48, -0.429843
41, 49, 15.687347
41, 50, 25.940635
42, 2, -19.267490
42, 5, 24.559632
42, 6, -26.220354
42, 7, -0.322669
42, 8, -3.369478
42, 9, 18.200304
42, 12, -24.088244
42, 13, 23.332545
42, 14, -31.345253
42, 15, 21.174581
42, 16, 5.340297
42, 17, -16.012650
42, 18, 31.019132
42, 19, -7.829334
42, 22, -12.984599
42, 23, -2.030822
42, 24, 7.000000
42, 27, 11.031225
42, 28, -19.444257
42, 29, -15.191825
42, 30, 40.271461
42, 31, -64.274516
42, 32, -8.229482
42, 33, -50.938379
42, 35, 27.674058
42, 37, 3.623680
42, 38, 12.829165
42, 39, -11.192830
42, 40, -10.565323
42, 41, -51.153305
42, 42, 17.733167
42, 44, 32.125474
42, 45, 29.167173
42, 47, -6.915176
42, 48, -7.247437
42, 49, 22.375375
43, 1, 17.503879
43, 2, -12.667800
43, 3, 42.757421
43, 4, 6.699970
43, 5, 18.879308
43, 6, 0.579620
43, 7, -16.227822
43, 8, -12.122397
43, 9, 8.801047
43, 10, 0.404885
43, 11, 19.495080
43, 12, 9.486802
43, 13, 31.162868
43, 14, -8.384613
43, 15, 14.684007
43, 16, -12.918305
43, 17, -24.250213
43, 18, 47.059831
43, 20, 86.514841
43, 22, -27.065000
43, 23, 19.844656
43, 25, -39.339497
43, 27, -2.077540
43, 28, -1.821273
43, 30, 17.410975
43, 31, -58.599238
43, 32, 7.777727
43, 33, 10.440765
43, 34, -52.415873
43, 35, 0.222877
43, 36, -38.105751
43, 37, -5.920687
43, 38, 3.531387
43, 39, 2.186043
43, 40, -19.532512
43, 42, 15.812060
43, 43, -28.542914
43, 44, 1.606629
43, 45, 5.145500
43, 46, -59.000000
43, 48, -0.429843
43, 49, 15.687332
44, 1, -13.535874
44, 2, -18.348501
44, 3, 42.242579
44, 4, 14.240095
44, 6, -26.236458
44, 7, 0.193561
44, 8, -7.918184
44, 9, 17.250096
44, 10, 30.015996
44, 12, -24.088223
44, 13, 24.429831
44, 14, -28.956731
44, 15, 21.015019
44, 17, -18.332695
44, 18, 31.019129
44, 19, -88.000000
44, 20, 85.485159
44, 21, 15.573624
44, 22, -11.025881
44, 23, -3.010247
44, 24, -1.900952
44, 25, -10.713480
44, 27, 14.517186
44, 28, -20.225514
44, 29, 1.618850
44, 30, 39.986223
44, 31, -64.177409
44, 32, -7.515419
44, 33, -50.938379
44, 34, -55.584127
44, 35, 28.419275
44, 36, -39.594499
44, 37, 4.390520
44, 38, 14.709535
44, 40, -10.734829
44, 41, 5.309965
44, 42, 22.594558
44, 43, 0.209822
44, 44, 32.077567
44, 45, 29.141632
44, 47, -13.384524
44, 49, 22.375354
45, 1, 17.403687
45, 2, -11.590696
45, 4, 6.858288
45, 5, 32.499960
45, 6, 0.057379
45, 7, -16.970500
45, 8, -14.669638
45, 9, 8.561187
45, 10, 0.489436
45, 11, 6.689783
45, 12, 9.486817
45, 13, 32.652649
45, 14, -9.247422
45, 16, -40.207937
45, 17, -24.388628
45, 21, -8.498982
45, 22, -24.012742
45, 23, 19.141783
45, 24, 1.900952
45, 25, -38.855519
45, 26, 59.399129
45, 27, 2.417528
45, 28, -2.411848
45, 29, 5.381150
45, 30, 17.381529
45, 31, -58.456978
45, 32, 8.835993
45, 33, 10.440796
45, 35, -0.371524
45, 36, -38.105751
45, 37, -5.097761
45, 38, 6.276368
45, 40, -19.602529
45, 41, -10.418304
45, 42, 20.283624
45, 43, -28.395469
45, 44, 1.695418
45, 46, -38.606989
45, 47, 16.678782
45, 48, 58.049524
45, 49, 15.687317
46, 1, -13.786322
46, 2, -17.990928
46, 4, 14.503249
46, 5, 28.500040
46, 6, -26.275337
46, 7, 0.715936
46, 8, -11.429403
46, 9, 16.299509
46, 10, 30.139357
46, 11, -21.029713
46, 13, 25.468057
46, 14, -27.479318
46, 16, -41.792063
46, 17, -20.591422
46, 19, 8.608848
46, 20, 54.342032
46, 21, 15.510844
46, 22, -9.450189
46, 23, -3.558304
46, 25, -10.499441
46, 26, 52.410913
46, 27, 18.318364
46, 28, -20.675171
46, 30, 39.859281
46, 31, -64.099535
46, 32, -6.952485
46, 34, -29.105884
46, 35, 28.688486
46, 36, -39.594499
46, 37, 5.131055
46, 38, 16.185258
46, 40, -10.870762
46, 41, 5.325144
46, 42, 27.074085
46, 43, 0.573476
46, 44, 32.017828
46, 45, -73.000000
46, 46, -19.933835
46, 47, -13.384511
46, 48, 59.950476
46, 50, 1.673334
47, 1, 17.178557
47, 2, -11.232181
47, 3, 12.889456
47, 4, 7.214026
47, 6, -0.681195
47, 7, -17.623005
47, 8, -16.613551
47, 9, 8.367153
47, 10, 0.679421
47, 11, 6.689793
47, 12, 75.910873
47, 13, 33.788253
47, 17, -24.578838
47, 19, 2.391152
47, 20, 65.438606
47, 21, -8.504496
47, 22, -21.636392
47, 23, 18.756506
47, 24, -33.000000
47, 25, -38.171055
47, 27, 6.558607
47, 28, -2.622924
47, 29, 99999.000000
47, 31, -58.393667
47, 32, 9.670373
47, 34, -49.043060
47, 37, -4.393390
47, 38, 8.185103
47, 39, -21.095994
47, 40, -19.633690
47, 41, -10.401436
47, 42, 24.003548
47, 43, -28.064161
47, 44, 1.766621
47, 46, -38.606989
47, 47, 16.678802
47, 49, 17.772361
48, 1, -14.098625
48, 3, 9.022530
48, 4, 14.831396
48, 5, -10.217203
48, 6, -26.314216
48, 7, 1.041854
48, 8, -13.628165
48, 9, 15.711825
48, 10, 30.293187
48, 11, -21.029696
48, 13, 26.207190
48, 15, 27.331626
48, 16, -42.107829
48, 17, -22.236539
48, 20, 54.342032
48, 21, 15.448064
48, 22, -8.449411
48, 23, -3.728397
48, 25, -10.232539
48, 26, -92.000000
48, 27, 21.226194
48, 30, -48.927540
48, 32, -6.600426
48, 34, -29.105887
48, 35, -12.104009
48, 36, 4.662605
48, 37, 5.656492
48, 38, 16.991688
48, 39, -3.069801
48, 41, 5.355501
48, 42, 30.228902
48, 43, 1.026946
48, 44, 31.991242
48, 45, 25.929085
48, 46, -19.933835
48, 47, -13.384497
48, 48, -15.451406
48, 49, 31.927890
48, 50, 26.107829
49, 1, 16.998016
49, 3, 12.889456
49, 4, 7.499306
49, 5, -28.619022
49, 6, -1.203454
49, 7, -17.880545
49, 8, -17.669576
49, 9, 8.293043
49, 10, 0.831777
49, 11, 6.689804
49, 13, 34.389694
49, 16, -52.094745
49, 17, -24.716467
49, 18, -33.663413
49, 19, -32.272262
49, 21, -8.507904
49, 22, -20.338893
49, 24, -76.000000
49, 25, -37.687053
49, 27, 9.024479
49, 28, -15.227778
49, 29, 25.267301
49, 30, -62.798258
49, 31, 46.341547
49, 32, 10.130088
49, 33, 18.728378
49, 34, -49.043065
49, 35, -16.895991
49, 36, -11.150014
49, 37, -3.990229
49, 38, 8.868103
49, 39, -21.095994
49, 40, 22.797024
49, 41, -10.384568
49, 42, 26.119289
49, 43, -27.798474
49, 45, 38.227788
49, 48, -34.962882
49, 49, 17.772361
49, 50, 36.094745
50, 1, -14.237613
50, 3, 9.022530
50, 4, 14.977435
50, 5, -10.217203
50, 6, -26.330321
50, 8, -14.374709
50, 10, 30.361647
50, 13, 26.474516
50, 14, -50.148492
50, 15, 61.000000
50, 16, -42.107829
50, 17, -22.839051
50, 18, -38.336587
50, 19, -30.727738
50, 20, 4.000000
50, 22, -8.108678
50, 23, 75.000000
50, 25, -10.113756
50, 26, 68.000000
50, 27, 22.311421
50, 28, -20.772222
50, 29, 22.732699
50, 30, -48.927540
50, 31, 42.658453
50, 32, -6.481726
50, 33, -3.693015
50, 34, -29.105890
50, 36, 4.662605
50, 37, 5.845292
50, 39, -3.069801
50, 40, 22.202976
50, 41, 5.370680
50, 42, 31.365665
50, 43, 1.228760
50, 44, -53.000000
50, 45, 25.929085
50, 46, -72.000000
50, 47, -8.000000
50, 48, -15.451406
50, 49, 31.927890
50, 50, 26.107829
