1, 1, 33.000000
1, 3, -19.115730
1, 4, 22.373302
1, 6, -0.366089
1, 7, 15.597872
1, 8, 35.153452
1, 9, -12.403585
1, 10, -19.000000
1, 11, 4.181899
1, 12, 99999.000000
1, 13, -86.000000
1, 14, -57.366349
1, 15, -38.000000
1, 16, 0.198016
1, 18, -91.237619
1, 19, -37.518810
1, 20, -36.052244
1, 21, -23.315622
1, 22, -3.362542
1, 23, -1.686649
1, 24, 20.743638
1, 25, -19.086972
1, 27, 62.000000
1, 28, 11.596326
1, 29, -41.000000
1, 30, -34.004320
1, 32, -9.414897
1, 33, -37.355511
1, 34, -22.143803
1, 35, -13.794592
1, 37, -82.000000
1, 38, -87.000000
1, 39, 82.000000
1, 40, -18.576536
1, 41, 21.419129
1, 42, -11.747251
1, 43, -26.233654
1, 45, 25.071845
1, 46, -81.000000
1, 47, 1.810480
1, 49, 45.000000
1, 50, 14.643914
2, 2, 52.514105
2, 3, -30.411392
2, 4, 6.408508
2, 5, -52.862937
2, 6, 4.164731
2, 7, 5.795898
2, 8, 33.846548
2, 9, -23.651517
2, 11, 0.579337
2, 14, -58.633651
2, 16, 29.492694
2, 17, 2.513774
2, 19, -42.377205
2, 20, -9.775596
2, 21, -25.055061
2, 22, -16.876032
2, 23, 2.294741
2, 24, 3.431457
2, 25, -29.519560
2, 28, 3.366367
2, 30, -35.054088
2, 31, 9.481006
2, 32, -6.655461
2, 33, -28.876178
2, 34, -1.715671
2, 35, 4.542209
2, 36, -70.282183
2, 40, 2.124694
2, 41, 13.928941
2, 42, -29.501770
2, 43, -40.290788
2, 44, 7.162393
2, 45, -1.532371
2, 47, -9.690083
2, 48, -12.063187
2, 50, 24.484538
3, 1, -19.436141
3, 2, 5.322718
3, 3, -19.148301
3, 4, 22.372244
3, 5, -32.559216
3, 6, -0.016143
3, 7, 15.597872
3, 9, -12.403583
3, 11, 3.499658
3, 12, 34.416038
3, 13, 99999.000000
3, 15, -26.752460
3, 17, -43.679826
3, 19, -36.638553
3, 20, -36.052240
3, 21, -23.917222
3, 22, -3.362547
3, 23, -1.931144
3, 24, 20.753107
3, 25, -19.543467
3, 26, -24.166695
3, 27, -0.681350
3, 28, 11.596327
3, 29, 46.338940
3, 30, -34.004318
3, 31, 7.021504
3, 32, -8.920420
3, 33, -35.580976
3, 34, -22.190528
3, 35, -13.621160
3, 36, -70.717817
3, 37, -79.000000
3, 38, 39.618850
3, 39, 1.267057
3, 40, -18.702310
3, 41, 21.419129
3, 42, -11.747250
3, 43, -26.247795
3, 44, -42.110217
3, 45, 25.072239
3, 47, 2.670722
3, 48, -7.624558
3, 49, -36.371579
3, 50, 14.643958
4, 1, -16.447940
4, 2, 52.514105
4, 3, -30.469830
4, 4, 6.406990
4, 5, -52.863491
4, 6, 4.331456
4, 8, -12.065363
4, 9, -23.651658
4, 10, -95.000000
4, 11, -0.712796
4, 12, 30.069879
4, 14, 12.083139
4, 15, -25.247540
4, 17, 2.513778
4, 19, -43.585578
4, 20, -9.775593
4, 21, -27.564381
4, 23, -0.693013
4, 24, 3.438492
4, 25, -28.231997
4, 26, -37.656452
4, 27, 7.670103
4, 29, 60.579544
4, 31, 9.486008
4, 32, -5.379936
4, 33, -24.663298
4, 34, 0.237807
4, 35, 4.826241
4, 38, 43.381150
4, 39, -15.275162
4, 40, 2.085164
4, 43, -40.357933
4, 44, 6.610177
4, 45, -1.531820
4, 47, -7.604605
4, 48, -12.063188
4, 49, -47.208815
4, 50, 24.484663
5, 1, -19.412808
5, 2, 5.321229
5, 3, -19.213442
5, 4, 22.371184
5, 5, -32.560042
5, 6, 1.023855
5, 7, 21.956906
5, 8, -38.380517
5, 11, 1.851975
5, 12, 34.416037
5, 13, 14.015405
5, 14, 17.766003
5, 19, -34.412638
5, 21, -25.556169
5, 23, -2.543747
5, 24, 20.768430
5, 25, -20.869835
5, 26, -22.306922
5, 27, 0.901577
5, 29, 46.338941
5, 31, 7.020897
5, 32, -7.618295
5, 33, -30.789195
5, 34, -22.301409
5, 35, -13.182637
5, 36, -5.016569
5, 39, 1.160302
5, 40, -18.953851
5, 41, -4.934417
5, 43, -26.270677
5, 44, -42.890225
5, 45, 25.072632
5, 47, 4.955544
5, 49, -36.371580
5, 50, 14.644001
6, 1, -16.402267
6, 3, -30.528266
6, 5, -52.864045
6, 6, 4.708184
6, 7, 5.959343
6, 8, -10.970397
6, 10, 1.679426
6, 11, -2.541171
6, 13, -0.609934
6, 14, 10.234018
6, 16, -17.398582
6, 19, -45.437761
6, 20, -19.815647
6, 21, -31.871727
6, 23, -5.473234
6, 24, 3.442842
6, 25, -26.503239
6, 26, -36.060774
6, 27, 9.112810
6, 31, 9.494103
6, 32, -3.519865
6, 33, -17.499423
6, 34, 3.413125
6, 35, 5.254957
6, 36, 12.791073
6, 38, -15.757517
6, 39, -15.510080
6, 40, 2.045636
6, 41, 16.580864
6, 42, -38.739523
6, 43, -40.425080
6, 44, 5.369332
6, 47, -4.146217
6, 49, -47.208816
7, 1, -19.375053
7, 3, -19.246012
7, 4, -24.014801
7, 6, 2.597819
7, 7, 21.956903
7, 8, -34.823914
7, 10, -17.670671
7, 11, 0.203431
7, 12, 4.152470
7, 13, 13.994939
7, 14, 15.346585
7, 16, -21.170346
7, 18, 28.697975
7, 19, -31.886596
7, 20, -3.081643
7, 21, -27.799116
7, 22, 43.048620
7, 23, -3.224792
7, 25, -22.859504
7, 26, -18.886821
7, 27, 5.312119
7, 29, -30.187986
7, 31, 7.020524
7, 32, -5.968079
7, 33, -24.443668
7, 34, -22.415557
7, 35, -12.671633
7, 36, -5.239278
7, 38, -16.778761
7, 39, 0.946795
7, 40, -19.079619
7, 41, -6.785685
7, 42, -64.354115
7, 44, -43.862865
7, 46, -10.565310
7, 47, 7.897941
7, 50, 24.151555
8, 1, -16.374038
8, 4, -18.985199
8, 5, 6.064319
8, 6, 5.160181
8, 8, -8.096906
8, 9, 18.241500
8, 10, 1.571520
8, 11, -3.834754
8, 12, 28.564933
8, 13, -0.277740
8, 14, 4.860622
8, 16, -16.408549
8, 19, -47.067388
8, 20, -19.035698
8, 21, -36.784581
8, 22, 2.941478
8, 23, -10.279298
8, 24, -2.000000
8, 25, -25.391183
8, 26, -32.630209
8, 27, 11.769703
8, 29, -14.363068
8, 30, -9.874150
8, 32, -2.102910
8, 33, -9.596144
8, 34, 6.606403
8, 35, 5.645552
8, 36, 12.420856
8, 37, -18.179768
8, 38, -15.117180
8, 39, -15.744995
8, 41, 15.174448
8, 42, -38.739523
8, 44, 4.374221
8, 45, 2.729513
8, 46, -9.737944
8, 47, -0.454711
8, 48, -22.236109
8, 49, 14.000000
8, 50, 0.640078
9, 3, -27.802799
9, 5, 2.271132
9, 6, 4.192038
9, 8, -29.045673
9, 9, -19.507656
9, 10, -17.779422
9, 11, -0.479673
9, 12, 4.152470
9, 13, 13.948973
9, 14, 10.574548
9, 15, 23.000000
9, 16, -21.076015
9, 17, 60.000000
9, 19, -30.240810
9, 20, -2.770886
9, 21, -30.096945
9, 22, 40.195136
9, 23, -3.653805
9, 25, -25.021622
9, 26, -14.441662
9, 27, 11.636109
9, 29, -30.187989
9, 30, -24.764925
9, 31, -68.000000
9, 32, -4.497568
9, 33, -18.542533
9, 34, -22.489359
9, 35, -12.283319
9, 36, -5.684695
9, 37, -56.817642
9, 38, -13.006930
9, 39, 0.840042
9, 40, 31.820802
9, 41, -11.682219
9, 44, -44.295728
9, 45, 11.953438
9, 46, -11.392361
9, 47, 10.552030
9, 48, -6.037250
9, 50, 24.151330
10, 1, 28.472155
10, 2, -51.620189
10, 3, -22.635282
10, 4, 17.432622
10, 5, 6.064324
10, 6, 5.196095
10, 7, -21.712820
10, 8, -4.531382
10, 9, 19.209207
10, 10, 1.355711
10, 13, 0.136534
10, 14, -3.443768
10, 16, -15.008503
10, 19, -47.711195
10, 20, -16.779766
10, 21, -40.987092
10, 22, 2.903484
10, 23, -13.656302
10, 24, -15.401668
10, 25, -25.377343
10, 26, -27.237248
10, 27, 15.230918
10, 29, -14.363071
10, 30, -9.874146
10, 32, -1.957757
10, 33, -3.486123
10, 34, 8.588944
10, 35, 5.867900
10, 36, 12.050637
10, 37, -18.283812
10, 38, -13.296341
10, 40, 14.106274
10, 41, 12.880281
10, 42, -51.938358
10, 43, -3.420753
10, 45, 2.730445
10, 46, -10.938662
10, 47, 2.313580
10, 48, -22.441321
10, 49, 17.539384
10, 50, 0.639752
11, 1, 3.475066
11, 2, -44.577808
11, 3, -28.060004
11, 4, -5.320037
11, 5, 2.271137
11, 6, 4.955393
11, 7, -10.244459
11, 8, -23.238315
11, 9, -18.338118
11, 10, -17.888170
11, 11, -24.761041
11, 12, -16.000000
11, 13, 13.912130
11, 14, 3.805124
11, 15, 11.435635
11, 16, -20.981679
11, 17, -10.218361
11, 20, -1.914447
11, 21, -31.939654
11, 22, 35.073935
11, 23, -3.662509
11, 24, -9.060483
11, 25, -26.624855
11, 26, -9.634232
11, 27, 18.652853
11, 28, 9.400992
11, 30, -24.764922
11, 32, -3.572978
11, 33, -15.003538
11, 34, -22.513167
11, 35, -12.140918
11, 36, -5.907406
11, 37, -56.844918
11, 38, -6.232530
11, 39, -4.716195
11, 40, 32.595747
11, 41, -17.942211
11, 42, -54.804973
11, 44, 1.298126
11, 45, 11.954849
11, 46, -13.492881
11, 47, 12.106895
11, 48, -6.284519
11, 49, -2.732022
11, 50, 24.151106
12, 1, 28.373625
12, 2, -51.892761
12, 3, -22.809340
12, 4, 17.975033
12, 6, 4.082996
12, 7, -21.715222
12, 8, -1.635714
12, 9, 20.577989
12, 10, 1.247808
12, 11, -24.589468
12, 13, 0.320916
12, 14, -13.538851
12, 16, -14.018568
12, 17, -5.159174
12, 18, -2.228353
12, 19, -9.473554
12, 20, -13.271916
12, 21, -43.391571
12, 22, 2.718204
12, 23, -15.102223
12, 24, -15.386318
12, 25, -26.014519
12, 26, -20.290102
12, 27, 18.984071
12, 28, 9.599008
12, 29, 80.000000
12, 31, 16.935675
12, 32, -3.267242
12, 33, -1.191618
12, 37, -18.517636
12, 38, -10.612593
12, 39, -3.589394
12, 40, 15.434708
12, 41, 10.486553
12, 42, -51.938359
12, 43, -19.547454
12, 44, 16.391898
12, 45, 2.731376
12, 46, -12.727309
12, 47, 3.334444
12, 48, -22.851743
12, 49, 17.539391
13, 1, 5.273960
13, 2, -45.485068
13, 3, -28.637937
13, 4, -1.764832
13, 5, 22.043586
13, 6, 4.062071
13, 7, -11.974794
13, 8, -19.634601
13, 9, -16.879734
13, 11, -24.759194
13, 14, -4.068312
13, 17, -10.218356
13, 18, -0.702737
13, 19, 4.691652
13, 20, -0.161214
13, 21, -32.956243
13, 22, 28.776995
13, 23, -3.327865
13, 24, -9.049656
13, 25, -26.977896
13, 26, -5.132843
13, 27, 25.181997
13, 30, -59.269873
13, 31, 20.064325
13, 32, -3.262171
13, 34, 0.247459
13, 35, 4.654708
13, 36, -43.762381
13, 37, -56.878941
13, 38, 2.097813
13, 39, -4.716503
13, 40, 34.337000
13, 41, -23.542011
13, 43, -13.771013
13, 44, 1.298119
13, 46, -15.886786
13, 48, -6.531792
13, 49, -2.732015
13, 50, 3.559597
14, 1, 28.124548
14, 2, -52.579440
14, 3, -23.026393
14, 4, 19.491414
14, 5, 43.923772
14, 6, 1.238886
14, 7, -21.718649
14, 8, -0.527041
14, 9, 21.546030
14, 10, -0.820555
14, 11, -24.509708
14, 13, 6.479932
14, 14, -23.738898
14, 17, -5.159170
14, 18, -2.228354
14, 19, -9.473549
14, 20, -8.820740
14, 22, 2.314797
14, 23, -15.129417
14, 24, -15.355622
14, 25, -26.261428
14, 26, -12.898680
14, 27, 22.505008
14, 28, -31.443919
14, 30, -27.513667
14, 32, -5.448241
14, 33, -50.012445
14, 34, -6.247459
14, 35, 8.913204
14, 36, -44.237619
14, 37, -18.705185
14, 38, -7.613983
14, 39, -3.589978
14, 40, 17.091218
14, 41, 8.730842
14, 43, -19.582139
14, 44, 16.391891
14, 46, -14.156274
14, 47, -20.804022
14, 48, -23.056956
14, 50, 2.530640
15, 1, 8.220951
15, 2, -46.873084
15, 3, -29.101402
15, 4, 4.612961
15, 5, 20.419043
15, 6, 1.190729
15, 7, -14.623555
15, 9, -16.230693
15, 10, 39.102211
15, 11, -24.755502
15, 12, 21.889087
15, 13, -16.479298
15, 14, -11.585740
15, 18, -0.702737
15, 19, 4.691657
15, 20, 2.745821
15, 22, 22.721542
15, 23, -2.923406
15, 24, -9.038833
15, 25, -25.792118
15, 26, -1.508463
15, 27, 30.377275
15, 28, -24.169680
15, 29, 23.515845
15, 30, -59.269874
15, 31, -84.000000
15, 32, -3.354305
15, 33, -42.124010
15, 35, 4.988774
15, 37, -56.894086
15, 38, 10.099946
15, 39, -4.716810
15, 40, 35.733350
15, 41, -26.800830
15, 43, -13.834661
15, 45, -27.170100
15, 46, -17.422239
15, 47, 0.337993
15, 49, -13.485859
15, 50, 2.750188
16, 1, 27.834453
16, 2, -53.354210
16, 3, -23.122992
16, 4, 21.697881
16, 5, 39.932670
16, 6, -3.359226
16, 7, -21.717914
16, 8, -25.153964
16, 10, -0.868816
16, 11, -24.429949
16, 12, -12.395024
16, 13, 6.476498
16, 14, -32.072713
16, 16, -15.044309
16, 17, 51.816866
16, 20, -3.782336
16, 22, 1.800341
16, 23, -14.755517
16, 24, -15.340277
16, 25, -25.250697
16, 26, -6.641089
16, 27, 25.341026
16, 28, -31.443918
16, 29, 35.163909
16, 30, -27.513396
16, 32, -7.435754
16, 33, -50.012447
16, 34, 2.000000
16, 35, 9.491847
16, 36, 66.000000
16, 38, -5.011258
16, 40, 17.828430
16, 41, 8.092264
16, 43, -19.638260
16, 44, 37.721156
16, 45, -6.445764
16, 46, -14.382759
16, 47, -20.804272
16, 48, 5.159601
16, 49, 13.247339
16, 50, 0.352898
17, 1, 11.212850
17, 2, -48.091695
17, 4, 12.647395
17, 5, 15.882846
17, 6, -3.227583
17, 7, -16.950568
17, 8, -17.614309
17, 9, -24.762707
17, 10, 39.007805
17, 11, -24.753656
17, 12, 21.888728
17, 13, -16.464674
17, 14, -17.038502
17, 15, -34.867235
17, 16, 3.064213
17, 17, 55.183134
17, 18, -6.688679
17, 19, 86.000000
17, 20, 6.750528
17, 21, 10.462616
17, 22, 18.351063
17, 23, -2.746215
17, 25, -23.380719
17, 26, 0.825741
17, 27, 33.844637
17, 28, -24.169680
17, 29, 23.512755
17, 31, 99999.000000
17, 32, -3.519414
17, 33, -42.124012
17, 35, 5.656905
17, 38, 15.865182
17, 39, 22.870456
17, 42, -3.656184
17, 43, -13.873998
17, 44, 22.185952
17, 45, -27.170011
17, 46, -17.303864
17, 47, 0.337714
17, 48, -17.048622
17, 49, -13.839502
17, 50, 0.700735
18, 1, 27.614167
18, 2, -53.856406
18, 3, -73.000000
18, 4, 24.243581
18, 5, 32.794731
18, 6, -9.021329
18, 7, -21.714774
18, 8, -25.173348
18, 9, -26.797078
18, 10, -0.965333
18, 12, -12.395022
18, 13, 6.470938
18, 14, -36.766715
18, 15, -32.117927
18, 16, -17.364622
18, 18, 19.404460
18, 20, 1.452134
18, 21, -1.534044
18, 22, 1.433167
18, 24, -36.376190
18, 25, -22.943162
18, 26, -3.045850
18, 27, 27.165758
18, 29, 35.135507
18, 32, -8.232852
18, 34, 23.000000
18, 35, 10.070490
18, 36, 21.202976
18, 37, 73.000000
18, 38, -3.494698
18, 39, -3.142800
18, 40, -7.227741
18, 41, 30.961846
18, 42, -12.681349
18, 44, 37.721155
18, 45, -6.445590
18, 46, -13.081025
18, 47, -20.804522
18, 48, 5.159607
18, 49, 12.510814
18, 50, -2.982607
19, 1, 13.084409
19, 2, -48.572449
19, 4, 21.116100
19, 5, 9.454390
19, 6, -8.150197
19, 7, -17.868991
19, 8, -17.638593
19, 9, -24.762705
19, 10, 38.913396
19, 11, -5.436828
19, 13, -16.455637
19, 14, -19.035113
19, 15, -34.689592
19, 16, 2.444374
19, 17, -31.157418
19, 18, -6.758569
19, 19, -0.253917
19, 20, 11.384321
19, 21, 10.479012
19, 22, 16.757932
19, 23, -17.988848
19, 24, -31.623810
19, 25, -20.563296
19, 26, 1.629623
19, 27, 35.541347
19, 28, -6.094702
19, 29, 23.507760
19, 31, -90.000000
19, 33, 5.462589
19, 35, 5.990973
19, 36, 21.797024
19, 38, 17.963924
19, 39, 21.763275
19, 40, 12.325531
19, 41, 31.452755
19, 42, -4.843006
19, 45, -27.169920
19, 46, -15.489855
19, 48, -17.048616
19, 49, -14.733717
19, 50, -1.629755
20, 1, 27.533431
20, 3, 62.000000
20, 4, 26.795069
20, 5, 24.196861
20, 6, -14.525527
20, 8, -25.204714
20, 10, -1.013592
20, 11, -23.131934
20, 15, -32.156171
20, 16, -21.125678
20, 17, -30.461049
20, 18, 19.293345
20, 19, 19.138256
20, 20, 6.484656
20, 21, -0.533475
20, 23, 9.568599
20, 25, -20.225937
20, 27, 27.793508
20, 28, -32.991423
20, 29, 35.117954
20, 30, -56.688135
20, 33, 28.379502
20, 34, 18.627544
20, 37, -39.024722
20, 39, -5.678521
20, 40, -7.164594
20, 41, 30.961844
20, 42, -12.837305
20, 43, 75.475238
20, 44, -8.027742
20, 46, -10.637258
20, 47, 20.438857
20, 49, 11.382831
20, 50, -5.914817
21, 4, 28.962264
21, 5, 2.757630
21, 6, -12.324430
21, 7, -15.115002
21, 8, -17.653603
21, 11, -5.376922
21, 12, -27.441307
21, 13, -56.376270
21, 14, 19.401536
21, 15, -34.511949
21, 16, 1.486850
21, 17, -29.462598
21, 18, -6.898342
21, 19, -0.208471
21, 20, 15.879977
21, 21, 10.471246
21, 23, -17.988857
21, 25, -18.338348
21, 28, -6.968117
21, 31, -17.138398
21, 32, -13.000000
21, 33, 5.785282
21, 34, 8.757057
21, 35, 3.645601
21, 36, -19.216670
21, 37, -35.975278
21, 38, 2.596321
21, 39, 18.550902
21, 40, 12.128955
21, 41, 31.452754
21, 42, -8.082846
21, 44, -13.247624
21, 45, 6.575530
21, 46, -12.753005
21, 47, 23.182248
21, 48, -18.506866
21, 49, -15.748429
21, 50, -3.150841
22, 1, -96.000000
22, 3, 20.164636
22, 4, 29.057976
22, 5, 16.442301
22, 6, -18.523107
22, 7, -7.252693
22, 10, 6.020522
22, 11, -23.205510
22, 12, -27.410382
22, 13, -59.623730
22, 14, -1.550733
22, 15, -32.179805
22, 16, -24.895040
22, 17, -27.873737
22, 18, 19.182234
22, 19, 19.213012
22, 20, 10.983178
22, 21, 1.243545
22, 22, 80.400992
22, 23, 9.568653
22, 24, -36.731974
22, 25, -18.400866
22, 26, 50.006182
22, 28, -34.167842
22, 31, -14.289886
22, 33, 28.854583
22, 34, 18.627539
22, 35, 26.082054
22, 36, -24.454955
22, 38, 7.980950
22, 39, -10.580788
22, 40, -7.022700
22, 42, -12.885550
22, 44, -7.999155
22, 45, 0.164296
22, 46, -8.016515
22, 47, 20.253418
22, 48, -41.439786
22, 49, 10.391336
22, 50, -7.072585
23, 3, 21.223987
23, 4, 35.318986
23, 5, -2.315178
23, 6, -14.701158
23, 7, -15.114473
23, 8, 9.961394
23, 9, -20.603013
23, 10, -10.293612
23, 11, -5.242295
23, 12, -27.320931
23, 14, 19.401539
23, 16, 0.636941
23, 17, -25.168108
23, 18, -6.968226
23, 19, -0.134940
23, 20, 19.467419
23, 21, 10.394891
23, 22, 80.599008
23, 23, -17.988865
23, 24, -72.929278
23, 25, -17.497330
23, 26, 43.718123
23, 28, -9.176183
23, 30, 6.291634
23, 31, -18.079402
23, 32, 91.000000
23, 33, 6.603891
23, 34, 8.755609
23, 35, 4.622304
23, 36, -18.096901
23, 38, 2.596380
23, 39, 13.578250
23, 40, 11.883814
23, 41, 40.956279
23, 42, -12.532371
23, 44, -13.615686
23, 45, 6.575526
23, 46, -10.342532
23, 47, 22.371931
23, 48, -18.506865
23, 49, -16.409501
24, 1, 15.191819
24, 2, -73.000000
24, 3, 20.179425
24, 4, 30.765259
24, 5, 11.834575
24, 6, -19.983461
24, 7, -7.252022
24, 8, 8.757958
24, 9, -8.889660
24, 10, 6.045834
24, 11, -23.297221
24, 12, -26.857105
24, 13, 33.000000
24, 14, -1.550729
24, 15, -18.724443
24, 16, -27.228793
24, 17, -23.908280
24, 19, 19.259214
24, 20, 14.765597
24, 21, 3.364001
24, 24, -36.918767
24, 26, 50.006182
24, 27, -16.128886
24, 28, -35.963448
24, 29, -33.145056
24, 30, 18.365971
24, 31, -15.227719
24, 33, 29.580967
24, 35, 25.859008
24, 36, -22.373622
24, 38, 7.981003
24, 39, -17.424838
24, 40, -6.908906
24, 41, 17.932730
24, 42, -12.454423
24, 43, -17.730834
24, 44, -7.921721
24, 45, 0.164292
24, 46, -6.336062
24, 47, 19.805636
24, 49, 9.999876
24, 50, -62.000000
25, 1, 10.466358
25, 3, 21.294003
25, 4, 39.475656
25, 5, -4.208026
25, 7, -15.113944
25, 8, 9.961397
25, 9, -21.523326
25, 10, -10.273097
25, 11, -5.134316
25, 12, -27.050464
25, 15, 16.424695
25, 16, 0.299252
25, 17, -20.279262
25, 18, 14.000000
25, 20, 21.691726
25, 21, 10.250699
25, 22, -2.325970
25, 24, -72.993183
25, 25, 25.000000
25, 27, -3.808776
25, 28, -11.681015
25, 29, -63.910760
25, 30, 6.412406
25, 31, -20.351279
25, 33, 7.537429
25, 35, 7.106484
25, 36, -15.068064
25, 38, 2.596440
25, 39, 7.476361
25, 40, 11.774712
25, 41, 40.956285
25, 42, -17.134776
25, 43, 44.204507
25, 44, -14.171509
25, 46, -9.388290
25, 47, 21.226096
25, 48, -19.587720
26, 1, 15.191818
26, 2, -50.168334
26, 3, 20.209011
26, 4, 31.688458
26, 6, 19.993322
26, 8, 8.757960
26, 9, -10.494747
26, 10, 6.086789
26, 11, -23.338022
26, 12, -26.167196
26, 13, 56.346507
26, 14, -31.386672
26, 15, -18.724445
26, 17, -20.419644
26, 19, -15.950048
26, 20, 17.820850
26, 21, 5.258875
26, 22, -7.117390
26, 23, -0.029000
26, 24, -37.338522
26, 26, -32.524507
26, 27, -16.109535
26, 28, -37.535708
26, 29, -33.145290
26, 30, 17.527456
26, 31, -16.553922
26, 32, -50.237619
26, 33, 30.218258
26, 35, 25.369445
26, 36, -18.908374
26, 39, -25.417127
26, 41, 17.932737
26, 42, -11.299717
26, 43, -16.306726
26, 44, -7.824879
26, 47, 19.357713
26, 48, 4.407418
26, 49, 38.000000
26, 50, -35.471559
27, 1, 10.466357
27, 2, -51.831666
27, 3, 21.364024
27, 4, 40.924495
27, 5, -20.190970
27, 6, -7.910785
27, 7, 13.580870
27, 9, -23.855340
27, 10, -10.260417
27, 12, -26.833576
27, 13, 53.653493
27, 14, -56.908794
27, 15, 16.424693
27, 16, -4.264120
27, 17, -17.085229
27, 18, 8.309756
27, 19, -19.973011
27, 20, 22.569210
27, 21, 10.103021
27, 22, -3.270813
27, 23, 8.190336
27, 24, -73.072877
27, 25, -56.000000
27, 26, -13.105878
27, 27, -3.775886
27, 28, -13.312433
27, 29, -63.911165
27, 30, 6.721509
27, 31, -22.623293
27, 33, 8.148275
27, 34, 33.522486
27, 35, 9.980552
27, 36, -11.045870
27, 37, 13.089046
27, 38, -10.252369
27, 39, 1.204797
27, 40, -12.517216
27, 42, -20.993622
27, 43, 44.386161
27, 44, -14.652217
27, 45, -5.942846
27, 46, -9.958449
27, 47, 20.415954
27, 48, -19.801263
27, 50, -15.037045
28, 3, 20.223807
28, 5, 20.807371
28, 6, 19.576783
28, 7, 21.071059
28, 8, -25.014801
28, 9, -12.951765
28, 12, -25.860162
28, 14, -31.386673
28, 16, -1.086458
28, 17, -19.041491
28, 18, -7.595335
28, 19, -15.188706
28, 20, 20.230391
28, 21, 6.377302
28, 22, -7.875256
28, 23, 0.633656
28, 24, -37.675174
28, 26, -32.566536
28, 27, -16.078230
28, 28, -38.154897
28, 29, -33.145525
28, 30, 16.244533
28, 31, -17.491626
28, 33, 30.469564
28, 34, 2.468604
28, 35, 24.626847
28, 36, -15.189730
28, 37, 6.910954
28, 38, -20.340781
28, 39, -33.363821
28, 40, -3.920357
28, 41, -8.502229
28, 42, -9.497410
28, 43, -14.291888
28, 44, -7.756628
28, 45, -38.203503
28, 46, 7.611126
28, 47, 19.172134
28, 48, 3.147223
28, 49, -80.762381
28, 50, -35.207392
29, 1, -6.615534
29, 5, -20.182391
29, 6, -8.757080
29, 7, 13.580872
29, 8, -19.985199
29, 9, -26.510179
29, 10, 28.795125
29, 11, 47.484576
29, 16, -4.048781
29, 18, 8.309754
29, 19, -18.869518
29, 20, 22.506137
29, 21, 10.040050
29, 22, -5.552459
29, 23, 10.944459
29, 24, -73.108348
29, 25, 5.520827
29, 26, -12.934003
29, 27, -3.755562
29, 30, 7.078746
29, 31, -23.564434
29, 34, 33.511094
29, 35, 11.991444
29, 36, -7.294187
29, 38, -10.376284
29, 39, -4.021808
29, 40, -12.517212
29, 41, -36.151193
29, 42, -23.648103
29, 43, 44.612705
29, 44, -14.839982
29, 45, -5.943180
29, 46, -9.958451
29, 48, -20.363176
29, 49, -81.237619
29, 50, -13.897183
30, 1, -12.359223
30, 2, -36.152299
30, 3, -0.980717
30, 4, 9.903780
30, 5, 20.983886
30, 6, 18.571369
30, 9, -15.110318
30, 10, 25.328590
30, 11, 57.382512
30, 12, 41.743294
30, 14, 29.608709
30, 16, -0.554900
30, 17, 5.836145
30, 19, -13.233931
30, 20, 22.042662
30, 22, -8.947878
30, 23, 2.229101
30, 25, 8.270935
30, 26, -32.667858
30, 28, -16.340132
30, 29, -4.999017
30, 30, 15.118103
30, 32, -1.726019
30, 33, -62.000000
30, 34, 2.469303
30, 35, 23.800658
30, 36, -12.386945
30, 37, -9.806718
30, 38, -20.537577
30, 39, -39.824252
30, 40, -3.920354
30, 41, -8.502229
30, 42, -7.481672
30, 43, -12.866583
30, 45, -38.204023
30, 47, 23.524762
30, 48, 1.082443
30, 50, -34.512161
31, 1, -7.322749
31, 2, -27.383414
31, 3, 20.421150
31, 4, 7.553195
31, 5, -20.168514
31, 6, -9.952962
31, 7, -48.593236
31, 8, 1.108896
31, 9, -28.244712
31, 10, 28.795131
31, 11, 46.558481
31, 12, 35.905790
31, 13, -0.938277
31, 14, -1.256533
31, 15, 12.915833
31, 16, -3.564982
31, 17, 4.291072
31, 18, 63.000000
31, 19, -17.073071
31, 20, 22.061328
31, 21, -9.168721
31, 22, -7.834942
31, 23, 15.333984
31, 24, -54.981161
31, 25, 5.521264
31, 26, -12.691562
31, 28, 2.816902
31, 29, 3.171072
31, 30, 7.315207
31, 32, -8.792063
31, 34, 33.504054
31, 35, 12.309519
31, 36, -5.039220
31, 37, 9.513293
31, 38, -10.624114
31, 39, -7.011998
31, 42, -25.120906
31, 43, 44.713537
31, 44, -85.000000
31, 45, -5.943514
31, 46, -35.628690
31, 47, 24.475238
31, 48, -21.063429
31, 50, -12.004158
32, 1, -11.763861
32, 2, -34.814528
32, 3, -0.980802
32, 4, 11.099238
32, 5, 21.160394
32, 6, 17.566241
32, 7, -43.507306
32, 8, 20.008936
32, 9, -15.962256
32, 10, 25.328595
32, 11, 55.525703
32, 12, 40.627827
32, 13, 0.886208
32, 14, 29.605682
32, 16, 0.107866
32, 17, 5.867465
32, 19, -10.881930
32, 20, 23.205150
32, 21, -20.300094
32, 22, -9.706928
32, 23, 3.794456
32, 24, -59.079801
32, 25, 8.271711
32, 26, -32.768976
32, 28, -16.290849
32, 29, -5.808339
32, 30, 14.673692
32, 33, -49.000000
32, 35, 23.205615
32, 36, -11.350176
32, 37, -9.807626
32, 38, -20.734375
32, 39, -43.460904
32, 40, 4.921106
32, 42, -5.890452
32, 46, -33.371310
32, 48, -1.014147
32, 49, 8.832016
32, 50, -33.631064
33, 1, -9.059013
33, 2, -25.780642
33, 3, 20.218517
33, 4, 9.494025
33, 6, -10.797901
33, 7, -48.593235
33, 8, 0.574033
33, 11, 44.322235
33, 12, 34.830227
33, 13, -0.878967
33, 14, -1.264184
33, 15, 55.000000
33, 16, -3.177068
33, 17, 4.337065
33, 18, -19.693096
33, 19, -15.187031
33, 20, 21.709978
33, 21, -9.141023
33, 22, -8.780622
33, 23, 19.672461
33, 24, -54.981360
33, 25, 5.521703
33, 26, -12.520576
33, 27, -10.246568
33, 28, 2.591621
33, 29, 2.811849
33, 32, 3.920849
33, 34, 11.000000
33, 35, 10.829607
33, 37, 9.511917
33, 38, -10.748031
33, 40, -4.526174
33, 42, -25.720488
33, 45, -7.227329
33, 47, -95.881191
33, 48, -21.634550
33, 49, -3.692606
33, 50, -9.979555
34, 1, -10.443571
34, 2, -31.229351
34, 3, -0.980967
34, 4, 14.318941
34, 6, 17.149988
34, 8, 17.771108
34, 9, -44.280390
34, 10, -7.466169
34, 11, 52.898776
34, 12, 37.800713
34, 13, 0.887149
34, 14, 29.600786
34, 16, 0.402797
34, 17, 5.918141
34, 18, -22.306904
34, 19, -8.953320
34, 20, 23.610697
34, 21, -20.601557
34, 23, 4.330182
34, 24, -59.080081
34, 26, -32.810801
34, 27, -29.685034
34, 28, -16.255249
34, 29, -8.030932
34, 30, 4.000000
34, 31, -12.896072
34, 32, -10.920644
34, 33, 20.212897
34, 35, 23.165581
34, 36, 13.724613
34, 37, -9.808534
34, 40, 4.825379
34, 41, 25.356428
34, 42, -5.285728
34, 43, -11.633240
34, 44, 48.949417
34, 45, 29.730880
34, 46, 85.000000
34, 47, -61.827480
34, 48, -2.325816
34, 49, 8.312943
34, 50, -32.850731
35, 1, -10.967354
35, 2, -22.927507
35, 3, 20.015884
35, 4, 12.756765
35, 7, -41.217858
35, 8, -0.937813
35, 9, -58.243579
35, 10, -24.310946
35, 11, 42.085334
35, 12, 33.176876
35, 13, -0.842310
35, 14, -1.268910
35, 17, 4.365491
35, 19, -13.712513
35, 21, -9.068516
35, 22, -38.055182
35, 23, 22.511148
35, 24, -54.981559
35, 25, -16.113849
35, 27, -10.245861
35, 28, 2.086331
35, 29, 2.095439
35, 32, 4.039387
35, 33, 22.787103
35, 34, -15.243092
35, 35, 8.102900
35, 36, 30.050481
35, 38, -7.092402
35, 40, -4.605565
35, 43, -25.688901
35, 44, 32.601680
35, 45, -6.028837
35, 48, -21.853785
35, 49, -4.254780
35, 50, -8.458470
36, 1, -8.463195
36, 2, -26.524463
36, 3, -0.981048
36, 4, 18.564123
36, 6, -93.000000
36, 7, -24.719303
36, 8, 13.562216
36, 9, -44.280390
36, 10, -7.690524
36, 11, 51.040543
36, 12, 34.581215
36, 18, -5.470358
36, 19, -7.891029
36, 20, -30.457683
36, 21, -21.053354
36, 22, -19.508057
36, 23, 3.364735
36, 25, -14.886151
36, 26, -65.819230
36, 27, -29.684098
36, 28, -16.484124
36, 29, -11.094022
36, 30, -9.405953
36, 31, 12.349759
36, 32, -10.637646
36, 34, -16.943495
36, 35, 23.841015
36, 36, 14.205000
36, 37, 0.000000
36, 38, 6.797683
36, 39, -10.208657
36, 40, 4.633919
36, 42, 6.006725
36, 43, -11.633240
36, 44, 48.954610
36, 45, 29.539032
36, 46, 48.475238
36, 49, 7.146597
36, 50, -32.400240
37, 1, -12.340585
37, 2, -19.445029
37, 4, 16.303114
37, 5, -13.000000
37, 8, -3.208011
37, 10, -24.546108
37, 11, 41.158585
37, 12, 31.717447
37, 13, 26.217285
37, 14, -3.264920
37, 16, -43.000000
37, 17, -24.519105
37, 18, -11.529642
37, 19, -12.852237
37, 20, -28.851618
37, 21, -8.981941
37, 22, -37.159201
37, 23, 23.266139
37, 24, 32.230724
37, 26, -30.119589
37, 27, -10.245154
37, 28, 1.255087
37, 29, 1.119295
37, 30, -10.594047
37, 31, 15.586260
37, 32, 4.443618
37, 33, 8.811824
37, 34, -15.345939
37, 35, 4.993753
37, 36, 31.090787
37, 38, -6.216124
37, 39, 3.456466
37, 40, -4.684959
37, 41, 99999.000000
37, 42, 3.499478
37, 44, 32.604115
37, 45, -2.772243
37, 46, -13.032761
37, 48, 11.693015
37, 49, -4.955789
37, 50, -7.896908
38, 1, -6.353525
38, 2, -22.095345
38, 4, 22.493516
38, 6, -1.534684
38, 8, 7.921600
38, 10, -8.139236
38, 12, 32.477182
38, 13, 20.979373
38, 14, -38.378947
38, 15, 21.991873
38, 17, -11.353828
38, 19, -7.630145
38, 20, -30.488461
38, 21, -21.440594
38, 22, -18.017950
38, 23, 1.217844
38, 24, 29.154534
38, 25, -24.529723
38, 26, -65.819231
38, 28, -17.175037
38, 29, -14.187966
38, 31, 12.349760
38, 32, -10.036322
38, 33, 3.188176
38, 34, -17.150006
38, 35, 25.136302
38, 36, 15.284412
38, 37, 1.931251
38, 38, 8.074364
38, 39, -10.624559
38, 40, 4.538188
38, 42, 7.273391
38, 43, 62.000000
38, 44, 48.963013
38, 45, 29.292996
38, 48, 6.306985
38, 49, 6.211259
39, 1, -13.006621
39, 2, -16.046495
39, 3, 64.460679
39, 4, 19.007899
39, 5, 18.879272
39, 6, 3.828660
39, 8, -6.009075
39, 9, 9.390030
39, 10, -24.781273
39, 12, 31.139656
39, 13, 27.011307
39, 14, -4.232790
39, 15, 14.855167
39, 16, -12.918417
39, 17, -24.353286
39, 18, 84.000000
39, 19, -12.506525
39, 20, -28.895246
39, 21, -8.923069
39, 22, -34.639617
39, 23, 22.340146
39, 24, 32.230727
39, 25, -30.836555
39, 26, -30.119591
39, 27, -11.893454
39, 28, 0.135614
39, 29, 0.144675
39, 30, 17.572343
39, 32, 5.223919
39, 34, -15.551639
39, 35, 2.274813
39, 36, 32.388007
39, 37, -7.892131
39, 38, -3.736743
39, 39, 2.730347
39, 41, -29.892637
39, 42, 5.549041
39, 44, 32.605620
39, 45, 1.584662
39, 49, -5.267765
40, 1, -4.968776
40, 2, -19.039080
40, 3, 74.540067
40, 4, 24.841665
40, 5, 24.559692
40, 6, -1.534685
40, 7, -1.290605
40, 8, 1.613627
40, 9, 20.055129
40, 10, -8.363596
40, 13, 21.694828
40, 14, -35.709888
40, 15, 21.579107
40, 16, 5.340229
40, 17, -12.620518
40, 19, -7.765973
40, 20, -30.538261
40, 21, -21.590934
40, 22, -15.507186
40, 23, -1.215855
40, 24, 29.154537
40, 27, 4.802273
40, 28, -18.315940
40, 29, -16.472269
40, 30, 41.258187
40, 31, -64.604154
40, 32, -9.141131
40, 33, -95.000000
40, 34, -17.356521
40, 35, 26.738440
40, 36, 16.150034
40, 37, 2.311400
40, 38, 10.310944
40, 39, -11.212451
40, 40, -9.989961
40, 41, -51.153306
40, 42, 10.938825
40, 43, -13.985118
40, 45, 29.134676
40, 47, -6.915175
40, 48, -7.247439
40, 50, 30.059364
41, 1, -13.178717
41, 2, -13.306699
41, 3, 64.460679
41, 4, 20.015537
41, 5, 18.879307
41, 7, -14.586433
41, 8, -9.159154
41, 9, 9.254549
41, 12, 9.485853
41, 13, 29.038385
41, 14, -6.684147
41, 15, 14.709869
41, 16, -12.918307
41, 17, -24.023889
41, 18, 47.059832
41, 19, -12.428916
41, 20, -28.922209
41, 22, -30.960988
41, 23, 20.712698
41, 26, 49.653493
41, 27, -9.833844
41, 28, -1.120677
41, 29, -0.472765
41, 30, 17.515215
41, 31, -59.091366
41, 32, 6.394668
41, 34, -15.654492
41, 35, 0.361417
41, 36, 32.965319
41, 37, -7.221539
41, 38, -0.095735
41, 39, 1.824960
41, 40, -19.290314
41, 41, -29.892634
41, 42, 9.577099
41, 43, -11.014882
41, 44, 1.305231
41, 45, 5.680206
41, 46, -23.247540
41, 47, -33.362011
41, 48, -0.429843
41, 49, 15.688294
41, 50, 25.940636
42, 2, -17.706958
42, 5, 24.559574
42, 6, -26.133193
42, 7, -0.767770
42, 8, -4.515684
42, 9, 18.986420
42, 12, -24.088898
42, 13, 22.971385
42, 14, -31.366041
42, 15, 20.995572
42, 16, 5.340363
42, 17, -15.050654
42, 18, 31.019223
42, 19, -7.870438
42, 22, -12.688091
42, 23, -3.036254
42, 24, 7.000000
42, 27, 8.158728
42, 28, -19.664444
42, 29, -17.312450
42, 30, 40.458668
42, 31, -64.453091
42, 32, -8.110996
42, 33, -50.938381
42, 35, 28.246065
42, 37, 3.295696
42, 38, 12.974495
42, 39, -11.627953
42, 40, -10.253601
42, 41, -51.153303
42, 42, 16.531378
42, 44, 32.284215
42, 45, 29.090584
42, 47, -6.915175
42, 48, -7.247437
42, 49, 22.376039
43, 1, 18.167894
43, 2, -11.486967
43, 3, 42.757421
43, 4, 5.650746
43, 5, 18.879343
43, 6, 1.993241
43, 7, -15.621058
43, 8, -12.461878
43, 9, 8.899981
43, 10, -0.155465
43, 11, 19.495080
43, 12, 9.486803
43, 13, 31.465764
43, 14, -9.472809
43, 15, 14.564566
43, 16, -12.918195
43, 17, -23.884251
43, 18, 47.059830
43, 20, 86.514841
43, 22, -26.780576
43, 23, 19.296777
43, 25, -40.649451
43, 27, -4.272194
43, 28, -2.280465
43, 30, 17.386869
43, 31, -58.692598
43, 32, 7.816936
43, 33, 10.439795
43, 34, -52.415874
43, 35, -0.720891
43, 36, -38.105754
43, 37, -6.094517
43, 38, 4.016969
43, 39, 1.422049
43, 40, -19.486536
43, 42, 15.195596
43, 43, -29.520083
43, 44, 1.443350
43, 45, 8.155946
43, 46, -59.000000
43, 48, -0.429842
43, 49, 15.687331
44, 1, -12.705958
44, 2, -17.636627
44, 3, 42.242579
44, 4, 13.368089
44, 6, -26.174799
44, 7, 0.141441
44, 8, -9.738001
44, 9, 17.253308
44, 10, 29.607209
44, 12, -24.087569
44, 13, 24.529531
44, 14, -26.991015
44, 15, 20.583094
44, 17, -18.299156
44, 18, 31.019038
44, 19, -88.000000
44, 20, 85.485159
44, 21, 15.863585
44, 22, -10.205474
44, 23, -3.872003
44, 24, -1.900952
44, 25, -11.422736
44, 27, 13.850123
44, 28, -20.854794
44, 29, 1.618850
44, 30, 39.461683
44, 31, -64.113670
44, 32, -7.189524
44, 33, -50.938378
44, 34, -55.584126
44, 35, 29.303625
44, 36, -39.594501
44, 37, 4.512012
44, 38, 15.484737
44, 40, -10.846053
44, 41, 5.169756
44, 42, 23.134080
44, 43, -0.995220
44, 44, 32.116787
44, 45, 29.091166
44, 47, -13.385381
44, 49, 22.374689
45, 1, 17.817693
45, 2, -10.531447
45, 4, 6.204096
45, 5, 32.499960
45, 6, 0.643328
45, 7, -17.191611
45, 8, -15.602384
45, 9, 8.461970
45, 10, 0.140060
45, 11, 6.689110
45, 12, 9.487752
45, 13, 33.493593
45, 14, -11.293599
45, 16, -40.207937
45, 17, -24.152026
45, 21, -8.452215
45, 22, -22.820673
45, 23, 18.493073
45, 24, 1.900952
45, 25, -39.398646
45, 26, 59.399129
45, 27, 3.092979
45, 28, -3.098974
45, 29, 5.381150
45, 30, 17.283958
45, 31, -58.195365
45, 32, 9.226554
45, 33, 10.441766
45, 35, -1.170552
45, 36, -38.105750
45, 37, -4.847211
45, 38, 7.777794
45, 40, -19.731283
45, 41, -10.496210
45, 42, 21.464332
45, 43, -29.004734
45, 44, 1.753694
45, 46, -38.606988
45, 47, 16.678151
45, 48, 58.049524
45, 49, 15.686369
46, 1, -13.581364
46, 2, -17.941355
46, 4, 14.287870
46, 5, 28.500040
46, 6, -26.275298
46, 7, 1.128825
46, 8, -13.593115
46, 9, 15.515378
46, 10, 30.038401
46, 11, -21.030258
46, 13, 26.017956
46, 14, -24.271508
46, 16, -41.792063
46, 17, -21.675156
46, 19, 8.608848
46, 20, 54.342031
46, 21, 15.510844
46, 22, -8.424282
46, 23, -3.995707
46, 25, -10.674621
46, 26, 52.410913
46, 27, 20.106190
46, 28, -21.548218
46, 30, 39.017980
46, 31, -63.841489
46, 32, -6.559701
46, 34, -29.105678
46, 35, 29.681896
46, 36, -39.594496
46, 37, 5.580531
46, 38, 17.376879
46, 40, -11.321221
46, 41, 5.255037
46, 42, 29.425182
46, 43, 0.275853
46, 44, 31.907974
46, 45, -73.000000
46, 46, -19.933834
46, 47, -13.384511
46, 48, 59.950476
46, 50, 1.673335
47, 1, 17.030799
47, 2, -10.246193
47, 3, 12.889458
47, 4, 7.447491
47, 6, -1.266565
47, 7, -18.558147
47, 8, -18.123638
47, 9, 8.107828
47, 10, 0.804107
47, 11, 6.689794
47, 12, 75.910873
47, 13, 34.747796
47, 17, -24.698916
47, 19, 2.391152
47, 20, 65.438606
47, 21, -8.522359
47, 22, -19.748117
47, 23, 18.203690
47, 24, -33.000000
47, 25, -37.628673
47, 27, 9.942459
47, 28, -3.394112
47, 29, 99999.000000
47, 31, -57.974084
47, 32, 10.339084
47, 34, -49.042893
47, 37, -3.813521
47, 38, 10.406640
47, 39, -21.095988
47, 40, -19.840228
47, 41, -10.401438
47, 42, 26.953480
47, 43, -27.846731
47, 44, 2.002565
47, 46, -38.606989
47, 47, 16.679434
47, 49, 17.772362
48, 1, -14.672943
48, 3, 9.022531
48, 4, 15.434844
48, 5, -10.217203
48, 6, -26.375875
48, 7, 1.778147
48, 8, -15.904948
48, 9, 14.438874
48, 10, 30.576074
48, 11, -21.029152
48, 13, 27.087195
48, 15, 27.331626
48, 16, -42.107829
48, 17, -24.254913
48, 20, 54.342032
48, 21, 15.158103
48, 22, -7.414128
48, 23, -3.948642
48, 25, -9.741717
48, 26, -92.000000
48, 27, 24.927024
48, 30, -48.927540
48, 32, -6.244750
48, 34, -29.105887
48, 35, -12.104009
48, 36, 4.662606
48, 37, 6.269234
48, 38, 18.377388
48, 39, -3.069799
48, 41, 5.425605
48, 42, 33.961720
48, 43, 1.860861
48, 44, 31.815030
48, 45, 25.929086
48, 46, -19.933835
48, 47, -13.383641
48, 48, -15.451405
48, 49, 31.927890
48, 50, 26.107828
49, 1, 16.399760
49, 3, 12.889455
49, 4, 8.444645
49, 5, -28.619022
49, 6, -2.617653
49, 7, -19.094073
49, 8, -19.541913
49, 9, 7.972610
49, 10, 1.336642
49, 11, 6.690477
49, 13, 35.285714
49, 16, -52.094745
49, 17, -25.137862
49, 18, -33.663414
49, 19, -32.272262
49, 21, -8.565712
49, 22, -18.073322
49, 24, -76.000000
49, 25, -36.376357
49, 27, 14.050220
49, 28, -15.227779
49, 29, 25.267301
49, 30, -62.798257
49, 31, 46.341547
49, 32, 10.945613
49, 33, 18.728378
49, 34, -49.043231
49, 35, -16.895991
49, 36, -11.150014
49, 37, -3.236259
49, 38, 11.349458
49, 39, -21.095997
49, 40, 22.797024
49, 41, -10.306660
49, 42, 30.174762
49, 43, -26.918055
49, 45, 38.227788
49, 48, -34.962882
49, 49, 17.772360
49, 50, 36.094745
50, 1, -15.158729
50, 3, 9.022527
50, 4, 15.945306
50, 5, -10.217202
50, 6, -26.417560
50, 8, -16.668797
50, 10, 30.815358
50, 13, 27.476054
50, 14, -50.148492
50, 15, 61.000000
50, 16, -42.107828
50, 17, -25.223650
50, 18, -38.336586
50, 19, -30.727738
50, 20, 4.000000
50, 22, -7.094893
50, 23, 75.000000
50, 25, -9.326527
50, 26, 68.000000
50, 27, 26.733960
50, 28, -20.772221
50, 29, 22.732699
50, 30, -48.927539
50, 31, 42.658453
50, 32, -6.157859
50, 33, -3.693015
50, 34, -29.106097
50, 36, 4.662604
50, 37, 6.501589
50, 39, -3.069807
50, 40, 22.202976
50, 41, 5.510893
50, 42, 35.616074
50, 43, 2.566260
50, 44, -53.000000
50, 45, 25.929084
50, 46, -72.000000
50, 47, -8.000000
50, 48, -15.451406
50, 49, 31.927889
50, 50, 26.107829
