1, 1, 33.000000
1, 3, 0.800000
1, 4, 65.000000
1, 6, 56.800000
1, 7, 18.800000
1, 8, 31.200000
1, 9, -22.200000
1, 10, -19.000000
1, 11, 16.000000
1, 12, 99999.000000
1, 13, -86.000000
1, 14, -61.200000
1, 15, -38.000000
1, 16, -1.000000
1, 18, -89.800000
1, 19, -87.200000
1, 20, -77.800000
1, 21, 35.000000
1, 22, 44.400000
1, 23, 40.200000
1, 24, 36.000000
1, 25, -70.400000
1, 26, 59990.200000
1, 27, 62.000000
1, 28, 4.600000
1, 29, -41.000000
1, 30, -52.600000
1, 32, -18.400000
1, 33, -40.600000
1, 34, -10.200000
1, 35, -62.600000
1, 37, -82.000000
1, 38, -87.000000
1, 39, 82.000000
1, 40, 34.600000
1, 41, 30.800000
1, 42, -8.200000
1, 43, -15.200000
1, 45, -5.600000
1, 46, -81.000000
1, 47, -63.400000
1, 49, 45.000000
1, 50, 13.000000
2, 2, 54.400000
2, 3, -9.600000
2, 4, 47.400000
2, 5, -29.400000
2, 6, 45.000000
2, 7, 10.600000
2, 8, 37.800000
2, 9, 1.600000
2, 11, 10.200000
2, 14, -54.800000
2, 16, 27.000000
2, 17, -25.600000
2, 18, 39946.200000
2, 19, -13.800000
2, 20, -11.600000
2, 21, -9.400000
2, 22, -11.800000
2, 23, 58.400000
2, 24, -4.800000
2, 25, -77.800000
2, 26, 40021.800000
2, 28, 7.400000
2, 30, -38.000000
2, 31, 32.000000
2, 32, -31.200000
2, 33, -39.800000
2, 34, -10.400000
2, 35, -20.400000
2, 36, -71.600000
2, 40, -10.200000
2, 41, 17.600000
2, 42, -20.800000
2, 43, -15.200000
2, 44, 33.200000
2, 45, -11.000000
2, 47, -62.000000
2, 48, -2.000000
2, 50, 35.800000
3, 1, -21.400000
3, 2, 37.200000
3, 3, -13.800000
3, 4, 46.400000
3, 5, -14.800000
3, 6, 10.200000
3, 7, 23.600000
3, 9, 13.400000
3, 11, 27.800000
3, 12, 49.800000
3, 13, 99999.000000
3, 15, -22.200000
3, 16, 40015.600000
3, 17, -43.000000
3, 18, 19999.800000
3, 19, -47.800000
3, 20, -12.200000
3, 21, -55.400000
3, 22, -26.800000
3, 23, -26.000000
3, 24, -20.800000
3, 25, -2.400000
3, 26, -28.200000
3, 27, -31.000000
3, 28, 28.000000
3, 29, 25.600000
3, 30, -30.800000
3, 31, 18.000000
3, 32, -40.000000
3, 33, -72.400000
3, 34, -12.200000
3, 35, -14.000000
3, 36, -69.400000
3, 37, -79.000000
3, 38, 51.000000
3, 39, 49.600000
3, 40, -30.200000
3, 41, 20.600000
3, 42, 5.000000
3, 43, 12.000000
3, 44, -19.000000
3, 45, 46.600000
3, 47, -5.800000
3, 48, -9.800000
3, 49, -21.000000
3, 50, 29.600000
4, 1, -42.800000
4, 2, 46.000000
4, 3, -51.600000
4, 4, -20.200000
4, 5, -57.200000
4, 6, -12.800000
4, 8, -26.600000
4, 9, -18.200000
4, 10, -95.000000
4, 11, 31.800000
4, 12, 32.200000
4, 14, 4.000000
4, 15, -29.800000
4, 16, 19989.000000
4, 17, -0.200000
4, 18, 80018.600000
4, 19, -13.600000
4, 20, 32.600000
4, 21, -44.200000
4, 22, 39950.200000
4, 23, 5.600000
4, 24, -40.200000
4, 25, -39.000000
4, 26, -26.200000
4, 27, -13.400000
4, 29, 53.600000
4, 30, 39991.600000
4, 31, -19.800000
4, 32, -38.800000
4, 33, -72.600000
4, 34, -13.800000
4, 35, 22.000000
4, 38, 32.000000
4, 39, 8.400000
4, 40, -7.000000
4, 43, -39.400000
4, 44, 31.400000
4, 45, 15.800000
4, 46, 59962.600000
4, 47, -4.600000
4, 48, -27.200000
4, 49, -29.200000
4, 50, 30.200000
5, 1, -53.800000
5, 2, -16.000000
5, 3, -42.200000
5, 4, -42.600000
5, 5, -45.800000
5, 6, -42.600000
5, 7, 81.200000
5, 8, -51.800000
5, 9, 39969.000000
5, 11, 19.600000
5, 12, 24.000000
5, 13, 50.200000
5, 14, 12.400000
5, 16, 39982.200000
5, 17, 39985.600000
5, 18, 20071.400000
5, 19, -40.200000
5, 21, -30.400000
5, 22, 20012.200000
5, 23, -16.000000
5, 24, 29.800000
5, 25, 4.800000
5, 26, -59.600000
5, 27, -27.200000
5, 28, 39961.200000
5, 29, 50.800000
5, 30, 19989.000000
5, 31, -35.600000
5, 32, 0.400000
5, 33, -60.400000
5, 34, -30.000000
5, 35, 15.800000
5, 36, 38.400000
5, 39, -17.600000
5, 40, -35.000000
5, 41, 76.600000
5, 43, -56.400000
5, 44, -47.200000
5, 45, 38.200000
5, 46, 39944.400000
5, 47, 32.800000
5, 49, -27.000000
5, 50, -1.600000
6, 1, -36.000000
6, 2, 40008.800000
6, 3, -38.000000
6, 5, -75.800000
6, 6, -34.800000
6, 7, 13.800000
6, 8, -18.800000
6, 9, 19994.600000
6, 10, 26.600000
6, 11, 16.800000
6, 13, -4.800000
6, 14, 42.200000
6, 15, 60016.600000
6, 16, -19.000000
6, 17, 20002.200000
6, 18, 40004.400000
6, 19, -65.600000
6, 20, -75.400000
6, 21, -17.800000
6, 22, 40017.200000
6, 23, -36.400000
6, 24, 44.000000
6, 25, 5.800000
6, 26, -73.600000
6, 27, 29.200000
6, 28, 19953.400000
6, 30, 39985.800000
6, 31, 0.600000
6, 32, 9.000000
6, 33, -55.400000
6, 34, -15.200000
6, 35, 44.800000
6, 36, 53.800000
6, 38, -6.800000
6, 39, -46.200000
6, 40, 11.200000
6, 41, 73.000000
6, 42, -29.200000
6, 43, -59.600000
6, 44, 29.400000
6, 47, 30.000000
6, 49, -61.800000
7, 1, -3.400000
7, 2, 59966.600000
7, 3, -8.600000
7, 4, -8.800000
7, 6, -45.400000
7, 7, -19.000000
7, 8, -70.600000
7, 9, 39983.200000
7, 10, -15.600000
7, 11, -5.200000
7, 12, -8.000000
7, 13, -0.800000
7, 14, 44.000000
7, 15, 40025.400000
7, 16, -19.000000
7, 17, 39960.000000
7, 18, 15.400000
7, 19, 8.400000
7, 20, -8.400000
7, 21, -22.600000
7, 22, 65.800000
7, 23, 0.200000
7, 25, 11.600000
7, 26, -1.000000
7, 27, 25.400000
7, 28, 39968.400000
7, 29, -12.200000
7, 31, 27.800000
7, 32, 12.200000
7, 33, -16.600000
7, 34, -35.200000
7, 35, 17.000000
7, 36, 29.200000
7, 38, -18.000000
7, 39, -5.800000
7, 40, -42.400000
7, 41, 49.200000
7, 42, -51.800000
7, 43, 39965.400000
7, 44, -52.200000
7, 46, -12.200000
7, 47, 23.600000
7, 50, 45.800000
8, 1, 50.400000
8, 4, -34.200000
8, 5, -28.200000
8, 6, -39.000000
8, 8, -14.400000
8, 9, -19.200000
8, 10, 7.600000
8, 11, -47.200000
8, 12, 16.600000
8, 13, -41.600000
8, 14, 18.000000
8, 16, -13.600000
8, 19, -63.000000
8, 20, 4.800000
8, 21, -35.600000
8, 22, 7.000000
8, 23, -36.200000
8, 24, -2.000000
8, 25, 41.800000
8, 26, -52.800000
8, 27, 25.400000
8, 29, 8.800000
8, 30, -29.800000
8, 32, 28.800000
8, 33, 13.200000
8, 34, 15.800000
8, 35, 4.400000
8, 36, 32.800000
8, 37, -15.200000
8, 38, -18.200000
8, 39, -21.600000
8, 41, -1.000000
8, 42, -19.000000
8, 43, 19965.800000
8, 44, -44.600000
8, 45, -48.600000
8, 46, 26.400000
8, 47, 12.800000
8, 48, 41.000000
8, 49, 14.000000
8, 50, -4.200000
9, 3, -15.400000
9, 5, -11.400000
9, 6, -14.400000
9, 8, -34.200000
9, 9, -76.400000
9, 10, -31.400000
9, 11, -57.800000
9, 12, -11.600000
9, 13, -6.600000
9, 14, 36.400000
9, 15, 23.000000
9, 16, -59.000000
9, 17, 60.000000
9, 18, 39992.400000
9, 19, -19.800000
9, 20, 51.600000
9, 21, -32.400000
9, 22, 55.200000
9, 23, 16.400000
9, 25, -26.000000
9, 26, -7.400000
9, 27, -8.000000
9, 29, -27.000000
9, 30, -21.000000
9, 31, -68.000000
9, 32, -13.400000
9, 33, -14.400000
9, 34, -39.200000
9, 35, -52.800000
9, 36, -28.400000
9, 37, -34.800000
9, 38, -43.200000
9, 39, -4.800000
9, 40, -56.000000
9, 41, -50.200000
9, 43, 40008.400000
9, 44, -83.000000
9, 45, 1.000000
9, 46, 30.600000
9, 47, -11.600000
9, 48, 16.000000
9, 50, 8.200000
10, 1, 13.600000
10, 2, -24.600000
10, 3, -28.600000
10, 4, -17.600000
10, 5, 22.000000
10, 6, 28.400000
10, 7, -24.800000
10, 8, -12.000000
10, 9, -10.800000
10, 10, -7.000000
10, 13, 16.400000
10, 14, 32.200000
10, 16, -31.600000
10, 18, 59994.600000
10, 19, -65.400000
10, 20, -10.200000
10, 21, -66.200000
10, 22, -12.400000
10, 23, -27.000000
10, 24, -57.600000
10, 25, -7.800000
10, 26, -57.600000
10, 27, -23.000000
10, 29, -31.600000
10, 30, 15.800000
10, 32, 19.400000
10, 33, 25.200000
10, 34, 37.600000
10, 35, -28.000000
10, 36, -32.800000
10, 37, 8.800000
10, 38, -31.400000
10, 40, -45.600000
10, 41, -38.200000
10, 42, -36.200000
10, 43, 8.200000
10, 45, 30.000000
10, 46, 17.400000
10, 47, -30.200000
10, 48, -12.000000
10, 49, -23.800000
10, 50, -18.000000
11, 1, 23.000000
11, 2, -29.800000
11, 3, -8.800000
11, 4, -43.600000
11, 5, 36.600000
11, 6, 67.800000
11, 7, 23.200000
11, 8, -35.600000
11, 9, -20.000000
11, 10, -27.000000
11, 11, -49.200000
11, 12, -16.000000
11, 13, 26.400000
11, 14, 14.000000
11, 15, 8.800000
11, 16, -5.000000
11, 17, -44.600000
11, 20, -25.600000
11, 21, -31.800000
11, 22, 22.400000
11, 23, -21.600000
11, 24, -13.000000
11, 25, -57.800000
11, 26, -36.400000
11, 27, 12.800000
11, 28, 10.000000
11, 30, -4.000000
11, 32, 19.600000
11, 33, 15.600000
11, 34, 0.800000
11, 35, -8.200000
11, 36, -63.000000
11, 37, -67.400000
11, 38, -39.200000
11, 39, -1.200000
11, 40, 10.800000
11, 41, -58.600000
11, 42, -53.400000
11, 44, 47.600000
11, 45, 50.400000
11, 46, 1.000000
11, 47, 20.400000
11, 48, -1.200000
11, 49, -13.000000
11, 50, 24.200000
12, 1, 70.600000
12, 2, -40.200000
12, 3, -3.000000
12, 4, 46.200000
12, 6, 81.000000
12, 7, 1.400000
12, 8, -6.800000
12, 9, 54.000000
12, 10, -31.200000
12, 11, -35.400000
12, 13, 33.800000
12, 14, -5.400000
12, 15, 40004.000000
12, 16, 15.800000
12, 17, -25.800000
12, 18, -0.200000
12, 19, -56.200000
12, 20, -38.000000
12, 21, -57.400000
12, 22, -9.200000
12, 23, -59.200000
12, 24, 16.600000
12, 25, -37.200000
12, 26, -43.400000
12, 27, 31.000000
12, 28, 9.000000
12, 29, 80.000000
12, 31, 26.400000
12, 32, 16.600000
12, 33, 64.200000
12, 37, -24.800000
12, 38, -4.600000
12, 39, -11.200000
12, 40, 31.200000
12, 41, 21.000000
12, 42, -64.400000
12, 43, 30.200000
12, 44, 50.400000
12, 45, 23.200000
12, 46, -15.000000
12, 47, 50.000000
12, 48, -39.400000
12, 49, 48.600000
13, 1, -0.800000
13, 2, -31.600000
13, 3, -26.200000
13, 4, -18.800000
13, 5, 24.200000
13, 6, 79.800000
13, 7, 33.800000
13, 8, 45.200000
13, 9, 18.600000
13, 11, 2.000000
13, 12, 60011.000000
13, 14, -0.200000
13, 15, 60008.200000
13, 16, 40022.600000
13, 17, -4.400000
13, 18, -11.200000
13, 19, -9.000000
13, 20, -11.200000
13, 21, -34.600000
13, 22, 26.400000
13, 23, -38.800000
13, 24, 32.000000
13, 25, -75.400000
13, 26, 5.400000
13, 27, 47.600000
13, 30, -62.800000
13, 31, 10.600000
13, 32, -14.600000
13, 34, -19.400000
13, 35, -74.200000
13, 36, -45.200000
13, 37, -55.200000
13, 38, -7.000000
13, 39, -23.200000
13, 40, 69.800000
13, 41, -38.800000
13, 43, 33.200000
13, 44, -7.800000
13, 46, -20.400000
13, 48, -17.400000
13, 49, 39.200000
13, 50, 46.400000
14, 1, 27.600000
14, 2, -65.400000
14, 3, -29.800000
14, 4, 6.200000
14, 5, 34.400000
14, 6, 18.800000
14, 7, -37.000000
14, 8, 69.600000
14, 9, 38.800000
14, 10, -5.400000
14, 11, -3.200000
14, 12, 39984.200000
14, 13, -6.000000
14, 14, -32.200000
14, 16, 20010.600000
14, 17, 28.800000
14, 18, -15.200000
14, 19, 10.600000
14, 20, 18.600000
14, 21, 39963.200000
14, 22, 42.200000
14, 23, -12.200000
14, 24, -1.000000
14, 25, -89.400000
14, 26, 19.400000
14, 27, 21.000000
14, 28, -34.000000
14, 30, -28.800000
14, 32, -18.400000
14, 33, -37.400000
14, 34, 13.400000
14, 35, -63.400000
14, 36, -42.800000
14, 37, -20.400000
14, 38, -29.200000
14, 39, -11.600000
14, 40, 50.000000
14, 41, 21.600000
14, 42, 60015.400000
14, 43, -6.800000
14, 44, -29.200000
14, 46, -66.400000
14, 47, -7.400000
14, 48, -66.000000
14, 50, 34.400000
15, 1, -41.800000
15, 2, -52.400000
15, 3, -63.000000
15, 4, 9.600000
15, 5, 7.600000
15, 6, -21.600000
15, 7, -50.600000
15, 9, 29.600000
15, 10, 32.800000
15, 11, -25.200000
15, 12, 27.400000
15, 13, -26.800000
15, 14, 6.200000
15, 15, 59971.800000
15, 16, 39988.000000
15, 18, -3.400000
15, 19, 51.600000
15, 20, -6.600000
15, 21, 19998.200000
15, 22, 52.600000
15, 23, 13.400000
15, 24, -27.000000
15, 25, -19.200000
15, 26, 45.800000
15, 27, 60.400000
15, 28, 4.000000
15, 29, 31.400000
15, 30, -54.400000
15, 31, -84.000000
15, 32, 9.600000
15, 33, -43.600000
15, 35, -37.800000
15, 37, -58.000000
15, 38, 33.000000
15, 39, 11.200000
15, 40, 72.200000
15, 41, -32.200000
15, 42, 40023.600000
15, 43, -32.400000
15, 45, -7.800000
15, 46, -72.600000
15, 47, 25.800000
15, 49, 12.800000
15, 50, -4.600000
16, 1, -10.000000
16, 2, -79.000000
16, 3, -42.200000
16, 4, 17.000000
16, 5, 63.800000
16, 6, -55.400000
16, 7, -47.600000
16, 8, -12.800000
16, 10, 5.200000
16, 11, -32.000000
16, 12, -4.800000
16, 13, 42.200000
16, 14, -68.800000
16, 15, 40015.000000
16, 16, 9.600000
16, 17, 62.000000
16, 20, -38.000000
16, 21, 40034.800000
16, 22, 37.200000
16, 23, 25.800000
16, 24, -44.000000
16, 25, -41.200000
16, 26, 18.400000
16, 27, 55.800000
16, 28, -3.000000
16, 29, 48.600000
16, 30, -17.600000
16, 32, 0.200000
16, 33, -64.800000
16, 34, 2.000000
16, 35, 14.000000
16, 36, 66.000000
16, 38, 5.400000
16, 40, 54.600000
16, 41, -9.400000
16, 43, -60.800000
16, 44, 58.000000
16, 45, -17.600000
16, 46, -17.400000
16, 47, -3.000000
16, 48, -29.600000
16, 49, 21.200000
16, 50, -5.200000
17, 1, -1.200000
17, 2, -80.600000
17, 4, 62.600000
17, 5, 63.600000
17, 6, -41.200000
17, 7, -59.000000
17, 8, -14.200000
17, 9, -61.400000
17, 10, 72.600000
17, 11, -47.000000
17, 12, 24.000000
17, 13, 11.000000
17, 14, -67.200000
17, 15, -49.400000
17, 16, 3.200000
17, 17, 45.000000
17, 18, 21.200000
17, 19, 86.000000
17, 20, -34.600000
17, 21, 34.800000
17, 22, 9.000000
17, 23, 32.400000
17, 25, -1.200000
17, 26, -29.600000
17, 27, 52.400000
17, 28, -20.000000
17, 29, -1.200000
17, 30, 39965.800000
17, 31, 99999.000000
17, 32, -2.000000
17, 33, -55.200000
17, 35, 50.800000
17, 38, 80.000000
17, 39, 67.200000
17, 42, -10.000000
17, 43, -75.400000
17, 44, 29.800000
17, 45, -63.000000
17, 46, -24.000000
17, 47, -1.000000
17, 48, -40.600000
17, 49, -27.600000
17, 50, 3.400000
18, 1, 15.600000
18, 2, -50.600000
18, 3, -73.000000
18, 4, 42.200000
18, 5, 71.400000
18, 6, 20.600000
18, 7, -5.600000
18, 8, -9.000000
18, 9, -25.800000
18, 10, 4.000000
18, 12, -2.800000
18, 13, 4.600000
18, 14, -73.200000
18, 15, -26.600000
18, 16, 7.600000
18, 18, 6.000000
18, 20, -5.800000
18, 21, 19.200000
18, 22, -36.400000
18, 24, -22.000000
18, 25, -38.200000
18, 26, 0.800000
18, 27, 30.600000
18, 29, 14.600000
18, 30, 19973.400000
18, 32, -66.000000
18, 34, 23.000000
18, 35, 75.000000
18, 36, 23.000000
18, 37, 73.000000
18, 38, 34.000000
18, 39, 31.600000
18, 40, -37.800000
18, 41, 42.400000
18, 42, -4.000000
18, 44, 35.200000
18, 45, -18.000000
18, 46, 0.600000
18, 47, -57.400000
18, 48, 17.800000
18, 49, 12.000000
18, 50, 5.800000
19, 1, 73.400000
19, 2, -41.800000
19, 4, 2.000000
19, 5, 24.400000
19, 6, 8.000000
19, 7, -8.800000
19, 8, 3.800000
19, 9, 14.200000
19, 10, 18.000000
19, 11, -4.200000
19, 13, -14.000000
19, 14, -64.400000
19, 15, -38.400000
19, 16, 15.800000
19, 17, -81.800000
19, 18, -33.400000
19, 19, -68.000000
19, 20, 45.400000
19, 21, -28.000000
19, 22, -60.200000
19, 23, -10.800000
19, 24, -46.000000
19, 25, -39.400000
19, 26, 8.000000
19, 27, 18.400000
19, 28, 42.200000
19, 29, 26.200000
19, 30, 39961.000000
19, 31, -90.000000
19, 33, 10.600000
19, 35, 75.600000
19, 36, 20.000000
19, 38, 19.200000
19, 39, 51.200000
19, 40, 14.400000
19, 41, 15.200000
19, 42, 48.200000
19, 45, -12.600000
19, 46, -17.800000
19, 48, 17.400000
19, 49, -6.000000
19, 50, 10.200000
20, 1, 70.000000
20, 3, 62.000000
20, 4, 19.200000
20, 5, 55.400000
20, 6, -5.000000
20, 8, -31.800000
20, 10, -29.200000
20, 11, -36.000000
20, 15, -60.000000
20, 16, -30.000000
20, 17, -76.000000
20, 18, 18.000000
20, 19, -32.000000
20, 20, 50.200000
20, 21, -49.800000
20, 23, 20.600000
20, 25, -4.400000
20, 27, 13.600000
20, 28, -12.400000
20, 29, 14.400000
20, 30, -61.600000
20, 33, 0.400000
20, 34, 56.400000
20, 37, -29.800000
20, 39, -35.600000
20, 40, 9.800000
20, 41, 4.600000
20, 42, 14.000000
20, 43, 72.600000
20, 44, 42.400000
20, 46, -45.000000
20, 47, 29.200000
20, 49, 13.400000
20, 50, -27.000000
21, 2, 40039.200000
21, 4, 5.200000
21, 5, 23.000000
21, 6, -11.200000
21, 7, -70.200000
21, 8, -47.000000
21, 11, -29.200000
21, 12, -63.800000
21, 13, -66.200000
21, 14, 2.200000
21, 15, -8.200000
21, 16, 17.400000
21, 17, -52.400000
21, 18, -2.200000
21, 19, -18.800000
21, 20, 18.200000
21, 21, -24.000000
21, 23, -16.600000
21, 25, -9.000000
21, 28, 10.200000
21, 31, 5.800000
21, 32, -13.000000
21, 33, -33.400000
21, 34, 47.200000
21, 35, -36.000000
21, 36, -20.000000
21, 37, -45.200000
21, 38, 3.400000
21, 39, -31.400000
21, 40, 52.400000
21, 41, 18.800000
21, 42, 10.200000
21, 43, 40042.200000
21, 44, -3.400000
21, 45, 38.800000
21, 46, -36.200000
21, 47, 35.400000
21, 48, -22.800000
21, 49, -22.400000
21, 50, -37.200000
22, 1, -96.000000
22, 2, 60025.800000
22, 3, 66.200000
22, 4, 24.800000
22, 5, 14.200000
22, 6, -38.800000
22, 7, -17.000000
22, 10, -56.000000
22, 11, -22.200000
22, 12, -58.200000
22, 13, -49.800000
22, 14, -27.000000
22, 15, -45.200000
22, 16, -30.000000
22, 17, -26.800000
22, 18, 16.000000
22, 19, 49.200000
22, 20, -9.400000
22, 21, -29.000000
22, 22, 81.000000
22, 23, 11.000000
22, 24, -49.000000
22, 25, 15.000000
22, 26, 68.000000
22, 28, -42.400000
22, 31, 11.000000
22, 33, 20.000000
22, 34, 8.400000
22, 35, 14.400000
22, 36, -46.000000
22, 38, -2.400000
22, 39, -24.600000
22, 40, -4.000000
22, 42, -19.000000
22, 43, 20021.400000
22, 44, -35.400000
22, 45, 3.000000
22, 46, -30.400000
22, 47, -2.000000
22, 48, -30.200000
22, 49, -0.600000
22, 50, -55.200000
23, 3, 28.400000
23, 4, 44.000000
23, 5, -38.800000
23, 6, -27.800000
23, 7, 11.200000
23, 8, -6.400000
23, 9, -0.200000
23, 10, -8.600000
23, 11, 14.200000
23, 12, -9.200000
23, 14, 15.000000
23, 16, 17.000000
23, 17, -39.000000
23, 18, -23.600000
23, 19, 50.800000
23, 20, 12.400000
23, 21, 48.000000
23, 22, 80.000000
23, 23, -32.200000
23, 24, -69.800000
23, 25, 11.800000
23, 26, 46.800000
23, 28, -19.800000
23, 30, 29.600000
23, 31, 19.600000
23, 32, 91.000000
23, 33, 33.200000
23, 34, -22.600000
23, 35, -24.200000
23, 36, -17.400000
23, 37, 40045.200000
23, 38, -14.600000
23, 39, 16.400000
23, 40, -20.200000
23, 41, 4.200000
23, 42, -48.800000
23, 43, 40012.200000
23, 44, -33.000000
23, 45, -15.200000
23, 46, 1.600000
23, 47, 4.800000
23, 48, 12.000000
23, 49, -27.800000
24, 1, 23.000000
24, 2, -73.000000
24, 3, -10.000000
24, 4, 25.800000
24, 5, -78.000000
24, 6, -64.400000
24, 7, 28.600000
24, 8, 13.600000
24, 9, 22.600000
24, 10, 26.000000
24, 11, -29.800000
24, 12, -5.800000
24, 13, 33.000000
24, 14, 14.800000
24, 15, -19.200000
24, 16, -47.000000
24, 17, -20.600000
24, 19, 79.800000
24, 20, 16.400000
24, 21, 43.000000
24, 24, -7.000000
24, 26, 39.200000
24, 27, -85.400000
24, 28, -55.000000
24, 29, -38.200000
24, 30, 26.400000
24, 31, -19.800000
24, 33, 78.400000
24, 34, 39969.000000
24, 35, 56.800000
24, 36, -45.000000
24, 37, 60029.800000
24, 38, 5.600000
24, 39, 43.000000
24, 40, -21.200000
24, 41, 4.200000
24, 42, -39.200000
24, 43, -37.600000
24, 44, -30.600000
24, 45, -32.600000
24, 46, 48.600000
24, 47, 29.200000
24, 49, 6.000000
24, 50, -62.000000
25, 1, 8.400000
25, 3, -29.800000
25, 4, 74.400000
25, 5, -83.200000
25, 7, 10.400000
25, 8, 29.000000
25, 9, -18.800000
25, 10, 2.400000
25, 11, -14.400000
25, 12, -17.000000
25, 15, 24.000000
25, 16, -51.200000
25, 17, -27.800000
25, 18, 14.000000
25, 20, 77.600000
25, 21, 54.800000
25, 22, -5.200000
25, 24, -67.600000
25, 25, 25.000000
25, 27, -32.200000
25, 28, -43.200000
25, 29, -59.400000
25, 30, -3.000000
25, 31, -17.600000
25, 33, 3.600000
25, 34, 19999.000000
25, 35, 24.600000
25, 36, -49.200000
25, 38, 19.000000
25, 39, 40.200000
25, 40, 0.600000
25, 41, 65.600000
25, 42, -23.400000
25, 43, 39.800000
25, 44, -40.000000
25, 46, 52.200000
25, 47, 27.600000
25, 48, -10.600000
26, 1, 8.200000
26, 2, -55.200000
26, 3, -14.200000
26, 4, 50.800000
26, 6, 25.800000
26, 8, 25.800000
26, 9, -7.800000
26, 10, 23.600000
26, 11, -29.400000
26, 12, -21.400000
26, 13, 48.200000
26, 14, -0.600000
26, 15, -22.800000
26, 17, -19.400000
26, 19, -53.600000
26, 20, 61.000000
26, 21, 20.600000
26, 22, -5.600000
26, 23, -42.600000
26, 24, -22.200000
26, 26, 1.200000
26, 27, 13.800000
26, 28, -51.800000
26, 29, -15.000000
26, 30, 26.200000
26, 31, -27.000000
26, 32, -48.800000
26, 33, -7.200000
26, 34, 40006.200000
26, 35, 41.000000
26, 36, -0.200000
26, 39, -22.600000
26, 41, 55.000000
26, 42, -21.600000
26, 43, -31.200000
26, 44, -19.800000
26, 47, 45.200000
26, 48, 12.600000
26, 49, 38.000000
26, 50, -73.000000
27, 1, 2.400000
27, 2, -46.800000
27, 3, 41.800000
27, 4, 62.000000
27, 5, -41.200000
27, 6, 32.800000
27, 7, -22.200000
27, 9, -4.200000
27, 10, -22.400000
27, 12, -39.200000
27, 13, 61.800000
27, 14, -44.400000
27, 15, 17.000000
27, 16, -79.600000
27, 17, 40.000000
27, 18, 50.400000
27, 19, -38.600000
27, 20, 25.200000
27, 21, -33.000000
27, 22, 54.800000
27, 23, -28.600000
27, 24, -74.800000
27, 25, -56.000000
27, 26, -26.600000
27, 27, 59.200000
27, 28, -18.400000
27, 29, -65.200000
27, 30, -19.800000
27, 31, -48.600000
27, 32, 39970.800000
27, 33, -9.800000
27, 34, 43.200000
27, 35, 23.800000
27, 36, -13.800000
27, 37, -5.600000
27, 38, 16.800000
27, 39, 29.600000
27, 40, -38.400000
27, 42, -13.000000
27, 43, 43.200000
27, 44, -13.000000
27, 45, 0.800000
27, 46, 4.600000
27, 47, 21.200000
27, 48, 2.400000
27, 50, -12.000000
28, 3, 71.600000
28, 5, 7.600000
28, 6, 57.400000
28, 7, 17.400000
28, 8, -9.800000
28, 9, -40.800000
28, 12, -7.400000
28, 14, -33.000000
28, 16, -43.800000
28, 17, 43.800000
28, 18, 0.200000
28, 19, -20.200000
28, 20, -19.400000
28, 21, -13.600000
28, 22, 34.600000
28, 23, 5.800000
28, 24, -63.600000
28, 26, -37.400000
28, 27, 17.600000
28, 28, -37.400000
28, 29, -41.200000
28, 30, -1.000000
28, 31, -21.200000
28, 32, 19973.800000
28, 33, 40.200000
28, 34, -11.800000
28, 35, -6.600000
28, 36, 17.000000
28, 37, 25.600000
28, 38, 0.600000
28, 39, -34.600000
28, 40, 11.800000
28, 41, 5.200000
28, 42, -5.200000
28, 43, -35.200000
28, 44, 23.200000
28, 45, -31.000000
28, 46, -1.000000
28, 47, -19.600000
28, 48, 34.400000
28, 49, -82.200000
28, 50, -11.200000
29, 1, 80.400000
29, 5, 2.400000
29, 6, -2.200000
29, 7, 40.800000
29, 8, -35.200000
29, 9, -28.400000
29, 10, -10.600000
29, 11, 73.200000
29, 13, 59961.400000
29, 15, 60008.600000
29, 16, -3.000000
29, 18, -15.600000
29, 19, -3.200000
29, 20, -14.000000
29, 21, -8.400000
29, 22, 25.400000
29, 23, -5.000000
29, 24, -79.000000
29, 25, 20.600000
29, 26, -18.600000
29, 27, -12.000000
29, 30, 4.000000
29, 31, -76.200000
29, 32, 39986.600000
29, 34, 13.400000
29, 35, 20.600000
29, 36, 4.200000
29, 38, 3.800000
29, 39, -19.000000
29, 40, 22.200000
29, 41, -22.600000
29, 42, -45.600000
29, 43, 23.400000
29, 44, 11.600000
29, 45, 7.600000
29, 46, -44.600000
29, 48, -48.000000
29, 49, -79.800000
29, 50, -4.400000
30, 1, 12.000000
30, 2, -46.000000
30, 3, 19.600000
30, 4, 31.400000
30, 5, 59.600000
30, 6, 6.600000
30, 9, -8.200000
30, 10, 9.800000
30, 11, 80.400000
30, 12, 61.000000
30, 13, 39971.800000
30, 14, 68.200000
30, 15, 40005.000000
30, 16, 22.400000
30, 17, -26.600000
30, 19, -16.200000
30, 20, 20.000000
30, 22, -3.400000
30, 23, -6.400000
30, 25, -7.400000
30, 26, -64.400000
30, 28, -27.200000
30, 29, -26.000000
30, 30, 16.200000
30, 32, -4.400000
30, 33, -62.000000
30, 34, 6.400000
30, 35, 57.200000
30, 36, -34.200000
30, 37, 33.800000
30, 38, -18.000000
30, 39, -80.000000
30, 40, 23.400000
30, 41, 9.400000
30, 42, -7.200000
30, 43, 23.400000
30, 45, -46.800000
30, 47, 26.400000
30, 48, 7.400000
30, 50, -43.800000
31, 1, 8.200000
31, 2, -19.400000
31, 3, 42.200000
31, 4, -8.800000
31, 5, -19.600000
31, 6, -70.400000
31, 7, -79.400000
31, 8, 34.600000
31, 9, -54.600000
31, 10, 47.000000
31, 11, 79.000000
31, 12, 22.800000
31, 13, -16.000000
31, 14, 20.000000
31, 15, 10.400000
31, 16, 56.400000
31, 17, -0.600000
31, 18, 63.000000
31, 19, -9.200000
31, 20, 19.600000
31, 21, 38.200000
31, 22, -59.800000
31, 23, 9.600000
31, 24, -41.000000
31, 25, -22.600000
31, 26, 17.600000
31, 28, -27.000000
31, 29, 17.800000
31, 30, 37.400000
31, 31, 39958.200000
31, 32, -4.000000
31, 34, 33.200000
31, 35, 62.000000
31, 36, 12.200000
31, 37, 28.400000
31, 38, -13.800000
31, 39, -64.800000
31, 42, -62.400000
31, 43, 79.800000
31, 44, -85.000000
31, 45, -20.600000
31, 46, -28.800000
31, 47, 21.600000
31, 48, -4.200000
31, 50, -44.800000
32, 1, -33.600000
32, 2, -49.400000
32, 3, -34.600000
32, 4, -35.600000
32, 5, 28.400000
32, 6, -20.400000
32, 7, -46.000000
32, 8, 23.800000
32, 9, -32.600000
32, 10, 64.800000
32, 11, 84.200000
32, 12, 49.600000
32, 13, -17.600000
32, 14, 11.400000
32, 16, 52.000000
32, 17, 1.200000
32, 19, 2.000000
32, 20, 21.200000
32, 21, 1.400000
32, 22, -48.800000
32, 23, 2.000000
32, 24, -55.400000
32, 25, 0.600000
32, 26, -10.200000
32, 28, -56.800000
32, 29, 40.000000
32, 30, 3.000000
32, 31, 19982.600000
32, 33, -49.000000
32, 35, 19.200000
32, 36, 6.400000
32, 37, -30.400000
32, 38, -34.400000
32, 39, -64.800000
32, 40, -7.400000
32, 42, -11.800000
32, 46, -40.200000
32, 48, 7.400000
32, 49, 44.400000
32, 50, -23.800000
33, 1, -26.600000
33, 2, -41.200000
33, 3, 8.400000
33, 4, -49.000000
33, 5, 39987.400000
33, 6, -9.800000
33, 7, -23.600000
33, 8, 5.600000
33, 11, 41.400000
33, 12, 42.000000
33, 13, 7.400000
33, 14, -59.400000
33, 15, 55.000000
33, 16, 3.600000
33, 17, -6.200000
33, 18, -27.600000
33, 19, -29.000000
33, 20, 11.000000
33, 21, -60.000000
33, 22, -63.000000
33, 23, 72.800000
33, 24, -60.000000
33, 25, 19.800000
33, 26, -7.600000
33, 27, -54.200000
33, 28, 12.800000
33, 29, 14.600000
33, 31, 39982.800000
33, 32, 7.600000
33, 34, 11.000000
33, 35, 8.600000
33, 37, -19.400000
33, 38, -44.000000
33, 39, 39972.400000
33, 40, 18.800000
33, 42, 1.000000
33, 45, 5.200000
33, 47, -96.600000
33, 48, -9.200000
33, 49, 11.000000
33, 50, 32.400000
34, 1, -34.600000
34, 2, -59.400000
34, 3, 1.600000
34, 4, -20.200000
34, 5, 20012.200000
34, 6, 29.200000
34, 8, 18.400000
34, 9, -40.200000
34, 10, 35.000000
34, 11, 61.800000
34, 12, 79.600000
34, 13, 3.600000
34, 14, 5.200000
34, 16, -16.000000
34, 17, 13.600000
34, 18, -14.400000
34, 19, 30.000000
34, 20, 48.400000
34, 21, -66.200000
34, 23, 37.000000
34, 24, -68.800000
34, 26, -23.000000
34, 27, -63.000000
34, 28, 27.800000
34, 29, -0.400000
34, 30, 4.000000
34, 31, -22.600000
34, 32, 2.400000
34, 33, 28.000000
34, 35, -16.400000
34, 36, -26.600000
34, 37, -35.400000
34, 39, 19948.200000
34, 40, 69.000000
34, 41, 23.200000
34, 42, 30.800000
34, 43, 7.200000
34, 44, 36.200000
34, 45, 36.600000
34, 46, 85.000000
34, 47, -65.000000
34, 48, -38.000000
34, 49, 38.200000
34, 50, -24.400000
35, 1, -71.000000
35, 2, -51.400000
35, 3, 8.400000
35, 4, 16.000000
35, 5, 40021.200000
35, 7, -52.000000
35, 8, -17.200000
35, 9, -51.400000
35, 10, -4.000000
35, 11, 44.600000
35, 12, 83.000000
35, 13, 36.400000
35, 14, 20.600000
35, 15, 39945.600000
35, 17, 39.600000
35, 19, 21.600000
35, 21, -12.600000
35, 22, -45.600000
35, 23, 40.600000
35, 24, -62.800000
35, 25, -12.400000
35, 27, -13.800000
35, 28, 53.400000
35, 29, -16.600000
35, 32, 18.800000
35, 33, 15.000000
35, 34, -6.200000
35, 35, -13.400000
35, 36, 2.600000
35, 38, 38.200000
35, 39, 40022.600000
35, 40, 21.000000
35, 41, 40012.800000
35, 43, -18.800000
35, 44, 32.200000
35, 45, -31.800000
35, 47, 39959.000000
35, 48, -61.200000
35, 49, 1.600000
35, 50, -5.200000
36, 1, -72.800000
36, 2, -43.400000
36, 3, 25.400000
36, 4, 31.600000
36, 6, -93.000000
36, 7, -22.000000
36, 8, 52.200000
36, 9, -32.400000
36, 10, 29.200000
36, 11, 18.400000
36, 12, 22.600000
36, 15, 19990.200000
36, 18, -23.800000
36, 19, 9.800000
36, 20, 28.000000
36, 21, -44.200000
36, 22, -43.000000
36, 23, 44.600000
36, 25, -18.600000
36, 26, -73.800000
36, 27, -7.400000
36, 28, -0.400000
36, 29, -22.000000
36, 30, -13.000000
36, 31, -13.200000
36, 32, -8.400000
36, 34, 4.400000
36, 35, 21.400000
36, 36, 15.800000
36, 37, 0.000000
36, 38, 15.000000
36, 39, 24.800000
36, 40, -20.400000
36, 41, 60013.000000
36, 42, 44.000000
36, 43, -14.400000
36, 44, 51.600000
36, 45, 51.200000
36, 46, 45.600000
36, 47, 19961.000000
36, 49, 4.800000
36, 50, -50.200000
37, 1, -66.000000
37, 2, -11.600000
37, 4, 60.200000
37, 5, -13.000000
37, 7, 40006.800000
37, 8, 13.600000
37, 10, -12.600000
37, 11, -19.000000
37, 12, -0.200000
37, 13, -54.800000
37, 14, 0.200000
37, 15, 40016.400000
37, 16, -43.000000
37, 17, -60.800000
37, 18, 6.800000
37, 19, -5.200000
37, 20, 10.600000
37, 21, 6.800000
37, 22, -48.600000
37, 23, 48.600000
37, 24, 11.200000
37, 26, -11.000000
37, 27, 41.400000
37, 28, -37.000000
37, 29, 28.200000
37, 30, -7.000000
37, 31, 14.000000
37, 32, -5.600000
37, 33, -8.200000
37, 34, 5.600000
37, 35, -0.200000
37, 36, 31.600000
37, 38, -57.000000
37, 39, 59.600000
37, 40, -41.600000
37, 41, 99999.000000
37, 42, 43.800000
37, 44, 28.600000
37, 45, -37.400000
37, 46, -5.600000
37, 47, 39951.600000
37, 48, -4.600000
37, 49, -21.200000
37, 50, -23.600000
38, 1, -1.400000
38, 2, 5.600000
38, 4, 57.800000
38, 6, 5.600000
38, 7, 20041.000000
38, 8, 27.200000
38, 10, -17.200000
38, 12, -25.000000
38, 13, 4.800000
38, 14, -43.600000
38, 15, 37.400000
38, 17, -7.000000
38, 19, -51.000000
38, 20, -19.400000
38, 21, -10.200000
38, 22, -17.200000
38, 23, 24.800000
38, 24, -0.600000
38, 25, -30.400000
38, 26, -52.000000
38, 28, -39.400000
38, 29, -19.400000
38, 31, 34.200000
38, 32, -20.400000
38, 33, 20.200000
38, 34, 4.200000
38, 35, 45.800000
38, 36, -2.600000
38, 37, -31.400000
38, 38, -51.600000
38, 39, 16.400000
38, 40, -40.400000
38, 42, 19.800000
38, 43, 62.000000
38, 44, 54.200000
38, 45, -9.000000
38, 46, 40007.600000
38, 48, 22.600000
38, 49, -42.000000
39, 1, 22.400000
39, 2, -3.400000
39, 3, 66.800000
39, 4, 27.600000
39, 5, -3.400000
39, 6, 1.200000
39, 7, 40036.200000
39, 8, -36.400000
39, 9, -23.000000
39, 10, -42.000000
39, 12, -16.400000
39, 13, 18.000000
39, 14, 56.800000
39, 15, 19.800000
39, 16, -7.200000
39, 17, -20.200000
39, 18, 84.000000
39, 19, -45.400000
39, 20, -52.800000
39, 21, -3.600000
39, 22, -42.800000
39, 23, 45.200000
39, 24, 20.400000
39, 25, -27.800000
39, 26, -21.200000
39, 27, -32.200000
39, 28, -7.200000
39, 29, 22.000000
39, 30, 36.200000
39, 32, -1.600000
39, 34, -8.400000
39, 35, 5.200000
39, 36, 47.600000
39, 37, -24.200000
39, 38, -31.000000
39, 39, -34.800000
39, 41, -39.400000
39, 42, -23.800000
39, 44, 33.200000
39, 45, -14.200000
39, 46, 19965.800000
39, 49, -28.800000
40, 1, 62.200000
40, 2, 38.600000
40, 3, 69.600000
40, 4, 38.200000
40, 5, 8.400000
40, 6, -14.800000
40, 7, 37.600000
40, 8, -39.400000
40, 9, 25.200000
40, 10, -80.400000
40, 11, 39947.400000
40, 13, 61.000000
40, 14, -55.400000
40, 15, -4.200000
40, 16, -10.000000
40, 17, -7.200000
40, 19, -18.000000
40, 20, -76.000000
40, 21, 7.400000
40, 22, -0.400000
40, 23, -45.800000
40, 24, 49.000000
40, 25, 39995.400000
40, 27, 0.200000
40, 28, 3.400000
40, 29, -18.400000
40, 30, 61.200000
40, 31, -76.000000
40, 32, -23.200000
40, 33, -95.000000
40, 34, -37.000000
40, 35, 18.000000
40, 36, 52.200000
40, 37, -6.800000
40, 38, 0.200000
40, 39, -66.400000
40, 40, -32.200000
40, 41, -51.000000
40, 42, -69.200000
40, 43, -5.000000
40, 45, 5.200000
40, 46, 39981.400000
40, 47, 7.600000
40, 48, -23.600000
40, 50, 17.600000
41, 1, 43.800000
41, 2, 14.800000
41, 3, 50.600000
41, 4, 14.800000
41, 5, 7.800000
41, 7, 42.200000
41, 8, -5.400000
41, 9, 23.800000
41, 11, 19958.200000
41, 12, -38.600000
41, 13, 57.000000
41, 14, 0.600000
41, 15, 34.800000
41, 16, -44.800000
41, 17, -45.400000
41, 18, 64.800000
41, 19, -9.200000
41, 20, -62.400000
41, 22, -29.200000
41, 23, -23.000000
41, 25, 19983.800000
41, 26, 57.800000
41, 27, -19.800000
41, 28, 26.800000
41, 29, -32.200000
41, 30, -13.000000
41, 31, -79.600000
41, 32, -1.800000
41, 34, -53.600000
41, 35, -15.000000
41, 36, 85.400000
41, 37, -7.800000
41, 38, 13.800000
41, 39, -48.400000
41, 40, 2.600000
41, 41, -14.400000
41, 42, -43.800000
41, 43, -20.000000
41, 44, -27.400000
41, 45, 33.800000
41, 46, -27.800000
41, 47, -20.400000
41, 48, -11.600000
41, 49, 75.800000
41, 50, 38.400000
42, 2, 14.800000
42, 5, 33.400000
42, 6, -7.400000
42, 7, -28.000000
42, 8, -9.000000
42, 9, 43.200000
42, 11, 40019.800000
42, 12, -64.600000
42, 13, 13.200000
42, 14, -75.800000
42, 15, 34.000000
42, 16, 0.400000
42, 17, -15.400000
42, 18, 17.200000
42, 19, 21.400000
42, 21, 60032.600000
42, 22, -9.400000
42, 23, -52.800000
42, 24, 7.000000
42, 25, 39982.600000
42, 26, 40037.000000
42, 27, -10.600000
42, 28, -19.600000
42, 29, -39.600000
42, 30, 52.600000
42, 31, -80.000000
42, 32, -26.600000
42, 33, -82.800000
42, 35, 34.600000
42, 37, 9.800000
42, 38, 34.000000
42, 39, -12.600000
42, 40, 48.400000
42, 41, -41.200000
42, 42, -5.800000
42, 44, 24.800000
42, 45, 38.000000
42, 47, 8.800000
42, 48, -7.400000
42, 49, 50.400000
43, 1, 30.400000
43, 2, -6.800000
43, 3, 41.200000
43, 4, 3.800000
43, 5, 51.800000
43, 6, 13.600000
43, 7, -34.600000
43, 8, 34.200000
43, 9, 35.400000
43, 10, -49.200000
43, 11, 28.600000
43, 12, 6.600000
43, 13, 49.800000
43, 14, -58.800000
43, 15, 17.600000
43, 16, 11.600000
43, 17, 23.400000
43, 18, 24.000000
43, 20, 83.400000
43, 21, 40044.200000
43, 22, -19.600000
43, 23, -34.600000
43, 25, -53.600000
43, 26, 20025.000000
43, 27, -48.200000
43, 28, -11.200000
43, 30, 30.600000
43, 31, -66.400000
43, 32, -6.800000
43, 33, -31.200000
43, 34, -62.000000
43, 35, -9.400000
43, 36, -71.600000
43, 37, -8.200000
43, 38, -4.800000
43, 39, 26.400000
43, 40, 0.200000
43, 42, -4.200000
43, 43, -57.000000
43, 44, -12.200000
43, 45, 33.600000
43, 46, -59.000000
43, 48, 15.600000
43, 49, 1.800000
43, 50, 39951.000000
44, 1, 27.600000
44, 2, -61.000000
44, 3, 43.800000
44, 4, -31.000000
44, 6, -44.800000
44, 7, -71.800000
44, 8, 0.600000
44, 9, 27.400000
44, 10, 9.600000
44, 12, 0.200000
44, 13, 1.800000
44, 14, -5.600000
44, 15, 16.400000
44, 17, 46.000000
44, 18, 15.200000
44, 19, -88.000000
44, 20, 88.600000
44, 21, 34.400000
44, 22, -9.200000
44, 23, -22.400000
44, 24, 9.600000
44, 25, -37.800000
44, 26, 40019.200000
44, 27, -21.800000
44, 28, -51.000000
44, 29, 13.000000
44, 30, 29.800000
44, 31, -50.800000
44, 32, 14.000000
44, 33, -34.400000
44, 34, -46.000000
44, 35, 29.200000
44, 36, -55.400000
44, 37, 18.600000
44, 38, 45.400000
44, 40, -9.400000
44, 41, 23.000000
44, 42, 44.400000
44, 43, -65.200000
44, 44, 58.600000
44, 45, 64.800000
44, 47, -60.000000
44, 49, -15.000000
44, 50, 19935.800000
45, 1, 42.000000
45, 2, -22.200000
45, 4, -59.800000
45, 5, 20.400000
45, 6, 27.600000
45, 7, -78.400000
45, 8, -13.000000
45, 9, -10.400000
45, 10, 4.000000
45, 11, -13.000000
45, 12, 67.400000
45, 13, 68.000000
45, 14, -18.200000
45, 15, 39964.200000
45, 16, -45.000000
45, 17, 9.200000
45, 18, 40037.200000
45, 21, 27.600000
45, 22, -31.200000
45, 23, 24.400000
45, 24, -9.600000
45, 25, -72.800000
45, 26, 56.000000
45, 27, -15.800000
45, 28, -22.000000
45, 29, -6.000000
45, 30, 21.600000
45, 31, -23.200000
45, 32, 23.800000
45, 33, 53.000000
45, 35, -0.400000
45, 36, -25.800000
45, 37, 24.600000
45, 38, 41.000000
45, 40, -20.600000
45, 41, -1.200000
45, 42, 36.000000
45, 43, -64.800000
45, 44, 24.800000
45, 46, -41.800000
45, 47, 1.600000
45, 48, 63.800000
45, 49, -31.000000
45, 50, 40019.400000
46, 1, -12.400000
46, 2, -28.800000
46, 4, -13.800000
46, 5, 40.600000
46, 6, -33.600000
46, 7, -2.800000
46, 8, -30.800000
46, 9, -13.200000
46, 10, 49.000000
46, 11, -34.200000
46, 13, 43.000000
46, 14, 32.800000
46, 15, 20034.600000
46, 16, -37.000000
46, 17, -54.600000
46, 18, 20005.400000
46, 19, -10.200000
46, 20, 38.400000
46, 21, 27.400000
46, 22, 11.800000
46, 23, 20.200000
46, 25, -24.000000
46, 26, 59.000000
46, 27, 25.800000
46, 28, -16.400000
46, 30, -15.000000
46, 31, -45.200000
46, 32, 39.200000
46, 33, 40009.400000
46, 34, -39.600000
46, 35, 35.200000
46, 36, -6.200000
46, 37, 40.800000
46, 38, 24.400000
46, 40, -31.200000
46, 41, -24.600000
46, 42, 58.600000
46, 43, -7.400000
46, 44, 37.000000
46, 45, -73.000000
46, 46, -15.600000
46, 47, -4.000000
46, 48, 54.200000
46, 50, 21.800000
47, 1, 16.800000
47, 2, -8.800000
47, 3, 40.800000
47, 4, 12.800000
47, 6, 12.800000
47, 7, -34.000000
47, 8, -80.400000
47, 9, -21.400000
47, 10, 0.400000
47, 11, 20.000000
47, 12, 70.400000
47, 13, 30.000000
47, 14, 39989.800000
47, 15, 40000.000000
47, 17, -58.400000
47, 18, 39967.200000
47, 19, 21.200000
47, 20, 60.000000
47, 21, -14.200000
47, 22, -1.000000
47, 23, 58.400000
47, 24, -33.000000
47, 25, -54.200000
47, 27, 40.000000
47, 28, 8.000000
47, 29, 99999.000000
47, 31, -56.800000
47, 32, 50.600000
47, 33, 20036.200000
47, 34, -34.600000
47, 37, -18.800000
47, 38, 10.600000
47, 39, 34.400000
47, 40, -37.800000
47, 41, -64.400000
47, 42, 51.800000
47, 43, -27.200000
47, 44, 10.200000
47, 46, -38.000000
47, 47, 52.200000
47, 49, 22.400000
48, 1, -62.200000
48, 3, 21.400000
48, 4, 57.800000
48, 5, -22.800000
48, 6, 1.200000
48, 7, 49.400000
48, 8, -54.800000
48, 9, 0.800000
48, 10, 20.600000
48, 11, -7.600000
48, 12, 40040.000000
48, 13, 23.800000
48, 14, 19971.400000
48, 15, 10.200000
48, 16, -46.000000
48, 17, -55.000000
48, 20, 57.600000
48, 21, -11.400000
48, 22, -7.800000
48, 23, 39.200000
48, 25, -2.800000
48, 26, -92.000000
48, 27, 70.400000
48, 30, -52.400000
48, 32, -5.400000
48, 33, 39970.400000
48, 34, 3.800000
48, 35, -26.600000
48, 36, 60.200000
48, 37, -37.200000
48, 38, -8.800000
48, 39, 15.400000
48, 41, -20.000000
48, 42, 36.200000
48, 43, 39.600000
48, 44, 2.200000
48, 45, 46.200000
48, 46, -16.600000
48, 47, 17.200000
48, 48, 23.600000
48, 49, 38.000000
48, 50, -4.200000
49, 1, -17.200000
49, 2, 60015.400000
49, 3, 3.600000
49, 4, 59.000000
49, 5, -19.600000
49, 6, -40.400000
49, 7, 24.400000
49, 8, -20.200000
49, 9, 48.200000
49, 10, 12.800000
49, 11, 17.800000
49, 12, 20072.200000
49, 13, 2.800000
49, 14, 39976.000000
49, 16, -47.200000
49, 17, -36.400000
49, 18, -47.800000
49, 19, -27.600000
49, 21, -82.600000
49, 22, -16.000000
49, 24, -76.000000
49, 25, 5.000000
49, 27, 71.200000
49, 28, -32.000000
49, 29, 17.600000
49, 30, -56.000000
49, 31, 35.200000
49, 32, -0.800000
49, 33, 9.800000
49, 34, -43.000000
49, 35, -2.400000
49, 36, -3.400000
49, 37, -23.800000
49, 38, 7.600000
49, 39, -54.800000
49, 40, 21.000000
49, 41, 5.400000
49, 42, 52.000000
49, 43, 5.400000
49, 45, 32.200000
49, 48, -25.400000
49, 49, 15.200000
49, 50, 31.200000
50, 1, -27.000000
50, 2, 40023.600000
50, 3, -18.800000
50, 4, 47.200000
50, 5, 23.400000
50, 6, -38.000000
50, 8, 21.400000
50, 10, 63.800000
50, 12, 40049.400000
50, 13, 40.600000
50, 14, -43.200000
50, 15, 61.000000
50, 16, -26.800000
50, 17, -31.200000
50, 18, -24.200000
50, 19, -35.400000
50, 20, 4.000000
50, 22, -32.800000
50, 23, 75.000000
50, 25, 42.600000
50, 26, 68.000000
50, 27, 65.800000
50, 28, -4.000000
50, 29, 30.400000
50, 30, -29.600000
50, 31, 53.800000
50, 32, -65.800000
50, 33, 12.600000
50, 34, -49.600000
50, 36, -32.800000
50, 37, 8.400000
50, 39, -59.000000
50, 40, 24.000000
50, 41, 69.800000
50, 42, 67.200000
50, 43, 56.600000
50, 44, -53.000000
50, 45, -8.400000
50, 46, -72.000000
50, 47, -8.000000
50, 48, -32.200000
50, 49, 27.400000
50, 50, 45.000000
