1, 1, 33.000000
1, 3, -18.014956
1, 4, 23.372824
1, 6, 1.788159
1, 7, 15.600117
1, 8, 35.151003
1, 9, -12.427561
1, 10, -19.000000
1, 11, 12.799385
1, 12, 99999.000000
1, 13, -86.000000
1, 14, -57.368724
1, 15, -38.000000
1, 16, 0.197274
1, 18, -91.236729
1, 19, -47.402244
1, 20, -36.122005
1, 21, -17.854040
1, 22, -3.270331
1, 23, 1.231711
1, 24, 19.830394
1, 25, -19.140172
1, 27, 62.000000
1, 28, 11.590622
1, 29, -41.000000
1, 30, -34.041738
1, 32, -14.123793
1, 33, -50.130102
1, 34, -20.745694
1, 35, -16.814697
1, 37, -82.000000
1, 38, -87.000000
1, 39, 82.000000
1, 40, -14.327427
1, 41, 21.426278
1, 42, -11.744949
1, 43, -24.848884
1, 45, 24.693738
1, 46, -81.000000
1, 47, -6.524527
1, 49, 45.000000
1, 50, 14.607321
2, 2, 52.510062
2, 3, -29.424447
2, 4, 7.123339
2, 5, -52.340389
2, 6, 6.952031
2, 7, 5.798454
2, 8, 33.848997
2, 9, -23.571550
2, 11, 8.777426
2, 14, -58.631276
2, 16, 29.491368
2, 17, 2.431998
2, 19, -36.080122
2, 20, -9.796386
2, 21, -14.870960
2, 22, -16.873332
2, 23, 17.939896
2, 24, 3.082641
2, 25, -40.638317
2, 28, 3.368513
2, 30, -35.055656
2, 31, 9.011250
2, 32, -14.034099
2, 33, -43.972914
2, 34, -9.914695
2, 35, 1.854549
2, 36, -70.282999
2, 40, 2.781224
2, 41, 13.930894
2, 42, -29.497141
2, 43, -39.161979
2, 44, 17.386252
2, 45, -1.788174
2, 47, -19.545708
2, 48, -12.055182
2, 50, 24.434793
3, 1, -21.713053
3, 2, 6.019482
3, 3, -18.605903
3, 4, 22.386342
3, 5, -32.172770
3, 6, -0.679293
3, 7, 15.603879
3, 9, -12.378246
3, 11, 9.877239
3, 12, 34.427976
3, 13, 99999.000000
3, 15, -26.749640
3, 17, -43.679464
3, 19, -43.834760
3, 20, -36.017991
3, 21, -19.861391
3, 22, -3.405479
3, 23, 0.058469
3, 24, 20.441116
3, 25, -17.770542
3, 26, -30.175402
3, 27, -11.932763
3, 28, 11.608959
3, 29, 46.323072
3, 30, -33.990766
3, 31, 7.055347
3, 32, -12.617689
3, 33, -47.127718
3, 34, -21.570023
3, 35, -15.224985
3, 36, -70.717001
3, 37, -79.000000
3, 38, 39.625899
3, 39, 4.852302
3, 40, -16.628145
3, 41, 21.418285
3, 42, -11.734605
3, 43, -25.797549
3, 44, -34.800912
3, 45, 25.086411
3, 47, -3.558983
3, 48, -7.625715
3, 49, -36.345981
3, 50, 14.650257
4, 1, -18.685470
4, 2, 52.512605
4, 3, -30.489389
4, 4, 5.702037
4, 5, -52.868217
4, 6, 2.712349
4, 8, -21.438811
4, 9, -23.710311
4, 10, -95.000000
4, 11, 3.168600
4, 12, 30.071012
4, 14, 20.859605
4, 15, -25.250360
4, 17, 2.542066
4, 19, -40.112829
4, 20, -9.703002
4, 21, -21.025862
4, 23, 7.052715
4, 24, 3.536349
4, 25, -31.067090
4, 26, -37.745617
4, 27, 2.851745
4, 29, 60.575832
4, 31, 9.313040
4, 32, -9.114612
4, 33, -36.965489
4, 34, -5.513756
4, 35, 4.757306
4, 38, 43.374101
4, 39, -11.347649
4, 40, 2.063978
4, 43, -40.347586
4, 44, 13.070997
4, 45, -1.270741
4, 47, -12.819548
4, 48, -12.074930
4, 49, -47.191586
4, 50, 24.546304
5, 1, -20.131361
5, 2, 4.631660
5, 3, -19.766543
5, 4, 21.363763
5, 5, -32.943208
5, 6, -4.304031
5, 7, 22.002899
5, 8, -53.444348
5, 11, 2.260036
5, 12, 34.407758
5, 13, 14.479161
5, 14, 22.228079
5, 19, -35.445496
5, 21, -24.194641
5, 23, -2.365506
5, 24, 21.515607
5, 25, -16.321197
5, 26, -27.173479
5, 27, -8.876899
5, 29, 46.342820
5, 31, 6.980243
5, 32, -8.768345
5, 33, -38.113751
5, 34, -23.069745
5, 35, -12.337749
5, 36, 2.427330
5, 39, 2.925451
5, 40, -21.077540
5, 41, 13.763426
5, 43, -27.398695
5, 44, -41.128974
5, 45, 25.442798
5, 47, 3.236447
5, 49, -36.372079
5, 50, 14.677066
6, 1, -15.565430
6, 3, -31.504453
6, 5, -53.383945
6, 6, -0.140786
6, 7, 5.963514
6, 8, -18.788131
6, 10, 5.308515
6, 11, -5.717769
6, 13, -3.655935
6, 14, 19.703772
6, 16, -23.947722
6, 19, -46.523975
6, 20, -25.191201
6, 21, -30.418383
6, 23, -8.343380
6, 24, 3.893340
6, 25, -19.375337
6, 26, -40.781331
6, 27, 5.552723
6, 31, 9.880691
6, 32, -1.427280
6, 33, -22.734377
6, 34, 2.529883
6, 35, 7.133735
6, 36, 18.971101
6, 38, -19.051207
6, 39, -15.540804
6, 40, 1.400413
6, 41, 24.251704
6, 42, -38.732738
6, 43, -41.559326
6, 44, 3.182472
6, 47, -3.525159
6, 49, -47.230898
7, 1, -17.535420
7, 3, -20.329973
7, 4, -24.005377
7, 6, -2.637143
7, 7, 21.924378
7, 8, -45.219299
7, 10, -15.847670
7, 11, -6.155032
7, 12, 4.143604
7, 13, 14.211993
7, 14, 21.920858
7, 16, -22.732893
7, 18, 28.689739
7, 19, -26.945591
7, 20, -2.961630
7, 21, -28.428290
7, 22, 52.596790
7, 23, -4.622838
7, 25, -18.955529
7, 26, -21.895003
7, 27, -0.817616
7, 29, -30.129060
7, 31, 6.995993
7, 32, -4.388661
7, 33, -24.226414
7, 34, -23.463720
7, 35, -11.033936
7, 36, -1.510359
7, 38, -28.462726
7, 39, -0.836464
7, 40, -23.252595
7, 41, 7.033749
7, 42, -64.347437
7, 44, -48.908405
7, 46, -2.606202
7, 47, 10.132447
7, 50, 24.365417
8, 1, -13.589334
8, 4, -18.994623
8, 5, 5.980644
8, 6, 2.749235
8, 8, -11.662264
8, 9, 11.911260
8, 10, 3.362167
8, 11, -12.716216
8, 12, 28.558568
8, 13, -1.152440
8, 14, 14.992267
8, 16, -19.082889
8, 19, -52.299877
8, 20, -23.492173
8, 21, -39.963975
8, 22, 1.221978
8, 23, -20.611894
8, 24, -2.000000
8, 25, -14.254294
8, 26, -41.795776
8, 27, 9.591639
8, 29, -14.326472
8, 30, -9.934907
8, 32, 5.081317
8, 33, -3.861785
8, 34, 11.806703
8, 35, 6.882219
8, 36, 12.453282
8, 37, -16.361790
8, 38, -18.541613
8, 39, -19.655671
8, 41, 18.319558
8, 42, -38.724744
8, 44, -4.994822
8, 45, 1.850988
8, 46, -3.221749
8, 47, 4.167212
8, 48, -15.374781
8, 49, 14.000000
8, 50, 0.784125
9, 3, -22.987788
9, 5, 2.233384
9, 6, 5.410400
9, 8, -30.476875
9, 9, -30.459599
9, 10, -17.815533
9, 11, -9.923909
9, 12, 4.140783
9, 13, 13.791336
9, 14, 18.830986
9, 15, 23.000000
9, 16, -21.119656
9, 17, 60.000000
9, 19, -22.001638
9, 20, -2.961414
9, 21, -31.764849
9, 22, 47.633277
9, 23, -6.104818
9, 25, -25.941694
9, 26, -15.322966
9, 27, 10.085172
9, 29, -30.208483
9, 30, -24.786755
9, 31, -68.000000
9, 32, -1.291495
9, 33, -9.267866
9, 34, -22.435365
9, 35, -11.628535
9, 36, -9.395212
9, 37, -56.572480
9, 38, -23.589857
9, 39, -2.716888
9, 40, 17.199696
9, 41, -8.591627
9, 44, -52.364694
9, 45, 11.306705
9, 46, -4.870539
9, 47, 15.017159
9, 48, -1.918571
9, 50, 24.146242
10, 1, 30.074625
10, 2, -48.055223
10, 3, -21.020635
10, 4, 12.937944
10, 5, 6.103455
10, 6, 9.229429
10, 7, -21.170018
10, 8, -2.061821
10, 9, 16.474591
10, 10, -0.456018
10, 13, 2.260379
10, 14, 4.787131
10, 16, -12.297703
10, 19, -54.596074
10, 20, -19.595828
10, 21, -47.573203
10, 22, 3.178967
10, 23, -25.174574
10, 24, -15.949290
10, 25, -18.891615
10, 26, -36.286424
10, 27, 14.276869
10, 29, -14.418612
10, 30, -9.834328
10, 32, 6.680032
10, 33, 12.924483
10, 34, 18.216538
10, 35, 5.516515
10, 36, 5.853132
10, 37, -17.026143
10, 38, -16.717725
10, 40, 1.649297
10, 41, 11.078000
10, 42, -51.926102
10, 43, -3.413555
10, 45, 2.743022
10, 46, -7.458895
10, 47, 8.705394
10, 48, -19.010469
10, 49, 17.422944
10, 50, 0.479235
11, 1, -3.057740
11, 2, -39.600574
11, 3, -25.058328
11, 4, -19.453674
11, 5, 2.355103
11, 6, 13.653437
11, 7, -0.890569
11, 8, -13.736920
11, 9, -21.017450
11, 10, -19.691930
11, 11, -24.831354
11, 12, -16.000000
11, 13, 13.614007
11, 14, 10.712950
11, 15, 11.434002
11, 16, -19.395355
11, 17, -10.293788
11, 20, -3.795598
11, 21, -34.482280
11, 22, 39.397232
11, 23, -6.188433
11, 24, -9.248098
11, 25, -32.906869
11, 26, -8.375625
11, 27, 21.637414
11, 28, 9.401363
11, 30, -24.700383
11, 32, -0.357011
11, 33, 0.738439
11, 34, -21.648019
11, 35, -12.188321
11, 36, -13.379629
11, 37, -56.754026
11, 38, -13.117834
11, 39, -4.437181
11, 40, 23.603241
11, 41, -24.059772
11, 42, -54.804226
11, 44, 1.422256
11, 45, 12.620738
11, 46, -11.302393
11, 47, 17.516321
11, 48, -6.258155
11, 49, -2.782275
11, 50, 23.940095
12, 1, 29.344934
12, 2, -49.585225
12, 3, -22.387679
12, 4, 14.487802
12, 6, 12.937235
12, 7, -21.608689
12, 8, 6.600026
12, 9, 23.160961
12, 10, -2.349183
12, 11, -25.921427
12, 13, 3.889381
12, 14, -10.880285
12, 16, -7.497830
12, 17, -5.196393
12, 18, -2.222793
12, 19, -9.567788
12, 20, -15.206808
12, 21, -51.823832
12, 22, 5.381470
12, 23, -21.784848
12, 24, -15.616043
12, 25, -28.911310
12, 26, -24.208440
12, 27, 19.669500
12, 28, 9.598637
12, 29, 80.000000
12, 31, 16.941537
12, 32, 2.202618
12, 33, 19.756891
12, 37, -18.836652
12, 38, -12.932467
12, 39, -3.328108
12, 40, 12.436305
12, 41, 6.585147
12, 42, -51.948201
12, 43, -16.134683
12, 44, 16.457359
12, 45, 3.602855
12, 46, -14.134471
12, 47, 10.202000
12, 48, -26.269970
12, 49, 17.602349
13, 1, -0.487467
13, 2, -43.063239
13, 3, -29.708694
13, 4, -10.476097
13, 5, 30.862829
13, 6, 14.941618
13, 7, -7.247855
13, 8, -2.255954
13, 9, -9.309907
13, 11, -24.775735
13, 14, -2.405369
13, 17, -10.190194
13, 18, -0.706456
13, 19, 4.653402
13, 20, -4.608740
13, 21, -36.270816
13, 22, 29.218527
13, 23, -4.175385
13, 24, -9.005976
13, 25, -35.120518
13, 26, -2.081539
13, 27, 31.440619
13, 30, -59.255847
13, 31, 20.058463
13, 32, -1.477118
13, 34, 0.235290
13, 35, -6.526583
13, 36, -43.763271
13, 37, -57.052469
13, 38, 2.017725
13, 39, -4.725951
13, 40, 37.652989
13, 41, -33.494185
13, 43, -10.651314
13, 44, 1.247879
13, 46, -19.648948
13, 48, -10.664400
13, 49, -2.612904
13, 50, 12.132502
14, 1, 27.731079
14, 2, -52.760017
14, 3, -24.147277
14, 4, 17.992101
14, 5, 54.952523
14, 6, 9.920296
14, 7, -22.230545
14, 8, 10.201233
14, 9, 28.016873
14, 10, 0.808336
14, 11, -24.497526
14, 13, 6.799497
14, 14, -28.973528
14, 17, -5.085646
14, 18, -2.238974
14, 19, -9.431399
14, 20, -10.612041
14, 22, 5.144741
14, 23, -14.055217
14, 24, -15.080339
14, 25, -36.285158
14, 26, -9.430804
14, 27, 25.046396
14, 28, -31.440684
14, 30, -27.636801
14, 32, -6.217007
14, 33, -49.975485
14, 34, -6.235290
14, 35, -0.760099
14, 36, -44.236729
14, 37, -20.535117
14, 38, -7.205662
14, 39, -3.862105
14, 40, 25.689778
14, 41, 5.161457
14, 43, -18.538974
14, 44, 16.270960
14, 46, -19.968172
14, 47, -20.560266
14, 48, -29.937266
14, 50, 14.117078
15, 1, 6.003948
15, 2, -48.010243
15, 3, -33.441245
15, 4, 2.470235
15, 5, 29.530861
15, 6, 8.067778
15, 7, -16.611962
15, 9, -4.098422
15, 10, 40.671747
15, 11, -24.724305
15, 12, 22.056631
15, 13, -17.196114
15, 14, -17.765758
15, 18, -0.711312
15, 19, 4.786711
15, 20, -2.930936
15, 22, 17.902635
15, 23, -1.008499
15, 24, -8.875089
15, 25, -31.551937
15, 26, 2.533480
15, 27, 37.212375
15, 28, -24.151301
15, 29, 23.828639
15, 30, -59.275219
15, 31, -84.000000
15, 32, -3.770626
15, 33, -42.110479
15, 35, -0.594643
15, 37, -57.205060
15, 38, 17.884464
15, 39, -4.990530
15, 40, 48.725738
15, 41, -36.999805
15, 43, -15.026654
15, 45, -27.244744
15, 46, -25.891533
15, 47, 0.480041
15, 49, -9.497979
15, 50, 9.269069
16, 1, 26.800546
16, 2, -55.152744
16, 3, -24.953940
16, 4, 21.675782
16, 5, 51.535460
16, 6, 1.436624
16, 7, -22.012908
16, 8, -23.262115
16, 10, -0.074505
16, 11, -23.104888
16, 12, -12.406082
16, 13, 6.611702
16, 14, -44.710485
16, 16, -4.830090
16, 17, 51.823173
16, 20, -5.008312
16, 22, 1.559636
16, 23, -7.838802
16, 24, -14.863341
16, 25, -35.463886
16, 26, 3.275750
16, 27, 28.855844
16, 28, -31.427705
16, 29, 36.553207
16, 30, -27.384096
16, 32, -14.260699
16, 33, -50.035916
16, 34, 2.000000
16, 35, 9.489298
16, 36, 66.000000
16, 38, -1.059119
16, 40, 31.565898
16, 41, 4.995854
16, 43, -22.387052
16, 44, 37.736628
16, 45, -6.533209
16, 46, -22.128669
16, 47, -20.797954
16, 48, 5.055534
16, 49, 17.178206
16, 50, 6.374918
17, 1, 15.600813
17, 2, -51.956533
17, 4, 14.158502
17, 5, 24.519314
17, 6, -2.468204
17, 7, -24.354962
17, 8, -16.431985
17, 9, -24.791471
17, 10, 39.030364
17, 11, -24.706445
17, 12, 21.726645
17, 13, -16.170409
17, 14, -30.484937
17, 15, -37.839683
17, 16, 5.571357
17, 17, 55.176827
17, 18, -4.305117
17, 19, 86.000000
17, 20, 2.778281
17, 21, 10.437119
17, 22, 7.932016
17, 23, 0.586584
17, 25, -24.682745
17, 26, 5.092982
17, 27, 38.565046
17, 28, -24.165643
17, 29, 23.580203
17, 31, 99999.000000
17, 32, -5.679737
17, 33, -42.163061
17, 35, 11.232573
17, 38, 29.491248
17, 39, 30.012934
17, 42, 5.557310
17, 43, -17.741728
17, 44, 22.190002
17, 45, -27.190649
17, 46, -26.602465
17, 47, 0.212567
17, 48, -17.102403
17, 49, -10.962949
17, 50, 2.169828
18, 1, 27.193027
18, 2, -55.978624
18, 3, -73.000000
18, 4, 24.646990
18, 5, 42.110913
18, 6, -9.170932
18, 7, -21.292659
18, 8, -24.578881
18, 9, -26.796547
18, 10, -1.778133
18, 12, -12.355642
18, 13, 6.199280
18, 14, -53.766938
18, 15, -30.256214
18, 16, -10.756703
18, 18, 21.257383
18, 20, 1.809807
18, 21, -4.262641
18, 22, -2.357781
18, 24, -36.367285
18, 25, -26.739958
18, 26, 10.477068
18, 27, 30.466538
18, 29, 34.587889
18, 32, -17.590057
18, 34, 23.000000
18, 35, 19.745016
18, 36, 21.204089
18, 37, 73.000000
18, 38, 2.964884
18, 39, 3.596803
18, 40, -8.404167
18, 41, 30.987688
18, 42, -10.658132
18, 44, 37.718761
18, 45, -6.373771
18, 46, -19.536631
18, 47, -21.051818
18, 48, 5.206720
18, 49, 14.534127
18, 50, -5.214730
19, 1, 23.203617
19, 2, -53.379202
19, 4, 23.200076
19, 5, 13.950080
19, 6, -12.011067
19, 7, -27.242569
19, 8, -18.072536
19, 9, -24.732228
19, 10, 37.331219
19, 11, -6.503877
19, 13, -15.578387
19, 14, -35.483815
19, 15, -34.678857
19, 16, 4.720077
19, 17, -48.471047
19, 18, -5.631595
19, 19, -4.721524
19, 20, 11.489690
19, 21, 10.001159
19, 22, 3.742049
19, 23, -17.972514
19, 24, -31.632715
19, 25, -17.632704
19, 26, 5.902416
19, 27, 37.837802
19, 28, 3.830792
19, 29, 23.268336
19, 31, -90.000000
19, 33, 2.339348
19, 35, 17.183965
19, 36, 21.795911
19, 38, 33.625185
19, 39, 27.780326
19, 40, 14.145100
19, 41, 31.452703
19, 42, 3.043365
19, 45, -27.083714
19, 46, -21.074070
19, 48, -16.945951
19, 49, -14.327205
19, 50, -5.874712
20, 1, 27.690388
20, 3, 62.000000
20, 4, 27.175895
20, 5, 25.203134
20, 6, -19.621314
20, 8, -26.731873
20, 10, -2.614716
20, 11, -22.389137
20, 15, -32.891798
20, 16, -20.725117
20, 17, -43.982952
20, 18, 19.266743
20, 19, 15.477770
20, 20, 8.754645
20, 21, -3.700389
20, 23, 9.550613
20, 25, -15.206310
20, 27, 30.757517
20, 28, -26.123120
20, 29, 33.403664
20, 30, -56.691178
20, 33, 25.707024
20, 34, 18.721895
20, 37, -39.019008
20, 39, 0.524737
20, 40, -7.896189
20, 41, 30.935858
20, 42, -12.159311
20, 43, 75.473457
20, 44, -7.301323
20, 46, -12.662298
20, 47, 22.832977
20, 49, 10.615807
20, 50, -15.242883
21, 4, 31.517045
21, 5, -1.383167
21, 6, -18.846759
21, 7, -15.629019
21, 8, -19.133038
21, 11, -6.095354
21, 12, -29.746986
21, 13, -56.382355
21, 14, 19.339093
21, 15, -31.545031
21, 16, 1.874865
21, 17, -43.053645
21, 18, -8.087136
21, 19, -1.582049
21, 20, 20.325727
21, 21, 10.507203
21, 23, -17.991608
21, 25, -12.505527
21, 28, 0.180926
21, 31, -4.762394
21, 32, -13.000000
21, 33, 3.213366
21, 34, 9.438202
21, 35, -7.126315
21, 36, -27.058272
21, 37, -35.980992
21, 38, 2.539639
21, 39, 22.784918
21, 40, 12.631415
21, 41, 31.421439
21, 42, -3.905329
21, 44, -10.511863
21, 45, 6.643500
21, 46, -11.558474
21, 47, 28.571176
21, 48, -18.510848
21, 49, -17.721994
21, 50, -11.181644
22, 1, -96.000000
22, 3, 19.721696
22, 4, 29.941586
22, 5, 4.854553
22, 6, -27.921874
22, 7, -7.561017
22, 10, 3.527085
22, 11, -23.130528
22, 12, -32.610725
22, 13, -59.617645
22, 14, -1.590772
22, 15, -34.480119
22, 16, -31.243574
22, 17, -35.198926
22, 18, 17.343262
22, 19, 20.617480
22, 20, 14.283090
22, 21, -1.035028
22, 22, 80.401363
22, 23, 9.595487
22, 24, -33.367401
22, 25, -7.282413
22, 26, 50.020113
22, 28, -31.355021
22, 31, -8.061762
22, 33, 27.640643
22, 34, 18.588207
22, 35, 25.393789
22, 36, -33.892247
22, 38, 7.950242
22, 39, -4.596355
22, 40, -6.769723
22, 42, -14.583393
22, 44, -8.113636
22, 45, 0.188581
22, 46, -3.739142
22, 47, 21.958774
22, 48, -41.433807
22, 49, 7.244919
22, 50, -19.189516
23, 3, 20.069106
23, 4, 40.412926
23, 5, -15.921396
23, 6, -22.594404
23, 7, -15.102206
23, 8, 9.922767
23, 9, -11.201853
23, 10, -11.284700
23, 11, -5.040584
23, 12, -28.700112
23, 14, 19.423339
23, 16, -2.213846
23, 17, -28.855512
23, 18, -9.257147
23, 19, 3.466507
23, 20, 26.237169
23, 21, 11.560358
23, 22, 80.598637
23, 23, -18.003658
23, 24, -72.343727
23, 25, -10.599232
23, 26, 43.719763
23, 28, -8.264981
23, 30, 5.692889
23, 31, -9.294720
23, 32, 91.000000
23, 33, 5.737457
23, 34, 8.079427
23, 35, -3.343518
23, 36, -25.269150
23, 38, 2.587046
23, 39, 17.287140
23, 40, 10.612318
23, 41, 40.847401
23, 42, -13.098041
23, 44, -13.175080
23, 45, 6.539668
23, 46, -2.473109
23, 47, 24.524452
23, 48, -18.483577
23, 49, -19.720913
24, 1, 15.204907
24, 2, -73.000000
24, 3, 19.901759
24, 4, 32.952081
24, 5, -9.522025
24, 6, -31.245966
24, 7, -6.925513
24, 8, 8.746943
24, 9, -0.197809
24, 10, 5.292451
24, 11, -23.801318
24, 12, -28.084820
24, 13, 33.000000
24, 14, -1.492120
24, 15, -18.689505
24, 16, -38.090355
24, 17, -21.581195
24, 19, 23.795807
24, 20, 17.542684
24, 21, 3.696402
24, 24, -34.700548
24, 26, 49.997544
24, 27, -18.055479
24, 28, -37.950913
24, 29, -32.933324
24, 30, 22.964685
24, 31, -12.707294
24, 33, 30.242233
24, 35, 26.787000
24, 36, -27.746632
24, 38, 8.002886
24, 39, -12.068442
24, 40, -5.847804
24, 41, 17.882675
24, 42, -16.239797
24, 43, -26.860714
24, 44, -8.973302
24, 45, 0.093889
24, 46, 2.838910
24, 47, 19.879598
24, 49, 5.912478
24, 50, -62.000000
25, 1, 10.468931
25, 3, 21.240327
25, 4, 48.094631
25, 5, -22.018783
25, 7, -14.606800
25, 8, 9.987003
25, 9, -14.157783
25, 10, -9.893043
25, 11, -4.092958
25, 12, -26.509215
25, 15, 16.447514
25, 16, -4.301001
25, 17, -11.678891
25, 18, 14.000000
25, 20, 27.524999
25, 21, 11.214159
25, 22, 9.756314
25, 24, -72.824206
25, 25, 25.000000
25, 27, -5.418811
25, 28, -16.628524
25, 29, -63.723354
25, 30, 5.512477
25, 31, -20.281652
25, 33, 9.080100
25, 35, 5.788274
25, 36, -19.879023
25, 38, 2.658351
25, 39, 10.616315
25, 40, 9.684996
25, 41, 41.013008
25, 42, -21.604320
25, 43, 42.552712
25, 44, -15.534690
25, 46, 1.330800
25, 47, 18.985633
25, 48, -17.907466
26, 1, 15.183710
26, 2, -50.171450
26, 3, 20.420454
26, 4, 35.098685
26, 6, 25.632372
26, 8, 8.799655
26, 9, -6.172742
26, 10, 8.091248
26, 11, -23.998349
26, 12, -22.581196
26, 13, 56.341462
26, 14, -31.363235
26, 15, -18.745126
26, 17, -9.288950
26, 19, -24.974981
26, 20, 18.965284
26, 21, 8.381382
26, 22, -2.385302
26, 23, -8.139118
26, 24, -37.997395
26, 26, -31.851211
26, 27, -16.669181
26, 28, -42.414582
26, 29, -33.132300
26, 30, 19.744802
26, 31, -19.143793
26, 32, -50.236729
26, 33, 32.201095
26, 35, 27.598034
26, 36, -18.805857
26, 39, -23.063509
26, 41, 18.043016
26, 42, -15.332526
26, 43, -20.479363
26, 44, -8.150324
26, 47, 17.651162
26, 48, 8.957354
26, 49, 38.000000
26, 50, -38.396033
27, 1, 10.452106
27, 2, -51.828550
27, 3, 22.548253
27, 4, 51.198644
27, 5, -21.040186
27, 6, -1.996318
27, 7, 13.553034
27, 9, -21.845594
27, 10, -9.025866
27, 12, -24.841938
27, 13, 53.658538
27, 14, -56.902140
27, 15, 16.390204
27, 16, -8.544063
27, 17, 0.233622
27, 18, 8.342310
27, 19, -25.747293
27, 20, 25.012179
27, 21, 9.329951
27, 22, 5.579366
27, 23, -5.712581
27, 24, -73.480844
27, 25, -56.000000
27, 26, -14.449198
27, 27, -3.126498
27, 28, -21.395590
27, 29, -64.096548
27, 30, 5.842717
27, 31, -31.407757
27, 33, 11.582272
27, 34, 34.080829
27, 35, 15.390608
27, 36, -11.233482
27, 37, 13.077471
27, 38, -6.126731
27, 39, 0.705845
27, 40, -12.567193
27, 42, -27.123836
27, 43, 43.898705
27, 44, -16.009427
27, 45, -5.633578
27, 46, -9.946568
27, 47, 15.114454
27, 48, -18.294468
27, 50, -20.306388
28, 3, 20.769414
28, 5, 17.846068
28, 6, 23.474564
28, 7, 21.069106
28, 8, -25.005377
28, 9, -14.777835
28, 12, -20.161398
28, 14, -31.388625
28, 16, -6.196155
28, 17, -4.271139
28, 18, -7.591188
28, 19, -21.539550
28, 20, 20.148876
28, 21, 11.075884
28, 22, -5.505688
28, 23, -5.389287
28, 24, -40.901719
28, 26, -32.182872
28, 27, -14.534502
28, 28, -43.826439
28, 29, -33.364535
28, 30, 15.211657
28, 31, -23.648039
28, 33, 32.930655
28, 34, 2.141558
28, 35, 26.377738
28, 36, -10.817633
28, 37, 6.922529
28, 38, -17.058584
28, 39, -36.752850
28, 40, -3.927441
28, 41, -8.492236
28, 42, -11.497709
28, 43, -10.696781
28, 44, -6.639857
28, 45, -37.962686
28, 46, 7.606545
28, 47, 16.630773
28, 48, 7.255859
28, 49, -80.763271
28, 50, -37.217903
29, 1, 5.653689
29, 5, -20.422025
29, 6, -6.766625
29, 7, 13.602403
29, 8, -19.994623
29, 9, -31.162243
29, 10, 28.699837
29, 11, 59.437854
29, 16, -6.501580
29, 18, 8.290589
29, 19, -21.595666
29, 20, 21.743160
29, 21, 8.227934
29, 22, -5.148437
29, 23, 3.455864
29, 24, -73.795721
29, 25, 5.125397
29, 26, -13.199744
29, 27, -1.777741
29, 30, 7.407564
29, 31, -36.079800
29, 34, 33.285972
29, 35, 20.937197
29, 36, -1.487835
29, 38, -8.294265
29, 39, -11.286746
29, 40, -12.479309
29, 41, -36.143985
29, 42, -28.640848
29, 43, 45.760907
29, 44, -15.793702
29, 45, -5.932320
29, 46, -9.985123
29, 48, -19.538679
29, 49, -81.236729
29, 50, -16.804131
30, 1, -9.416022
30, 2, -46.390324
30, 3, -0.957868
30, 4, 1.060856
30, 5, 21.047373
30, 6, 18.433054
30, 9, -21.926831
30, 10, 25.285778
30, 11, 69.319853
30, 12, 52.986830
30, 14, 29.928249
30, 16, -1.576572
30, 17, 2.771844
30, 19, -13.628254
30, 20, 22.600311
30, 22, -10.738084
30, 23, 1.576859
30, 25, 7.906313
30, 26, -32.782354
30, 28, -18.887712
30, 29, 0.521489
30, 30, 11.566899
30, 32, -1.727441
30, 33, -62.000000
30, 34, 2.789061
30, 35, 23.461627
30, 36, -5.734695
30, 37, -8.950780
30, 38, -20.522227
30, 39, -49.481931
30, 40, -3.863899
30, 41, -8.488945
30, 42, -6.091929
30, 43, -3.179485
30, 45, -38.446033
30, 47, 23.526543
30, 48, 2.638452
30, 50, -34.731268
31, 1, -0.024678
31, 2, -32.439817
31, 3, 23.806132
31, 4, -0.282763
31, 5, -19.493779
31, 6, -12.606844
31, 7, -48.617240
31, 8, 5.816622
31, 9, -37.662269
31, 10, 28.839578
31, 11, 55.198440
31, 12, 41.028104
31, 13, -3.827545
31, 14, -0.875827
31, 15, 12.914275
31, 16, -2.440129
31, 17, 2.053791
31, 18, 63.000000
31, 19, -15.986847
31, 20, 20.359095
31, 21, -8.958827
31, 22, -16.671294
31, 23, 17.277110
31, 24, -54.791454
31, 25, 5.506759
31, 26, -11.998353
31, 28, 2.475124
31, 29, 2.925257
31, 30, 9.060877
31, 32, -8.789095
31, 34, 32.818423
31, 35, 20.434705
31, 36, 5.237182
31, 37, 10.150461
31, 38, -12.676232
31, 39, -19.919644
31, 42, -26.863998
31, 43, 46.680364
31, 44, -85.000000
31, 45, -6.258866
31, 46, -35.624460
31, 47, 24.473457
31, 48, -21.443950
31, 50, -11.800932
32, 1, -14.535770
32, 2, -43.930409
32, 3, -1.006877
32, 4, 3.128411
32, 5, 24.087509
32, 6, 13.663750
32, 7, -43.508632
32, 8, 25.865160
32, 9, -24.703997
32, 10, 25.424227
32, 11, 60.929986
32, 12, 49.564345
32, 13, 0.445723
32, 14, 29.683882
32, 16, 3.621065
32, 17, 4.922149
32, 19, -6.195096
32, 20, 25.857175
32, 21, -17.716006
32, 22, -15.003008
32, 23, 9.459456
32, 24, -58.950679
32, 25, 8.620141
32, 26, -33.146790
32, 28, -17.567337
32, 29, -0.708901
32, 30, 10.199279
32, 33, -49.000000
32, 35, 20.529128
32, 36, -3.987833
32, 37, -9.820415
32, 38, -24.024667
32, 39, -57.062274
32, 40, 8.099385
32, 42, -1.368977
32, 46, -33.375540
32, 48, -4.141706
32, 49, 18.543009
32, 50, -32.591258
33, 1, -11.906128
33, 2, -30.429115
33, 3, 20.212112
33, 4, 3.986610
33, 6, -16.066836
33, 7, -48.573513
33, 8, 4.110748
33, 11, 44.625307
33, 12, 38.229362
33, 13, 0.226086
33, 14, -1.444170
33, 15, 55.000000
33, 16, 0.319162
33, 17, 5.182373
33, 18, -19.697993
33, 19, -11.798395
33, 20, 20.629942
33, 21, -9.337316
33, 22, -21.678614
33, 23, 29.336378
33, 24, -54.983374
33, 25, 5.925260
33, 26, -11.589065
33, 27, -10.924797
33, 28, 3.425770
33, 29, 4.082238
33, 32, 4.548000
33, 34, 11.000000
33, 35, 14.984005
33, 37, 8.867921
33, 38, -14.919458
33, 40, -3.193147
33, 42, -24.495098
33, 45, -14.677035
33, 47, -95.881636
33, 48, -23.297673
33, 49, 1.578462
33, 50, -7.464077
34, 1, -18.065602
34, 2, -36.445859
34, 3, -0.987205
34, 4, 9.567009
34, 6, 11.790179
34, 8, 23.996561
34, 9, -44.277568
34, 10, 0.008239
34, 11, 48.178215
34, 12, 40.372272
34, 13, 1.316564
34, 14, 29.346343
34, 16, 5.692072
34, 17, 8.384740
34, 18, -22.302007
34, 19, -3.091911
34, 20, 27.481519
34, 21, -20.502579
34, 23, 13.837503
34, 24, -59.213427
34, 26, -33.258406
34, 27, -30.129830
34, 28, -14.868918
34, 29, -4.584064
34, 30, 4.000000
34, 31, -12.902083
34, 32, -10.351583
34, 33, 20.217721
34, 35, 19.466527
34, 36, 4.730067
34, 37, -10.657307
34, 40, 6.460191
34, 41, 25.355093
34, 42, 0.533098
34, 43, -11.618860
34, 44, 48.437266
34, 45, 32.481758
34, 46, 85.000000
34, 47, -61.829167
34, 48, -9.391906
34, 49, 14.365915
34, 50, -31.486383
35, 1, -19.908037
35, 2, -25.762043
35, 3, 16.634538
35, 4, 11.632405
35, 7, -41.224536
35, 8, 0.226308
35, 9, -58.239939
35, 10, -20.392431
35, 11, 33.463594
35, 12, 32.838167
35, 13, 2.747236
35, 14, -1.718948
35, 17, 7.152320
35, 19, -10.345232
35, 21, -9.592951
35, 22, -44.263917
35, 23, 34.475108
35, 24, -55.170137
35, 25, -16.111549
35, 27, -10.245217
35, 28, 3.808282
35, 29, 4.639591
35, 32, 4.046665
35, 33, 22.782279
35, 34, -11.840616
35, 35, 7.689621
35, 36, 20.298333
35, 38, -11.761959
35, 40, -4.578459
35, 43, -25.685236
35, 44, 32.484068
35, 45, -13.502293
35, 48, -24.095250
35, 49, -2.986129
35, 50, -4.889741
36, 1, -14.035732
36, 2, -25.084558
36, 3, -0.953805
36, 4, 19.284034
36, 6, -93.000000
36, 7, -24.717856
36, 8, 18.980897
36, 9, -44.271456
36, 10, -3.917121
36, 11, 38.445686
36, 12, 28.964733
36, 18, -5.481711
36, 19, -4.485551
36, 20, -27.424267
36, 21, -22.598274
36, 22, -26.490946
36, 23, 11.270494
36, 25, -14.888451
36, 26, -65.800310
36, 27, -29.247098
36, 28, -13.363203
36, 29, -10.599997
36, 30, -9.408179
36, 31, 12.329825
36, 32, -11.633047
36, 34, -13.504758
36, 35, 21.054895
36, 36, 8.620836
36, 37, 0.000000
36, 38, 2.527981
36, 39, -7.351142
36, 40, 3.042669
36, 42, 1.011567
36, 43, -11.635787
36, 44, 48.799518
36, 45, 29.446360
36, 46, 48.473457
36, 49, 4.995631
36, 50, -31.112344
37, 1, -18.472756
37, 2, -18.859294
37, 4, 19.943742
37, 5, -13.000000
37, 8, -3.425521
37, 10, -24.519651
37, 11, 28.589017
37, 12, 26.946080
37, 13, 15.670855
37, 14, 6.813518
37, 16, -43.000000
37, 17, -29.162996
37, 18, -11.518289
37, 19, -11.108782
37, 20, -26.711368
37, 21, -9.029633
37, 22, -42.572162
37, 23, 31.207195
37, 24, 32.177269
37, 26, -30.095753
37, 27, -9.567287
37, 28, 2.718312
37, 29, 2.868826
37, 30, -10.591821
37, 31, 15.585416
37, 32, 2.986898
37, 33, 8.801287
37, 34, -13.605040
37, 35, 1.549025
37, 36, 28.746184
37, 38, -11.212391
37, 39, 10.373935
37, 40, -6.032799
37, 41, 99999.000000
37, 42, 0.799846
37, 44, 32.643259
37, 45, -8.727928
37, 46, -13.028808
37, 48, 11.682923
37, 49, -8.596035
37, 50, -4.089083
38, 1, -3.631387
38, 2, -13.986095
38, 4, 28.944176
38, 6, -1.528949
38, 8, 10.479211
38, 10, -11.861717
38, 12, 20.963832
38, 13, 18.358274
38, 14, -49.323394
38, 15, 24.783391
38, 17, -9.499884
38, 19, -7.508435
38, 20, -29.558518
38, 21, -22.447378
38, 22, -21.760541
38, 23, 2.287407
38, 24, 29.118405
38, 25, -24.533359
38, 26, -65.822941
38, 28, -14.454262
38, 29, -17.105195
38, 31, 12.366969
38, 32, -12.572417
38, 33, 3.198713
38, 34, -17.107895
38, 35, 24.361063
38, 36, 17.273141
38, 37, -2.922464
38, 38, 4.131887
38, 39, -9.568141
38, 40, 1.292474
38, 42, 0.943424
38, 43, 62.000000
38, 44, 49.375131
38, 45, 26.676408
38, 48, 6.317077
38, 49, -2.544178
39, 1, -11.386272
39, 2, -12.105719
39, 3, 64.462783
39, 4, 25.867448
39, 5, 18.829528
39, 6, 3.827261
39, 8, -5.602566
39, 9, 10.585837
39, 10, -28.713926
39, 12, 24.309043
39, 13, 20.048229
39, 14, 3.602357
39, 15, 17.260859
39, 16, -13.021066
39, 17, -26.909415
39, 18, 84.000000
39, 19, -12.559675
39, 20, -29.714349
39, 21, -8.268824
39, 22, -38.133340
39, 23, 22.596960
39, 24, 32.241447
39, 25, -30.834940
39, 26, -30.134280
39, 27, -26.683398
39, 28, 0.718886
39, 29, -1.074682
39, 30, 18.699838
39, 32, 2.707859
39, 34, -17.240002
39, 35, -1.980994
39, 36, 39.120545
39, 37, -11.080511
39, 38, -8.401479
39, 39, 4.208979
39, 41, -29.936051
39, 42, -0.550817
39, 44, 32.755467
39, 45, 0.613426
39, 49, -11.080726
40, 1, 5.305290
40, 2, -8.562820
40, 3, 74.537439
40, 4, 34.807079
40, 5, 24.604874
40, 6, -1.544935
40, 7, -0.829502
40, 8, 0.349660
40, 9, 24.695907
40, 10, -15.916269
40, 13, 19.985116
40, 14, -43.713234
40, 15, 22.626580
40, 16, 5.269264
40, 17, -8.802544
40, 19, -9.501740
40, 20, -32.984885
40, 21, -21.901686
40, 22, -15.106592
40, 23, -7.687916
40, 24, 29.202651
40, 27, -7.657755
40, 28, -17.483799
40, 29, -22.049425
40, 30, 48.725021
40, 31, -67.484400
40, 32, -11.200120
40, 33, -95.000000
40, 34, -20.817824
40, 35, 27.702540
40, 36, 24.238827
40, 37, -0.909592
40, 38, 8.471362
40, 39, -12.472271
40, 40, -5.270002
40, 41, -51.172238
40, 42, 2.960090
40, 43, -13.979553
40, 45, 27.076656
40, 47, -6.904513
40, 48, -7.278935
40, 50, 30.051647
41, 1, -7.477998
41, 2, -8.304065
41, 3, 64.450089
41, 4, 27.917290
41, 5, 18.873017
41, 7, -7.693279
41, 8, -7.452104
41, 9, 10.262549
41, 12, 8.582436
41, 13, 29.614659
41, 14, -4.789296
41, 15, 14.759190
41, 16, -12.936648
41, 17, -22.131978
41, 18, 47.083406
41, 19, -13.455104
41, 20, -31.574057
41, 22, -32.217891
41, 23, 14.784468
41, 26, 49.658538
41, 27, -23.219508
41, 28, -1.389717
41, 29, -4.547214
41, 30, 18.149084
41, 31, -62.863967
41, 32, 4.487218
41, 34, -19.137684
41, 35, -2.853532
41, 36, 43.721274
41, 37, -8.856645
41, 38, -2.404408
41, 39, -2.932717
41, 40, -17.550868
41, 41, -29.864141
41, 42, 1.060576
41, 43, -11.020447
41, 44, -1.310897
41, 45, 11.992636
41, 46, -23.250360
41, 47, -33.355116
41, 48, -0.445988
41, 49, 16.605257
41, 50, 25.948353
42, 2, -11.087696
42, 5, 24.509349
42, 6, -25.603045
42, 7, -3.619653
42, 8, -8.694570
42, 9, 22.099478
42, 12, -24.717612
42, 13, 22.156236
42, 14, -32.906342
42, 15, 19.806105
42, 16, 5.397370
42, 17, -9.955983
42, 18, 31.093971
42, 19, -10.025803
42, 22, -9.559430
42, 23, -11.948555
42, 24, 7.000000
42, 27, -1.464509
42, 28, -20.756697
42, 29, -23.901302
42, 30, 42.311582
42, 31, -66.204588
42, 32, -7.437740
42, 33, -50.989640
42, 35, 30.091850
42, 37, 3.483915
42, 38, 14.501125
42, 39, -14.282656
42, 40, -7.112756
42, 41, -51.107880
42, 42, 10.405456
42, 44, 33.786130
42, 45, 29.883477
42, 47, -6.903573
42, 48, -7.238211
42, 49, 23.005201
43, 1, 24.721874
43, 2, -8.275576
43, 3, 42.756456
43, 4, -4.593900
43, 5, 18.932611
43, 6, 10.636039
43, 7, -13.733119
43, 8, -11.050763
43, 9, 9.303276
43, 10, -5.660138
43, 11, 19.500719
43, 12, 9.489553
43, 13, 37.448126
43, 14, -14.545028
43, 15, 12.132562
43, 16, -12.805271
43, 17, -19.061691
43, 18, 47.039774
43, 20, 86.512912
43, 22, -25.968073
43, 23, 12.919594
43, 25, -48.563203
43, 27, -12.820862
43, 28, -3.357650
43, 30, 17.105795
43, 31, -59.554526
43, 32, 8.051227
43, 33, 9.519311
43, 34, -52.421810
43, 35, -1.892170
43, 36, -38.185457
43, 37, -5.845619
43, 38, 5.310735
43, 39, -5.903402
43, 40, -18.867436
43, 42, 9.135560
43, 43, -39.067076
43, 44, -0.167928
43, 45, 19.950480
43, 46, -59.000000
43, 48, -0.399799
43, 49, 15.679501
44, 1, -4.457702
44, 2, -18.406844
44, 3, 42.243544
44, 4, 4.802748
44, 6, -25.804135
44, 7, -3.699861
44, 8, -14.980863
44, 9, 17.492166
44, 10, 25.556885
44, 12, -23.470356
44, 13, 24.452613
44, 14, -19.940603
44, 15, 17.930416
44, 17, -15.156787
44, 18, 30.923578
44, 19, -88.000000
44, 20, 85.487088
44, 21, 21.745506
44, 22, -6.569178
44, 23, -8.235893
44, 24, -1.893828
44, 25, -18.382455
44, 27, 10.255712
44, 28, -22.964293
44, 29, 1.625899
44, 30, 34.298447
44, 31, -63.435937
44, 32, -3.998110
44, 33, -50.914355
44, 34, -55.578190
44, 35, 31.451304
44, 36, -39.631652
44, 37, 7.003496
44, 38, 19.083573
44, 40, -11.750438
44, 41, 2.359945
44, 42, 22.781742
44, 43, -12.878657
44, 44, 32.602103
44, 45, 31.519835
44, 47, -14.206070
44, 49, 21.739080
45, 1, 21.898231
45, 2, -10.203007
45, 4, -0.282657
45, 5, 32.492465
45, 6, 4.612819
45, 7, -20.042805
45, 8, -16.626688
45, 9, 8.041952
45, 10, -3.308909
45, 11, 6.052028
45, 12, 10.389628
45, 13, 39.349572
45, 14, -20.980210
45, 16, -40.210905
45, 17, -20.550230
45, 21, -5.020324
45, 22, -20.138812
45, 23, 16.964721
45, 24, 1.893828
45, 25, -43.183042
45, 26, 59.397321
45, 27, 3.336582
45, 28, -4.932934
45, 29, 5.374101
45, 30, 16.363416
45, 31, -55.590079
45, 32, 11.322430
45, 33, 11.363105
45, 35, -0.641074
45, 36, -38.070737
45, 37, -3.509377
45, 38, 12.025067
45, 40, -20.953989
45, 41, -12.058296
45, 42, 22.381319
45, 43, -35.036573
45, 44, 2.359796
45, 46, -38.595185
45, 47, 16.086715
45, 48, 58.053086
45, 49, 14.773794
46, 1, -11.655304
46, 2, -24.363156
46, 4, 12.094108
46, 5, 28.507535
46, 6, -26.244557
46, 7, 1.579832
46, 8, -18.260788
46, 9, 12.549082
46, 10, 29.081196
46, 11, -21.541962
46, 13, 27.093709
46, 14, -10.835274
46, 16, -41.789095
46, 17, -23.595277
46, 19, 8.597198
46, 20, 54.329838
46, 21, 15.521181
46, 22, -5.933380
46, 23, -0.960309
46, 25, -12.456411
46, 26, 52.414994
46, 27, 24.993655
46, 28, -23.865110
46, 30, 30.697132
46, 31, -61.320008
46, 32, -3.890506
46, 34, -28.916412
46, 35, 31.905818
46, 36, -39.515243
46, 37, 7.860624
46, 38, 20.505192
46, 40, -15.890452
46, 41, 3.803825
46, 42, 35.703921
46, 43, -2.671057
46, 44, 30.857263
46, 45, -73.000000
46, 46, -19.923905
46, 47, -13.383550
46, 48, 59.946914
46, 50, 1.685801
47, 1, 15.578706
47, 2, -11.296191
47, 3, 12.950657
47, 4, 9.645573
47, 6, -4.665055
47, 7, -22.638726
47, 8, -22.012645
47, 9, 7.101058
47, 10, 2.003951
47, 11, 6.699967
47, 12, 75.907459
47, 13, 36.514839
47, 17, -25.499305
47, 19, 2.402802
47, 20, 65.435713
47, 21, -9.833976
47, 22, -15.404692
47, 23, 21.666617
47, 24, -33.000000
47, 25, -34.576452
47, 27, 20.761837
47, 28, -5.557530
47, 29, 99999.000000
47, 31, -53.899162
47, 32, 12.468996
47, 34, -48.879771
47, 37, -2.213791
47, 38, 16.111985
47, 39, -20.948673
47, 40, -22.061358
47, 41, -10.464701
47, 42, 35.708297
47, 43, -25.799152
47, 44, 4.318663
47, 46, -38.613899
47, 47, 17.285277
47, 49, 17.797730
48, 1, -20.365796
48, 3, 9.050298
48, 4, 21.367504
48, 5, -10.227559
48, 6, -26.741322
48, 7, 7.529839
48, 8, -19.281101
48, 9, 9.411632
48, 10, 33.369449
48, 11, -20.517460
48, 13, 29.620693
48, 15, 27.321015
48, 16, -42.111148
48, 17, -31.494034
48, 20, 54.344884
48, 21, 9.270477
48, 22, -6.467918
48, 23, 2.644133
48, 25, -4.923656
48, 26, -92.000000
48, 27, 37.700762
48, 30, -48.930634
48, 32, -6.639124
48, 34, -29.086820
48, 35, -12.112987
48, 36, 4.705700
48, 37, 6.988664
48, 38, 20.151995
48, 39, -3.004481
48, 41, 6.818541
48, 42, 44.785740
48, 43, 10.079408
48, 44, 29.963668
48, 45, 25.945302
48, 46, -19.945003
48, 47, -12.563490
48, 48, -15.421329
48, 49, 31.942750
48, 50, 26.084347
49, 1, 10.494894
49, 3, 12.863574
49, 4, 17.841202
49, 5, -28.614224
49, 6, -11.813834
49, 7, -22.845056
49, 8, -25.008060
49, 9, 6.802334
49, 10, 6.329549
49, 11, 7.321859
49, 13, 33.344664
49, 16, -52.092142
49, 17, -29.772271
49, 18, -33.672170
49, 19, -32.269368
49, 21, -12.823144
49, 22, -12.644220
49, 24, -76.000000
49, 25, -27.754334
49, 27, 32.312750
49, 28, -15.238167
49, 29, 25.262552
49, 30, -62.794641
49, 31, 46.334646
49, 32, 12.064043
49, 33, 18.723629
49, 34, -49.192264
49, 35, -16.887013
49, 36, -11.145891
49, 37, -1.614989
49, 38, 17.432846
49, 39, -21.170622
49, 40, 22.795911
49, 41, -8.710133
49, 42, 43.868751
49, 43, -18.177150
49, 45, 38.224582
49, 48, -34.957795
49, 49, 17.759638
49, 50, 36.092142
50, 1, -24.150235
50, 3, 8.961725
50, 4, 25.579815
50, 5, -10.191354
50, 6, -27.012107
50, 8, -19.341848
50, 10, 35.258016
50, 13, 30.725668
50, 14, -50.144188
50, 15, 61.000000
50, 16, -42.096102
50, 17, -34.707775
50, 18, -38.327830
50, 19, -30.730632
50, 20, 4.000000
50, 22, -6.833670
50, 23, 75.000000
50, 25, -1.488343
50, 26, 68.000000
50, 27, 42.779176
50, 28, -20.761833
50, 29, 22.737448
50, 30, -48.912767
50, 31, 42.665354
50, 32, -8.375233
50, 33, -3.682923
50, 34, -29.306045
50, 36, 4.632822
50, 37, 6.424628
50, 39, -3.219079
50, 40, 22.204089
50, 41, 8.410992
50, 42, 47.968186
50, 43, 15.789452
50, 44, -53.000000
50, 45, 25.902515
50, 46, -72.000000
50, 47, -8.000000
50, 48, -15.465056
50, 49, 31.902970
50, 50, 26.122902
