1, 1, 33.000000
1, 3, -30.365938
1, 4, 6.410780
1, 6, 4.110865
1, 7, 5.795898
1, 8, 33.846547
1, 9, -23.651307
1, 10, -19.000000
1, 11, 1.400561
1, 12, 99999.000000
1, 13, -86.000000
1, 14, -58.633651
1, 15, -38.000000
1, 16, 29.492691
1, 18, -85.000000
1, 19, -41.648051
1, 20, -9.775608
1, 21, -23.650076
1, 22, -16.876026
1, 23, 4.060560
1, 24, 3.424669
1, 25, -30.374018
1, 26, 99999.000000
1, 27, 62.000000
1, 28, 3.366366
1, 29, -41.000000
1, 30, -35.054090
1, 32, -7.448772
1, 33, -31.237464
1, 34, -2.846963
1, 35, 4.365070
1, 37, -82.000000
1, 38, -87.000000
1, 39, 82.000000
1, 40, 2.155442
1, 41, 13.928942
1, 42, -29.501770
1, 43, -40.238565
1, 45, -1.533197
1, 46, -81.000000
1, 47, -10.888524
1, 49, 45.000000
1, 50, 24.484350
2, 2, 5.324947
2, 3, -19.094016
2, 4, 22.374357
2, 5, -32.557980
2, 6, -0.536512
2, 7, 15.597873
2, 8, 35.153453
2, 9, -12.403584
2, 11, 4.581369
2, 14, -57.366349
2, 16, 0.198016
2, 17, -43.679824
2, 18, -91.237619
2, 19, -38.017958
2, 20, -36.052247
2, 21, -22.991663
2, 22, -3.362538
2, 23, -1.547059
2, 24, 20.736402
2, 25, -18.856946
2, 26, -25.157128
2, 28, 11.596327
2, 30, -34.004322
2, 31, 7.022092
2, 32, -9.687829
2, 33, -38.313222
2, 34, -22.115558
2, 35, -13.893740
2, 36, -70.717818
2, 40, -18.492691
2, 41, 21.419129
2, 42, -11.747249
2, 43, -26.222849
2, 44, -41.574041
2, 45, 25.071455
2, 47, 1.338895
2, 48, -7.624556
2, 50, 14.643872
3, 1, -16.492037
3, 2, 52.514104
3, 3, -30.417887
3, 4, 6.407750
3, 5, -52.862387
3, 6, 4.150369
3, 7, 5.795899
3, 9, -23.651585
3, 11, 0.514729
3, 12, 30.069881
3, 13, 99999.000000
3, 15, -25.247539
3, 16, 29.492697
3, 17, 2.513769
3, 18, 99999.000000
3, 19, -42.422336
3, 20, -9.775588
3, 21, -25.108309
3, 22, -16.876038
3, 23, 2.195100
3, 24, 3.432871
3, 25, -29.439203
3, 26, -38.380254
3, 27, 6.902515
3, 28, 3.366369
3, 29, 60.579542
3, 30, -35.054087
3, 31, 9.477184
3, 32, -6.598864
3, 33, -28.788425
3, 34, -1.661170
3, 35, 4.555825
3, 36, -70.282182
3, 37, -79.000000
3, 38, 43.381152
3, 39, -15.092445
3, 40, 2.120298
3, 41, 13.928940
3, 42, -29.501768
3, 43, -40.298247
3, 44, 7.502522
3, 45, -1.532095
3, 47, -9.633973
3, 48, -12.063188
3, 49, -47.208811
3, 50, 24.484602
4, 1, -19.453964
4, 2, 5.321974
4, 3, -19.180873
4, 4, 22.370132
4, 5, -32.559629
4, 6, 0.145171
4, 8, -40.441318
4, 9, -12.403579
4, 10, -95.000000
4, 11, 2.983490
4, 12, 34.416038
4, 14, 18.969585
4, 15, -26.752461
4, 16, 99999.000000
4, 17, -43.679828
4, 18, 97.000000
4, 19, -36.021357
4, 20, -36.052228
4, 21, -24.287514
4, 22, -3.362562
4, 23, -2.105433
4, 24, 20.765336
4, 25, -19.777035
4, 26, -24.145732
4, 27, -1.518490
4, 29, 46.338939
4, 30, -34.004312
4, 31, 7.021378
4, 32, -8.596107
4, 33, -34.482380
4, 34, -22.228537
4, 35, -13.497139
4, 38, 39.618848
4, 39, 1.338223
4, 40, -18.828087
4, 43, -26.266061
4, 44, -42.165939
4, 45, 25.073025
4, 46, 99999.000000
4, 47, 3.225243
4, 48, -7.624559
4, 49, -36.371576
4, 50, 14.644045
5, 1, -16.438732
5, 2, 52.514106
5, 3, -30.521776
5, 4, 6.404716
5, 5, -52.864596
5, 6, 4.383773
5, 7, 5.959350
5, 8, -12.669200
5, 9, -23.651871
5, 11, -1.625898
5, 12, 30.069878
5, 13, -0.838245
5, 14, 13.026354
5, 16, -18.028326
5, 17, 2.513791
5, 18, 99999.000000
5, 19, -44.384137
5, 21, -29.057041
5, 22, 99999.000000
5, 23, -2.604166
5, 24, 3.446161
5, 25, -27.277605
5, 26, -37.686879
5, 27, 7.686140
5, 28, -64.000000
5, 29, 60.579546
5, 30, 99999.000000
5, 31, 9.492467
5, 32, -4.501915
5, 33, -22.143333
5, 34, 1.460202
5, 35, 5.019170
5, 36, 13.079015
5, 39, -15.301270
5, 40, 2.050027
5, 41, 17.401884
5, 43, -40.417618
5, 44, 6.142002
5, 45, -1.530994
5, 46, -92.000000
5, 47, -6.319195
5, 49, -47.208816
5, 50, 24.484849
6, 1, -19.382669
6, 2, 5.318998
6, 3, -19.267726
6, 5, -32.561279
6, 6, 1.581388
6, 7, 21.956906
6, 8, -38.280788
6, 9, 99999.000000
6, 10, -17.586082
6, 11, 0.721321
6, 13, 14.028017
6, 14, 17.771715
6, 15, 99999.000000
6, 16, -21.243710
6, 17, 99999.000000
6, 18, 28.697978
6, 19, -32.972515
6, 20, -3.185388
6, 21, -26.508590
6, 22, 44.589626
6, 23, -2.944627
6, 24, 20.783229
6, 25, -21.588837
6, 26, -21.279246
6, 27, 1.830080
6, 28, 99999.000000
6, 30, -23.000000
6, 31, 7.020236
6, 32, -6.823727
6, 33, -27.947783
6, 34, -22.376382
6, 35, -12.902895
6, 36, -4.868099
6, 38, -18.812797
6, 39, 1.053546
6, 40, -19.163464
6, 41, -3.915643
6, 42, -64.354116
6, 43, -26.292774
6, 44, -43.495865
6, 47, 6.334472
6, 49, -36.371584
7, 1, -16.352478
7, 2, 99999.000000
7, 3, -30.573714
7, 4, -18.985197
7, 6, 4.938358
7, 7, 5.959337
7, 8, -10.253839
7, 9, 17.626144
7, 10, 1.751362
7, 11, -3.769418
7, 12, 28.564933
7, 13, -0.586228
7, 14, 9.253498
7, 15, 43.000000
7, 16, -17.348804
7, 17, -66.000000
7, 18, -29.000000
7, 19, -46.617155
7, 20, -20.217288
7, 21, -34.368921
7, 22, 2.926478
7, 23, -8.377468
7, 25, -25.331534
7, 26, -35.363350
7, 27, 9.908725
7, 28, -52.000000
7, 29, -14.363058
7, 31, 9.501922
7, 32, -2.288374
7, 33, -13.273649
7, 34, 5.352327
7, 35, 5.519867
7, 36, 12.749939
7, 38, -16.089280
7, 39, -15.718895
7, 40, 2.014894
7, 41, 16.537533
7, 42, -38.739520
7, 43, -40.477306
7, 44, 4.445320
7, 46, -9.002752
7, 47, -2.088811
7, 50, 0.640567
8, 1, -19.338598
8, 4, -24.014803
8, 5, 2.271119
8, 6, 3.547673
8, 8, -32.597023
8, 9, -20.311581
8, 10, -17.682759
8, 11, -0.879999
8, 12, 4.152467
8, 13, 13.977566
8, 14, 14.132411
8, 16, -21.159869
8, 19, -30.301528
8, 20, -3.100094
8, 21, -29.069380
8, 22, 43.009848
8, 23, -3.652742
8, 24, -2.000000
8, 25, -24.004116
8, 26, -17.023311
8, 27, 7.796338
8, 29, -30.187982
8, 30, -24.764936
8, 32, -4.999026
8, 33, -20.709847
8, 34, -22.480954
8, 35, -12.367254
8, 36, -5.461984
8, 37, -56.798905
8, 38, -16.728992
8, 39, 0.768876
8, 41, -7.990750
8, 42, -64.354114
8, 43, 99999.000000
8, 44, -44.562346
8, 45, 11.951325
8, 46, -10.098691
8, 47, 9.626315
8, 48, -5.844933
8, 49, 14.000000
8, 50, 24.151778
9, 3, -22.515642
9, 5, 6.064315
9, 6, 5.548707
9, 8, -6.324851
9, 9, 18.290053
9, 10, 1.463613
9, 11, -4.658149
9, 12, 28.564932
9, 13, -0.019831
9, 14, 2.006239
9, 15, 23.000000
9, 16, -15.708453
9, 17, 60.000000
9, 18, -12.000000
9, 19, -48.075876
9, 20, -18.610713
9, 21, -39.587622
9, 22, 2.955587
9, 23, -13.036067
9, 25, -24.759296
9, 26, -30.955250
9, 27, 13.215367
9, 29, -14.363072
9, 30, -9.874151
9, 31, -68.000000
9, 32, -1.189188
9, 33, -4.956017
9, 34, 8.528582
9, 35, 5.866722
9, 36, 12.091778
9, 37, -18.115691
9, 38, -14.762224
9, 39, -15.927704
9, 40, 13.193113
9, 41, 14.291124
9, 43, -3.420755
9, 44, 3.690166
9, 45, 2.728588
9, 46, -9.786488
9, 47, 1.688257
9, 48, -22.099304
9, 50, 0.639913
10, 1, 2.442094
10, 2, -44.029137
10, 3, -27.644371
10, 4, -7.259826
10, 5, 2.271141
10, 6, 5.250193
10, 7, -9.198735
10, 8, -25.516565
10, 9, -19.424117
10, 10, -17.876090
10, 13, 13.914748
10, 14, 8.090717
10, 16, -20.992166
10, 18, 99999.000000
10, 19, -29.249282
10, 20, -2.696596
10, 21, -31.371508
10, 22, 38.580688
10, 23, -3.900797
10, 24, -9.068910
10, 25, -26.320141
10, 26, -12.041169
10, 27, 15.136190
10, 29, -30.187998
10, 30, -24.764918
10, 32, -3.680264
10, 33, -15.094070
10, 34, -22.523909
10, 35, -12.065476
10, 36, -6.055876
10, 37, -56.819583
10, 38, -10.875724
10, 40, 31.343465
10, 41, -14.650661
10, 42, -54.804971
10, 43, 47.000000
10, 45, 11.954146
10, 46, -11.965157
10, 47, 12.075925
10, 48, -6.064724
10, 49, -2.732041
10, 50, 24.150882
11, 1, 28.528498
11, 2, -51.465006
11, 3, -22.647712
11, 4, 17.145626
11, 5, 6.064338
11, 6, 5.436480
11, 7, -21.710818
11, 8, -2.369978
11, 9, 19.893350
11, 10, 1.175873
11, 11, -24.651505
11, 12, -16.000000
11, 13, 0.434497
11, 14, -7.920587
11, 15, 0.000000
11, 16, -14.068295
11, 17, -5.159187
11, 20, -15.584288
11, 21, -43.349980
11, 22, 2.930040
11, 23, -15.389614
11, 24, -15.411899
11, 25, -25.579370
11, 26, -24.398990
11, 27, 17.099212
11, 28, 9.599008
11, 30, -9.874135
11, 32, -1.888676
11, 33, 0.063176
11, 34, 9.748297
11, 35, 5.985479
11, 36, 11.762685
11, 37, -18.371988
11, 38, -12.293642
11, 39, -3.588520
11, 40, 14.201172
11, 41, 11.507729
11, 42, -51.938358
11, 44, 16.391919
11, 45, 2.732304
11, 46, -11.749342
11, 47, 3.883169
11, 48, -22.646530
11, 49, 17.539381
11, 50, 0.639265
12, 1, 3.521300
12, 2, -44.612276
12, 3, -28.278082
12, 4, -5.261070
12, 6, 5.561320
12, 7, -10.309857
12, 8, -19.743831
12, 9, -17.430032
12, 10, -17.972747
12, 11, -24.762271
12, 13, 13.886826
12, 14, 0.155285
12, 15, 11.435635
12, 16, -20.908302
12, 17, -10.218365
12, 18, -0.702736
12, 19, 4.691637
12, 20, -1.591624
12, 21, -32.944311
12, 22, 32.199856
12, 23, -3.625200
12, 24, -9.059275
12, 25, -27.611369
12, 26, -7.060609
12, 27, 22.461206
12, 28, 9.400992
12, 29, 80.000000
12, 31, 20.064326
12, 32, -3.118948
12, 33, -12.980730
12, 37, -56.866089
12, 38, -2.428500
12, 39, -4.715891
12, 40, 33.252831
12, 41, -21.617878
12, 42, -54.804975
12, 43, -13.709559
12, 44, 1.298132
12, 45, 11.956959
12, 46, -14.848649
12, 47, 12.975046
12, 48, -6.504312
12, 49, -2.732009
13, 1, 28.303138
13, 2, -52.085740
13, 3, -22.944484
13, 4, 18.293625
13, 5, 46.071036
13, 6, 3.674841
13, 7, -21.718823
13, 8, 0.087266
13, 9, 21.497309
13, 11, -24.580604
13, 12, 99999.000000
13, 14, -19.060603
13, 15, 99999.000000
13, 16, -13.388970
13, 17, -5.159167
13, 18, -2.228354
13, 19, -9.473558
13, 20, -11.435836
13, 21, -44.715008
13, 22, 2.644511
13, 23, -15.595907
13, 24, -15.370964
13, 25, -26.671218
13, 26, -16.471917
13, 27, 20.994885
13, 30, -27.514072
13, 31, 16.935674
13, 32, -4.140094
13, 34, -6.247462
13, 35, 8.463148
13, 36, -44.237619
13, 37, -18.691764
13, 38, -9.113848
13, 39, -3.589688
13, 40, 16.466176
13, 41, 9.108159
13, 43, -19.520961
13, 44, 16.391887
13, 46, -13.899051
13, 48, -23.193761
13, 49, 17.539411
13, 50, 3.845897
14, 1, 6.389047
14, 2, -46.085951
14, 3, -29.068300
14, 4, 0.263470
14, 5, 22.896721
14, 6, 3.660929
14, 7, -13.120039
14, 8, -17.528310
14, 9, -15.830916
14, 10, 39.175635
14, 11, -24.757346
14, 12, 21.889624
14, 13, -16.493421
14, 14, -8.429425
14, 16, 99999.000000
14, 17, -10.218344
14, 18, -0.702738
14, 19, 4.691662
14, 20, 0.649177
14, 21, -33.500397
14, 22, 25.239997
14, 23, -3.069339
14, 24, -9.040031
14, 25, -27.200194
14, 26, -2.745214
14, 27, 28.634300
14, 28, -24.169680
14, 30, -59.269872
14, 32, -3.187162
14, 33, -42.124004
14, 34, 0.247462
14, 35, 4.432001
14, 36, -43.762381
14, 37, -56.903419
14, 38, 6.781421
14, 39, -4.717116
14, 40, 35.633632
14, 41, -26.741321
14, 42, 99999.000000
14, 43, -13.783848
14, 44, 1.298098
14, 46, -17.402937
14, 47, 0.338408
14, 48, -6.724117
14, 50, 4.017921
15, 1, 27.965600
15, 2, -53.024845
15, 3, -23.182494
15, 4, 20.336888
15, 5, 43.875164
15, 6, -0.218701
15, 7, -21.722035
15, 9, 22.161885
15, 10, -0.788383
15, 11, -24.438811
15, 12, -12.395030
15, 13, 6.482559
15, 14, -29.373478
15, 15, 99999.000000
15, 16, -13.696536
15, 18, -2.228355
15, 19, -9.473533
15, 20, -6.504245
15, 21, 99999.000000
15, 22, 2.066389
15, 23, -14.825153
15, 24, -15.330046
15, 25, -26.605092
15, 26, -8.752847
15, 27, 24.374911
15, 28, -31.443916
15, 29, 35.191334
15, 30, -27.513531
15, 31, -84.000000
15, 32, -6.862440
15, 33, -50.012444
15, 35, 8.977500
15, 37, -18.834144
15, 38, -5.916050
15, 39, -3.590851
15, 40, 18.282510
15, 41, 7.753635
15, 42, 40.000000
15, 43, -19.626944
15, 45, -6.446025
15, 46, -15.086801
15, 47, -20.803772
15, 49, 13.692215
15, 50, 2.448738
16, 1, 10.018548
16, 2, -47.756727
16, 3, -29.419979
16, 4, 8.133971
16, 5, 19.484173
16, 6, -0.420375
16, 7, -16.309928
16, 8, -17.590863
16, 10, 39.091723
16, 11, -24.752427
16, 12, 21.888908
16, 13, -16.476347
16, 14, -15.814794
16, 15, -35.005403
16, 16, 3.434794
16, 17, 55.183136
16, 20, 4.234225
16, 21, 10.444125
16, 22, 19.315715
16, 23, -2.638509
16, 24, -9.030420
16, 25, -25.068342
16, 26, 0.395895
16, 27, 33.033265
16, 28, -24.169677
16, 29, 23.518201
16, 30, -59.269876
16, 32, -3.498773
16, 33, -42.124014
16, 34, 2.000000
16, 35, 5.322839
16, 36, 66.000000
16, 38, 14.599464
16, 40, 36.693146
16, 41, -28.607826
16, 43, -13.904045
16, 44, 22.185953
16, 45, -27.170191
16, 46, -18.374371
16, 47, 0.337856
16, 48, -17.048639
16, 49, -13.285318
16, 50, 2.184615
17, 1, 27.661669
17, 2, -53.838760
17, 4, 22.894145
17, 5, 37.676414
17, 6, -5.893815
17, 7, -21.715797
17, 8, -25.139157
17, 9, -26.797083
17, 10, -0.917077
17, 11, -24.367915
17, 12, -12.395019
17, 13, 6.472064
17, 14, -36.688353
17, 15, -32.080998
17, 16, -15.110861
17, 17, 51.816864
17, 18, 19.490885
17, 19, 86.000000
17, 20, -1.161393
17, 21, -2.075913
17, 22, 1.455639
17, 23, -14.382540
17, 25, -24.683128
17, 26, -3.116161
17, 27, 26.831467
17, 28, -31.443918
17, 29, 35.158179
17, 30, -27.512992
17, 31, 99999.000000
17, 32, -8.689653
17, 33, -50.012454
17, 35, 10.006193
17, 38, -3.528531
17, 39, -1.849722
17, 42, -12.542567
17, 43, -19.692446
17, 44, 37.721157
17, 45, -6.445679
17, 46, -14.543292
17, 47, -20.804771
17, 48, 5.159596
17, 49, 13.219616
17, 50, -1.087531
18, 1, 13.023522
18, 2, -48.844358
18, 3, -73.000000
18, 4, 16.972441
18, 5, 13.312940
18, 6, -5.757148
18, 7, -18.388680
18, 8, -17.619204
18, 9, -24.762706
18, 10, 38.923889
18, 12, 21.888190
18, 13, -16.448732
18, 14, -20.108551
18, 15, -34.847495
18, 16, 3.042710
18, 18, -6.642090
18, 20, 8.907988
18, 21, 10.466517
18, 22, 15.905343
18, 24, -31.623808
18, 25, -21.919966
18, 26, 2.040863
18, 27, 35.554297
18, 29, 23.508764
18, 30, 99999.000000
18, 32, -3.657684
18, 34, 23.000000
18, 35, 6.213680
18, 36, 21.797024
18, 37, 73.000000
18, 38, 19.085413
18, 39, 23.437265
18, 40, 12.460642
18, 41, 31.452760
18, 42, -3.018602
18, 44, 22.185950
18, 45, -27.169833
18, 46, -17.197337
18, 47, 0.337297
18, 48, -17.048613
18, 49, -14.087491
18, 50, -0.624031
19, 1, 27.490682
19, 2, -54.157123
19, 4, 25.596326
19, 5, 28.735592
19, 6, -12.211099
19, 7, -21.710991
19, 8, -25.198387
19, 9, -26.797073
19, 10, -1.045763
19, 11, -23.081325
19, 13, 6.465567
19, 14, -39.335611
19, 15, -32.125643
19, 16, -18.821423
19, 17, -32.022447
19, 18, 19.392109
19, 19, 19.066075
19, 20, 4.174061
19, 21, -1.520447
19, 22, 1.192133
19, 23, 9.568518
19, 24, -36.376192
19, 25, -21.469702
19, 26, -1.049772
19, 27, 28.114189
19, 28, -32.278032
19, 29, 35.104545
19, 30, -56.688134
19, 31, -90.000000
19, 33, 28.091989
19, 35, 10.520546
19, 36, 21.202976
19, 38, -2.642470
19, 39, -3.150027
19, 40, -7.266634
19, 41, 30.961845
19, 42, -12.703681
19, 45, -6.445327
19, 46, -12.272740
19, 48, 5.159624
19, 49, 12.023600
19, 50, -5.106332
20, 1, 14.187542
20, 3, 62.000000
20, 4, 25.596456
20, 5, 5.774711
20, 6, -10.949024
20, 8, -17.665065
20, 10, 38.839965
20, 11, -5.473724
20, 15, -34.531687
20, 16, 2.038486
20, 17, -32.116348
20, 18, -6.828464
20, 19, -0.288629
20, 20, 13.928406
20, 21, 10.502478
20, 23, -17.988838
20, 25, -18.880633
20, 27, 36.360109
20, 28, -5.599301
20, 29, 23.502939
20, 30, -78.000000
20, 33, 5.280233
20, 34, 8.759226
20, 37, -35.975277
20, 39, 21.170024
20, 40, 12.311500
20, 41, 31.452751
20, 42, -5.568922
20, 43, 63.000000
20, 44, -13.021669
20, 46, -14.312848
20, 47, 23.697718
20, 49, -15.312273
20, 50, -3.093799
21, 2, 66.000000
21, 4, 28.140350
21, 5, 19.246667
21, 6, -17.637184
21, 7, -7.253698
21, 8, -25.235000
21, 11, -23.137211
21, 12, -27.790709
21, 13, -59.623731
21, 14, -1.550743
21, 15, -32.197860
21, 16, -23.423589
21, 17, -30.364329
21, 18, 19.194578
21, 19, 19.153332
21, 20, 9.083313
21, 21, 0.037170
21, 23, 9.568627
21, 25, -18.481712
21, 28, -33.037050
21, 31, -13.693331
21, 32, -13.000000
21, 33, 28.397649
21, 34, 18.627549
21, 35, 26.176376
21, 36, -25.646390
21, 37, -39.024723
21, 38, 7.980871
21, 39, -6.993129
21, 40, -7.111057
21, 41, 30.961839
21, 42, -13.008358
21, 43, 75.475238
21, 44, -8.042716
21, 45, 0.164307
21, 46, -9.113301
21, 47, 20.547451
21, 48, -41.439788
21, 49, 10.664650
21, 50, -7.728000
22, 1, -96.000000
22, 2, 99999.000000
22, 3, 21.169537
22, 4, 33.088141
22, 5, -1.112001
22, 6, -14.662684
22, 7, -15.115528
22, 10, -10.313421
22, 11, -5.326147
22, 12, -27.515455
22, 13, -56.376269
22, 14, 19.401532
22, 15, -34.373784
22, 16, 0.876610
22, 17, -28.280618
22, 18, -7.014814
22, 19, -0.149768
22, 20, 18.331168
22, 21, 10.480985
22, 22, 80.599008
22, 23, -17.988875
22, 24, -72.885359
22, 25, -17.036232
22, 26, 43.718125
22, 28, -7.580913
22, 31, -16.587201
22, 33, 6.009652
22, 34, 8.756334
22, 35, 3.093465
22, 36, -19.820024
22, 38, 2.596261
22, 39, 16.847066
22, 40, 11.976330
22, 42, -9.962867
22, 43, 99999.000000
22, 44, -13.263223
22, 45, 6.575532
22, 46, -11.013913
22, 47, 23.141484
22, 48, -18.506863
22, 49, -16.385124
22, 50, -4.069165
23, 3, 20.154775
23, 4, 30.256379
23, 5, 11.951701
23, 6, -20.765550
23, 7, -7.252355
23, 8, 8.757952
23, 9, -7.919617
23, 10, 6.001188
23, 11, -23.262660
23, 12, -27.370854
23, 14, -1.550729
23, 16, -27.159528
23, 17, -26.163728
23, 18, 19.095817
23, 19, 19.294506
23, 20, 13.266517
23, 21, 2.257944
23, 22, 80.400992
23, 23, 9.568734
23, 24, -36.616928
23, 25, -17.270127
23, 26, 50.006183
23, 28, -34.949096
23, 30, 18.873033
23, 31, -14.337046
23, 32, 91.000000
23, 33, 29.169455
23, 34, 18.627523
23, 35, 26.089641
23, 36, -24.400940
23, 37, 76.000000
23, 38, 7.980976
23, 39, -13.148981
23, 40, -6.917038
23, 41, 17.932712
23, 42, -13.019752
23, 43, -18.636109
23, 44, -7.982834
23, 45, 0.164288
23, 46, -6.396647
23, 47, 20.113060
23, 48, -41.439783
23, 49, 9.778286
24, 1, 10.466360
24, 2, -73.000000
24, 3, 21.231761
24, 4, 38.671881
24, 5, -5.240031
24, 6, -16.003165
24, 7, -15.113416
24, 8, 9.961394
24, 9, -20.082312
24, 10, -10.289474
24, 11, -5.142040
24, 12, -27.218855
24, 13, 33.000000
24, 14, 19.401550
24, 15, 16.424701
24, 16, 0.106805
24, 17, -22.393531
24, 19, -0.063943
24, 20, 21.353109
24, 21, 10.353062
24, 24, -72.933838
24, 26, 43.718121
24, 27, -3.840536
24, 28, -10.604999
24, 29, -63.910154
24, 30, 6.224040
24, 31, -18.791995
24, 33, 7.132364
24, 34, 8.753440
24, 35, 5.302013
24, 36, -17.406600
24, 37, 99999.000000
24, 38, 2.596498
24, 39, 10.918681
24, 40, 11.707505
24, 41, 40.956275
24, 42, -15.048801
24, 43, 44.079664
24, 44, -13.863105
24, 45, 6.575515
24, 46, -8.846419
24, 47, 21.798884
24, 49, -16.807745
24, 50, -62.000000
25, 1, 15.191819
25, 3, 20.194210
25, 4, 31.677294
25, 5, 9.207713
25, 7, -7.251019
25, 8, 8.757963
25, 9, -8.950334
25, 10, 6.078532
25, 11, -23.363145
25, 12, -26.427508
25, 15, -18.724442
25, 16, -28.589544
25, 17, -21.383275
25, 18, 14.000000
25, 20, 16.641872
25, 21, 4.583469
25, 22, -6.635868
25, 24, -37.077105
25, 25, 25.000000
25, 27, -16.143664
25, 28, -37.106269
25, 29, -33.144821
25, 30, 18.334131
25, 31, -15.890917
25, 33, 30.043366
25, 34, 99999.000000
25, 35, 25.768743
25, 36, -21.096701
25, 38, 7.981084
25, 39, -21.069951
25, 40, -6.830682
25, 41, 17.932741
25, 42, -12.296392
25, 43, -17.659536
25, 44, -7.873885
25, 46, -5.329537
25, 47, 19.498352
25, 48, 5.130931
26, 1, 10.466356
26, 2, -51.831667
26, 3, 21.356238
26, 4, 41.675366
26, 6, -7.371923
26, 8, 9.961403
26, 9, -22.165129
26, 10, -10.250733
26, 11, -5.060075
26, 12, -26.849061
26, 13, 53.653491
26, 14, -56.908791
26, 15, 16.424693
26, 17, -17.206071
26, 19, -20.618913
26, 20, 22.758113
26, 21, 10.154507
26, 22, -1.772664
26, 23, 6.562196
26, 24, -73.042796
26, 26, -13.215579
26, 27, -3.802139
26, 28, -13.252430
26, 29, -63.910962
26, 30, 6.494406
26, 31, -21.910426
26, 32, -44.000000
26, 33, 8.124844
26, 34, 33.533487
26, 35, 8.698534
26, 36, -13.275305
26, 39, 4.158732
26, 41, 40.956304
26, 42, -19.655044
26, 43, 44.217468
26, 44, -14.524835
26, 47, 20.456631
26, 48, -19.470275
26, 49, 38.000000
26, 50, -15.691138
27, 1, 15.191816
27, 2, -50.168333
27, 3, 20.233669
27, 4, 32.180704
27, 5, 20.670075
27, 6, 20.237385
27, 7, 21.071055
27, 9, -11.557102
27, 10, 6.126332
27, 12, -25.671048
27, 13, 56.346509
27, 14, -31.386670
27, 15, -18.724451
27, 16, -1.451910
27, 17, -18.260903
27, 18, -7.595331
27, 19, -16.379155
27, 20, 19.316297
27, 21, 6.350603
27, 22, -7.155207
27, 23, -0.417033
27, 24, -37.651105
27, 25, -56.000000
27, 26, -32.499844
27, 27, -16.084538
27, 28, -38.504441
27, 29, -33.145757
27, 30, 16.972145
27, 31, -17.444530
27, 32, -50.237619
27, 33, 30.611627
27, 34, 2.467559
27, 35, 25.120537
27, 36, -16.849659
27, 37, 6.910950
27, 38, -20.187719
27, 39, -29.748780
27, 40, -3.920365
27, 42, -10.678591
27, 43, -15.300202
27, 44, -7.760898
27, 45, -38.202725
27, 46, 7.611129
27, 47, 19.063398
27, 48, 4.375089
27, 50, -35.617605
28, 3, 21.418491
28, 5, -20.197520
28, 6, -7.953618
28, 7, 13.580871
28, 8, -19.985197
28, 9, -25.361983
28, 12, -26.684505
28, 14, -56.908795
28, 16, -4.396779
28, 17, -15.154676
28, 18, 8.309756
28, 19, -19.938334
28, 20, 22.868975
28, 21, 10.001896
28, 22, -3.985880
28, 23, 8.281686
28, 24, -73.130198
28, 26, -13.097042
28, 27, -3.740033
28, 28, -14.294916
28, 29, -63.911772
28, 30, 6.919864
28, 31, -24.115767
28, 32, 99999.000000
28, 33, 8.518151
28, 34, 33.520187
28, 35, 11.756763
28, 36, -8.678775
28, 37, 13.089050
28, 38, -10.169761
28, 39, -2.268417
28, 40, -12.517216
28, 41, -36.151193
28, 42, -23.003808
28, 43, 44.527190
28, 44, -14.945032
28, 45, -5.942513
28, 46, -9.958452
28, 47, 19.900743
28, 48, -19.940048
28, 49, -81.237619
28, 50, -15.006780
29, 1, -12.601768
29, 5, 20.826993
29, 6, 19.261135
29, 7, 21.071063
29, 8, -25.014803
29, 9, -14.516054
29, 10, 25.328574
29, 11, 58.562903
29, 13, 99999.000000
29, 15, 99999.000000
29, 16, -1.048449
29, 18, -7.595339
29, 19, -14.662717
29, 20, 21.425780
29, 21, 7.010844
29, 22, -8.410680
29, 23, 1.135109
29, 24, -37.906621
29, 25, 8.269774
29, 26, -32.598495
29, 27, -16.048006
29, 30, 15.427791
29, 31, -18.087989
29, 32, -1.726020
29, 34, 2.468953
29, 35, 24.198081
29, 36, -13.026971
29, 38, -20.362647
29, 39, -37.731847
29, 40, -3.920349
29, 41, -8.502226
29, 42, -8.453034
29, 43, -12.938482
29, 44, -7.711850
29, 45, -38.203763
29, 46, 7.611123
29, 48, 2.366199
29, 49, -80.762381
29, 50, -35.033414
30, 1, -6.201551
30, 2, -28.255388
30, 3, 20.578754
30, 4, 6.452809
30, 5, -20.171310
30, 6, -9.356037
30, 9, -28.179072
30, 10, 28.795121
30, 11, 48.026933
30, 12, 36.552612
30, 13, -0.995544
30, 14, -1.249141
30, 15, 12.915834
30, 16, -3.866131
30, 17, 4.246666
30, 19, -18.174005
30, 20, 22.319309
30, 22, -7.118204
30, 23, 12.709363
30, 25, 5.520390
30, 26, -12.812118
30, 28, 2.913868
30, 29, 3.341905
30, 30, 7.305223
30, 32, -8.792064
30, 33, -62.000000
30, 34, 33.498675
30, 35, 13.176513
30, 36, -5.098120
30, 37, 9.515355
30, 38, -10.500195
30, 39, -6.951253
30, 40, -12.517204
30, 41, -36.151192
30, 42, -24.923623
30, 43, 44.775650
30, 45, -5.943845
30, 47, 24.475238
30, 48, -20.708858
30, 50, -13.195817
31, 1, -12.384080
31, 2, -36.879799
31, 3, -0.980664
31, 4, 9.256995
31, 5, 21.140788
31, 6, 17.881317
31, 7, -43.507309
31, 8, 21.175685
31, 9, -16.444318
31, 10, 25.328600
31, 11, 57.289519
31, 12, 42.374272
31, 13, 0.884800
31, 14, 29.611021
31, 15, 2.000000
31, 16, -0.142129
31, 17, 5.812223
31, 18, 63.000000
31, 19, -12.004869
31, 20, 22.975026
31, 21, -20.113425
31, 22, -9.668517
31, 23, 3.332059
31, 24, -59.079381
31, 25, 8.271321
31, 26, -32.737426
31, 28, -16.382156
31, 29, -4.567367
31, 30, 14.422327
31, 31, -69.000000
31, 32, -1.726018
31, 34, 2.470349
31, 35, 23.290177
31, 36, -10.791248
31, 37, -9.805817
31, 38, -20.712506
31, 39, -43.398740
31, 42, -6.288014
31, 43, -11.959514
31, 44, -85.000000
31, 45, -38.204802
31, 46, -33.371309
31, 47, 23.524762
31, 48, -0.177011
31, 50, -34.088469
32, 1, -7.857496
32, 2, -27.359258
32, 3, 20.398633
32, 4, 7.598993
32, 5, -20.155116
32, 6, -10.755747
32, 7, -48.593236
32, 8, 1.390437
32, 9, -29.293139
32, 10, 28.795147
32, 11, 45.857498
32, 12, 35.866665
32, 13, -0.926316
32, 14, -1.258080
32, 16, -3.204730
32, 17, 4.300346
32, 19, -16.000212
32, 20, 21.726132
32, 21, -9.183838
32, 22, -9.334760
32, 23, 18.020332
32, 24, -54.980963
32, 25, 5.522136
32, 26, -12.528966
32, 28, 2.823211
32, 29, 3.175944
32, 30, 7.460301
32, 31, 99999.000000
32, 33, -49.000000
32, 35, 12.433186
32, 36, -3.747505
32, 37, 9.512604
32, 38, -10.830640
32, 39, -8.674185
32, 40, -4.464428
32, 42, -25.747484
32, 46, -35.628691
32, 48, -21.488412
32, 49, -3.306167
32, 50, -10.878536
33, 1, -11.532173
33, 2, -33.969800
33, 3, -0.980888
33, 4, 11.844123
33, 5, 21.297671
33, 6, 16.906211
33, 7, -43.507302
33, 8, 19.993596
33, 11, 54.213305
33, 12, 39.850356
33, 13, 0.886678
33, 14, 29.601770
33, 15, 55.000000
33, 16, 0.584444
33, 17, 5.907921
33, 18, -22.306906
33, 19, -9.489531
33, 20, 23.822584
33, 21, -20.313637
33, 22, -10.190224
33, 23, 4.848341
33, 24, -59.079942
33, 25, 8.272874
33, 26, -32.835257
33, 27, -29.686434
33, 28, -16.214062
33, 29, -6.293958
33, 31, -12.896070
33, 32, -11.046264
33, 34, 11.000000
33, 35, 22.819952
33, 37, -9.809438
33, 38, -20.887442
33, 39, -45.453475
33, 40, 4.984927
33, 42, -4.951635
33, 45, 29.865319
33, 47, -61.827483
33, 48, -2.283104
33, 49, 9.151740
33, 50, -33.114036
34, 1, -10.203307
34, 2, -24.864118
34, 3, 20.038400
34, 4, 10.671157
34, 5, 99999.000000
34, 6, -11.334728
34, 8, 0.264269
34, 9, -58.243579
34, 10, -24.128045
34, 11, 42.787623
34, 12, 34.121819
34, 13, -0.814313
34, 14, -1.272525
34, 16, -2.910495
34, 17, 4.387201
34, 18, -19.693094
34, 19, -14.123584
34, 20, 21.485326
34, 21, -9.123387
34, 23, 22.201106
34, 24, -54.981757
34, 26, -12.412205
34, 27, -10.247272
34, 28, 2.500765
34, 29, 2.639092
34, 30, 4.000000
34, 31, -55.000000
34, 32, 3.869879
34, 33, 22.787104
34, 35, 9.890295
34, 36, 29.335375
34, 37, 9.509855
34, 39, 99999.000000
34, 40, -4.534991
34, 41, 16.000000
34, 42, -25.950116
34, 43, -25.688899
34, 44, 32.599330
34, 45, -7.870252
34, 46, 85.000000
34, 47, -95.881190
34, 48, -21.975575
34, 49, -3.732766
34, 50, -8.803427
35, 1, -9.760361
35, 2, -29.087627
35, 3, -0.981101
35, 4, 16.233545
35, 5, 36.000000
35, 7, -24.719308
35, 8, 16.570050
35, 9, -44.280388
35, 10, -7.316601
35, 11, 51.134251
35, 12, 35.974455
35, 13, 0.888559
35, 14, 29.596060
35, 15, -90.000000
35, 17, 5.967071
35, 19, -7.909525
35, 21, -20.805939
35, 22, -20.358892
35, 23, 4.679338
35, 24, -59.080500
35, 25, -14.886150
35, 27, -29.684567
35, 28, -16.155985
35, 29, -9.315367
35, 32, -10.927897
35, 33, 20.212896
35, 34, -16.782880
35, 35, 23.116450
35, 36, 13.428720
35, 38, 6.093266
35, 39, -9.943958
35, 40, 4.729654
35, 41, 25.356429
35, 43, -11.633239
35, 44, 48.945450
35, 45, 29.715355
35, 47, -61.827477
35, 48, -3.099032
35, 49, 7.872838
35, 50, -32.407586
36, 1, -12.088140
36, 2, -21.319619
36, 3, 19.858282
36, 4, 14.688941
36, 6, -93.000000
36, 7, -41.217856
36, 8, -1.762292
36, 9, -58.243578
36, 10, -24.337074
36, 11, 40.615580
36, 12, 32.123754
36, 15, 99999.000000
36, 18, -11.529645
36, 19, -12.950852
36, 20, -28.809493
36, 21, -9.022685
36, 22, -38.525663
36, 23, 24.006014
36, 25, -16.113850
36, 26, -30.119586
36, 27, -10.244450
36, 28, 1.847169
36, 29, 1.707780
36, 30, -10.594048
36, 31, 15.586257
36, 32, 4.073763
36, 34, -15.174527
36, 35, 6.489901
36, 36, 30.124800
36, 37, 0.000000
36, 38, -7.549163
36, 39, 3.955649
36, 40, -4.676135
36, 41, 99999.000000
36, 42, 2.483590
36, 43, -25.688902
36, 44, 32.602170
36, 45, -5.298570
36, 46, -13.032757
36, 47, 99999.000000
36, 49, -4.691284
36, 50, -7.594735
37, 1, -7.286889
37, 2, -23.782726
37, 4, 21.061528
37, 5, -13.000000
37, 7, -24.719298
37, 8, 11.302239
37, 10, -7.914874
37, 11, 49.858017
37, 12, 32.556998
37, 13, 20.590675
37, 14, -39.922576
37, 15, 22.254535
37, 16, -43.000000
37, 17, -10.714483
37, 18, -5.470355
37, 19, -7.424524
37, 20, -30.434173
37, 21, -21.340299
37, 22, -19.469407
37, 23, 2.726365
37, 24, 29.154526
37, 26, -65.819229
37, 27, -29.682697
37, 28, -16.549696
37, 29, -12.852110
37, 30, -9.405952
37, 31, 12.349759
37, 32, -10.514767
37, 33, 3.188173
37, 34, -16.966437
37, 35, 24.225263
37, 36, 14.612307
37, 38, 6.820825
37, 39, -10.229644
37, 40, 4.474366
37, 41, 99999.000000
37, 42, 5.359709
37, 44, 48.961319
37, 45, 29.389658
37, 46, 48.475238
37, 47, -80.000000
37, 48, 6.306982
37, 49, 6.278068
37, 50, -32.152514
38, 1, -13.006997
38, 2, -17.509586
38, 4, 18.374832
38, 6, 3.828661
38, 7, 99999.000000
38, 8, -4.398874
38, 10, -24.755139
38, 12, 30.811625
38, 13, 25.766785
38, 14, -2.717023
38, 15, 14.968170
38, 17, -24.629046
38, 19, -12.476582
38, 20, -28.860416
38, 21, -8.926076
38, 22, -36.643733
38, 23, 23.447492
38, 24, 32.230720
38, 25, -30.836556
38, 26, -30.119589
38, 28, 0.823638
38, 29, 0.546957
38, 31, 15.586263
38, 32, 4.614296
38, 33, 8.811827
38, 34, -15.448783
38, 35, 3.249427
38, 36, 31.898538
38, 37, -8.274961
38, 38, -5.722133
38, 39, 3.404564
38, 40, -4.746713
38, 42, 3.491971
38, 43, 62.000000
38, 44, 32.606769
38, 45, -0.853979
38, 46, -13.032766
38, 48, 11.693018
38, 49, -5.459924
39, 1, -5.031638
39, 2, -19.614842
39, 3, 74.540068
39, 4, 24.783642
39, 5, 24.559868
39, 6, -1.534685
39, 7, -1.570615
39, 8, 4.887270
39, 9, 20.675579
39, 10, -8.513165
39, 12, 31.205004
39, 13, 20.990069
39, 14, -38.305411
39, 15, 21.971064
39, 16, 5.340028
39, 17, -11.353022
39, 18, 84.000000
39, 19, -7.636553
39, 20, -30.528220
39, 21, -21.674479
39, 22, -17.110143
39, 23, -0.147571
39, 24, 29.154537
39, 25, -24.529722
39, 26, -65.819234
39, 27, 2.915573
39, 28, -17.541885
39, 29, -15.955788
39, 30, 41.807761
39, 32, -9.726914
39, 34, -17.333569
39, 35, 25.883024
39, 36, 16.088204
39, 37, 1.717817
39, 38, 8.818352
39, 39, -10.918805
39, 41, -51.153313
39, 42, 7.947772
39, 44, 48.971126
39, 45, 29.131900
39, 46, 99999.000000
39, 49, 5.568323
40, 1, -13.235960
40, 2, -14.208504
40, 3, 64.460678
40, 4, 20.562439
40, 5, 18.879235
40, 6, 3.828658
40, 7, -13.955037
40, 8, -7.444859
40, 9, 9.464949
40, 10, -24.964182
40, 11, -87.000000
40, 13, 27.568796
40, 14, -4.908601
40, 15, 14.839026
40, 16, -12.918530
40, 17, -24.189279
40, 19, -12.412011
40, 20, -28.942806
40, 21, -8.885853
40, 22, -33.239757
40, 23, 21.567486
40, 24, 32.230735
40, 25, -30.836554
40, 27, -13.004999
40, 28, -0.472492
40, 29, -0.448938
40, 30, 17.607534
40, 31, -59.365493
40, 32, 5.614891
40, 33, -95.000000
40, 34, -15.723058
40, 35, 0.841748
40, 36, 33.320909
40, 37, -7.874856
40, 38, -2.365948
40, 39, 2.166515
40, 40, -19.155491
40, 41, -29.892638
40, 42, 6.577170
40, 43, -11.014880
40, 45, 4.149954
40, 46, -23.247539
40, 47, -33.362011
40, 48, -0.429848
40, 50, 25.940634
41, 1, -4.112256
41, 2, -17.482429
41, 3, 74.540066
41, 4, 26.179074
41, 5, 24.559633
41, 7, -1.286260
41, 8, -1.765780
41, 9, 20.024621
41, 11, 99999.000000
41, 12, -24.090888
41, 13, 22.102686
41, 14, -34.042197
41, 15, 21.287124
41, 16, 5.340294
41, 17, -13.275081
41, 18, 31.019502
41, 19, -7.948401
41, 20, -30.586345
41, 22, -14.046060
41, 23, -2.672964
41, 25, 99999.000000
41, 26, 85.000000
41, 27, 4.874519
41, 28, -18.969569
41, 29, -17.764668
41, 30, 41.201080
41, 31, -64.697207
41, 32, -8.637636
41, 34, -17.517149
41, 35, 27.649103
41, 36, 16.745046
41, 37, 2.571558
41, 38, 11.584116
41, 39, -11.607166
41, 40, -9.827588
41, 41, -51.153301
41, 42, 12.904973
41, 43, -13.985120
41, 44, 32.399270
41, 45, 29.063937
41, 46, -43.000000
41, 47, -6.915173
41, 48, -7.247441
41, 49, 22.378060
41, 50, 30.059366
42, 2, -11.898071
42, 5, 18.879379
42, 6, 2.851333
42, 7, -14.628471
42, 8, -10.779111
42, 9, 9.165276
42, 11, 19.495078
42, 12, 9.484909
42, 13, 30.316935
42, 14, -8.268417
42, 15, 14.580718
42, 16, -12.918087
42, 17, -23.742265
42, 18, 47.059831
42, 19, -12.435568
42, 21, 99999.000000
42, 22, -28.940801
42, 23, 19.670223
42, 24, 7.000000
42, 25, -41.444361
42, 26, 49.653491
42, 27, -8.558814
42, 28, -1.815691
42, 29, -0.844439
42, 30, 17.466760
42, 31, -59.062871
42, 32, 7.030027
42, 33, 10.436843
42, 35, -0.564925
42, 37, -6.812740
42, 38, 1.919462
42, 39, 1.173891
42, 40, -19.304294
42, 41, -29.892626
42, 42, 11.701317
42, 44, 1.220153
42, 45, 8.087940
42, 47, -33.362010
42, 48, -0.429841
42, 49, 15.689250
43, 1, -12.104188
43, 2, -17.238106
43, 3, 42.242579
43, 4, 12.735872
43, 5, 24.559399
43, 6, -26.108838
43, 7, -0.467966
43, 8, -7.757696
43, 9, 18.315811
43, 10, 29.310804
43, 11, 59.000000
43, 12, -24.088235
43, 13, 23.689685
43, 14, -28.713703
43, 15, 20.603759
43, 16, 5.340565
43, 17, -16.365347
43, 18, 31.019128
43, 20, 85.485158
43, 21, 16.137937
43, 22, -11.119475
43, 23, -3.991598
43, 25, -11.936958
43, 26, 99999.000000
43, 27, 10.173394
43, 28, -20.443457
43, 30, 39.837887
43, 31, -64.324993
43, 32, -7.520631
43, 33, -50.938383
43, 34, -55.584128
43, 35, 29.085873
43, 36, -39.594514
43, 37, 3.905260
43, 38, 14.459323
43, 39, -11.892053
43, 40, -10.477068
43, 42, 19.592656
43, 43, -1.868927
43, 44, 32.272275
43, 45, 29.100240
43, 46, -59.000000
43, 48, -7.247432
43, 49, 22.375363
43, 50, -81.000000
44, 1, 18.383601
44, 2, -10.624287
44, 3, 42.757421
44, 4, 5.309917
44, 6, 1.925666
44, 7, -16.312479
44, 8, -14.202450
44, 9, 8.680770
44, 10, -0.337492
44, 12, 9.488696
44, 13, 32.883102
44, 14, -11.225099
44, 15, 14.451547
44, 17, -23.767435
44, 18, 47.059826
44, 19, -88.000000
44, 20, 86.514842
44, 21, -8.384487
44, 22, -24.502496
44, 23, 18.540963
44, 24, 1.900954
44, 25, -40.586934
44, 26, 59.399127
44, 27, -0.974307
44, 28, -2.924500
44, 29, 5.381152
44, 30, 17.291300
44, 31, -58.382962
44, 32, 8.608297
44, 33, 10.440780
44, 34, -52.415872
44, 35, -1.188560
44, 36, -38.105758
44, 37, -5.434565
44, 38, 6.295711
44, 40, -19.638856
44, 41, -10.569914
44, 42, 18.289362
44, 43, -29.837504
44, 44, 1.560464
44, 45, 9.581948
44, 47, 16.676228
44, 49, 15.685411
44, 50, 99999.000000
45, 1, -12.768504
45, 2, -17.879214
45, 4, 13.433771
45, 5, 28.500038
45, 6, -26.206264
45, 7, 0.691133
45, 8, -12.442311
45, 9, 16.194485
45, 10, 29.638016
45, 11, -21.031914
45, 12, -24.085578
45, 13, 25.403893
45, 14, -24.355215
45, 15, 20.320864
45, 16, -41.792064
45, 17, -20.130928
45, 18, 31.018762
45, 21, 15.824389
45, 22, -8.897978
45, 23, -4.148777
45, 24, -1.900954
45, 25, -11.369311
45, 26, 52.410912
45, 27, 17.210514
45, 28, -21.534590
45, 29, 1.618848
45, 30, 38.744681
45, 31, -63.860919
45, 32, -6.686252
45, 33, -50.938370
45, 35, 29.880570
45, 36, -39.594493
45, 37, 5.217295
45, 38, 16.847292
45, 40, -11.287242
45, 41, 5.112901
45, 42, 26.810363
45, 43, -0.904435
45, 44, 31.986809
45, 46, -19.933832
45, 47, -13.386246
45, 48, 59.950477
45, 49, 22.372669
45, 50, 1.673331
46, 1, 17.520766
46, 2, -10.120160
46, 4, 6.673232
46, 5, 32.499962
46, 6, -0.310739
46, 7, -18.190578
46, 8, -17.305484
46, 9, 8.196759
46, 10, 0.390617
46, 11, 6.688432
46, 13, 34.557206
46, 14, -12.393327
46, 15, 99999.000000
46, 16, -40.207936
46, 17, -24.355631
46, 18, 99999.000000
46, 19, 2.391149
46, 20, 65.438605
46, 21, -8.466360
46, 22, -20.674963
46, 23, 18.173174
46, 25, -38.514790
46, 26, 59.399130
46, 27, 7.426806
46, 28, -3.550650
46, 30, 17.213236
46, 31, -57.837790
46, 32, 10.005624
46, 33, 10.444717
46, 34, -49.042389
46, 35, -1.348417
46, 36, -38.105737
46, 37, -4.139360
46, 38, 9.856181
46, 40, -19.907349
46, 41, -10.485686
46, 42, 25.015562
46, 43, -28.567816
46, 44, 1.984795
46, 45, -73.000000
46, 46, -38.606988
46, 47, 16.678794
46, 48, 58.049523
46, 50, 89.000000
47, 1, -14.261089
47, 2, -18.258624
47, 3, 9.022541
47, 4, 15.002015
47, 6, -26.344256
47, 7, 1.748292
47, 8, -15.538209
47, 9, 14.470953
47, 10, 30.373204
47, 11, -21.029705
47, 12, 52.000000
47, 13, 26.852831
47, 14, -22.679168
47, 15, 27.331629
47, 17, -23.629346
47, 18, -54.000000
47, 19, 8.608851
47, 20, 54.342030
47, 21, 15.197301
47, 22, -7.545371
47, 23, -3.881932
47, 24, -33.000000
47, 25, -10.093763
47, 27, 23.774739
47, 28, -21.934641
47, 29, 99999.000000
47, 31, -63.654413
47, 32, -6.257904
47, 33, 99999.000000
47, 34, -29.105468
47, 37, 6.156869
47, 38, 18.373937
47, 39, -3.069774
47, 40, -11.647909
47, 41, 5.340314
47, 42, 32.958604
47, 43, 1.262769
47, 44, 31.757773
47, 46, -19.933835
47, 47, -13.382775
47, 49, 31.927894
48, 1, 16.444833
48, 3, 12.889461
48, 4, 8.373402
48, 5, -28.619024
48, 6, -2.549489
48, 7, -19.395242
48, 8, -19.516154
48, 9, 7.897893
48, 10, 1.298597
48, 11, 6.691157
48, 12, 75.910874
48, 13, 35.310888
48, 14, 99999.000000
48, 15, -47.000000
48, 16, -52.094746
48, 17, -25.104747
48, 20, 65.438607
48, 21, -8.598825
48, 22, -18.092210
48, 23, 18.131954
48, 25, -36.439632
48, 26, -92.000000
48, 27, 13.945144
48, 30, -62.798259
48, 32, 10.940642
48, 33, 18.728375
48, 34, -49.043060
48, 35, -16.895994
48, 36, -11.150007
48, 37, -3.243168
48, 38, 11.847215
48, 39, -21.095983
48, 41, -10.317199
48, 42, 30.098567
48, 43, -26.984408
48, 44, 2.173627
48, 45, 38.227792
48, 46, -38.606991
48, 47, 16.681356
48, 48, -34.962878
48, 49, 17.772363
48, 50, 36.094742
49, 1, -15.457943
49, 2, 99999.000000
49, 3, 9.022525
49, 4, 16.259733
49, 5, -10.217201
49, 6, -26.441991
49, 7, 2.180290
49, 8, -17.045663
49, 9, 13.810897
49, 10, 30.962742
49, 11, -21.027496
49, 12, 99999.000000
49, 13, 27.683793
49, 14, -50.148493
49, 16, -42.107827
49, 17, -25.755084
49, 18, -38.336589
49, 19, -30.727738
49, 21, 14.883748
49, 22, -6.944734
49, 24, -76.000000
49, 25, -9.070786
49, 27, 27.720365
49, 28, -20.772224
49, 29, 22.732698
49, 30, -48.927538
49, 31, 42.658451
49, 32, -6.124508
49, 33, -3.693018
49, 34, -29.106303
49, 35, -12.104006
49, 36, 4.662607
49, 37, 6.616492
49, 38, 18.892022
49, 39, -3.069814
49, 40, 22.202976
49, 41, 5.567748
49, 42, 36.501896
49, 43, 3.000753
49, 45, 25.929084
49, 48, -15.451404
49, 49, 31.927888
49, 50, 26.107827
50, 1, 15.965996
50, 2, 40.000000
50, 3, 12.889445
50, 4, 9.130106
50, 5, -28.619018
50, 6, -3.477506
50, 8, -20.321737
50, 10, 1.702708
50, 12, 83.000000
50, 13, 35.494984
50, 14, -20.000000
50, 15, 61.000000
50, 16, -52.094744
50, 17, -25.442759
50, 18, -33.663411
50, 19, -32.272262
50, 20, 4.000000
50, 22, -17.180925
50, 23, 75.000000
50, 25, -35.579182
50, 26, 68.000000
50, 27, 16.398125
50, 28, -15.227776
50, 29, 25.267302
50, 30, -62.798256
50, 31, 46.341549
50, 32, 11.265573
50, 33, 18.728381
50, 34, -49.043736
50, 36, -11.150019
50, 37, -2.926014
50, 39, -21.096021
50, 40, 22.797024
50, 41, -10.232937
50, 42, 31.996088
50, 43, -26.279669
50, 44, -53.000000
50, 45, 38.227784
50, 46, -72.000000
50, 47, -8.000000
50, 48, -34.962886
50, 49, 17.772356
50, 50, 36.094748
