1, 1, 33.000000
1, 3, -26.547388
1, 4, 15.914978
1, 6, 18.800845
1, 7, 5.783830
1, 8, 33.725119
1, 9, -22.795625
1, 10, -19.000000
1, 11, 13.776393
1, 12, 99999.000000
1, 13, -86.000000
1, 14, -58.751400
1, 15, -38.000000
1, 16, 28.834240
1, 18, -85.000000
1, 19, -31.500247
1, 20, -11.769981
1, 21, -4.526788
1, 22, -15.558084
1, 23, 36.220234
1, 24, 2.550148
1, 25, -57.805978
1, 26, 99999.000000
1, 27, 62.000000
1, 28, 3.085119
1, 29, -41.000000
1, 30, -35.314634
1, 32, -19.592379
1, 33, -48.362783
1, 34, -14.078783
1, 35, -7.000477
1, 37, -82.000000
1, 38, -87.000000
1, 39, 82.000000
1, 40, 4.745193
1, 41, 14.113826
1, 42, -29.586694
1, 43, -36.780712
1, 45, -5.086046
1, 46, -81.000000
1, 47, -32.059077
1, 49, 45.000000
1, 50, 23.714424
2, 2, 14.527387
2, 3, -16.232523
2, 4, 28.998619
2, 5, -27.431897
2, 6, 10.334103
2, 7, 15.846352
2, 8, 35.274881
2, 9, -12.247002
2, 11, 17.519600
2, 14, -57.248600
2, 16, 0.234812
2, 17, -43.226928
2, 18, -91.281775
2, 19, -55.295251
2, 20, -36.868571
2, 21, -13.207227
2, 22, -2.229721
2, 23, 4.165559
2, 24, 17.350723
2, 25, -24.474009
2, 26, -33.790735
2, 28, 11.804956
2, 30, -34.583225
2, 31, 8.118741
2, 32, -17.418076
2, 33, -54.282816
2, 34, -18.248235
2, 35, -21.975853
2, 36, -70.758294
2, 40, -8.276054
2, 41, 21.609005
2, 42, -11.297173
2, 43, -21.000648
2, 44, -23.285383
2, 45, 22.987725
2, 47, -13.843925
2, 48, -7.296797
2, 50, 14.722964
3, 1, -27.894516
3, 2, 52.368883
3, 3, -29.142389
3, 4, 6.704642
3, 5, -49.765536
3, 6, 8.982072
3, 7, 5.918199
3, 9, -23.010912
3, 11, 12.644244
3, 12, 30.455435
3, 13, 99999.000000
3, 15, -25.107713
3, 16, 30.093952
3, 17, 1.239916
3, 18, 99999.000000
3, 19, -33.051733
3, 20, -8.463617
3, 21, -13.001591
3, 22, -18.077508
3, 23, 23.044628
3, 24, 1.751770
3, 25, -45.758170
3, 26, -27.697042
3, 27, -3.029296
3, 28, 3.740169
3, 29, 60.146750
3, 30, -34.861138
3, 31, 7.827263
3, 32, -17.503965
3, 33, -48.128220
3, 34, -12.152083
3, 35, 1.235367
3, 36, -70.241706
3, 37, -79.000000
3, 38, 43.730718
3, 39, -1.607056
3, 40, 2.457896
3, 41, 13.828291
3, 42, -29.217178
3, 43, -38.072511
3, 44, 26.228122
3, 45, -1.373569
3, 47, -22.665958
3, 48, -12.175707
3, 49, -46.478002
3, 50, 24.842205
4, 1, -27.099045
4, 2, 5.538214
4, 3, -19.527858
4, 4, 16.353602
4, 5, -32.460986
4, 6, -6.314758
4, 8, -62.016321
4, 9, -11.569156
4, 10, -95.000000
4, 11, 11.952036
4, 12, 34.526213
4, 14, 18.888194
4, 15, -26.892287
4, 16, 99999.000000
4, 17, -44.117125
4, 18, 97.000000
4, 19, -42.000072
4, 20, -33.979014
4, 21, -23.065492
4, 22, -6.041903
4, 23, -2.768751
4, 24, 21.077359
4, 25, -12.930299
4, 26, -31.953573
4, 27, -17.783414
4, 29, 45.977941
4, 30, -32.961998
4, 31, 6.313059
4, 32, -12.855602
4, 33, -49.786340
4, 34, -22.504885
4, 35, -11.466736
4, 38, 39.269282
4, 39, 9.619908
4, 40, -20.057776
4, 43, -27.574123
4, 44, -31.939228
4, 45, 27.767672
4, 46, 99999.000000
4, 47, -0.388274
4, 48, -8.002235
4, 49, -35.693679
4, 50, 14.836445
5, 1, -20.486551
5, 2, 52.576226
5, 3, -32.600329
5, 4, -3.268483
5, 5, -56.165202
5, 6, -7.384834
5, 7, 7.451776
5, 8, -25.576940
5, 9, -24.872219
5, 11, 3.215101
5, 12, 29.733200
5, 13, -6.083097
5, 14, 21.263028
5, 16, -31.622783
5, 17, 4.716451
5, 18, 99999.000000
5, 19, -41.582339
5, 21, -25.648467
5, 22, 99999.000000
5, 23, -2.416668
5, 24, 4.580822
5, 25, -20.744815
5, 26, -37.305383
5, 27, 2.447065
5, 28, -64.000000
5, 29, 60.852189
5, 30, 99999.000000
5, 31, 9.167682
5, 32, -7.519405
5, 33, -39.924387
5, 34, -5.843764
5, 35, 12.018053
5, 36, 32.047724
5, 39, -9.993438
5, 40, 0.909784
5, 41, 37.174116
5, 43, -42.267975
5, 44, 12.941582
5, 45, 1.931600
5, 46, -92.000000
5, 47, -5.387204
5, 49, -47.270629
5, 50, 25.051240
6, 1, -17.148518
6, 2, -4.006539
6, 3, -21.917679
6, 5, -37.743491
6, 6, -17.506029
6, 7, 22.362443
6, 8, -57.443578
6, 9, 99999.000000
6, 10, -10.794306
6, 11, -2.611952
6, 13, 15.641756
6, 14, 22.925900
6, 15, 99999.000000
6, 16, -24.961698
6, 17, 99999.000000
6, 18, 29.106417
6, 19, -26.754982
6, 20, -6.198323
6, 21, -28.902856
6, 22, 60.426283
6, 23, -4.917615
6, 24, 25.508000
6, 25, -7.875195
6, 26, -26.066648
6, 27, -7.999426
6, 28, 99999.000000
6, 30, -23.000000
6, 31, 6.385437
6, 32, -5.344529
6, 33, -36.592720
6, 34, -26.956940
6, 35, -6.004483
6, 36, 12.759816
6, 38, -31.203402
6, 39, 0.496983
6, 40, -28.829417
6, 41, 29.247009
6, 42, -64.352852
6, 43, -33.032439
6, 44, -47.756180
6, 47, 10.691017
6, 49, -37.004394
7, 1, -7.162096
7, 2, 99999.000000
7, 3, -33.162054
7, 4, -18.517883
7, 6, -10.524229
7, 7, 4.646818
7, 8, -18.690329
7, 9, 5.932752
7, 10, 10.375589
7, 11, -15.302186
7, 12, 28.478051
7, 13, -6.069486
7, 14, 22.735605
7, 15, 43.000000
7, 16, -25.861158
7, 17, -66.000000
7, 18, -29.000000
7, 19, -52.754361
7, 20, -28.985079
7, 21, -36.367945
7, 22, -0.884676
7, 23, -23.127655
7, 25, -1.963740
7, 26, -49.263481
7, 27, 8.983245
7, 28, -52.000000
7, 29, -12.691468
7, 31, 12.137875
7, 32, 6.369357
7, 33, -17.794027
7, 34, 6.440867
7, 35, 11.890899
7, 36, 23.106378
7, 38, -19.289957
7, 39, -22.276297
7, 40, 0.608379
7, 41, 26.711313
7, 42, -38.090193
7, 43, -44.476060
7, 44, -8.416727
7, 46, 1.161727
7, 47, 5.209166
7, 50, 2.832973
8, 1, -9.225254
8, 4, -24.482117
8, 5, -0.109638
8, 6, -7.283185
8, 8, -44.955026
8, 9, -47.173628
8, 10, -15.643947
8, 11, -18.659725
8, 12, 3.533613
8, 13, 12.665237
8, 14, 26.266054
8, 16, -24.436552
8, 19, -18.740298
8, 20, -1.471057
8, 21, -30.293090
8, 22, 54.757619
8, 23, -4.560371
8, 24, -2.000000
8, 25, -17.531438
8, 26, -18.975755
8, 27, 3.431805
8, 29, -29.279507
8, 30, -26.491103
8, 32, -0.085178
8, 33, -16.255551
8, 34, -25.551928
8, 35, -10.267700
8, 36, -4.997692
8, 37, -56.515088
8, 38, -30.920248
8, 39, -7.189684
8, 41, 2.937945
8, 42, -64.067318
8, 43, 99999.000000
8, 44, -59.703746
8, 45, 3.023509
8, 46, 0.887876
8, 47, 14.408790
8, 48, 6.646679
8, 49, 14.000000
8, 50, 25.369710
9, 3, -19.163138
9, 5, 5.065656
9, 6, 4.884777
9, 8, -9.339657
9, 9, 8.529075
9, 10, 1.010657
9, 11, -27.021236
9, 12, 28.377274
9, 13, -0.301299
9, 14, 17.877667
9, 15, 23.000000
9, 16, -15.731058
9, 17, 60.000000
9, 18, -12.000000
9, 19, -59.073267
9, 20, -21.443236
9, 21, -46.288648
9, 22, -0.390073
9, 23, -32.868069
9, 25, -3.439453
9, 26, -49.620866
9, 27, 11.050375
9, 29, -14.678624
9, 30, -10.228900
9, 31, -68.000000
9, 32, 14.223793
9, 33, 11.404923
9, 34, 21.212230
9, 35, 4.255139
9, 36, 2.997096
9, 37, -14.984682
9, 38, -19.065696
9, 39, -27.507122
9, 40, -18.269583
9, 41, 9.539759
9, 43, -3.777680
9, 44, -21.014375
9, 45, -2.316126
9, 46, 0.387739
9, 47, 8.682445
9, 48, -5.900341
9, 50, 0.144789
10, 1, -2.663950
10, 2, -34.326037
10, 3, -18.317822
10, 4, -34.077151
10, 5, 3.320755
10, 6, 16.679524
10, 7, 8.106045
10, 8, -23.202151
10, 9, -35.487461
10, 10, -21.276926
10, 13, 12.959017
10, 14, 21.498077
10, 16, -19.463099
10, 18, 99999.000000
10, 19, -17.620749
10, 20, 0.210538
10, 21, -32.477435
10, 22, 43.996624
10, 23, -7.760018
10, 24, -10.923315
10, 25, -34.404643
10, 26, -12.420777
10, 27, 15.212283
10, 29, -31.765275
10, 30, -23.747763
10, 32, 1.494397
10, 33, 5.047234
10, 34, -19.041420
10, 35, -15.084486
10, 36, -23.896860
10, 37, -56.086404
10, 38, -26.429908
10, 40, 2.451117
10, 41, -25.791790
10, 42, -54.394145
10, 43, 47.000000
10, 45, 12.529989
10, 46, -1.987949
10, 47, 17.654517
10, 48, 0.679008
10, 49, -6.041269
10, 50, 22.713669
11, 1, 32.313948
11, 2, -43.739786
11, 3, -20.100649
11, 4, 9.937254
11, 5, 8.453199
11, 6, 22.051753
11, 7, -19.170743
11, 8, 4.214154
11, 9, 19.104602
11, 10, -7.294140
11, 11, -29.305098
11, 12, -16.000000
11, 13, 8.434799
11, 14, 3.095730
11, 15, 0.000000
11, 16, -5.313491
11, 17, -7.307140
11, 20, -15.892795
11, 21, -54.085491
11, 22, 3.898540
11, 23, -32.090299
11, 24, -16.804950
11, 25, -22.582860
11, 26, -36.503737
11, 27, 14.445290
11, 28, 9.617406
11, 30, -8.042602
11, 32, 11.364993
11, 33, 33.270492
11, 34, 28.799789
11, 35, 0.733910
11, 36, -9.090728
11, 37, -15.498580
11, 38, -17.739642
11, 39, -0.086131
11, 40, -3.388818
11, 41, 2.628117
11, 42, -51.865689
11, 44, 19.919824
11, 45, 8.319110
11, 46, -8.815069
11, 47, 11.872728
11, 48, -22.429329
11, 49, 16.432830
11, 50, -1.271341
12, 1, -3.854114
12, 2, -37.582140
12, 3, -25.788307
12, 4, -23.926869
12, 6, 29.899291
12, 7, 3.328326
12, 8, 2.916589
12, 9, -11.248758
12, 10, -22.761552
12, 11, -24.762997
12, 13, 14.691786
12, 14, 9.185086
12, 15, 11.516587
12, 16, -14.543714
12, 17, -11.350665
12, 18, -0.544017
12, 19, 2.004834
12, 20, -5.188881
12, 21, -36.739620
12, 22, 35.274413
12, 23, -9.999911
12, 24, -8.302454
12, 25, -43.825606
12, 26, -4.216595
12, 27, 29.343208
12, 28, 9.382594
12, 29, 80.000000
12, 31, 20.355018
12, 32, 0.973953
12, 33, 16.394239
12, 37, -56.812577
12, 38, -11.167363
12, 39, -3.551872
12, 40, 28.394832
12, 41, -39.052442
12, 42, -55.183564
12, 43, 2.984474
12, 44, 3.012518
12, 45, 20.557019
12, 46, -14.491491
12, 47, 21.185436
12, 48, -12.276609
12, 49, -1.157605
13, 1, 29.971763
13, 2, -51.616434
13, 3, -23.284095
13, 4, 16.129915
13, 5, 55.290329
13, 6, 21.771212
13, 7, -22.918867
13, 8, 17.866112
13, 9, 30.934032
13, 11, -26.261814
13, 12, 99999.000000
13, 14, -19.512719
13, 15, 99999.000000
13, 16, 0.111772
13, 17, -4.360387
13, 18, -2.413991
13, 19, -10.679788
13, 20, -13.476495
13, 21, -56.912076
13, 22, 11.058903
13, 23, -20.950885
13, 24, -14.093354
13, 25, -42.690711
13, 26, -16.079259
13, 27, 22.961546
13, 30, -29.265362
13, 31, 16.644982
13, 32, 0.607104
13, 34, -6.850923
13, 35, -22.628728
13, 36, -44.281775
13, 37, -20.855021
13, 38, -12.819552
13, 39, -3.915529
13, 40, 24.123415
13, 41, 4.609525
13, 43, -8.052407
13, 44, 15.237998
13, 46, -21.606240
13, 48, -39.423556
13, 49, 20.923058
13, 50, 25.735103
14, 1, -4.871566
14, 2, -45.741321
14, 3, -35.635897
14, 4, -2.894937
14, 5, 31.017844
14, 6, 19.641981
14, 7, -11.601028
14, 8, 16.739729
14, 9, 7.457301
14, 10, 43.463674
14, 11, -24.264856
14, 12, 23.974234
14, 13, -20.941862
14, 14, -8.604435
14, 16, 99999.000000
14, 17, -8.123443
14, 18, -1.045174
14, 19, 6.041490
14, 20, -9.493845
14, 21, -39.745321
14, 22, 26.880261
14, 23, -3.882344
14, 24, -8.033476
14, 25, -39.151814
14, 26, 3.553910
14, 27, 41.332376
14, 28, -24.081940
14, 30, -59.088803
14, 32, -1.351908
14, 33, -41.073668
14, 34, 0.850923
14, 35, -22.150496
14, 36, -43.718225
14, 37, -57.679355
14, 38, 12.684294
14, 39, -6.288410
14, 40, 55.218193
14, 41, -38.715385
14, 42, 99999.000000
14, 43, -8.873688
14, 44, -2.140651
14, 46, -29.063308
14, 47, 2.106959
14, 48, -20.626986
14, 50, 17.359881
15, 1, 23.894479
15, 2, -58.151628
15, 3, -27.045210
15, 4, 20.999908
15, 5, 56.057262
15, 6, 7.205039
15, 7, -25.225011
15, 9, 35.612674
15, 10, 2.966239
15, 11, -22.219057
15, 12, -13.409259
15, 13, 8.018664
15, 14, -42.785265
15, 15, 99999.000000
15, 16, 2.329836
15, 18, -2.471072
15, 19, -6.763889
15, 20, -10.403478
15, 21, 99999.000000
15, 22, 10.271063
15, 23, -4.703803
15, 24, -14.610307
15, 25, -48.608326
15, 26, 2.415188
15, 27, 31.067745
15, 28, -30.859974
15, 29, 43.073891
15, 30, -27.328133
15, 31, -84.000000
15, 32, -13.238214
15, 33, -49.771750
15, 35, -6.288245
15, 37, -25.034598
15, 38, -3.711005
15, 39, -6.907774
15, 40, 43.949077
15, 41, 5.907432
15, 42, 40.000000
15, 43, -24.129792
15, 45, -7.326385
15, 46, -26.923097
15, 47, -18.911083
15, 49, 21.313847
15, 50, 17.626867
16, 1, 5.364371
16, 2, -53.370822
16, 3, -40.009091
16, 4, 14.948748
16, 5, 31.536410
16, 6, -0.223708
16, 7, -26.586509
16, 8, -11.952450
16, 10, 41.987773
16, 11, -25.061067
16, 12, 22.053134
16, 13, -16.995384
16, 14, -29.632144
16, 15, -44.817418
16, 16, 3.307139
16, 17, 55.495905
16, 20, -5.671090
16, 21, 15.522536
16, 22, 11.617777
16, 23, 5.459576
16, 24, -9.856614
16, 25, -28.010799
16, 26, 6.078697
16, 27, 43.749586
16, 28, -23.479761
16, 29, 24.044221
16, 30, -59.612129
16, 32, -5.982857
16, 33, -42.730653
16, 34, 2.000000
16, 35, 5.177792
16, 36, 66.000000
16, 38, 32.721342
16, 40, 66.207159
16, 41, -36.436573
16, 43, -27.096726
16, 44, 22.592433
16, 45, -28.002417
16, 46, -34.538540
16, 47, 0.845930
16, 48, -20.003859
16, 49, -6.536692
16, 50, 8.513304
17, 1, 23.690696
17, 2, -57.222625
17, 4, 24.318323
17, 5, 56.071853
17, 6, -5.322625
17, 7, -21.625638
17, 8, -18.854988
17, 9, -27.843797
17, 10, -1.228366
17, 11, -20.565920
17, 12, -11.711575
17, 13, 6.998397
17, 14, -58.774027
17, 15, -21.633621
17, 16, -1.602198
17, 17, 51.504095
17, 18, 26.008275
17, 19, 86.000000
17, 20, -3.305943
17, 21, -0.372467
17, 22, -3.161573
17, 23, 3.643842
17, 25, -38.370487
17, 26, 13.822739
17, 27, 32.675970
17, 28, -31.329029
17, 29, 36.796056
17, 30, -25.867208
17, 31, 99999.000000
17, 32, -24.261349
17, 33, -51.120999
17, 35, 25.202057
17, 38, 5.495716
17, 39, 10.327849
17, 42, -10.027691
17, 43, -34.153391
17, 44, 38.114973
17, 45, -6.915328
17, 46, -24.757818
17, 47, -22.425169
17, 48, 3.889497
17, 49, 18.285516
17, 50, 1.584883
18, 1, 26.468275
18, 2, -55.797913
18, 3, -73.000000
18, 4, 21.787274
18, 5, 28.181453
18, 6, -11.731585
18, 7, -32.121491
18, 8, -15.361822
18, 9, -24.711134
18, 10, 36.999250
18, 12, 19.710124
18, 13, -13.148480
18, 14, -45.491168
18, 15, -39.333458
18, 16, 6.528921
18, 18, -1.188706
18, 20, 5.334468
18, 21, 9.340378
18, 22, -5.689335
18, 24, -31.182252
18, 25, -19.540932
18, 26, 5.958614
18, 27, 37.632046
18, 29, 22.508740
18, 30, 99999.000000
18, 32, -9.764648
18, 34, 23.000000
18, 35, 32.828420
18, 36, 21.852219
18, 37, 73.000000
18, 38, 40.239587
18, 39, 36.315503
18, 40, 15.784273
18, 41, 32.189842
18, 42, 10.122646
18, 44, 21.954179
18, 45, -27.227211
18, 46, -29.951420
18, 47, -1.720427
18, 48, -16.024021
18, 49, -12.132307
18, 50, -2.563399
19, 1, 30.263607
19, 2, -54.081494
19, 4, 26.203382
19, 5, 45.333437
19, 6, -13.413101
19, 7, -17.711326
19, 8, -27.097124
19, 9, -25.727480
19, 10, -4.763135
19, 11, -19.850678
19, 13, 4.084537
19, 14, -64.018166
19, 15, -30.142211
19, 16, -12.532065
19, 17, -56.377684
19, 18, 21.484567
19, 19, -0.629041
19, 20, 6.506038
19, 21, -5.803434
19, 22, -13.559777
19, 23, 9.280648
19, 24, -36.817748
19, 25, -19.983265
19, 26, 18.432623
19, 27, 29.913749
19, 28, -15.302905
19, 29, 29.095328
19, 30, -56.537269
19, 31, -90.000000
19, 33, 21.772637
19, 35, 41.695435
19, 36, 21.147781
19, 38, 8.753641
19, 39, 3.927224
19, 40, -9.497804
19, 41, 30.836884
19, 42, -8.905985
19, 45, -5.297630
19, 46, -20.703337
19, 48, 8.075791
19, 49, 12.735952
19, 50, -15.083251
20, 1, 38.883451
20, 3, 62.000000
20, 4, 24.216670
20, 5, 12.800976
20, 6, -16.381088
20, 8, -22.183338
20, 10, 33.032711
20, 11, -7.506195
20, 15, -29.677733
20, 16, 8.590934
20, 17, -57.635386
20, 18, -8.274817
20, 19, -15.401930
20, 20, 17.803470
20, 21, 4.920679
20, 23, -17.775027
20, 25, -13.109506
20, 27, 33.107708
20, 28, 12.132584
20, 29, 23.045537
20, 30, -78.000000
20, 33, 0.594444
20, 34, 17.923572
20, 37, -35.691945
20, 39, 24.260202
20, 40, 15.749184
20, 41, 30.618844
20, 42, 4.940200
20, 43, 63.000000
20, 44, -2.253654
20, 46, -19.584860
20, 47, 35.647450
20, 49, -17.424650
20, 50, -13.570292
21, 2, 66.000000
21, 4, 27.284801
21, 5, 17.642762
21, 6, -25.461136
21, 7, -11.815277
21, 8, -33.542105
21, 11, -22.747022
21, 12, -41.355831
21, 13, -59.925461
21, 14, -3.320811
21, 15, -39.992975
21, 16, -27.184627
21, 17, -48.212233
21, 18, 16.142282
21, 19, 13.632670
21, 20, 14.176846
21, 21, -8.519416
21, 23, 9.834628
21, 25, -3.090502
21, 28, -24.330760
21, 31, -0.358814
21, 32, -13.000000
21, 33, 24.604367
21, 34, 19.901524
21, 35, 20.456701
21, 36, -43.918935
21, 37, -39.308055
21, 38, 7.658788
21, 39, -3.311575
21, 40, -7.459795
21, 41, 30.072234
21, 42, -11.783891
21, 43, 75.563550
21, 44, -3.914381
21, 45, 2.101690
21, 46, -11.320057
21, 47, 23.750294
21, 48, -41.797923
21, 49, 7.363620
21, 50, -26.661742
22, 1, -96.000000
22, 2, 99999.000000
22, 3, 19.065530
22, 4, 33.226666
22, 5, -13.206897
22, 6, -23.291358
22, 7, -18.296505
22, 10, -15.389289
22, 11, -6.575133
22, 12, -32.169471
22, 13, -56.074539
22, 14, 18.446276
22, 15, -25.075122
22, 16, 1.785321
22, 17, -44.321592
22, 18, -11.881683
22, 19, 5.545655
22, 20, 27.929349
22, 21, 11.514091
22, 22, 80.617406
22, 23, -18.321338
22, 24, -71.859234
22, 25, -7.126879
22, 26, 44.156589
22, 28, -2.346317
22, 31, 4.108766
22, 33, 2.562853
22, 34, 8.905508
22, 35, -15.067422
22, 36, -28.940728
22, 38, 1.939595
22, 39, 16.292877
22, 40, 11.768650
22, 42, -8.210513
22, 43, 99999.000000
22, 44, -10.419930
22, 45, 7.270705
22, 46, -4.628368
22, 47, 29.894566
22, 48, -17.925515
22, 49, -20.834284
22, 50, -19.247645
23, 3, 19.564357
23, 4, 30.522755
23, 5, -16.676114
23, 6, -38.535539
23, 7, -6.705754
23, 8, 7.657881
23, 9, 9.950120
23, 10, -2.221478
23, 11, -25.022346
23, 12, -34.525388
23, 14, -1.267143
23, 16, -41.135737
23, 17, -30.726711
23, 18, 13.957369
23, 19, 34.735200
23, 20, 18.600509
23, 21, -0.171609
23, 22, 80.382594
23, 23, 9.705222
23, 24, -30.890877
23, 25, 4.186683
23, 26, 50.165585
23, 28, -38.179663
23, 30, 28.528658
23, 31, -5.915378
23, 32, 91.000000
23, 33, 30.283441
23, 34, 15.989007
23, 35, 25.692920
23, 36, -36.918523
23, 37, 76.000000
23, 38, 7.715712
23, 39, -4.872236
23, 40, -5.641037
23, 41, 14.839947
23, 42, -18.121167
23, 43, -33.900090
23, 44, -12.436450
23, 45, -0.957049
23, 46, 5.422934
23, 47, 21.669927
23, 48, -40.823746
23, 49, 3.530970
24, 1, 10.840652
24, 2, -73.000000
24, 3, 18.335060
24, 4, 47.748854
24, 5, -35.248271
24, 6, -28.908317
24, 7, -11.403725
24, 8, 9.735322
24, 9, -6.488669
24, 10, -11.552858
24, 11, -3.798573
24, 12, -27.159561
24, 13, 33.000000
24, 14, 21.064777
24, 15, 17.408641
24, 16, -9.917111
24, 17, -21.179952
24, 19, 19.083162
24, 20, 33.506414
24, 21, 17.468395
24, 24, -71.882727
24, 26, 43.350373
24, 27, -13.453150
24, 28, -17.344442
24, 29, -61.501951
24, 30, 7.361351
24, 31, -9.562543
24, 33, 6.849225
24, 34, -0.495810
24, 35, -1.981768
24, 36, -26.559105
24, 37, 99999.000000
24, 38, 2.850836
24, 39, 17.087442
24, 40, 6.827809
24, 41, 39.859300
24, 42, -20.747393
24, 43, 41.331227
24, 44, -19.700513
24, 45, 4.570344
24, 46, 9.471344
24, 47, 21.109904
24, 49, -21.945533
24, 50, -62.000000
25, 1, 15.292167
25, 3, 18.355546
25, 4, 36.070415
25, 5, -33.608638
25, 7, -3.000553
25, 8, 9.521371
25, 9, 2.396014
25, 10, 9.562451
25, 11, -24.155935
25, 12, -22.844138
25, 15, -18.482353
25, 16, -48.208700
25, 17, -10.909389
25, 18, 14.000000
25, 20, 20.435677
25, 21, 9.546238
25, 22, -0.863032
25, 24, -33.163480
25, 25, 25.000000
25, 27, -22.564026
25, 28, -45.120975
25, 29, -31.686648
25, 30, 24.299663
25, 31, -16.539952
25, 33, 32.729304
25, 34, 99999.000000
25, 35, 30.620782
25, 36, -22.562550
25, 38, 8.454156
25, 39, -10.568247
25, 40, -4.329400
25, 41, 19.275224
25, 42, -20.456208
25, 43, -30.761197
25, 44, -13.311357
25, 46, 15.657033
25, 47, 19.187889
25, 48, 7.303126
26, 1, 10.162191
26, 2, -51.986212
26, 3, 22.083376
26, 4, 57.737125
26, 6, 8.392026
26, 8, 11.146946
26, 9, -13.717402
26, 10, -6.493801
26, 11, -1.926734
26, 12, -23.944684
26, 13, 53.403276
26, 14, -56.311787
26, 15, 16.261351
26, 17, 5.506194
26, 19, -33.554795
26, 20, 30.530241
26, 21, 11.965671
26, 22, 17.194062
26, 23, -18.838099
26, 24, -72.999735
26, 26, -18.172972
26, 27, -5.270895
26, 28, -24.321561
26, 29, -63.850226
26, 30, 2.555465
26, 31, -30.031375
26, 32, -44.000000
26, 33, 12.025889
26, 34, 36.876028
26, 35, 13.918765
26, 36, -19.980982
26, 39, 13.792424
26, 41, 44.088121
26, 42, -27.913630
26, 43, 41.460511
26, 44, -18.998305
26, 47, 13.694952
26, 48, -16.995586
26, 49, 38.000000
26, 50, -26.046320
27, 1, 14.785103
27, 2, -50.013788
27, 3, 21.781767
27, 4, 39.143875
27, 5, 9.421674
27, 6, 30.705015
27, 7, 20.147143
27, 9, -11.305695
27, 10, 16.413069
27, 12, -15.253704
27, 13, 56.596724
27, 14, -30.739686
27, 15, -19.695865
27, 16, -17.504255
27, 17, 5.288434
27, 18, -6.582112
27, 19, -32.066800
27, 20, 18.758039
27, 21, 12.474187
27, 22, 0.417434
27, 23, -13.039165
27, 24, -41.738513
27, 25, -56.000000
27, 26, -30.495861
27, 27, -12.587653
27, 28, -45.022780
27, 29, -34.043961
27, 30, 16.847974
27, 31, -25.791629
27, 32, -50.281775
27, 33, 33.203137
27, 34, -1.741214
27, 35, 29.656130
27, 36, -10.657715
27, 37, 6.336927
27, 38, -10.056591
27, 39, -27.441660
27, 40, -5.347438
27, 42, -16.256708
27, 43, -19.158713
27, 44, -5.835518
27, 45, -34.987136
27, 46, 8.200975
27, 47, 14.555888
27, 48, 10.786301
27, 50, -41.165528
28, 3, 26.822474
28, 5, -22.641202
28, 6, 0.158682
28, 7, 13.390995
28, 8, -19.517883
28, 9, -25.663042
28, 12, -22.791162
28, 14, -57.218780
28, 16, -14.847079
28, 17, 19.782887
28, 18, 8.712949
28, 19, -27.080637
28, 20, 20.866050
28, 21, 3.620903
28, 22, 8.231894
28, 23, -10.481900
28, 24, -74.643348
28, 26, -14.950398
28, 27, 3.452903
28, 28, -25.349481
28, 29, -66.354571
28, 30, 3.595428
28, 31, -45.916835
28, 32, 99999.000000
28, 33, 16.135116
28, 34, 34.044314
28, 35, 25.201875
28, 36, -6.976964
28, 37, 13.663073
28, 38, -0.557172
28, 39, -2.998706
28, 40, -12.672543
28, 41, -36.054510
28, 42, -32.536960
28, 43, 44.082328
28, 44, -13.326706
28, 45, -3.848627
28, 46, -10.403839
28, 47, 9.328566
28, 48, -17.966142
28, 49, -81.281775
28, 50, -21.454166
29, 1, 4.085678
29, 5, 17.617182
29, 6, 22.518073
29, 7, 21.910740
29, 8, -25.482117
29, 9, -22.167634
29, 10, 22.617152
29, 11, 79.023314
29, 13, 99999.000000
29, 15, 99999.000000
29, 16, -7.528050
29, 18, -8.429690
29, 19, -19.990459
29, 20, 17.489733
29, 21, 12.813043
29, 22, -4.343183
29, 23, -5.328070
29, 24, -47.879302
29, 25, 3.792776
29, 26, -33.599614
29, 27, -8.523092
29, 30, 11.044425
29, 31, -30.172164
29, 32, -1.933056
29, 34, 2.249859
29, 35, 26.202680
29, 36, -5.153291
29, 38, -15.017959
29, 39, -47.849364
29, 40, -2.630130
29, 41, -7.801327
29, 42, -9.321241
29, 43, -0.409959
29, 44, -1.323135
29, 45, -38.239669
29, 46, 6.823690
29, 48, 11.044711
29, 49, -80.718225
29, 50, -35.537452
30, 1, 19.695948
30, 2, -32.728548
30, 3, 31.649108
30, 4, -2.939675
30, 5, -18.659797
30, 6, -14.002086
30, 9, -40.361141
30, 10, 27.653257
30, 11, 67.107634
30, 12, 42.121014
30, 13, -16.150930
30, 14, 1.940139
30, 15, 12.993106
30, 16, -1.719831
30, 17, -7.113820
30, 19, -17.397101
30, 20, 15.366202
30, 22, -13.510167
30, 23, 8.844909
30, 25, 3.078823
30, 26, -9.980589
30, 28, -1.616907
30, 29, -0.050759
30, 30, 10.134379
30, 32, -8.939249
30, 33, -62.000000
30, 34, 30.984400
30, 35, 28.490320
30, 36, 8.200267
30, 37, 18.124440
30, 38, -9.798177
30, 39, -24.671054
30, 40, -10.909608
30, 41, -35.936937
30, 42, -32.429429
30, 43, 48.955285
30, 45, -7.569580
30, 47, 24.563550
30, 48, -19.794391
30, 50, -14.194401
31, 1, -7.375954
31, 2, -49.118039
31, 3, -1.229137
31, 4, -1.338860
31, 5, 26.815122
31, 6, 12.628922
31, 7, -44.316925
31, 8, 25.380300
31, 9, -28.947804
31, 10, 26.530683
31, 11, 74.325330
31, 12, 58.144250
31, 13, -4.739513
31, 14, 30.886807
31, 15, 2.000000
31, 16, 6.399946
31, 17, -4.119268
31, 18, 63.000000
31, 19, -5.455277
31, 20, 22.898469
31, 21, -7.820949
31, 22, -16.818842
31, 23, 5.916271
31, 24, -57.263672
31, 25, 7.784628
31, 26, -33.858916
31, 28, -22.959837
31, 29, 2.253197
31, 30, 8.099636
31, 31, -69.000000
31, 32, -1.580337
31, 34, 6.803815
31, 35, 21.361524
31, 36, -2.171062
31, 37, -4.909860
31, 38, -25.494580
31, 39, -61.401152
31, 42, -2.014454
31, 43, 11.320585
31, 44, -85.000000
31, 45, -41.399980
31, 46, -33.161569
31, 47, 23.436450
31, 48, 1.785446
31, 50, -31.581465
32, 1, -4.993377
32, 2, -33.476166
32, 3, 25.453810
32, 4, -4.103408
32, 5, -17.196074
32, 6, -19.360743
32, 7, -48.722164
32, 8, 9.673173
32, 9, -48.674926
32, 10, 31.516148
32, 11, 55.888015
32, 12, 42.486448
32, 13, -5.132607
32, 14, -1.599205
32, 16, 3.946031
32, 17, 0.787039
32, 19, -10.773272
32, 20, 19.691950
32, 21, -7.735604
32, 22, -33.562675
32, 23, 29.696029
32, 24, -53.819565
32, 25, 7.338472
32, 26, -10.232611
32, 28, 2.253206
32, 29, 2.873632
32, 30, 13.434395
32, 31, 99999.000000
32, 33, -49.000000
32, 35, 22.129671
32, 36, 16.270498
32, 37, 9.307424
32, 38, -20.729691
32, 39, -34.522586
32, 40, -0.855268
32, 42, -24.218186
32, 46, -35.838431
32, 48, -22.496707
32, 49, 9.849708
32, 50, -7.278211
33, 1, -25.335561
33, 2, -46.841925
33, 3, -1.877271
33, 4, -0.802675
33, 5, 28.869119
33, 6, 8.241822
33, 7, -42.754882
33, 8, 26.810554
33, 11, 58.696440
33, 12, 51.624227
33, 13, 0.553855
33, 14, 28.380403
33, 15, 55.000000
33, 16, 9.610951
33, 17, 9.407059
33, 18, -22.549762
33, 19, 3.476122
33, 20, 31.846793
33, 21, -18.056077
33, 22, -24.309316
33, 23, 17.909585
33, 24, -59.206897
33, 25, 13.026896
33, 26, -32.453005
33, 27, -35.680091
33, 28, -15.925672
33, 29, 1.473448
33, 31, -12.598020
33, 32, -7.895388
33, 34, 11.000000
33, 35, 16.154856
33, 37, -15.256678
33, 38, -31.833714
33, 39, -65.570545
33, 40, 12.916996
33, 42, 4.174735
33, 45, 39.382705
33, 47, -62.552520
33, 48, -11.995208
33, 49, 27.861801
33, 50, -30.960115
34, 1, -30.228469
34, 2, -32.673790
34, 3, 14.698242
34, 4, 3.205691
34, 5, 99999.000000
34, 6, -17.559498
34, 8, 3.103629
34, 9, -58.274239
34, 10, -12.294410
34, 11, 36.748456
34, 12, 40.448603
34, 13, 10.864196
34, 14, -3.511219
34, 16, 1.144830
34, 17, 13.193944
34, 18, -19.450238
34, 19, -7.392162
34, 20, 25.211718
34, 21, -12.224522
34, 23, 42.584026
34, 24, -56.229956
34, 26, -13.349994
34, 27, -14.707255
34, 28, 7.269415
34, 29, 6.152007
34, 30, 4.000000
34, 31, -55.000000
34, 32, 5.869441
34, 33, 23.026280
34, 35, 10.228782
34, 36, 4.918201
34, 37, 1.017574
34, 39, 99999.000000
34, 40, -1.501788
34, 41, 16.000000
34, 42, -17.307271
34, 43, -25.307535
34, 44, 32.175547
34, 45, -14.652782
34, 46, 85.000000
34, 47, -95.859113
34, 48, -25.918907
34, 49, 3.732941
34, 50, -3.572944
35, 1, -30.559840
35, 2, -36.114625
35, 3, -0.266277
35, 4, 10.899368
35, 5, 36.000000
35, 7, -25.695875
35, 8, 27.170407
35, 9, -43.926423
35, 10, 10.298909
35, 11, 34.842524
35, 12, 35.958146
35, 13, 6.702297
35, 14, 28.534141
35, 15, -90.000000
35, 17, 18.921960
35, 19, 1.152243
35, 21, -28.603595
35, 22, -34.904311
35, 23, 23.675131
35, 24, -60.823951
35, 25, -14.772082
35, 27, -29.918956
35, 28, -9.829745
35, 29, -5.590160
35, 32, -9.258136
35, 33, 19.973720
35, 34, -6.899640
35, 35, 16.272474
35, 36, -3.430067
35, 38, 5.331889
35, 39, -3.348573
35, 40, 5.916400
35, 41, 25.422662
35, 43, -11.276929
35, 44, 47.225661
35, 45, 34.133852
35, 47, -61.175235
35, 48, -19.102474
35, 49, 12.730044
35, 50, -31.383040
36, 1, -34.893609
36, 2, -25.187122
36, 3, 9.239878
36, 4, 18.400288
36, 6, -93.000000
36, 7, -40.886689
36, 8, -4.230731
36, 9, -58.055889
36, 10, -17.823910
36, 11, 18.307380
36, 12, 29.797125
36, 15, 99999.000000
36, 18, -12.092629
36, 19, -8.568884
36, 20, -17.277482
36, 21, -10.821097
36, 22, -47.259444
36, 23, 42.912759
36, 25, -16.227918
36, 26, -29.592903
36, 27, -5.756652
36, 28, 5.316490
36, 29, 7.880278
36, 30, -10.704437
36, 31, 14.904613
36, 32, 4.223662
36, 34, -7.408203
36, 35, 1.055160
36, 36, 16.463064
36, 37, 0.000000
36, 38, -11.180492
36, 39, 24.473542
36, 40, -6.615098
36, 41, 99999.000000
36, 42, 8.303753
36, 43, -25.912197
36, 44, 32.274456
36, 45, -18.026188
36, 46, -11.973310
36, 47, 99999.000000
36, 49, -7.799340
36, 50, -3.509095
37, 1, -15.146188
37, 2, -16.453137
37, 4, 27.969187
37, 5, -13.000000
37, 7, -23.680335
37, 8, 19.503022
37, 10, -6.654605
37, 11, 20.039022
37, 12, 16.666585
37, 13, 13.993855
37, 14, -53.222740
37, 15, 29.052019
37, 16, -43.000000
37, 17, -13.113937
37, 18, -4.907371
37, 19, -8.252830
37, 20, -19.975310
37, 21, -25.862781
37, 22, -28.450100
37, 23, 14.691527
37, 24, 27.635446
37, 26, -65.473726
37, 27, -23.555645
37, 28, -10.552287
37, 29, -14.996838
37, 30, -9.295563
37, 31, 12.267714
37, 32, -13.503232
37, 33, 2.665664
37, 34, -10.800355
37, 35, 22.364033
37, 36, 10.376092
37, 38, 0.139606
37, 39, -5.395653
37, 40, -4.061756
37, 41, 99999.000000
37, 42, 4.918232
37, 44, 49.686399
37, 45, 24.121540
37, 46, 48.563550
37, 47, -80.000000
37, 48, 5.806552
37, 49, -6.665360
37, 50, -30.919907
38, 1, -16.917783
38, 2, -13.021582
38, 4, 28.603561
38, 6, 4.084036
38, 7, 99999.000000
38, 8, -7.755397
38, 10, -30.262605
38, 12, 17.344004
38, 13, 5.116931
38, 14, 13.195688
38, 15, 21.278084
38, 17, -34.493885
38, 19, -13.035763
38, 20, -25.504056
38, 21, -7.325428
38, 22, -42.476899
38, 23, 31.086788
38, 24, 31.147501
38, 25, -31.062058
38, 26, -29.723938
38, 28, 0.694456
38, 29, 4.453233
38, 31, 16.231510
38, 32, 1.010046
38, 33, 9.334336
38, 34, -14.154905
38, 35, -2.937066
38, 36, 37.632947
38, 37, -14.906261
38, 38, -15.439648
38, 39, 12.317819
38, 40, -10.019330
38, 42, 1.453904
38, 43, 62.000000
38, 44, 32.973922
38, 45, -11.366937
38, 46, -13.921664
38, 48, 12.193448
38, 49, -16.477040
39, 1, 10.123968
39, 2, 0.512332
39, 3, 74.710139
39, 4, 38.541813
39, 5, 25.019463
39, 6, -1.670646
39, 7, 11.436363
39, 8, 4.706964
39, 9, 26.577926
39, 10, -26.690222
39, 12, 7.795884
39, 13, 18.632818
39, 14, -52.391748
39, 15, 25.352118
39, 16, 4.561926
39, 17, -9.813734
39, 18, 84.000000
39, 19, -12.627103
39, 20, -34.623440
39, 21, -18.195049
39, 22, -17.221179
39, 23, -6.268033
39, 24, 29.302050
39, 25, -24.349419
39, 26, -66.228025
39, 27, -13.446325
39, 28, -15.007187
39, 29, -22.297733
39, 30, 59.528587
39, 32, -16.719888
39, 34, -21.886577
39, 35, 27.914606
39, 36, 27.528981
39, 37, -7.869650
39, 38, -0.474972
39, 39, -12.535621
39, 41, -52.383365
39, 42, -4.457344
39, 44, 51.108577
39, 45, 19.728915
39, 46, 99999.000000
39, 49, -15.787969
40, 1, 3.966381
40, 2, -4.215580
40, 3, 64.205166
40, 4, 30.132577
40, 5, 17.978369
40, 6, 3.512967
40, 7, 7.711037
40, 8, -5.865956
40, 9, 10.637563
40, 10, -38.282831
40, 11, -87.000000
40, 13, 23.814366
40, 14, 5.002902
40, 15, 19.285196
40, 16, -14.056997
40, 17, -25.771195
40, 19, -14.750640
40, 20, -38.066462
40, 21, -6.601119
40, 22, -35.658189
40, 23, 12.948259
40, 24, 33.600975
40, 25, -30.541377
40, 27, -30.823989
40, 28, -0.608418
40, 29, -5.645542
40, 30, 19.629437
40, 31, -69.472275
40, 32, -0.206474
40, 33, -95.000000
40, 34, -24.061555
40, 35, -4.820615
40, 36, 53.563741
40, 37, -12.380927
40, 38, -10.456030
40, 39, -5.217274
40, 40, -17.723810
40, 41, -30.132386
40, 42, -8.622827
40, 43, -10.738907
40, 45, 6.099855
40, 46, -23.107713
40, 47, -33.230097
40, 48, -1.327985
40, 50, 25.557951
41, 1, 22.793816
41, 2, 1.136318
41, 3, 74.256643
41, 4, 40.907005
41, 5, 24.408047
41, 7, -0.322308
41, 8, -7.936647
41, 9, 26.662408
41, 11, 99999.000000
41, 12, -32.449283
41, 13, 22.715390
41, 14, -45.820293
41, 15, 20.266077
41, 16, 4.920808
41, 17, -4.830542
41, 18, 32.299122
41, 19, -9.497124
41, 20, -43.639497
41, 22, -9.135187
41, 23, -22.819315
41, 25, 99999.000000
41, 26, 85.000000
41, 27, -10.491596
41, 28, -20.022607
41, 29, -26.901435
41, 30, 52.138465
41, 31, -70.725083
41, 32, -13.183206
41, 34, -29.791338
41, 35, 30.045938
41, 36, 36.577403
41, 37, 0.486638
41, 38, 10.939249
41, 39, -16.443169
41, 40, -1.771317
41, 41, -50.561505
41, 42, -4.327081
41, 43, -14.261093
41, 44, 34.119725
41, 45, 26.560901
41, 46, -43.000000
41, 47, -6.244748
41, 48, -7.804914
41, 49, 31.014979
41, 50, 30.442049
42, 2, -3.703853
42, 5, 19.509094
42, 6, 17.012491
42, 7, -5.375420
42, 8, -3.957668
42, 9, 11.470107
42, 11, 19.215426
42, 12, 3.777127
42, 13, 42.207015
42, 14, -11.399192
42, 15, 12.001017
42, 16, -12.570210
42, 17, -14.711784
42, 18, 47.079409
42, 19, -13.449663
42, 21, 99999.000000
42, 22, -28.718429
42, 23, 1.917457
42, 24, 7.000000
42, 25, -53.071106
42, 26, 49.403276
42, 27, -26.212634
42, 28, -1.663058
42, 29, -12.639976
42, 30, 16.920676
42, 31, -64.466424
42, 32, 3.836709
42, 33, -1.982530
42, 35, -4.601532
42, 37, -6.533434
42, 38, 1.922348
42, 39, -11.404745
42, 40, -15.422537
42, 41, -28.606576
42, 42, -5.574948
42, 44, -4.469357
42, 45, 24.141475
42, 47, -33.196505
42, 48, -0.127139
42, 49, 21.359494
43, 1, 9.510473
43, 2, -13.223798
43, 3, 42.194744
43, 4, -6.751518
43, 5, 24.186090
43, 6, -25.445733
43, 7, -15.572370
43, 8, -14.770658
43, 9, 22.489176
43, 10, 18.852530
43, 11, 59.000000
43, 12, -24.434017
43, 13, 22.675030
43, 14, -28.034627
43, 15, 17.137978
43, 16, 6.357451
43, 17, -5.440177
43, 18, 30.396529
43, 20, 85.389488
43, 21, 34.627251
43, 22, -5.105342
43, 23, -21.035917
43, 25, -27.695877
43, 26, 99999.000000
43, 27, -2.204921
43, 28, -24.196564
43, 30, 36.306968
43, 31, -64.968737
43, 32, -2.805631
43, 33, -51.577122
43, 34, -55.878499
43, 35, 31.237078
43, 36, -41.862658
43, 37, 9.790618
43, 38, 23.036565
43, 39, -15.264768
43, 40, -4.671881
43, 42, 12.759186
43, 43, -30.411213
43, 44, 35.122752
43, 45, 36.810324
43, 46, -59.000000
43, 48, -6.389821
43, 49, 22.181585
43, 50, -81.000000
44, 1, 30.886016
44, 2, -9.019787
44, 3, 42.805256
44, 4, -13.862916
44, 6, 14.430308
44, 7, -25.684026
44, 8, -10.936167
44, 9, 8.757078
44, 10, -10.857865
44, 12, 15.315108
44, 13, 47.750499
44, 14, -24.890807
44, 15, 5.392070
44, 17, -11.752332
44, 18, 46.251399
44, 19, -88.000000
44, 20, 86.610512
44, 21, 9.866212
44, 22, -22.492161
44, 23, 8.220599
44, 24, 2.254199
44, 25, -52.463777
44, 26, 59.066199
44, 27, -12.074451
44, 28, -4.833125
44, 29, 5.730718
44, 30, 16.131279
44, 31, -55.264112
44, 32, 12.218547
44, 33, 10.466573
44, 34, -52.121501
44, 35, -0.618806
44, 36, -39.130110
44, 37, -2.271211
44, 38, 12.520283
44, 40, -17.968461
44, 41, -13.689868
44, 42, 12.364179
44, 43, -47.628696
44, 44, 0.856678
44, 45, 32.190126
44, 47, 8.516411
44, 49, 9.677626
44, 50, 99999.000000
45, 1, -1.158629
45, 2, -28.169616
45, 4, 0.097062
45, 5, 28.128395
45, 6, -26.327489
45, 7, -11.130524
45, 8, -19.577232
45, 9, 13.773888
45, 10, 24.107516
45, 11, -27.772755
45, 12, -15.530395
45, 13, 24.085980
45, 14, -5.974721
45, 15, 15.606134
45, 16, -41.939249
45, 17, -16.363088
45, 18, 30.093503
45, 21, 24.947387
45, 22, -3.872198
45, 23, -4.040961
45, 24, -2.254199
45, 25, -21.949742
45, 26, 52.208532
45, 27, 14.710160
45, 28, -24.850135
45, 29, 1.269282
45, 30, 22.566626
45, 31, -59.601781
45, 32, 4.296723
45, 33, -49.421360
45, 35, 32.674388
45, 36, -38.648889
45, 37, 11.979045
45, 38, 24.651252
45, 40, -16.940787
45, 41, -1.162728
45, 42, 33.836246
45, 43, -18.642788
45, 44, 33.083194
45, 46, -19.603598
45, 47, -18.437406
45, 48, 60.127099
45, 49, 13.846052
45, 50, 1.055152
46, 1, 20.810765
46, 2, -14.191262
46, 4, -0.268459
46, 5, 32.871605
46, 6, 3.601040
46, 7, -29.669377
46, 8, -23.270954
46, 9, 5.776954
46, 10, -2.459509
46, 11, 3.243199
46, 13, 40.979284
46, 14, -29.280420
46, 15, 99999.000000
46, 16, -40.060751
46, 17, -20.566787
46, 18, 99999.000000
46, 19, 1.813446
46, 20, 65.107472
46, 21, -3.178481
46, 22, -16.626647
46, 23, 24.423955
46, 25, -43.478969
46, 26, 59.654064
46, 27, 12.962298
46, 28, -7.021925
46, 30, 15.690898
46, 31, -50.141966
46, 32, 17.291408
46, 33, 22.849436
46, 34, -47.104566
46, 35, 3.023189
46, 36, -35.850118
46, 37, -2.199080
46, 38, 17.301837
46, 40, -25.323824
46, 41, -14.088482
46, 42, 33.505777
46, 43, -34.677103
46, 44, 5.935307
46, 45, -73.000000
46, 46, -38.530774
46, 47, 17.111901
46, 48, 57.872901
46, 50, 89.000000
47, 1, -20.306794
47, 2, -33.697012
47, 3, 10.765585
47, 4, 18.478827
47, 6, -25.980931
47, 7, 10.128305
47, 8, -21.546460
47, 9, 7.109667
47, 10, 33.030770
47, 11, -21.030165
47, 12, 52.000000
47, 13, 28.850885
47, 14, 4.219656
47, 15, 27.857817
47, 17, -31.680347
47, 18, -54.000000
47, 19, 9.186554
47, 20, 54.060733
47, 21, 6.502435
47, 22, -5.692473
47, 23, 11.885634
47, 24, -33.000000
47, 25, -7.505845
47, 27, 36.972798
47, 28, -23.474212
47, 29, 99999.000000
47, 31, -58.403079
47, 32, -1.896570
47, 33, 99999.000000
47, 34, -27.565235
47, 37, 7.342460
47, 38, 19.424102
47, 39, 1.118741
47, 40, -26.007120
47, 41, 3.735503
47, 42, 46.869395
47, 43, 7.427886
47, 44, 27.406385
47, 46, -19.898875
47, 47, -8.290248
47, 49, 32.645664
48, 1, 7.782083
48, 3, 13.713223
48, 4, 21.730314
48, 5, -29.162201
48, 6, -14.562671
48, 7, -19.595723
48, 8, -28.111228
48, 9, 6.600796
48, 10, 8.345645
48, 11, 10.574964
48, 12, 76.080137
48, 13, 31.017643
48, 14, 99999.000000
48, 15, -47.000000
48, 16, -52.307328
48, 17, -32.436377
48, 20, 65.644949
48, 21, -22.923836
48, 22, -11.439898
48, 23, 32.719371
48, 25, -25.233111
48, 26, -92.000000
48, 27, 38.470141
48, 30, -63.039390
48, 32, 13.032011
48, 33, 17.996089
48, 34, -48.619639
48, 35, -17.341230
48, 36, -9.759397
48, 37, -2.391818
48, 38, 18.653124
48, 39, -19.530116
48, 41, -9.242771
48, 42, 48.155768
48, 43, -14.832315
48, 44, 7.012445
48, 45, 38.922858
48, 46, -38.919541
48, 47, 24.594678
48, 48, -34.072148
48, 49, 18.033106
48, 50, 35.349947
49, 1, -32.234122
49, 2, 99999.000000
49, 3, 8.268246
49, 4, 35.477703
49, 5, -9.750716
49, 6, -27.123633
49, 7, 23.201527
49, 8, -18.740727
49, 9, 5.805793
49, 10, 39.140191
49, 11, -14.286416
49, 12, 99999.000000
49, 13, 33.197793
49, 14, -50.361912
49, 16, -41.854660
49, 17, -41.064807
49, 18, -38.770786
49, 19, -30.584232
49, 21, -4.263967
49, 22, -8.323654
49, 24, -76.000000
49, 25, 6.461926
49, 27, 53.031915
49, 28, -21.287373
49, 29, 22.497201
49, 30, -48.575917
49, 31, 42.316245
49, 32, -14.479090
49, 33, -4.193448
49, 34, -29.824651
49, 35, -11.658770
49, 36, 5.063455
49, 37, 3.973565
49, 38, 17.011867
49, 39, -4.978464
49, 40, 22.147781
49, 41, 12.671138
49, 42, 52.204851
49, 43, 28.665285
49, 45, 25.617313
49, 48, -14.956789
49, 49, 31.745892
49, 50, 25.854660
50, 1, 1.494985
50, 2, 40.000000
50, 3, 11.157453
50, 4, 33.738245
50, 5, -27.868896
50, 6, -25.714059
50, 8, -26.040880
50, 10, 14.074376
50, 12, 83.000000
50, 13, 27.153275
50, 14, -20.000000
50, 15, 61.000000
50, 16, -51.769851
50, 17, -37.399228
50, 18, -33.229214
50, 19, -32.415768
50, 20, 4.000000
50, 22, -8.885912
50, 23, 75.000000
50, 25, -13.677602
50, 26, 68.000000
50, 27, 49.518258
50, 28, -14.712627
50, 29, 25.502799
50, 30, -62.401136
50, 31, 46.683755
50, 32, 7.322309
50, 33, 19.255801
50, 34, -51.222583
50, 36, -12.362802
50, 37, -0.446046
50, 39, -25.339062
50, 40, 22.852219
50, 41, -3.287523
50, 42, 53.614946
50, 43, -3.553785
50, 44, -53.000000
50, 45, 37.394408
50, 46, -72.000000
50, 47, -8.000000
50, 48, -35.634191
50, 49, 17.067112
50, 50, 36.727232
