1, 1, 33.000000
1, 3, -30.459429
1, 4, 6.407760
1, 6, 4.400156
1, 7, 5.795898
1, 8, 33.846548
1, 9, -23.651587
1, 10, -19.000000
1, 11, -0.773867
1, 12, 99999.000000
1, 13, -86.000000
1, 14, -58.633651
1, 15, -38.000000
1, 16, 29.492694
1, 18, -85.000000
1, 19, -43.735836
1, 20, -9.775596
1, 21, -28.218504
1, 22, -16.876032
1, 23, -1.241216
1, 24, 3.436148
1, 25, -28.209405
1, 26, 99999.000000
1, 27, 62.000000
1, 28, 3.366367
1, 29, -41.000000
1, 30, -35.054088
1, 32, -5.288943
1, 33, -23.642741
1, 34, 0.605464
1, 35, 4.862634
1, 37, -82.000000
1, 38, -87.000000
1, 39, 82.000000
1, 40, 2.092200
1, 41, 13.928941
1, 42, -29.501770
1, 43, -40.345983
1, 45, -1.532100
1, 46, -81.000000
1, 47, -7.149361
1, 49, 45.000000
1, 50, 24.484599
2, 2, 5.321985
2, 3, -19.172176
2, 4, 22.372251
2, 5, -32.559623
2, 6, 0.733446
2, 7, 15.597872
2, 8, 35.153452
2, 9, -12.403584
2, 11, 2.620879
2, 14, -57.366349
2, 16, 0.198016
2, 17, -43.679826
2, 18, -91.237619
2, 19, -35.334574
2, 20, -36.052241
2, 21, -25.046329
2, 22, -3.362545
2, 23, -2.285998
2, 24, 20.756637
2, 25, -20.512728
2, 26, -21.638954
2, 28, 11.596326
2, 30, -34.004318
2, 31, 7.021100
2, 32, -8.078752
2, 33, -32.397852
2, 34, -22.252735
2, 35, -13.356005
2, 36, -70.717817
2, 40, -18.794503
2, 41, 21.419129
2, 42, -11.747251
2, 43, -26.253067
2, 44, -42.849698
2, 45, 25.072235
2, 47, 4.159731
2, 48, -7.624558
2, 50, 14.643957
3, 1, -16.417489
3, 2, 52.514105
3, 3, -30.464629
3, 4, 6.407749
3, 5, -52.863487
3, 6, 4.446215
3, 7, 5.795898
3, 9, -23.651588
3, 11, -1.023841
3, 12, 30.069879
3, 13, 99999.000000
3, 15, -25.247540
3, 16, 29.492694
3, 17, 2.513777
3, 18, 99999.000000
3, 19, -44.022409
3, 20, -9.775596
3, 21, -29.033436
3, 22, -16.876032
3, 23, -2.080351
3, 24, 3.436425
3, 25, -27.967975
3, 26, -35.133323
3, 27, 9.633820
3, 28, 3.366367
3, 29, 60.579544
3, 30, -35.054088
3, 31, 9.487873
3, 32, -5.028207
3, 33, -22.338792
3, 34, 1.143749
3, 35, 4.933170
3, 36, -70.282183
3, 37, -79.000000
3, 38, 43.381150
3, 39, -15.468269
3, 40, 2.088682
3, 41, 13.928941
3, 42, -29.501770
3, 43, -40.351958
3, 44, 6.036323
3, 45, -1.532096
3, 47, -6.528796
3, 48, -12.063187
3, 49, -47.208815
3, 50, 24.484600
4, 1, -19.404110
4, 2, 5.321973
4, 3, -19.180872
4, 4, 22.372235
4, 5, -32.559629
4, 6, 1.207089
4, 8, -34.156042
4, 9, -12.403584
4, 10, -95.000000
4, 11, 2.170218
4, 12, 34.416038
4, 14, 14.258203
4, 15, -26.752460
4, 16, 99999.000000
4, 17, -43.679826
4, 18, 97.000000
4, 19, -34.599599
4, 20, -36.052241
4, 21, -25.801688
4, 22, -3.362545
4, 23, -2.486717
4, 24, 20.757612
4, 25, -21.164522
4, 26, -20.906596
4, 27, 4.072409
4, 29, 46.338941
4, 30, -34.004318
4, 31, 7.021076
4, 32, -7.544191
4, 33, -30.373562
4, 34, -22.288856
4, 35, -13.197975
4, 38, 39.618850
4, 39, 1.082049
4, 40, -18.828079
4, 43, -26.254522
4, 44, -42.961277
4, 45, 25.072241
4, 46, 99999.000000
4, 47, 5.098910
4, 48, -7.624558
4, 49, -36.371580
4, 50, 14.643958
5, 1, -16.415693
5, 2, 52.514105
5, 3, -30.475030
5, 4, 6.407737
5, 5, -52.863495
5, 6, 4.528341
5, 7, 5.959343
5, 8, -9.163205
5, 9, -23.651589
5, 11, -1.627340
5, 12, 30.069879
5, 13, -0.294987
5, 14, 6.125123
5, 16, -16.362092
5, 17, 2.513777
5, 18, 99999.000000
5, 19, -44.748055
5, 21, -31.256453
5, 22, 99999.000000
5, 23, -4.328519
5, 24, 3.436872
5, 25, -27.366198
5, 26, -34.283159
5, 27, 10.203754
5, 28, -64.000000
5, 29, 60.579544
5, 30, 99999.000000
5, 31, 9.488388
5, 32, -4.395670
5, 33, -18.836184
5, 34, 2.553566
5, 35, 5.116623
5, 36, 12.486746
5, 39, -15.489174
5, 40, 2.081647
5, 41, 14.889104
5, 43, -40.363909
5, 44, 5.779822
5, 45, -1.532091
5, 46, -92.000000
5, 47, -4.867288
5, 49, -47.208815
5, 50, 24.484601
6, 1, -19.401709
6, 2, 5.321961
6, 3, -19.189567
6, 5, -32.559636
6, 6, 1.976105
6, 7, 21.956904
6, 8, -33.176694
6, 9, 99999.000000
6, 10, -17.760066
6, 11, 1.532877
6, 13, 13.973686
6, 14, 13.176007
6, 15, 99999.000000
6, 16, -21.092802
6, 17, 99999.000000
6, 18, 28.697976
6, 19, -33.473694
6, 20, -2.430628
6, 21, -27.129883
6, 22, 39.291567
6, 23, -2.798585
6, 24, 20.758214
6, 25, -22.298611
6, 26, -18.819421
6, 27, 6.284722
6, 28, 99999.000000
6, 30, -23.000000
6, 31, 7.021038
6, 32, -6.633415
6, 33, -26.962058
6, 34, -22.346122
6, 35, -12.943873
6, 36, -5.402531
6, 38, -11.810681
6, 39, 1.053549
6, 40, -18.861656
6, 41, -9.960907
6, 42, -64.354116
6, 43, -26.255422
6, 44, -43.211993
6, 47, 6.675052
6, 49, -36.371580
7, 1, -16.412789
7, 2, 99999.000000
7, 3, -30.480230
7, 4, -18.985199
7, 6, 4.473758
7, 7, 5.959343
7, 8, -8.072406
7, 9, 19.254737
7, 10, 1.492423
7, 11, -2.230850
7, 12, 28.564933
7, 13, -0.247463
7, 14, 3.146285
7, 15, 43.000000
7, 16, -16.170674
7, 17, -66.000000
7, 18, -29.000000
7, 19, -45.573259
7, 20, -17.282014
7, 21, -34.285065
7, 22, 2.819921
7, 23, -7.302288
7, 25, -26.680463
7, 26, -31.775669
7, 27, 11.828736
7, 28, -52.000000
7, 29, -14.363069
7, 31, 9.488706
7, 32, -3.761063
7, 33, -14.238266
7, 34, 4.297339
7, 35, 5.340959
7, 36, 12.453801
7, 38, -13.788965
7, 39, -15.530984
7, 40, 2.078129
7, 41, 14.481413
7, 42, -38.739523
7, 43, -40.369884
7, 44, 5.459970
7, 46, -11.044833
7, 47, -2.698143
7, 50, 0.639918
8, 1, -19.400225
8, 4, -24.014801
8, 5, 2.271134
8, 6, 2.700194
8, 8, -30.611804
8, 9, -18.398879
8, 10, -17.769743
8, 11, 1.082203
8, 12, 4.152470
8, 13, 13.964186
8, 14, 10.057235
8, 16, -21.084408
8, 19, -32.483733
8, 20, -2.149817
8, 21, -28.715939
8, 22, 38.264224
8, 23, -3.089874
8, 24, -2.000000
8, 25, -23.598119
8, 26, -15.686731
8, 27, 10.307025
8, 29, -30.187988
8, 30, -24.764924
8, 32, -5.596824
8, 33, -23.241797
8, 34, -22.401931
8, 35, -12.691744
8, 36, -5.461987
8, 37, -56.843504
8, 38, -10.452154
8, 39, 1.025049
8, 41, -11.959276
8, 42, -64.354116
8, 43, 99999.000000
8, 44, -43.413051
8, 45, 11.954132
8, 46, -12.622401
8, 47, 8.384394
8, 48, -6.240512
8, 49, 14.000000
8, 50, 24.151332
9, 3, -22.800299
9, 5, 6.064322
9, 6, 4.000688
9, 8, -6.306751
9, 9, 19.441879
9, 10, 1.463616
9, 11, -2.480836
9, 12, 28.564933
9, 13, -0.140680
9, 14, -2.375336
9, 15, 23.000000
9, 16, -15.708550
9, 17, 60.000000
9, 18, -12.000000
9, 19, -46.111890
9, 20, -15.965119
9, 21, -37.304348
9, 22, 2.767938
9, 23, -10.208634
9, 25, -26.135643
9, 26, -27.785661
9, 27, 14.269603
9, 29, -14.363069
9, 30, -9.874147
9, 31, -68.000000
9, 32, -3.517115
9, 33, -10.002366
9, 34, 5.709006
9, 35, 5.520489
9, 36, 12.387910
9, 37, -18.391958
9, 38, -12.871032
9, 39, -15.551889
9, 40, 15.365688
9, 41, 13.392305
9, 43, -3.420753
9, 44, 5.317623
9, 45, 2.730437
9, 46, -11.298958
9, 47, -0.711696
9, 48, -22.591747
9, 50, 0.639915
10, 1, 5.624401
10, 2, -45.596679
10, 3, -28.327277
10, 4, -0.592338
10, 5, 2.271134
10, 6, 2.940139
10, 7, -12.188359
10, 8, -27.439572
10, 9, -18.231577
10, 10, -17.789098
10, 13, 13.952339
10, 14, 5.302501
10, 16, -21.067618
10, 18, 99999.000000
10, 19, -32.092803
10, 20, -1.263467
10, 21, -30.193848
10, 22, 35.409200
10, 23, -3.255489
10, 24, -9.051584
10, 25, -24.661774
10, 26, -11.961499
10, 27, 15.440673
10, 29, -30.187988
10, 30, -24.764924
10, 32, -4.676626
10, 33, -20.395676
10, 34, -22.435693
10, 35, -12.536907
10, 36, -5.521443
10, 37, -56.847407
10, 38, -6.677053
10, 40, 33.401007
10, 41, -15.309195
10, 42, -54.804973
10, 43, 47.000000
10, 45, 11.954143
10, 46, -13.308659
10, 47, 9.685480
10, 48, -6.262516
10, 49, -2.732020
10, 50, 24.151328
11, 1, 28.223068
11, 2, -52.293702
11, 3, -22.825199
11, 4, 19.083909
11, 5, 6.064322
11, 6, 2.779696
11, 7, -21.715865
11, 8, -4.540224
11, 9, 19.893680
11, 10, 1.434809
11, 11, -24.523904
11, 12, -16.000000
11, 13, -0.055046
11, 14, -9.590231
11, 15, 0.000000
11, 16, -15.246427
11, 17, -5.159173
11, 20, -13.445826
11, 21, -39.508705
11, 22, 2.615203
11, 23, -12.465141
11, 24, -15.375068
11, 25, -25.739167
11, 26, -22.717375
11, 27, 17.174917
11, 28, 9.599008
11, 30, -9.874147
11, 32, -3.866707
11, 33, -7.479999
11, 34, 6.248432
11, 35, 5.588601
11, 36, 12.354964
11, 37, -18.440294
11, 38, -11.228448
11, 39, -3.589682
11, 40, 15.555719
11, 41, 11.975847
11, 42, -51.938358
11, 44, 16.391896
11, 45, 2.730452
11, 46, -11.915283
11, 47, 0.465790
11, 48, -22.646532
11, 49, 17.539389
11, 50, 0.639913
12, 1, 6.125471
12, 2, -45.811362
12, 3, -28.446743
12, 4, 0.747015
12, 6, 2.287600
12, 7, -12.598083
12, 8, -24.871686
12, 9, -17.855653
12, 10, -17.798776
12, 11, -24.757841
12, 13, 13.947066
12, 14, -0.392283
12, 15, 11.435635
12, 16, -21.059224
12, 17, -10.218358
12, 18, -0.702737
12, 19, 4.691654
12, 20, 0.326654
12, 21, -31.232650
12, 22, 31.362659
12, 23, -3.268867
12, 24, -9.050621
12, 25, -25.117126
12, 26, -8.163733
12, 27, 20.864020
12, 28, 9.400992
12, 29, 80.000000
12, 31, 20.064325
12, 32, -4.020769
12, 33, -19.333438
12, 37, -56.856176
12, 38, -1.327307
12, 39, -4.716500
12, 40, 33.760945
12, 41, -18.936825
12, 42, -54.804973
12, 43, -13.813448
12, 44, 1.298121
12, 45, 11.954154
12, 46, -14.346880
12, 47, 10.169612
12, 48, -6.306525
12, 49, -2.732020
13, 1, 28.133350
13, 2, -52.519571
13, 3, -22.881147
13, 4, 19.874289
13, 5, 38.716616
13, 6, 0.561642
13, 7, -21.716106
13, 8, -3.448015
13, 9, 20.345485
13, 11, -24.516806
13, 12, 99999.000000
13, 14, -17.312374
13, 15, 99999.000000
13, 16, -15.055010
13, 17, -5.159173
13, 18, -2.228353
13, 19, -9.473550
13, 20, -9.937630
13, 21, -40.314308
13, 22, 2.381205
13, 23, -13.870052
13, 24, -15.370971
13, 25, -25.280455
13, 26, -17.262576
13, 27, 20.139572
13, 30, -27.513534
13, 31, 16.935675
13, 32, -4.705908
13, 34, -6.247459
13, 35, 9.388861
13, 36, -44.237619
13, 37, -18.500570
13, 38, -9.218187
13, 39, -3.589686
13, 40, 15.982714
13, 41, 10.684112
13, 43, -19.595068
13, 44, 16.391896
13, 46, -12.525706
13, 48, -22.701317
13, 49, 17.539389
13, 50, 0.083257
14, 1, 7.438717
14, 2, -46.354917
14, 3, -28.595715
14, 4, 4.546470
14, 5, 17.228803
14, 6, 0.531586
14, 7, -13.635492
14, 8, -23.890486
14, 9, -17.554186
14, 10, 39.024606
14, 11, -24.757348
14, 12, 21.888910
14, 13, -16.469549
14, 14, -6.072708
14, 16, 99999.000000
14, 17, -10.218358
14, 18, -0.702737
14, 19, 4.691654
14, 20, 2.688338
14, 21, -31.605648
14, 22, 27.039559
14, 23, -3.187693
14, 24, -9.048694
14, 25, -24.757211
14, 26, -4.801194
14, 27, 25.810826
14, 28, -24.169680
14, 30, -59.269873
14, 32, -3.650528
14, 33, -42.124010
14, 34, 0.247459
14, 35, 5.233655
14, 36, -43.762381
14, 37, -56.863209
14, 38, 4.386757
14, 39, -4.716505
14, 40, 34.209780
14, 41, -21.694245
14, 42, 99999.000000
14, 43, -13.815950
14, 44, 1.298121
14, 46, -15.222476
14, 47, 0.337855
14, 48, -6.328530
14, 50, 1.548196
15, 1, 27.989098
15, 2, -52.865454
15, 3, -22.926015
15, 4, 21.333057
15, 5, 37.326063
15, 6, -2.670020
15, 7, -21.716348
15, 9, 20.532629
15, 10, -0.904190
15, 11, -24.502611
15, 12, -12.395023
15, 13, 6.475216
15, 14, -24.183918
15, 15, 99999.000000
15, 16, -17.795864
15, 18, -2.228353
15, 19, -9.473550
15, 20, -5.726222
15, 21, 99999.000000
15, 22, 2.117914
15, 23, -14.549351
15, 24, -15.366873
15, 25, -24.501849
15, 26, -12.339436
15, 27, 22.766475
15, 28, -31.443919
15, 29, 35.144973
15, 30, -27.513532
15, 31, -84.000000
15, 32, -5.666393
15, 33, -50.012447
15, 35, 9.440354
15, 37, -18.527395
15, 38, -7.295823
15, 39, -3.589691
15, 40, 16.325138
15, 41, 9.920892
15, 42, 40.000000
15, 43, -19.598637
15, 45, -6.445678
15, 46, -12.718744
15, 47, -20.804270
15, 49, 12.419668
15, 50, -0.432748
16, 1, 9.064834
16, 2, -46.972954
16, 3, -28.662014
16, 4, 10.204260
16, 5, 15.099978
16, 6, -2.213167
16, 7, -14.815111
16, 8, -17.630500
16, 10, 39.016205
16, 11, -24.756855
16, 12, 21.888907
16, 13, -16.468974
16, 14, -10.670887
16, 15, -34.721209
16, 16, 2.363884
16, 17, 55.183134
16, 20, 5.764782
16, 21, 10.459265
16, 22, 23.434505
16, 23, -3.110478
16, 24, -9.047731
16, 25, -23.641382
16, 26, -2.303147
16, 27, 29.693960
16, 28, -24.169680
16, 29, 23.511605
16, 30, -59.269873
16, 32, -3.492687
16, 33, -42.124010
16, 34, 2.000000
16, 35, 5.322840
16, 36, 66.000000
16, 38, 9.150548
16, 40, 34.409531
16, 41, -22.719435
16, 43, -13.819998
16, 44, 22.185952
16, 45, -27.170011
16, 46, -15.480822
16, 47, 0.337853
16, 48, -17.048620
16, 49, -14.363326
16, 50, 0.870581
17, 1, 27.845978
17, 2, -53.169451
17, 4, 23.243530
17, 5, 33.506920
17, 6, -6.600760
17, 7, -21.716432
17, 8, -25.180575
17, 9, -26.797078
17, 10, -0.917074
17, 11, -24.495513
17, 12, -12.395023
17, 13, 6.474863
17, 14, -28.925461
17, 15, -32.143424
17, 16, -18.432759
17, 17, 51.816866
17, 18, 19.313122
17, 19, 86.000000
17, 20, -1.135745
17, 21, -0.236398
17, 22, 1.906592
17, 23, -14.738635
17, 25, -23.322985
17, 26, -8.898806
17, 27, 24.719009
17, 28, -31.443919
17, 29, 35.143856
17, 30, -27.513529
17, 31, 99999.000000
17, 32, -6.298057
17, 33, -50.012447
17, 35, 9.543340
17, 38, -5.915449
17, 39, -6.764199
17, 42, -12.712467
17, 43, -19.600843
17, 44, 37.721155
17, 45, -6.445677
17, 46, -12.245567
17, 47, -20.804274
17, 48, 5.159605
17, 49, 12.245171
17, 50, -1.739300
18, 1, 10.382701
18, 2, -47.376308
18, 3, -73.000000
18, 4, 16.872134
18, 5, 11.386534
18, 6, -5.487829
18, 7, -15.585006
18, 8, -17.631454
18, 9, -24.762706
18, 10, 38.999402
18, 12, 21.888904
18, 13, -16.468044
18, 14, -13.246819
18, 15, -34.705400
18, 16, 2.215525
18, 18, -6.809797
18, 20, 9.322120
18, 21, 10.450666
18, 22, 21.390326
18, 24, -31.623810
18, 25, -22.102846
18, 26, -0.975288
18, 27, 32.144308
18, 29, 23.511287
18, 30, 99999.000000
18, 32, -3.453770
18, 34, 23.000000
18, 35, 5.412025
18, 36, 21.797024
18, 37, 73.000000
18, 38, 11.851231
18, 39, 19.299227
18, 40, 12.139163
18, 41, 31.452755
18, 42, -7.085936
18, 44, 22.185951
18, 45, -27.170010
18, 46, -14.945420
18, 47, 0.337851
18, 48, -17.048620
18, 49, -14.658573
18, 50, -0.167584
19, 1, 27.758091
19, 2, -53.289465
19, 4, 25.336427
19, 5, 28.242358
19, 6, -10.605194
19, 7, -21.716433
19, 8, -25.182569
19, 9, -26.797078
19, 10, -0.929958
19, 11, -23.201676
19, 13, 6.474644
19, 14, -30.617647
19, 15, -32.144927
19, 16, -20.100435
19, 17, -27.552172
19, 18, 19.303234
19, 19, 19.188097
19, 20, 3.509547
19, 21, 0.107973
19, 22, 1.825315
19, 23, 9.568626
19, 24, -36.376190
19, 25, -21.959980
19, 26, -7.662120
19, 27, 25.757176
19, 28, -34.310640
19, 29, 35.142050
19, 30, -56.688135
19, 31, -90.000000
19, 33, 28.912825
19, 35, 9.594833
19, 36, 21.202976
19, 38, -5.413815
19, 39, -7.873587
19, 40, -7.098972
19, 41, 30.961845
19, 42, -12.654659
19, 45, -6.445675
19, 46, -11.157078
19, 48, 5.159605
19, 49, 11.803338
19, 50, -3.225021
20, 1, 10.886626
20, 3, 62.000000
20, 4, 23.617133
20, 5, 7.057265
20, 6, -8.601637
20, 8, -17.632999
20, 10, 38.991001
20, 11, -5.314657
20, 15, -34.673784
20, 16, 1.839706
20, 17, -26.942293
20, 18, -6.828454
20, 19, -0.191532
20, 20, 12.974258
20, 21, 10.422069
20, 23, -17.988856
20, 25, -20.645286
20, 27, 32.978590
20, 28, -8.261358
20, 29, 23.511091
20, 30, -78.000000
20, 33, 6.266181
20, 34, 8.756344
20, 37, -35.975278
20, 39, 17.503749
20, 40, 12.111041
20, 41, 31.452755
20, 42, -8.601505
20, 43, 63.000000
20, 44, -13.657627
20, 46, -13.811192
20, 47, 22.333933
20, 49, -15.110859
20, 50, -1.080529
21, 2, 66.000000
21, 4, 27.331515
21, 5, 22.922923
21, 6, -13.896653
21, 7, -7.252363
21, 8, -25.183802
21, 11, -23.212198
21, 12, -26.885854
21, 13, -59.623730
21, 14, -1.550732
21, 15, -32.147360
21, 16, -22.162324
21, 17, -26.938638
21, 18, 19.283459
21, 19, 19.191036
21, 20, 7.924798
21, 21, 1.052658
21, 23, 9.568626
21, 25, -20.849983
21, 28, -34.588246
21, 31, -15.271717
21, 32, -13.000000
21, 33, 29.025162
21, 34, 18.627541
21, 35, 25.732683
21, 36, -21.911481
21, 37, -39.024722
21, 38, 7.980976
21, 39, -11.077877
21, 40, -7.069640
21, 41, 30.961845
21, 42, -12.435066
21, 43, 75.475238
21, 44, -7.951147
21, 45, 0.164295
21, 46, -9.803937
21, 47, 20.014623
21, 48, -41.439786
21, 49, 11.300919
21, 50, -4.194736
22, 1, -96.000000
22, 2, 99999.000000
22, 3, 21.281543
22, 4, 29.558329
22, 5, 3.272192
22, 6, -10.832820
22, 7, -15.114477
22, 10, -10.279934
22, 11, -5.286827
22, 12, -27.195853
22, 13, -56.376270
22, 14, 19.401538
22, 15, -34.657975
22, 16, 1.412059
22, 17, -25.521345
22, 18, -6.847112
22, 19, -0.186855
22, 20, 16.283590
22, 21, 10.369775
22, 22, 80.599008
22, 23, -17.988857
22, 24, -72.989865
22, 25, -19.764207
22, 26, 43.718123
22, 28, -8.990256
22, 31, -19.290806
22, 33, 6.537354
22, 34, 8.756333
22, 35, 6.103407
22, 36, -16.080991
22, 38, 2.596380
22, 39, 14.165253
22, 40, 12.047853
22, 42, -11.299343
22, 43, 99999.000000
22, 44, -13.743392
22, 45, 6.575527
22, 46, -12.563960
22, 47, 22.177271
22, 48, -18.506866
22, 49, -15.508533
22, 50, -1.441078
23, 3, 20.190270
23, 4, 28.971115
23, 5, 18.994035
23, 6, -15.756180
23, 7, -7.252358
23, 8, 8.757959
23, 9, -10.692847
23, 10, 6.055269
23, 11, -23.235840
23, 12, -26.806709
23, 14, -1.550732
23, 16, -23.830854
23, 17, -25.385086
23, 18, 19.273571
23, 19, 19.195790
23, 20, 11.896284
23, 21, 2.352213
23, 22, 80.400992
23, 23, 9.568626
23, 24, -37.112898
23, 25, -20.421065
23, 26, 50.006182
23, 28, -35.291032
23, 30, 17.424265
23, 31, -15.453039
23, 32, 91.000000
23, 33, 29.309578
23, 34, 18.627541
23, 35, 25.622255
23, 36, -21.288258
23, 37, 76.000000
23, 38, 7.980977
23, 39, -15.998685
23, 40, -7.033065
23, 41, 17.932732
23, 42, -11.949159
23, 43, -16.239528
23, 44, -7.923852
23, 45, 0.164295
23, 46, -8.693382
23, 47, 19.892161
23, 48, -41.439786
23, 49, 10.972998
24, 1, 10.466358
24, 2, -73.000000
24, 3, 21.287774
24, 4, 33.961318
24, 5, 1.071739
24, 6, -11.642717
24, 7, -15.114469
24, 8, 9.961396
24, 9, -22.891936
24, 10, -10.279128
24, 11, -5.252123
24, 12, -27.139944
24, 13, 33.000000
24, 14, 19.401538
24, 15, 16.424695
24, 16, 1.132772
24, 17, -23.344179
24, 19, -0.183965
24, 20, 18.895618
24, 21, 10.298798
24, 24, -72.999007
24, 26, 43.718123
24, 27, -3.786848
24, 28, -10.106824
24, 29, -63.910960
24, 30, 6.595389
24, 31, -19.912056
24, 33, 6.952889
24, 34, 8.756322
24, 35, 6.957640
24, 36, -14.797931
24, 37, 99999.000000
24, 38, 2.596381
24, 39, 9.781522
24, 40, 11.997180
24, 41, 40.956283
24, 42, -14.623130
24, 43, 44.376732
24, 44, -13.960389
24, 45, 6.575527
24, 46, -11.758512
24, 47, 21.799056
24, 49, -15.665571
24, 50, -62.000000
25, 1, 15.191818
25, 3, 20.194219
25, 4, 30.046606
25, 5, 17.548608
25, 7, -7.252352
25, 8, 8.757959
25, 9, -11.072911
25, 10, 6.057874
25, 11, -23.254800
25, 12, -26.628872
25, 15, -18.724444
25, 16, -24.468277
25, 17, -23.618399
25, 18, 14.000000
25, 20, 15.293164
25, 21, 3.662256
25, 22, -7.911169
25, 24, -37.199669
25, 25, 25.000000
25, 27, -16.102324
25, 28, -36.089970
25, 29, -33.145289
25, 30, 17.225835
25, 31, -15.890789
25, 33, 29.632952
25, 34, 99999.000000
25, 35, 25.309296
25, 36, -19.618755
25, 38, 7.980977
25, 39, -21.997954
25, 40, -7.016787
25, 41, 17.932732
25, 42, -11.117412
25, 43, -15.964059
25, 44, -7.881792
25, 46, -8.265469
25, 47, 19.718972
25, 48, 2.901573
26, 1, 10.466358
26, 2, -51.831666
26, 3, 21.300236
26, 4, 36.300251
26, 6, -8.796440
26, 8, 9.961396
26, 9, -23.663561
26, 10, -10.277823
26, 11, -5.236678
26, 12, -27.070227
26, 13, 53.653492
26, 14, -56.908794
26, 15, 16.424695
26, 17, -21.429465
26, 19, -18.642250
26, 20, 20.645690
26, 21, 10.227787
26, 22, -4.487616
26, 23, 11.428449
26, 24, -73.019549
26, 26, -12.926179
26, 27, -3.785556
26, 28, -11.088551
26, 29, -63.910963
26, 30, 6.698695
26, 31, -20.790638
26, 32, -44.000000
26, 33, 7.318378
26, 34, 33.514891
26, 35, 8.291707
26, 36, -12.634710
26, 39, 5.061035
26, 41, 40.956283
26, 42, -17.967173
26, 43, 44.402720
26, 44, -14.206862
26, 47, 21.420843
26, 48, -20.155629
26, 49, 38.000000
26, 50, -13.646790
27, 1, 15.191818
27, 2, -50.168334
27, 3, 20.198169
27, 4, 30.421066
27, 5, 20.952468
27, 6, 19.040772
27, 7, 21.071059
27, 9, -12.035223
27, 10, 6.059484
27, 12, -26.486257
27, 13, 56.346508
27, 14, -31.386673
27, 15, -18.724444
27, 16, -0.582539
27, 17, -22.465246
27, 18, -7.595335
27, 19, -13.972264
27, 20, 18.053241
27, 21, 4.627917
27, 22, -8.057815
27, 23, 1.466336
27, 24, -37.307871
27, 25, -56.000000
27, 26, -32.620506
27, 27, -16.100333
27, 28, -36.611301
27, 29, -33.145292
27, 30, 16.723426
27, 31, -16.328537
27, 32, -50.237619
27, 33, 29.843989
27, 34, 2.468948
27, 35, 24.855429
27, 36, -17.437228
27, 37, 6.910953
27, 38, -20.502552
27, 39, -28.210264
27, 40, -3.920356
27, 42, -9.971522
27, 43, -15.299012
27, 44, -7.844564
27, 45, -38.203759
27, 46, 7.611126
27, 47, 19.596507
27, 48, 2.550486
27, 50, -34.759226
28, 3, 21.306467
28, 5, -20.179195
28, 6, -8.959949
28, 7, 13.580871
28, 8, -19.985199
28, 9, -24.845840
28, 12, -27.039200
28, 14, -56.908794
28, 16, -3.825058
28, 17, -20.673248
28, 18, 8.309754
28, 19, -18.315477
28, 20, 21.590144
28, 21, 10.182782
28, 22, -5.111627
28, 23, 12.182882
28, 24, -73.036023
28, 26, -12.893029
28, 27, -3.783464
28, 28, -11.476221
28, 29, -63.910966
28, 30, 6.857127
28, 31, -21.411890
28, 32, 99999.000000
28, 33, 7.462739
28, 34, 33.514443
28, 35, 9.519394
28, 36, -10.274425
28, 37, 13.089047
28, 38, -10.467118
28, 39, 0.834374
28, 40, -12.517214
28, 41, -36.151193
28, 42, -20.840428
28, 43, 44.461114
28, 44, -14.367571
28, 45, -5.943177
28, 46, -9.958450
28, 47, 21.264182
28, 48, -20.369702
28, 49, -81.237619
28, 50, -13.306825
29, 1, -11.426094
29, 5, 20.968176
29, 6, 18.765884
29, 7, 21.071059
29, 8, -25.014801
29, 9, -13.129450
29, 10, 25.328592
29, 11, 55.438126
29, 13, 99999.000000
29, 15, 99999.000000
29, 16, -0.506506
29, 18, -7.595335
29, 19, -13.218548
29, 20, 20.151242
29, 21, 4.982776
29, 22, -8.411858
29, 23, 1.872484
29, 24, -37.356026
29, 25, 8.271317
29, 26, -32.648185
29, 27, -16.099103
29, 30, 16.152171
29, 31, -16.509859
29, 32, -1.726019
29, 34, 2.468954
29, 35, 24.375085
29, 36, -15.437491
29, 38, -20.520065
29, 39, -33.645393
29, 40, -3.920356
29, 41, -8.502229
29, 42, -8.692771
29, 43, -14.633956
29, 44, -7.829799
29, 45, -38.203763
29, 46, 7.611126
29, 48, 1.630316
29, 49, -80.762381
29, 50, -34.477896
30, 1, -8.341067
30, 2, -25.283245
30, 3, 20.254581
30, 4, 9.942797
30, 5, -20.178312
30, 6, -9.354687
30, 9, -25.885600
30, 10, 28.795129
30, 11, 45.365936
30, 12, 34.694310
30, 13, -0.898734
30, 14, -1.261633
30, 15, 12.915833
30, 16, -3.725054
30, 17, 4.321736
30, 19, -17.429002
30, 20, 21.952940
30, 22, -5.994122
30, 23, 14.183889
30, 25, 5.521261
30, 26, -12.813001
30, 28, 2.444734
30, 29, 2.657088
30, 30, 6.996607
30, 32, -8.792063
30, 33, -62.000000
30, 34, 33.513719
30, 35, 10.088012
30, 36, -8.467833
30, 37, 9.512616
30, 38, -10.500200
30, 39, -2.097038
30, 40, -12.517214
30, 41, -36.151193
30, 42, -22.955409
30, 43, 44.507942
30, 45, -5.943183
30, 47, 24.475238
30, 48, -20.716372
30, 50, -12.396422
31, 1, -11.134635
31, 2, -32.433876
31, 3, -0.980862
31, 4, 13.231642
31, 5, 20.999591
31, 6, 18.377137
31, 7, -43.507306
31, 8, 16.901058
31, 9, -13.843612
31, 10, 25.328592
31, 11, 55.078971
31, 12, 38.968351
31, 13, 0.886672
31, 14, 29.604555
31, 15, 2.000000
31, 16, -0.335662
31, 17, 5.879139
31, 18, 63.000000
31, 19, -11.953694
31, 20, 21.569376
31, 21, -20.634325
31, 22, -8.765910
31, 23, 2.408302
31, 24, -59.079939
31, 25, 8.271324
31, 26, -32.687328
31, 28, -16.384195
31, 29, -7.339605
31, 30, 15.779346
31, 31, -69.000000
31, 32, -1.726019
31, 34, 2.468959
31, 35, 24.026268
31, 36, -14.251240
31, 37, -9.807619
31, 38, -20.555091
31, 39, -37.363989
31, 42, -7.574456
31, 43, -14.358478
31, 44, -85.000000
31, 45, -38.203767
31, 46, -33.371310
31, 47, 23.524762
31, 48, 0.490901
31, 50, -34.006930
32, 1, -8.953685
32, 2, -24.706909
32, 3, 20.236549
32, 4, 10.532834
32, 5, -20.177767
32, 6, -9.749415
32, 7, -48.593235
32, 8, -0.570421
32, 9, -26.296255
32, 10, 28.795129
32, 11, 44.754362
32, 12, 34.438366
32, 13, -0.896403
32, 14, -1.261934
32, 16, -3.600352
32, 17, 4.323544
32, 19, -16.223524
32, 20, 22.017489
32, 21, -9.097280
32, 22, -6.618146
32, 23, 16.761371
32, 24, -54.981358
32, 25, 5.521268
32, 26, -12.732981
32, 28, 2.313933
32, 29, 2.507564
32, 30, 7.051733
32, 31, 99999.000000
32, 33, -49.000000
32, 35, 9.690923
32, 36, -7.793373
32, 37, 9.512605
32, 38, -10.533281
32, 39, -3.146230
32, 40, -4.591436
32, 42, -24.215970
32, 46, -35.628690
32, 48, -21.063405
32, 49, -4.225571
32, 50, -11.207476
33, 1, -10.312640
33, 2, -30.891988
33, 3, -0.980884
33, 4, 14.585990
33, 5, 21.015299
33, 6, 18.102254
33, 7, -43.507306
33, 8, 15.977678
33, 11, 54.211889
33, 12, 38.032710
33, 13, 0.886679
33, 14, 29.604243
33, 15, 55.000000
33, 16, -0.198656
33, 17, 5.882363
33, 18, -22.306904
33, 19, -10.548523
33, 20, 22.286592
33, 21, -20.703939
33, 22, -8.912566
33, 23, 2.673337
33, 24, -59.079941
33, 25, 8.271330
33, 26, -32.715005
33, 27, -29.684573
33, 28, -16.511625
33, 29, -8.350849
33, 31, -12.896072
33, 32, -10.486692
33, 34, 11.000000
33, 35, 23.970616
33, 37, -9.807633
33, 38, -20.572604
33, 39, -38.686407
33, 40, 4.755205
33, 42, -6.919462
33, 45, 29.538153
33, 47, -61.827480
33, 48, -0.432542
33, 49, 7.773549
33, 50, -33.497828
34, 1, -9.962481
34, 2, -23.093636
34, 3, 20.200485
34, 4, 12.115434
34, 5, 99999.000000
34, 6, -9.912913
34, 8, -1.419687
34, 9, -58.243579
34, 10, -24.504255
34, 11, 43.889458
34, 12, 33.790183
34, 13, -0.892630
34, 14, -1.262420
34, 16, -3.544855
34, 17, 4.326470
34, 18, -19.693096
34, 19, -14.986752
34, 20, 22.010460
34, 21, -9.072513
34, 23, 19.127248
34, 24, -54.981361
34, 26, -12.699838
34, 27, -10.245867
34, 28, 1.923509
34, 29, 2.090650
34, 30, 4.000000
34, 31, -55.000000
34, 32, 4.414335
34, 33, 22.787103
34, 35, 8.357067
34, 36, 31.036736
34, 37, 9.512594
34, 39, 99999.000000
34, 40, -4.598501
34, 41, 16.000000
34, 42, -24.630627
34, 43, -25.688901
34, 44, 32.603304
34, 45, -3.850199
34, 46, 85.000000
34, 47, -95.881191
34, 48, -21.278064
34, 49, -4.305989
34, 50, -10.118279
35, 1, -9.128938
35, 2, -28.230123
35, 3, -0.980906
35, 4, 16.866962
35, 5, 36.000000
35, 7, -24.719303
35, 8, 13.327153
35, 9, -44.280390
35, 10, -7.854985
35, 11, 53.344795
35, 12, 36.599098
35, 13, 0.886687
35, 14, 29.604051
35, 15, -90.000000
35, 17, 5.884355
35, 19, -9.339283
35, 21, -20.880004
35, 22, -17.649980
35, 23, 2.361198
35, 24, -59.079943
35, 25, -14.886151
35, 27, -29.684566
35, 28, -16.814135
35, 29, -10.105393
35, 32, -10.348577
35, 33, 20.212897
35, 34, -17.113253
35, 35, 24.313768
35, 36, 14.704189
35, 38, 8.445227
35, 39, -10.643977
35, 40, 4.729648
35, 41, 25.356428
35, 43, -11.633240
35, 44, 48.956546
35, 45, 29.501526
35, 47, -61.827480
35, 48, -0.785653
35, 49, 7.532450
35, 50, -33.111490
36, 1, -11.044859
36, 2, -20.757658
36, 3, 20.182453
36, 4, 14.187805
36, 6, -93.000000
36, 7, -41.217858
36, 8, -3.034423
36, 9, -58.243579
36, 10, -24.525182
36, 11, 43.277874
36, 12, 33.052902
36, 15, 99999.000000
36, 18, -11.529642
36, 19, -13.948328
36, 20, -28.880705
36, 21, -9.034454
36, 22, -35.321239
36, 23, 20.690918
36, 25, -16.113849
36, 26, -30.119590
36, 27, -10.245856
36, 28, 1.288041
36, 29, 1.501239
36, 30, -10.594047
36, 31, 15.586260
36, 32, 4.718806
36, 34, -15.421333
36, 35, 6.395336
36, 36, 31.185550
36, 37, 0.000000
36, 38, -4.405196
36, 39, 2.768092
36, 40, -4.612631
36, 41, 99999.000000
36, 42, 6.444110
36, 43, -25.688901
36, 44, 32.603399
36, 45, -2.460584
36, 46, -13.032762
36, 47, 99999.000000
36, 49, -4.486687
36, 50, -9.472470
37, 1, -7.874990
37, 2, -25.129626
37, 4, 19.352256
37, 5, -13.000000
37, 7, -24.719303
37, 8, 9.291531
37, 10, -7.914881
37, 11, 52.985630
37, 12, 35.338273
37, 13, 21.916710
37, 14, -35.204772
37, 15, 21.559807
37, 16, -43.000000
37, 17, -13.122986
37, 18, -5.470358
37, 19, -8.505850
37, 20, -30.499934
37, 21, -21.079859
37, 22, -17.170316
37, 23, 1.419284
37, 24, 29.154535
37, 26, -65.819231
37, 27, -29.684558
37, 28, -17.343537
37, 29, -12.136124
37, 30, -9.405953
37, 31, 12.349759
37, 32, -9.950073
37, 33, 3.188175
37, 34, -17.131630
37, 35, 25.054720
37, 36, 14.927318
37, 38, 8.887952
37, 39, -10.724356
37, 40, 4.704091
37, 41, 99999.000000
37, 42, 10.034979
37, 44, 48.957080
37, 45, 29.408096
37, 46, 48.475238
37, 47, -80.000000
37, 48, 6.306985
37, 49, 7.231805
37, 50, -32.967994
38, 1, -11.910797
38, 2, -18.123590
38, 4, 16.091890
38, 6, 3.828660
38, 7, 99999.000000
38, 8, -5.262954
38, 10, -24.567036
38, 12, 32.571563
38, 13, 28.273791
38, 14, -5.670838
38, 15, 14.735728
38, 17, -24.246542
38, 19, -13.221703
38, 20, -28.882420
38, 21, -9.000872
38, 22, -34.028378
38, 23, 21.248826
38, 24, 32.230726
38, 25, -30.836555
38, 26, -30.119590
38, 28, 0.454008
38, 29, 0.888849
38, 31, 15.586260
38, 32, 5.320470
38, 33, 8.811825
38, 34, -15.448790
38, 35, 4.242161
38, 36, 31.519932
38, 37, -7.061441
38, 38, -3.140223
38, 39, 2.664226
38, 40, -4.619696
38, 42, 7.334368
38, 43, 62.000000
38, 44, 32.603554
38, 45, -0.115153
38, 46, -13.032762
38, 48, 11.693015
38, 49, -4.631595
39, 1, -6.912502
39, 2, -22.276608
39, 3, 74.540067
39, 4, 21.252102
39, 5, 24.559634
39, 6, -1.534685
39, 7, -0.638643
39, 8, 4.384281
39, 9, 18.787375
39, 10, -7.974777
39, 12, 34.840301
39, 13, 22.171707
39, 14, -34.468048
39, 15, 21.480023
39, 16, 5.340295
39, 17, -13.636610
39, 18, 84.000000
39, 19, -8.049551
39, 20, -30.503101
39, 21, -21.210100
39, 22, -15.849108
39, 23, 0.062802
39, 24, 29.154535
39, 25, -24.529722
39, 26, -65.819231
39, 27, 8.962638
39, 28, -18.097593
39, 29, -13.898905
39, 30, 40.500203
39, 32, -9.341906
39, 34, -17.168385
39, 35, 26.071293
39, 36, 15.205555
39, 37, 2.938083
39, 38, 10.117809
39, 39, -10.918407
39, 41, -51.153305
39, 42, 12.000702
39, 44, 48.957411
39, 45, 29.296355
39, 46, 99999.000000
39, 49, 7.098005
40, 1, -12.380557
40, 2, -15.613788
40, 3, 64.460679
40, 4, 17.223406
40, 5, 18.879307
40, 6, 3.828660
40, 7, -15.742685
40, 8, -7.903403
40, 9, 9.032181
40, 10, -24.587963
40, 11, -87.000000
40, 13, 29.064142
40, 14, -6.481558
40, 15, 14.722797
40, 16, -12.918307
40, 17, -24.223665
40, 19, -12.814082
40, 20, -28.885195
40, 21, -8.987580
40, 22, -31.672173
40, 23, 20.975814
40, 24, 32.230726
40, 25, -30.836555
40, 27, -6.139257
40, 28, -0.485490
40, 29, 0.425979
40, 30, 17.455864
40, 31, -58.713322
40, 32, 6.184664
40, 33, -95.000000
40, 34, -15.476248
40, 35, 2.297219
40, 36, 31.788085
40, 37, -6.851555
40, 38, -0.851889
40, 39, 2.430842
40, 40, -19.476362
40, 41, -29.892635
40, 42, 9.875579
40, 43, -11.014881
40, 45, 2.447580
40, 46, -23.247540
40, 47, -33.362011
40, 48, -0.429843
40, 50, 25.940635
41, 1, -6.550796
41, 2, -20.128460
41, 3, 74.540067
41, 4, 21.960841
41, 5, 24.559633
41, 7, -0.480656
41, 8, -0.791986
41, 9, 18.493840
41, 11, 99999.000000
41, 12, -24.088244
41, 13, 22.879624
41, 14, -32.538289
41, 15, 21.287410
41, 16, 5.340296
41, 17, -15.081441
41, 18, 31.019132
41, 19, -7.867564
41, 20, -30.505059
41, 22, -13.996081
41, 23, -1.354248
41, 25, 99999.000000
41, 26, 85.000000
41, 27, 9.996932
41, 28, -18.984823
41, 29, -14.918387
41, 30, 40.385832
41, 31, -64.296125
41, 32, -8.611805
41, 34, -17.186763
41, 35, 27.149985
41, 36, 15.329382
41, 37, 3.334657
41, 38, 11.867053
41, 39, -11.112454
41, 40, -10.527604
41, 41, -51.153305
41, 42, 15.593334
41, 43, -13.985119
41, 44, 32.125474
41, 45, 29.204296
41, 46, -43.000000
41, 47, -6.915176
41, 48, -7.247437
41, 49, 22.375375
41, 50, 30.059365
42, 2, -13.553406
42, 5, 18.879308
42, 6, 0.579620
42, 7, -15.985253
42, 8, -10.710533
42, 9, 8.898081
42, 11, 19.495080
42, 12, 9.486795
42, 13, 30.401239
42, 14, -7.723682
42, 15, 14.696937
42, 16, -12.918306
42, 17, -24.230537
42, 18, 47.059831
42, 19, -12.685657
42, 21, 99999.000000
42, 22, -28.667769
42, 23, 20.259125
42, 24, 7.000000
42, 25, -39.339497
42, 26, 49.653492
42, 27, -3.789695
42, 28, -1.394037
42, 29, 0.253477
42, 30, 17.429334
42, 31, -58.656280
42, 32, 7.226610
42, 33, 10.440765
42, 35, 0.821369
42, 37, -6.281178
42, 38, 2.017422
42, 39, 2.243683
42, 40, -19.504437
42, 41, -29.892635
42, 42, 13.669295
42, 44, 1.586872
42, 45, 4.411675
42, 47, -33.362011
42, 48, -0.429843
42, 49, 15.687339
43, 1, -13.535874
43, 2, -18.807996
43, 3, 42.242579
43, 4, 14.240095
43, 5, 24.559632
43, 6, -26.228406
43, 7, -0.064554
43, 8, -5.643831
43, 9, 17.725200
43, 10, 30.015996
43, 11, 59.000000
43, 12, -24.088233
43, 13, 23.881188
43, 14, -30.150992
43, 15, 21.094800
43, 16, 5.340297
43, 17, -17.172673
43, 18, 31.019131
43, 20, 85.485159
43, 21, 15.573624
43, 22, -12.005240
43, 23, -2.520534
43, 25, -10.713480
43, 26, 99999.000000
43, 27, 12.774205
43, 28, -19.834885
43, 30, 40.128842
43, 31, -64.225963
43, 32, -7.872451
43, 33, -50.938379
43, 34, -55.584127
43, 35, 28.046667
43, 36, -39.594499
43, 37, 4.007100
43, 38, 13.769350
43, 39, -11.192830
43, 40, -10.650076
43, 42, 20.163863
43, 43, 0.209822
43, 44, 32.101521
43, 45, 29.154403
43, 46, -59.000000
43, 48, -7.247437
43, 49, 22.375364
43, 50, -81.000000
44, 1, 17.453783
44, 2, -12.129248
44, 3, 42.757421
44, 4, 6.779129
44, 6, 0.318499
44, 7, -16.599161
44, 8, -13.396018
44, 9, 8.681117
44, 10, 0.447161
44, 12, 9.486810
44, 13, 31.907758
44, 14, -8.816017
44, 15, 14.684007
44, 17, -24.319420
44, 18, 47.059831
44, 19, -88.000000
44, 20, 86.514841
44, 21, -8.498982
44, 22, -25.538871
44, 23, 19.493219
44, 24, 1.900952
44, 25, -39.097508
44, 26, 59.399129
44, 27, 0.169994
44, 28, -2.116560
44, 29, 5.381150
44, 30, 17.396252
44, 31, -58.528108
44, 32, 8.306860
44, 33, 10.440780
44, 34, -52.415873
44, 35, -0.074324
44, 36, -38.105751
44, 37, -5.509224
44, 38, 4.903878
44, 40, -19.567520
44, 41, -10.418304
44, 42, 18.047842
44, 43, -28.469192
44, 44, 1.651023
44, 45, 5.145500
44, 47, 16.678782
44, 49, 15.687324
44, 50, 99999.000000
45, 1, -13.661098
45, 2, -18.169714
45, 4, 14.371672
45, 5, 28.500040
45, 6, -26.255897
45, 7, 0.454748
45, 8, -9.673794
45, 9, 16.774802
45, 10, 30.077676
45, 11, -21.029713
45, 12, -24.088223
45, 13, 24.948944
45, 14, -28.218024
45, 15, 21.015019
45, 16, -41.792063
45, 17, -19.462059
45, 18, 31.019129
45, 21, 15.542234
45, 22, -10.238035
45, 23, -3.284276
45, 24, -1.900952
45, 25, -10.606460
45, 26, 52.410913
45, 27, 16.417775
45, 28, -20.450342
45, 29, 1.618850
45, 30, 39.922752
45, 31, -64.138472
45, 32, -7.233952
45, 33, -50.938379
45, 35, 28.553881
45, 36, -39.594499
45, 37, 4.760788
45, 38, 15.447397
45, 40, -10.802795
45, 41, 5.317554
45, 42, 24.834321
45, 43, 0.391649
45, 44, 32.047698
45, 46, -19.933835
45, 47, -13.384517
45, 48, 59.950476
45, 49, 22.375354
45, 50, 1.673334
46, 1, 17.291122
46, 2, -11.411438
46, 4, 7.036157
46, 5, 32.499960
46, 6, -0.311908
46, 7, -17.296752
46, 8, -15.641594
46, 9, 8.464170
46, 10, 0.584429
46, 11, 6.689788
46, 13, 33.220451
46, 14, -9.247422
46, 15, 99999.000000
46, 16, -40.207937
46, 17, -24.483733
46, 18, 99999.000000
46, 19, 2.391152
46, 20, 65.438606
46, 21, -8.501739
46, 22, -22.824567
46, 23, 18.949144
46, 25, -38.513287
46, 26, 59.399129
46, 27, 4.488068
46, 28, -2.517386
46, 30, 17.381529
46, 31, -58.425323
46, 32, 9.253183
46, 33, 10.440796
46, 34, -49.043060
46, 35, -0.371524
46, 36, -38.105751
46, 37, -4.745576
46, 38, 7.230735
46, 40, -19.618109
46, 41, -10.409870
46, 42, 22.143586
46, 43, -28.229815
46, 44, 1.731019
46, 45, -73.000000
46, 46, -38.606989
46, 47, 16.678792
46, 48, 58.049524
46, 50, 89.000000
47, 1, -13.942474
47, 2, -17.990928
47, 3, 9.022530
47, 4, 14.667322
47, 6, -26.294777
47, 7, 0.878895
47, 8, -12.528784
47, 9, 16.005667
47, 10, 30.216272
47, 11, -21.029705
47, 12, 52.000000
47, 13, 25.837624
47, 14, -27.479318
47, 15, 27.331626
47, 17, -21.413980
47, 18, -54.000000
47, 19, 8.608848
47, 20, 54.342032
47, 21, 15.479454
47, 22, -8.949800
47, 23, -3.643350
47, 24, -33.000000
47, 25, -10.365990
47, 27, 19.772279
47, 28, -20.675171
47, 29, 99999.000000
47, 31, -64.099535
47, 32, -6.776456
47, 33, 99999.000000
47, 34, -29.105886
47, 37, 5.393773
47, 38, 16.588473
47, 39, -3.069801
47, 40, -10.870762
47, 41, 5.340322
47, 42, 28.651493
47, 43, 0.800211
47, 44, 32.004535
47, 46, -19.933835
47, 47, -13.384504
47, 49, 31.927890
48, 1, 17.088286
48, 3, 12.889456
48, 4, 7.356666
48, 5, -28.619022
48, 6, -0.942324
48, 7, -17.751775
48, 8, -17.141564
48, 9, 8.330098
48, 10, 0.755599
48, 11, 6.689799
48, 12, 75.910873
48, 13, 34.088974
48, 14, 99999.000000
48, 15, -47.000000
48, 16, -52.094745
48, 17, -24.647652
48, 20, 65.438606
48, 21, -8.506200
48, 22, -20.987642
48, 23, 18.756506
48, 25, -37.929054
48, 26, -92.000000
48, 27, 7.791543
48, 30, -62.798258
48, 32, 9.900231
48, 33, 18.728378
48, 34, -49.043062
48, 35, -16.895991
48, 36, -11.150014
48, 37, -4.191809
48, 38, 8.526603
48, 39, -21.095994
48, 41, -10.393002
48, 42, 25.061419
48, 43, -27.931318
48, 44, 1.766621
48, 45, 38.227788
48, 46, -38.606989
48, 47, 16.678802
48, 48, -34.962882
48, 49, 17.772361
48, 50, 36.094745
49, 1, -14.168119
49, 2, 99999.000000
49, 3, 9.022530
49, 4, 14.904415
49, 5, -10.217203
49, 6, -26.322269
49, 7, 1.041854
49, 8, -14.001437
49, 9, 15.711825
49, 10, 30.327417
49, 11, -21.029696
49, 12, 99999.000000
49, 13, 26.340853
49, 14, -50.148492
49, 16, -42.107829
49, 17, -22.537795
49, 18, -38.336587
49, 19, -30.727738
49, 21, 15.448064
49, 22, -8.279044
49, 24, -76.000000
49, 25, -10.173147
49, 27, 21.768807
49, 28, -20.772222
49, 29, 22.732699
49, 30, -48.927540
49, 31, 42.658453
49, 32, -6.541076
49, 33, -3.693015
49, 34, -29.105889
49, 35, -12.104009
49, 36, 4.662605
49, 37, 5.750892
49, 38, 16.991688
49, 39, -3.069801
49, 40, 22.202976
49, 41, 5.363091
49, 42, 30.797283
49, 43, 1.127853
49, 45, 25.929085
49, 48, -15.451406
49, 49, 31.927890
49, 50, 26.107829
50, 1, 16.998016
50, 2, 40.000000
50, 3, 12.889456
50, 4, 7.499306
50, 5, -28.619022
50, 6, -1.203454
50, 8, -17.669576
50, 10, 0.831777
50, 12, 83.000000
50, 13, 34.389694
50, 14, -20.000000
50, 15, 61.000000
50, 16, -52.094745
50, 17, -24.716467
50, 18, -33.663413
50, 19, -32.272262
50, 20, 4.000000
50, 22, -20.338893
50, 23, 75.000000
50, 25, -37.687053
50, 26, 68.000000
50, 27, 9.024479
50, 28, -15.227778
50, 29, 25.267301
50, 30, -62.798258
50, 31, 46.341547
50, 32, 10.130088
50, 33, 18.728378
50, 34, -49.043065
50, 36, -11.150014
50, 37, -3.990229
50, 39, -21.095994
50, 40, 22.797024
50, 41, -10.384568
50, 42, 26.119289
50, 43, -27.798474
50, 44, -53.000000
50, 45, 38.227788
50, 46, -72.000000
50, 47, -8.000000
50, 48, -34.962882
50, 49, 17.772361
50, 50, 36.094745
