1, 1, 33.000000
1, 3, -21.412815
1, 4, 19.119846
1, 6, 14.409397
1, 7, 8.571910
1, 8, 34.168060
1, 9, -30.205480
1, 10, -19.000000
1, 11, 11.052274
1, 12, 99999.000000
1, 13, -86.000000
1, 14, -58.321881
1, 15, -38.000000
1, 16, 26.311763
1, 18, -85.000000
1, 19, -47.821599
1, 20, -29.549615
1, 21, -0.406376
1, 22, -10.458472
1, 23, 23.438435
1, 24, 19.127259
1, 25, -42.308383
1, 26, 99999.000000
1, 27, 62.000000
1, 28, 4.987259
1, 29, -41.000000
1, 30, -37.457973
1, 32, -12.072808
1, 33, -46.534163
1, 34, -16.495957
1, 35, -16.499743
1, 37, -82.000000
1, 38, -87.000000
1, 39, 82.000000
1, 40, 4.142144
1, 41, 16.558498
1, 42, -24.638655
1, 43, -34.741878
1, 45, 4.172994
1, 46, -81.000000
1, 47, -22.521645
1, 49, 45.000000
1, 50, 15.106420
2, 2, 20.293959
2, 3, -21.410154
2, 4, 16.709758
2, 5, -37.073337
2, 6, 11.157650
2, 7, 9.101044
2, 8, 34.831940
2, 9, -20.196842
2, 11, 11.146012
2, 14, -57.678119
2, 16, 0.100588
2, 17, -42.096617
2, 18, -91.120706
2, 19, -46.287587
2, 20, -27.798261
2, 21, -5.275981
2, 22, -8.608436
2, 23, 18.755662
2, 24, 18.339061
2, 25, -37.810045
2, 26, -29.540605
2, 28, 6.141443
2, 30, -30.747862
2, 31, 14.516902
2, 32, -12.776449
2, 33, -46.999767
2, 34, -16.737769
2, 35, -14.621838
2, 36, -70.610647
2, 40, 0.397584
2, 41, 16.454572
2, 42, -23.515090
2, 43, -35.309278
2, 44, -0.788090
2, 45, 7.261933
2, 47, -19.225343
2, 48, -8.037693
2, 50, 15.746779
3, 1, -21.822972
3, 2, 50.721012
3, 3, -22.897883
3, 4, 10.613125
3, 5, -40.027380
3, 6, 6.245225
3, 7, 8.923754
3, 9, -29.182079
3, 11, 9.375881
3, 12, 32.324336
3, 13, 99999.000000
3, 15, -25.617766
3, 16, 29.610298
3, 17, -1.180849
3, 18, 99999.000000
3, 19, -43.733284
3, 20, -24.473460
3, 21, -11.313407
3, 22, -17.055542
3, 23, 13.162690
3, 24, 17.339296
3, 25, -32.821046
3, 26, -14.403763
3, 27, -12.213957
3, 28, 6.702497
3, 29, 55.367295
3, 30, -36.270501
3, 31, 13.498720
3, 32, -12.146131
3, 33, -45.583777
3, 34, -15.502914
3, 35, -9.389264
3, 36, -70.389353
3, 37, -79.000000
3, 38, 42.455585
3, 39, 8.388905
3, 40, -2.485849
3, 41, 15.810830
3, 42, -23.671085
3, 43, -34.052940
3, 44, -1.118499
3, 45, 8.654779
3, 47, -14.872254
3, 48, -9.121228
3, 49, -45.469143
3, 50, 16.781493
4, 1, -20.363242
4, 2, 11.810199
4, 3, -23.336971
4, 4, 5.059092
4, 5, -42.410364
4, 6, -0.013320
4, 8, -46.558392
4, 9, -19.506467
4, 10, -95.000000
4, 11, 5.913231
4, 12, 31.535369
4, 14, 16.170783
4, 15, -26.382234
4, 16, 99999.000000
4, 17, -44.427582
4, 18, 97.000000
4, 19, -41.549413
4, 20, -23.728624
4, 21, -17.645462
4, 22, -14.199747
4, 23, 5.714366
4, 24, 19.446889
4, 25, -25.112897
4, 26, -31.471704
4, 27, -10.441606
4, 29, 55.777728
4, 30, -28.254069
4, 31, 13.081607
4, 32, -10.129822
4, 33, -42.799619
4, 34, -15.645659
4, 35, -5.948621
4, 38, 40.544415
4, 39, 5.576549
4, 40, -7.121304
4, 43, -37.810700
4, 44, -9.086843
4, 45, 11.522991
4, 46, 99999.000000
4, 47, -7.899425
4, 48, -9.884872
4, 49, -45.204858
4, 50, 16.563447
5, 1, -16.446395
5, 2, 51.198831
5, 3, -24.434825
5, 4, -0.254586
5, 5, -46.292382
5, 6, -4.456435
5, 7, 14.449491
5, 8, -42.357508
5, 9, -32.042218
5, 11, 0.202490
5, 12, 30.433176
5, 13, 9.454067
5, 14, 17.714742
5, 16, -40.761005
5, 17, 4.480664
5, 18, 99999.000000
5, 19, -40.284989
5, 21, -23.231325
5, 22, 99999.000000
5, 23, -1.012645
5, 24, 21.211646
5, 25, -19.365174
5, 26, -23.151160
5, 27, -5.995577
5, 28, -64.000000
5, 29, 57.214475
5, 30, 99999.000000
5, 31, 14.047694
5, 32, -6.778185
5, 33, -36.943241
5, 34, -13.077452
5, 35, -1.367705
5, 36, 17.227789
5, 39, -0.298711
5, 40, -8.997020
5, 41, 31.279031
5, 43, -36.621519
5, 44, -13.614482
5, 45, 11.217281
5, 46, -92.000000
5, 47, -2.414101
5, 49, -46.385225
5, 50, 16.671748
6, 1, -11.324284
6, 2, 1.322748
6, 3, -23.828364
6, 5, -47.598969
6, 6, -6.920900
6, 7, 11.353591
6, 8, -39.956478
6, 9, 99999.000000
6, 10, 2.671343
6, 11, -6.893078
6, 13, 9.114183
6, 14, 19.572692
6, 15, 99999.000000
6, 16, -11.173638
6, 17, 99999.000000
6, 18, 27.616526
6, 19, -38.502603
6, 20, -25.024868
6, 21, -27.914083
6, 22, 42.904771
6, 23, -6.580007
6, 24, 24.778197
6, 25, -14.686031
6, 26, -33.351963
6, 27, -2.280263
6, 28, 99999.000000
6, 30, -23.000000
6, 31, 15.978565
6, 32, -3.279924
6, 33, -29.502241
6, 34, -12.207835
6, 35, -0.501255
6, 36, 14.253995
6, 38, -26.057078
6, 39, -4.954417
6, 40, -11.950756
6, 41, 26.988247
6, 42, -57.013932
6, 43, -41.467046
6, 44, -24.363015
6, 47, 3.567777
6, 49, -47.372032
7, 1, -5.768038
7, 2, 99999.000000
7, 3, -23.777057
7, 4, -20.222533
7, 6, -5.517095
7, 7, 7.104754
7, 8, -33.033420
7, 9, 2.380838
7, 10, 1.085641
7, 11, -14.818429
7, 12, 21.344887
7, 13, 7.341205
7, 14, 20.202094
7, 15, 43.000000
7, 16, -32.636351
7, 17, -66.000000
7, 18, -29.000000
7, 19, -39.211765
7, 20, -22.728673
7, 21, -31.907383
7, 22, 15.923110
7, 23, -11.895763
7, 25, -12.759514
7, 26, -29.824757
7, 27, 2.673310
7, 28, -52.000000
7, 29, -23.966654
7, 31, 18.692783
7, 32, 0.691650
7, 33, -19.092028
7, 34, -7.283076
7, 35, 0.937154
7, 36, 9.780516
7, 38, -24.951648
7, 39, -10.552871
7, 40, -11.424885
7, 41, 20.693290
7, 42, -55.717083
7, 43, -38.088633
7, 44, -29.710982
7, 46, -9.233400
7, 47, 7.292093
7, 50, 18.782848
8, 1, -1.986933
8, 4, -22.777467
8, 5, -0.042157
8, 6, -1.331383
8, 8, -28.071947
8, 9, -30.139279
8, 10, -3.437379
8, 11, -21.587263
8, 12, 20.333248
8, 13, 8.020421
8, 14, 19.968187
8, 16, -11.693780
8, 19, -37.994620
8, 20, -17.662763
8, 21, -35.369994
8, 22, 36.735249
8, 23, -14.343111
8, 24, -2.000000
8, 25, -14.479614
8, 26, -31.669666
8, 27, 6.368931
8, 29, -25.398787
8, 30, -25.296941
8, 32, 2.979104
8, 33, -8.604246
8, 34, -4.892825
8, 35, -0.883030
8, 36, 1.386122
8, 37, -42.598317
8, 38, -24.399174
8, 39, -13.242675
8, 41, 10.549047
8, 42, -56.266265
8, 43, 99999.000000
8, 44, -38.581640
8, 45, -8.082151
8, 46, -7.170199
8, 47, 11.229955
8, 48, -1.104317
8, 49, 14.000000
8, 50, 18.085733
9, 3, -19.978535
9, 5, 2.448162
9, 6, 5.237127
9, 8, -18.849206
9, 9, 0.327386
9, 10, -6.058529
9, 11, -26.177835
9, 12, 21.081004
9, 13, 8.199353
9, 14, 16.999840
9, 15, 23.000000
9, 16, -20.775603
9, 17, 60.000000
9, 18, -12.000000
9, 19, -39.816792
9, 20, -15.224319
9, 21, -38.046924
9, 22, 17.024612
9, 23, -17.641734
9, 25, -17.790296
9, 26, -29.316214
9, 27, 10.385169
9, 29, -26.860842
9, 30, -22.465543
9, 31, -68.000000
9, 32, 5.117196
9, 33, 3.567794
9, 34, 1.619531
9, 35, -0.720661
9, 36, -5.786756
9, 37, -38.974841
9, 38, -22.488654
9, 39, -15.835285
9, 40, -10.048212
9, 41, 2.714007
9, 43, -2.475703
9, 44, -39.999449
9, 45, -3.659887
9, 46, -6.586478
9, 47, 13.801881
9, 48, -4.178314
9, 50, 15.647819
10, 1, 6.429253
10, 2, -40.334964
10, 3, -20.746187
10, 4, -15.570672
10, 5, 5.224839
10, 6, 12.118421
10, 7, -11.261783
10, 8, -11.525582
10, 9, -19.042754
10, 10, -10.102772
10, 13, 10.466653
10, 14, 13.235636
10, 16, -8.894101
10, 18, 99999.000000
10, 19, -38.579875
10, 20, -11.874158
10, 21, -41.792713
10, 22, 28.725932
10, 23, -17.396114
10, 24, -20.924371
10, 25, -24.106473
10, 26, -25.251612
10, 27, 14.515207
10, 29, -29.497033
10, 30, -20.785448
10, 32, 4.894017
10, 33, 13.263906
10, 34, 3.897195
10, 35, -1.764830
10, 36, -13.519218
10, 37, -39.852184
10, 38, -20.070776
10, 40, -3.488825
10, 41, -6.590371
10, 42, -52.908131
10, 43, 47.000000
10, 45, 2.458793
10, 46, -8.001359
10, 47, 17.455273
10, 48, -8.435557
10, 49, -1.661562
10, 50, 15.592758
11, 1, 9.960110
11, 2, -41.725916
11, 3, -21.998456
11, 4, -10.599301
11, 5, 7.611684
11, 6, 17.326376
11, 7, -12.004949
11, 8, -1.136886
11, 9, 5.890553
11, 10, -11.138650
11, 11, -30.674535
11, 12, -16.000000
11, 13, 11.614692
11, 14, 6.115095
11, 15, 0.000000
11, 16, -8.620845
11, 17, -8.485439
11, 20, -11.458483
11, 21, -42.429516
11, 22, 17.916326
11, 23, -18.260309
11, 24, -18.992417
11, 25, -29.330652
11, 26, -21.430806
11, 27, 18.859966
11, 28, 9.550294
11, 30, -19.299209
11, 32, 4.347672
11, 33, 22.557255
11, 34, 8.782622
11, 35, 0.017639
11, 36, -16.639962
11, 37, -37.626191
11, 38, -16.284010
11, 39, 3.684308
11, 40, 5.494778
11, 41, -10.136693
11, 42, -53.838374
11, 44, 10.336439
11, 45, 6.994461
11, 46, -11.167002
11, 47, 20.340166
11, 48, -15.874879
11, 49, 2.656585
11, 50, 14.623836
12, 1, 9.694223
12, 2, -43.315938
12, 3, -24.344537
12, 4, -6.815452
12, 6, 19.731261
12, 7, -12.162161
12, 8, 6.986387
12, 9, -0.357004
12, 10, -12.499582
12, 11, -29.144589
12, 13, 13.298813
12, 14, -0.918692
12, 15, 11.221293
12, 16, -4.184073
12, 17, -6.892452
12, 18, 2.839890
12, 19, -7.579208
12, 20, -10.071179
12, 21, -47.376560
12, 22, 22.828869
12, 23, -15.121390
12, 24, -16.473590
12, 25, -34.928019
12, 26, -14.386496
12, 27, 23.956754
12, 28, 9.449706
12, 29, 80.000000
12, 31, 19.294645
12, 32, 1.785143
12, 33, 26.785867
12, 37, -40.144013
12, 38, -10.958351
12, 39, 1.312617
12, 40, 18.365541
12, 41, -15.490131
12, 42, -54.975213
12, 43, -2.728217
12, 44, 7.074487
12, 45, 9.884419
12, 46, -15.586947
12, 47, 23.428236
12, 48, -21.944628
12, 49, 6.068240
13, 1, 12.292715
13, 2, -46.593084
13, 3, -26.511370
13, 4, 0.733188
13, 5, 47.678148
13, 6, 18.276597
13, 7, -15.293352
13, 8, 15.207142
13, 9, 14.894925
13, 11, -27.412297
13, 12, 99999.000000
13, 14, -10.962161
13, 15, 99999.000000
13, 16, -1.540448
13, 17, -4.149007
13, 18, 2.064472
13, 19, -5.194407
13, 20, -10.058910
13, 21, -44.560702
13, 22, 17.018212
13, 23, -12.545278
13, 24, -15.372071
13, 25, -37.930923
13, 26, -9.191451
13, 27, 27.810121
13, 30, -42.090682
13, 31, 17.705355
13, 32, -1.391924
13, 34, -4.649642
13, 35, -17.861887
13, 36, -44.120706
13, 37, -39.196216
13, 38, -5.535350
13, 39, -1.004149
13, 40, 29.519589
13, 41, -14.861723
13, 43, -6.636414
13, 44, 3.328521
13, 46, -20.192597
13, 48, -28.848247
13, 49, 9.436309
13, 50, 24.453309
14, 1, 11.693861
14, 2, -48.885098
14, 3, -29.274968
14, 4, 5.578721
14, 5, 45.158189
14, 6, 14.122502
14, 7, -17.424929
14, 8, 18.928219
14, 9, 13.222366
14, 10, 23.194005
14, 11, -25.766593
14, 12, 11.961589
14, 13, -14.036360
14, 14, -19.180662
14, 16, 99999.000000
14, 17, -1.878737
14, 18, 1.869885
14, 19, -1.454409
14, 20, -8.613147
14, 21, -50.920234
14, 22, 16.536040
14, 23, -7.153325
14, 24, -14.805261
14, 25, -38.790086
14, 26, -2.269401
14, 27, 32.114855
14, 28, -37.315392
14, 30, -50.769741
14, 32, -5.394409
14, 33, -41.511809
14, 34, -1.350358
14, 35, -13.591059
14, 36, -43.879294
14, 37, -42.249057
14, 38, 1.819542
14, 39, -2.841324
14, 40, 40.835150
14, 41, -17.793979
14, 42, 99999.000000
14, 43, -12.610605
14, 44, -1.071643
14, 46, -24.340081
14, 47, -13.095488
14, 48, -31.775820
14, 50, 21.047804
15, 1, 15.041806
15, 2, -51.577576
15, 3, -30.547902
15, 4, 12.227566
15, 5, 45.091134
15, 6, 7.846084
15, 7, -20.456747
15, 9, 19.597531
15, 10, 20.502174
15, 11, -24.587735
15, 12, -11.148757
15, 13, -10.943466
15, 14, -29.787513
15, 15, 99999.000000
15, 16, 0.187612
15, 18, 2.166831
15, 19, 0.638784
15, 20, -7.293419
15, 21, 99999.000000
15, 22, 10.237489
15, 23, -3.072988
15, 24, -15.648996
15, 25, -37.575411
15, 26, 2.472372
15, 27, 33.909003
15, 28, -36.213666
15, 29, 39.495870
15, 30, -40.267202
15, 31, -84.000000
15, 32, -9.919574
15, 33, -43.161051
15, 35, -4.235968
15, 37, -41.390502
15, 38, 6.728042
15, 39, -3.698625
15, 40, 47.392061
15, 41, -15.950533
15, 42, 40.000000
15, 43, -19.984715
15, 45, -10.426863
15, 46, -26.509309
15, 47, -13.717398
15, 49, 10.728547
15, 50, 15.848040
16, 1, 17.106838
16, 2, -52.330206
16, 3, -31.524207
16, 4, 16.107203
16, 5, 42.094426
16, 6, 1.514484
16, 7, -21.709807
16, 8, -18.098554
16, 10, 20.953538
16, 11, -23.799382
16, 12, 9.739705
16, 13, -10.411388
16, 14, -37.047038
16, 15, -41.412026
16, 16, -5.205033
16, 17, 54.354997
16, 20, -4.349133
16, 21, 19.768394
16, 22, 4.823608
16, 23, 1.191270
16, 24, -16.234614
16, 25, -33.727410
16, 26, 7.191401
16, 27, 35.503285
16, 28, -35.961317
16, 29, 36.272672
16, 30, -51.804716
16, 32, -14.003927
16, 33, -44.217772
16, 34, 2.000000
16, 35, 7.414284
16, 36, 66.000000
16, 38, 13.188184
16, 40, 51.928560
16, 41, -18.399152
16, 43, -25.711781
16, 44, 27.700118
16, 45, -12.006964
16, 46, -27.449816
16, 47, -13.751812
16, 48, -9.020120
16, 49, 7.503742
16, 50, 9.483743
17, 1, 22.772501
17, 2, -52.575882
17, 4, 20.328611
17, 5, 40.657348
17, 6, -4.367584
17, 7, -21.953096
17, 8, -19.632312
17, 9, -28.955181
17, 10, 17.085382
17, 11, -23.193548
17, 12, -8.235853
17, 13, -8.850914
17, 14, -45.038382
17, 15, -8.293406
17, 16, -0.757942
17, 17, 52.645003
17, 18, 20.384290
17, 19, 86.000000
17, 20, -0.874125
17, 21, 5.603781
17, 22, -3.125744
17, 23, 2.601440
17, 25, -29.655857
17, 26, 10.785128
17, 27, 34.494788
17, 28, -37.446435
17, 29, 33.992119
17, 30, -38.642532
17, 31, 99999.000000
17, 32, -18.375610
17, 33, -45.123884
17, 35, 19.495387
17, 38, 15.000945
17, 39, 24.520902
17, 42, -8.379578
17, 43, -29.092670
17, 44, 27.424296
17, 45, -11.108509
17, 46, -26.137870
17, 47, -16.035706
17, 48, -5.773313
17, 49, 6.256544
17, 50, 2.609037
18, 1, 27.600971
18, 2, -51.260077
18, 3, -73.000000
18, 4, 22.422916
18, 5, 34.551044
18, 6, -9.357097
18, 7, -21.152998
18, 8, -22.104389
18, 9, -26.111104
18, 10, 16.826728
18, 12, 7.412371
18, 13, -10.489159
18, 14, -48.414777
18, 15, -38.657132
18, 16, -4.719939
18, 18, 15.578044
18, 20, 4.090572
18, 21, 12.437566
18, 22, -9.331812
18, 24, -32.792945
18, 25, -23.849131
18, 26, 13.870678
18, 27, 33.677733
18, 29, 31.254167
18, 30, 99999.000000
18, 32, -20.512661
18, 34, 23.000000
18, 35, 28.672425
18, 36, 21.650882
18, 37, 73.000000
18, 38, 17.709123
18, 39, 23.308220
18, 40, -0.388715
18, 41, 39.709569
18, 42, -5.967114
18, 44, 26.028860
18, 45, -10.771342
18, 46, -24.208879
18, 47, -16.683113
18, 48, -2.923872
18, 49, 1.879147
18, 50, -4.038524
19, 1, 33.016296
19, 2, -50.015760
19, 4, 24.646833
19, 5, 28.674733
19, 6, -14.157617
19, 7, -19.629854
19, 8, -26.251580
19, 9, -23.413643
19, 10, 12.985432
19, 11, -9.467689
19, 13, -11.093191
19, 14, -51.212884
19, 15, -17.120714
19, 16, -5.067129
19, 17, -55.936169
19, 18, 12.603221
19, 19, -7.816847
19, 20, 8.599400
19, 21, 1.551360
19, 22, -14.105949
19, 23, -5.675736
19, 24, -35.207055
19, 25, -18.470230
19, 26, 16.440852
19, 27, 31.740504
19, 28, 0.110180
19, 29, 30.604187
19, 30, -57.087590
19, 31, -90.000000
19, 33, 16.964121
19, 35, 33.653743
19, 36, 21.349118
19, 38, 15.567822
19, 39, 18.056689
19, 40, -0.382462
19, 41, 37.926912
19, 42, -5.997033
19, 45, -8.220350
19, 46, -20.360559
19, 48, 0.821491
19, 49, 0.574727
19, 50, -10.716816
20, 1, 35.706682
20, 3, 62.000000
20, 4, 26.531769
20, 5, 17.685241
20, 6, -18.922632
20, 8, -29.973403
20, 10, 13.666919
20, 11, -10.303889
20, 15, -35.744232
20, 16, -8.742205
20, 17, -53.283054
20, 18, 7.544089
20, 19, -4.050847
20, 20, 13.600644
20, 21, 5.377589
20, 23, -6.311332
20, 25, -12.655767
20, 27, 31.136753
20, 28, -2.025452
20, 29, 30.326148
20, 30, -78.000000
20, 33, 15.074567
20, 34, 13.713142
20, 37, -36.725473
20, 39, 15.068069
20, 40, 1.826776
20, 41, 36.953894
20, 42, -6.181391
20, 43, 63.000000
20, 44, 4.051585
20, 46, -15.793690
20, 47, 35.379398
20, 49, -3.513959
20, 50, -16.064745
21, 2, 66.000000
21, 4, 28.995314
21, 5, 7.121097
21, 6, -24.283595
21, 7, -21.667547
21, 8, -33.543617
21, 11, -12.568676
21, 12, -39.485190
21, 13, -58.824821
21, 14, 11.000805
21, 15, -24.183793
21, 16, -13.737026
21, 17, -47.429535
21, 18, 5.781724
21, 19, 4.646344
21, 20, 17.007233
21, 21, 1.480462
21, 23, -5.050339
21, 25, -7.705964
21, 28, -9.151477
21, 31, 0.448273
21, 32, -13.000000
21, 33, 16.472887
21, 34, 21.208149
21, 35, 0.964420
21, 36, -36.867894
21, 37, -38.274527
21, 38, 8.669257
21, 39, 9.784217
21, 40, 1.606432
21, 41, 37.118425
21, 42, -9.059097
21, 43, 75.241411
21, 44, 0.300864
21, 45, 9.621970
21, 46, -9.592637
21, 47, 32.138616
21, 48, -35.808807
21, 49, -4.287258
21, 50, -20.546419
22, 1, -96.000000
22, 2, 99999.000000
22, 3, 26.687557
22, 4, 32.380763
22, 5, -6.453197
22, 6, -29.130591
22, 7, -19.268572
22, 10, -13.953397
22, 11, -12.463704
22, 12, -36.911648
22, 13, -57.175179
22, 14, 12.587617
22, 15, -34.058397
22, 16, -18.070592
22, 17, -39.671338
22, 18, 2.618765
22, 19, 12.674071
22, 20, 20.767334
22, 21, 5.761144
22, 22, 80.550294
22, 23, -6.048331
22, 24, -56.470120
22, 25, -3.976829
22, 26, 46.667348
22, 28, -14.141930
22, 31, -1.637910
22, 33, 16.242649
22, 34, 4.804472
22, 35, 2.141142
22, 36, -34.665708
22, 38, 7.932074
22, 39, 8.437858
22, 40, 3.090863
22, 42, -11.933876
22, 43, 99999.000000
22, 44, -4.767979
22, 45, 7.442536
22, 46, -2.820598
22, 47, 28.555672
22, 48, -33.706991
22, 49, -7.489358
22, 50, -22.293037
23, 3, 25.183953
23, 4, 35.618348
23, 5, -17.412551
23, 6, -33.948604
23, 7, -15.873199
23, 8, 3.494622
23, 9, 3.047314
23, 10, -10.434855
23, 11, -13.538597
23, 12, -33.283548
23, 14, 13.995556
23, 16, -25.409686
23, 17, -30.039669
23, 18, 3.128938
23, 19, 21.000477
23, 20, 22.516179
23, 21, 6.513551
23, 22, 80.449706
23, 23, -5.015339
23, 24, -53.801821
23, 25, -1.816627
23, 26, 45.838406
23, 28, -21.935123
23, 30, 21.144519
23, 31, -6.010328
23, 32, 91.000000
23, 33, 19.393285
23, 34, 15.108612
23, 35, 7.826382
23, 36, -31.708916
23, 37, 76.000000
23, 38, 8.123655
23, 39, 4.744391
23, 40, 2.555758
23, 41, 22.388726
23, 42, -15.632925
23, 43, -7.010067
23, 44, -8.906707
23, 45, 4.837822
23, 46, 4.331465
23, 47, 24.505516
23, 48, -33.257940
23, 49, -7.336415
24, 1, 14.923609
24, 2, -73.000000
24, 3, 24.327325
24, 4, 39.918193
24, 5, -27.064570
24, 6, -36.600676
24, 7, -13.921879
24, 8, 5.191477
24, 9, -0.060697
24, 10, -7.017504
24, 11, -12.150993
24, 12, -29.071855
24, 13, 33.000000
24, 14, 16.946340
24, 15, 0.229158
24, 16, -29.173144
24, 17, -19.547811
24, 19, 24.180098
24, 20, 24.691653
24, 21, 9.908156
24, 24, -55.510043
24, 26, 44.556286
24, 27, -26.527023
24, 28, -25.658782
24, 29, -49.145789
24, 30, 18.323134
24, 31, -11.849902
24, 33, 20.165894
24, 34, -4.787488
24, 35, 11.114767
24, 36, -27.486792
24, 37, 99999.000000
24, 38, 8.412714
24, 39, 4.007437
24, 40, 4.060978
24, 41, 26.329728
24, 42, -18.610388
24, 43, 19.499470
24, 44, -12.098364
24, 45, 3.523805
24, 46, 10.029116
24, 47, 20.579068
24, 49, -9.216134
24, 50, -62.000000
25, 1, 14.468006
25, 3, 24.643431
25, 4, 42.513606
25, 5, -30.893434
25, 7, -13.068508
25, 8, 6.541984
25, 9, -3.850567
25, 10, -2.146900
25, 11, -12.235572
25, 12, -25.194528
25, 15, -1.637200
25, 16, -34.566910
25, 17, -8.573703
25, 18, 14.000000
25, 20, 24.394941
25, 21, 10.667590
25, 22, -0.556807
25, 24, -54.200833
25, 25, 25.000000
25, 27, -23.319543
25, 28, -30.559920
25, 29, -48.538421
25, 30, 16.556833
25, 31, -18.517899
25, 33, 23.861805
25, 34, 99999.000000
25, 35, 16.985462
25, 36, -22.793302
25, 38, 9.364068
25, 39, -1.578397
25, 40, 4.182440
25, 41, 29.367457
25, 42, -20.376594
25, 43, -1.492694
25, 44, -12.850983
25, 46, 13.433668
25, 47, 16.680063
25, 48, -9.300101
26, 1, 13.839991
26, 2, -51.422469
26, 3, 26.611757
26, 4, 45.406814
26, 6, 14.896209
26, 8, 7.147662
26, 9, -9.740052
26, 10, 0.413273
26, 11, -10.234817
26, 12, -22.083583
26, 13, 54.316002
26, 14, -48.035153
26, 15, -1.686345
26, 17, 1.985530
26, 19, -36.226754
26, 20, 24.165752
26, 21, 11.619351
26, 22, 1.149804
26, 23, -15.635809
26, 24, -57.626746
26, 26, -21.988372
26, 27, -18.330475
26, 28, -31.174232
26, 29, -50.971791
26, 30, 13.085021
26, 31, -25.446758
26, 32, -44.000000
26, 33, 25.253051
26, 34, 29.975216
26, 35, 19.628084
26, 36, -17.558048
26, 39, -4.637271
26, 41, 32.809903
26, 42, -21.883128
26, 43, 19.270143
26, 44, -12.690503
26, 47, 12.653133
26, 48, -8.944059
26, 49, 38.000000
26, 50, -38.640405
27, 1, 13.798283
27, 2, -50.577531
27, 3, 29.308245
27, 4, 45.477276
27, 5, -12.749988
27, 6, 15.196346
27, 7, 16.506361
27, 9, -15.245113
27, 10, 3.049584
27, 12, -19.536330
27, 13, 55.683998
27, 14, -48.302942
27, 15, -3.712616
27, 16, -19.273865
27, 17, 10.459441
27, 18, -0.386479
27, 19, -32.841693
27, 20, 22.184938
27, 21, 11.575379
27, 22, 0.364414
27, 23, -13.332064
27, 24, -57.778157
27, 25, -56.000000
27, 26, -23.109355
27, 27, -15.322827
27, 28, -32.976206
27, 29, -51.490796
27, 30, 11.692615
27, 31, -31.100642
27, 32, -50.120706
27, 33, 29.441588
27, 34, 7.294064
27, 35, 23.039576
27, 36, -12.178290
27, 37, 8.430828
27, 38, -8.117482
27, 39, -14.246076
27, 40, -19.051574
27, 42, -21.303108
27, 43, 9.417373
27, 44, -10.711074
27, 45, -20.865043
27, 46, 4.123122
27, 47, 8.946368
27, 48, -6.054316
27, 50, -36.706762
28, 3, 32.038966
28, 5, -12.186146
28, 6, 10.978180
28, 7, 18.545428
28, 8, -21.222533
28, 9, -21.952976
28, 12, -18.301455
28, 14, -50.410098
28, 16, -16.103321
28, 17, 16.004830
28, 18, -2.232268
28, 19, -28.036088
28, 20, 20.961340
28, 21, 12.088765
28, 22, -1.788247
28, 23, -8.470068
28, 24, -61.429991
28, 26, -22.188142
28, 27, -13.284317
28, 28, -31.614153
28, 29, -54.282567
28, 30, 9.582529
28, 31, -36.105828
28, 32, 99999.000000
28, 33, 31.170674
28, 34, 27.055122
28, 35, 24.029775
28, 36, -6.679690
28, 37, 11.569172
28, 38, -8.913273
28, 39, -18.765815
28, 40, -16.657946
28, 41, -27.978442
28, 42, -21.536281
28, 43, 24.421024
28, 44, -9.688305
28, 45, -20.657120
28, 46, 1.686808
28, 47, 5.879575
28, 48, -7.086695
28, 49, -81.120706
28, 50, -32.121856
29, 1, 14.212362
29, 5, -4.565529
29, 6, 8.836080
29, 7, 21.124310
29, 8, -23.777467
29, 9, -27.626882
29, 10, 22.260758
29, 11, 70.382154
29, 13, 99999.000000
29, 15, 99999.000000
29, 16, -11.159496
29, 18, -5.224330
29, 19, -22.220377
29, 20, 20.251260
29, 21, 13.165440
29, 22, -6.676630
29, 23, -2.651791
29, 24, -61.055396
29, 25, 8.254039
29, 26, -23.472432
29, 27, -14.576902
29, 30, 9.381953
29, 31, -38.127432
29, 32, -3.830871
29, 34, 11.359634
29, 35, 24.903853
29, 36, -1.553188
29, 38, -12.471099
29, 39, -31.536798
29, 40, -14.534312
29, 41, -26.828187
29, 42, -18.726684
29, 43, 22.817750
29, 44, -8.606725
29, 45, -23.694326
29, 46, 0.516724
29, 48, -6.093195
29, 49, -80.879294
29, 50, -29.503606
30, 1, 9.940250
30, 2, -40.182464
30, 3, 19.646957
30, 4, 8.390986
30, 5, -5.519693
30, 6, 3.516606
30, 9, -33.942861
30, 10, 25.075302
30, 11, 68.044116
30, 12, 50.916782
30, 13, -24.218520
30, 14, 21.778460
30, 15, 12.711235
30, 16, -6.422193
30, 17, -6.436661
30, 19, -16.932771
30, 20, 21.203264
30, 22, -12.697111
30, 23, 4.805263
30, 25, 9.177987
30, 26, -22.408943
30, 28, -8.194091
30, 29, -6.127492
30, 30, 8.724852
30, 32, -8.402352
30, 33, -62.000000
30, 34, 26.306935
30, 35, 24.113908
30, 36, 3.691073
30, 37, 12.701867
30, 38, -16.322943
30, 39, -32.640692
30, 40, -14.445327
30, 41, -27.670579
30, 42, -17.546499
30, 43, 33.192778
30, 45, -24.554976
30, 47, 24.241411
30, 48, -9.355800
30, 50, -25.037622
31, 1, 1.368513
31, 2, -40.564175
31, 3, 16.188738
31, 4, 5.980744
31, 5, 2.427771
31, 6, 2.554166
31, 7, -47.084061
31, 8, 18.836844
31, 9, -38.252601
31, 10, 28.265517
31, 11, 64.402137
31, 12, 50.225253
31, 13, 6.114052
31, 14, 21.684111
31, 15, 2.000000
31, 16, -3.237659
31, 17, -2.862158
31, 18, 63.000000
31, 19, -11.718829
31, 20, 23.690979
31, 21, 1.804264
31, 22, -18.794063
31, 23, 11.330154
31, 24, -53.984717
31, 25, 11.664564
31, 26, -24.350886
31, 28, -9.073717
31, 29, -3.953221
31, 30, 8.632212
31, 31, -69.000000
31, 32, -2.907282
31, 34, 16.172774
31, 35, 22.485432
31, 36, 7.782461
31, 37, 7.704657
31, 38, -21.544731
31, 39, -46.363303
31, 42, -12.817672
31, 43, 32.687616
31, 44, -85.000000
31, 45, -27.483614
31, 46, -33.926649
31, 47, 23.758589
31, 48, -10.686782
31, 50, -23.402700
32, 1, -7.386355
32, 2, -39.133174
32, 3, 14.335326
32, 4, 4.473955
32, 5, -4.108626
32, 6, -0.042300
32, 7, -45.222240
32, 8, 17.077521
32, 9, -42.131853
32, 10, 30.957774
32, 11, 57.184462
32, 12, 47.658335
32, 13, -12.165705
32, 14, 19.197357
32, 16, -2.697855
32, 17, 2.842465
32, 19, -8.412792
32, 20, 26.802421
32, 21, -2.269990
32, 22, -23.694990
32, 23, 18.998085
32, 24, -54.756324
32, 25, 14.797513
32, 26, -24.243824
32, 28, -6.812677
32, 29, -1.587738
32, 30, 7.973337
32, 31, 99999.000000
32, 33, -49.000000
32, 35, 19.733009
32, 36, 11.346428
32, 37, 2.966240
32, 38, -25.346053
32, 39, -38.125436
32, 40, -3.998422
32, 42, -10.329204
32, 46, -35.073351
32, 48, -15.241052
32, 49, 17.562860
32, 50, -19.721714
33, 1, -16.072985
33, 2, -38.005806
33, 3, 10.223967
33, 4, 5.171548
33, 5, 4.197378
33, 6, 1.998647
33, 7, -42.993878
33, 8, 16.992194
33, 11, 49.095518
33, 12, 44.898676
33, 13, 11.399517
33, 14, 20.452818
33, 15, 55.000000
33, 16, -4.252271
33, 17, 9.594465
33, 18, -21.663880
33, 19, -5.448199
33, 20, 30.792063
33, 21, -8.271381
33, 22, -25.651383
33, 23, 23.408385
33, 24, -56.079469
33, 25, 18.092276
33, 26, -27.244387
33, 27, -24.570369
33, 28, -6.150087
33, 29, -0.699040
33, 31, -13.685238
33, 32, -4.522796
33, 34, 11.000000
33, 35, 16.995392
33, 37, -2.690622
33, 38, -28.567856
33, 39, -52.593174
33, 40, -1.706828
33, 42, -5.399208
33, 45, 16.405473
33, 47, -65.580069
33, 48, -17.770515
33, 49, 15.933663
33, 50, -19.435159
34, 1, -21.946001
34, 2, -34.545507
34, 3, 8.737311
34, 4, 7.949235
34, 5, 99999.000000
34, 6, 1.972657
34, 8, 13.852646
34, 9, -54.324338
34, 10, -6.486958
34, 11, 38.360647
34, 12, 40.222612
34, 13, 3.191254
34, 14, 20.403503
34, 16, -7.512335
34, 17, 15.819841
34, 18, -20.336120
34, 19, -4.968050
34, 20, 33.539938
34, 21, -12.158507
34, 23, 28.083640
34, 24, -56.918187
34, 26, -28.099761
34, 27, -21.772841
34, 28, -3.439906
34, 29, -0.047636
34, 30, 4.000000
34, 31, -55.000000
34, 32, -3.320906
34, 33, 22.153821
34, 35, 14.024099
34, 36, -1.508368
34, 37, -4.835827
34, 39, 99999.000000
34, 40, -1.600531
34, 41, 16.000000
34, 42, -4.231117
34, 43, -20.664290
34, 44, 39.347115
34, 45, 12.064885
34, 46, 85.000000
34, 47, -95.939647
34, 48, -21.634752
34, 49, 10.658714
34, 50, -16.846155
35, 1, -24.075615
35, 2, -30.428263
35, 3, 5.977356
35, 4, 12.807557
35, 5, 36.000000
35, 7, -25.687225
35, 8, 12.950185
35, 9, -53.535305
35, 10, -7.138726
35, 11, 28.530773
35, 12, 34.737930
35, 13, 18.068822
35, 14, 24.056062
35, 15, -90.000000
35, 17, 20.278160
35, 19, -4.837142
35, 21, -15.846377
35, 22, -41.153595
35, 23, 27.690396
35, 24, -57.562613
35, 25, -15.188177
35, 27, -18.930505
35, 28, -3.825807
35, 29, -1.533552
35, 32, -4.226914
35, 33, 20.846179
35, 34, -12.913769
35, 35, 12.887642
35, 36, 2.191867
35, 38, 7.111315
35, 39, -8.618866
35, 40, -1.899499
35, 41, 25.181058
35, 43, -20.949446
35, 44, 40.300755
35, 45, 11.915366
35, 47, -61.973671
35, 48, -22.459204
35, 49, 5.481928
35, 50, -17.626690
36, 1, -22.449597
36, 2, -24.581634
36, 3, 5.745870
36, 4, 18.314003
36, 6, -93.000000
36, 7, -42.094709
36, 8, 8.785475
36, 9, -53.752592
36, 10, -12.321657
36, 11, 18.719462
36, 12, 28.501696
36, 15, 99999.000000
36, 18, -10.038995
36, 19, -6.692119
36, 20, -18.906306
36, 21, -16.053636
36, 22, -40.188077
36, 23, 27.353910
36, 25, -15.811823
36, 26, -52.370928
36, 27, -14.415287
36, 28, -3.134944
36, 29, -2.360068
36, 30, -10.301764
36, 31, 12.874336
36, 32, -4.046646
36, 34, -13.109852
36, 35, 10.978909
36, 36, 10.121329
36, 37, 0.000000
36, 38, 2.969070
36, 39, 25.980950
36, 40, -4.005384
36, 41, 99999.000000
36, 42, 5.107132
36, 43, -22.247587
36, 44, 40.150729
36, 45, 7.574056
36, 46, -5.914751
36, 47, 99999.000000
36, 49, -1.523865
36, 50, -15.614020
37, 1, -16.363507
37, 2, -18.430749
37, 4, 23.834640
37, 5, -13.000000
37, 7, -20.409569
37, 8, 6.903279
37, 10, -17.809831
37, 11, 12.858153
37, 12, 22.563080
37, 13, 5.310371
37, 14, -26.535232
37, 15, 32.802477
37, 16, -43.000000
37, 17, -24.023863
37, 18, -6.961005
37, 19, -8.252143
37, 20, -21.489360
37, 21, -16.800628
37, 22, -36.088524
37, 23, 21.573331
37, 24, 35.397683
37, 26, -53.081634
37, 27, -12.593950
37, 28, -5.311699
37, 29, -5.878883
37, 30, -9.698236
37, 31, 14.494938
37, 32, -5.853995
37, 33, 4.571652
37, 34, -15.218358
37, 35, 12.051518
37, 36, 17.853931
37, 38, 0.266893
37, 39, -6.289994
37, 40, -5.111105
37, 41, 99999.000000
37, 42, 3.897775
37, 44, 41.580797
37, 45, 8.920413
37, 46, 48.241411
37, 47, -80.000000
37, 48, 7.632004
37, 49, -6.750276
37, 50, -16.294456
38, 1, -8.983040
38, 2, -12.557130
38, 4, 27.848921
38, 6, 2.961118
38, 7, 99999.000000
38, 8, 2.338280
38, 10, -25.699564
38, 12, 18.543541
38, 13, 8.781781
38, 14, -22.827144
38, 15, 12.678153
38, 17, -23.479982
38, 19, -9.947097
38, 20, -26.046757
38, 21, -15.169520
38, 22, -33.437910
38, 23, 16.933819
38, 24, 35.946772
38, 25, -29.652407
38, 26, -52.492902
38, 28, -5.619709
38, 29, -7.855411
38, 31, 16.348793
38, 32, -5.683884
38, 33, 7.428348
38, 34, -18.880054
38, 35, 10.763188
38, 36, 27.715137
38, 37, -10.164988
38, 38, -2.527357
38, 39, 14.735566
38, 40, -6.084793
38, 42, 1.376566
38, 43, 62.000000
38, 44, 41.524686
38, 45, 7.839488
38, 46, -11.016485
38, 48, 10.367996
38, 49, -11.414673
39, 1, -0.008627
39, 2, -7.866596
39, 3, 72.098324
39, 4, 30.904651
39, 5, 24.767816
39, 6, 2.020183
39, 7, 18.550620
39, 8, -0.185812
39, 9, 15.801789
39, 10, -31.427989
39, 12, 16.724444
39, 13, 13.898275
39, 14, -24.618431
39, 15, 27.730413
39, 16, 2.011733
39, 17, -20.061321
39, 18, 84.000000
39, 19, -10.180881
39, 20, -31.406527
39, 21, -15.455338
39, 22, -28.182351
39, 23, 8.085213
39, 24, 37.603579
39, 25, -25.007119
39, 26, -54.708681
39, 27, -22.957315
39, 28, -8.022024
39, 29, -12.665690
39, 30, 43.119230
39, 32, -6.839688
39, 34, -23.647379
39, 35, 12.869442
39, 36, 34.991761
39, 37, -8.884826
39, 38, -1.485205
39, 39, -8.265086
39, 41, -45.418180
39, 42, -1.081025
39, 44, 42.741930
39, 45, 12.466830
39, 46, 99999.000000
39, 49, -12.875320
40, 1, 5.797796
40, 2, -5.507581
40, 3, 71.141379
40, 4, 31.999155
40, 5, 23.699745
40, 6, 1.465782
40, 7, 0.320467
40, 8, -3.759767
40, 9, 15.673295
40, 10, -36.196286
40, 11, -87.000000
40, 13, 20.075053
40, 14, -22.626645
40, 15, 10.640455
40, 16, 0.499571
40, 17, -17.981052
40, 19, -9.698141
40, 20, -35.611363
40, 21, -14.830198
40, 22, -25.661377
40, 23, 3.156054
40, 24, 40.052823
40, 25, -28.289013
40, 27, -22.099544
40, 28, -8.252237
40, 29, -15.280551
40, 30, 38.956717
40, 31, -68.801832
40, 32, -5.173429
40, 33, -95.000000
40, 34, -28.286091
40, 35, 11.428400
40, 36, 42.245582
40, 37, -7.421165
40, 38, 0.083598
40, 39, 1.241589
40, 40, -20.883134
40, 41, -43.231621
40, 42, -2.302203
40, 43, -11.745591
40, 45, 15.719428
40, 46, -23.617766
40, 47, -25.441338
40, 48, -3.234256
40, 50, 26.953886
41, 1, 9.547902
41, 2, -5.186011
41, 3, 70.910851
41, 4, 32.601715
41, 5, 23.497709
41, 7, 7.429987
41, 8, -5.955543
41, 9, 16.688628
41, 11, 99999.000000
41, 12, -14.136816
41, 13, 24.745241
41, 14, -23.829415
41, 15, 20.314367
41, 16, 1.286263
41, 17, -14.551946
41, 18, 47.694635
41, 19, -8.154150
41, 20, -37.786091
41, 22, -20.934785
41, 23, -3.377037
41, 25, 99999.000000
41, 26, 85.000000
41, 27, -18.079956
41, 28, -10.740340
41, 29, -19.591733
41, 30, 36.386344
41, 31, -67.962418
41, 32, -4.363513
41, 34, -31.859772
41, 35, 14.094681
41, 36, 44.786145
41, 37, -4.075876
41, 38, 4.843575
41, 39, -8.709284
41, 40, -17.611707
41, 41, -42.391283
41, 42, -0.518203
41, 43, -13.254409
41, 44, 15.142028
41, 45, 22.276398
41, 46, -43.000000
41, 47, -24.444352
41, 48, -2.826719
41, 49, 30.591031
41, 50, 29.046114
42, 2, -7.023158
42, 5, 23.180660
42, 6, -2.739829
42, 7, -7.928456
42, 8, -8.449007
42, 9, 15.753698
42, 11, 20.235532
42, 12, -9.813798
42, 13, 29.606962
42, 14, -24.015429
42, 15, 3.991625
42, 16, 1.588157
42, 17, -13.329769
42, 18, 44.997532
42, 19, -6.829483
42, 21, 99999.000000
42, 22, -19.287971
42, 23, -3.672866
42, 24, 7.000000
42, 25, -36.415832
42, 26, 50.316002
42, 27, -14.670463
42, 28, -10.899743
42, 29, -20.603192
42, 30, 30.513383
42, 31, -65.678581
42, 32, -0.858381
42, 33, -15.604782
42, 35, 13.114076
42, 37, -1.881810
42, 38, 8.415540
42, 39, -3.168547
42, 40, -16.560065
42, 41, -40.919634
42, 42, 3.525784
42, 44, 13.857354
42, 45, 26.794737
42, 47, -25.353378
42, 48, -1.538285
42, 49, 26.427452
43, 1, 18.210069
43, 2, -10.662613
43, 3, 42.369236
43, 4, -1.212116
43, 5, 23.343058
43, 6, -5.661792
43, 7, -7.649760
43, 8, -11.170878
43, 9, 15.280414
43, 10, 3.982026
43, 11, 59.000000
43, 12, -6.071897
43, 13, 31.345439
43, 14, -20.548639
43, 15, 13.261454
43, 16, 3.740125
43, 17, -12.466742
43, 18, 44.990100
43, 20, 85.738471
43, 21, 31.389975
43, 22, -15.541990
43, 23, -3.917078
43, 25, -36.120977
43, 26, 99999.000000
43, 27, -7.622232
43, 28, -13.204560
43, 30, 27.184835
43, 31, -63.452654
43, 32, 1.252751
43, 33, -43.244742
43, 34, -54.804703
43, 35, 16.436307
43, 36, -41.862692
43, 37, 1.407276
43, 38, 13.382876
43, 39, -5.186871
43, 40, -16.338542
43, 42, 10.724687
43, 43, -32.203311
43, 44, 16.221390
43, 45, 31.766391
43, 46, -59.000000
43, 48, -0.613379
43, 49, 21.269710
43, 50, -81.000000
44, 1, 16.994330
44, 2, -14.155170
44, 3, 42.630764
44, 4, -1.096065
44, 6, -5.888964
44, 7, -14.983751
44, 8, -13.912851
44, 9, 13.148404
44, 10, 4.429654
44, 12, 0.459126
44, 13, 33.854188
44, 14, -23.966998
44, 15, -4.214298
44, 17, -14.479575
44, 18, 44.136123
44, 19, -88.000000
44, 20, 86.261529
44, 21, 13.191052
44, 22, -14.671799
44, 23, 1.535020
44, 24, 0.965644
44, 25, -34.763376
44, 26, 56.540838
44, 27, -0.757938
44, 28, -12.757196
44, 29, 4.455585
44, 30, 21.949389
44, 31, -60.843991
44, 32, 4.713682
44, 33, -3.522328
44, 34, -53.195297
44, 35, 16.149306
44, 36, -39.689190
44, 37, 2.551740
44, 38, 15.827517
44, 40, -19.143217
44, 41, -0.763173
44, 42, 18.396805
44, 43, -31.399727
44, 44, 15.132057
44, 45, 33.509727
44, 47, -9.553342
44, 49, 16.002542
44, 50, 99999.000000
45, 1, 10.648583
45, 2, -18.101613
45, 4, 2.673142
45, 5, 29.484062
45, 6, -10.525511
45, 7, -12.116615
45, 8, -16.738571
45, 9, 11.980632
45, 10, 9.460030
45, 11, -16.382142
45, 12, 2.842382
45, 13, 33.348448
45, 14, -13.911158
45, 15, 9.027183
45, 16, -41.402352
45, 17, -17.942346
45, 18, 45.346581
45, 21, 19.225577
45, 22, -11.985416
45, 23, 5.827796
45, 24, -0.965644
45, 25, -31.475511
45, 26, 52.946766
45, 27, 9.525487
45, 28, -13.894131
45, 29, 2.544415
45, 30, 19.526363
45, 31, -59.660532
45, 32, 5.236274
45, 33, -40.203614
45, 35, 19.541823
45, 36, -36.987265
45, 37, 4.414660
45, 38, 18.538225
45, 40, -22.308424
45, 41, -0.778761
45, 42, 27.457744
45, 43, -24.611773
45, 44, 16.722623
45, 46, -29.372897
45, 47, -6.858010
45, 48, 59.482822
45, 49, 13.353438
45, 50, 3.310123
46, 1, 6.246806
46, 2, -19.987221
46, 4, 8.080036
46, 5, 31.515938
46, 6, -12.534680
46, 7, -10.844828
46, 8, -18.813434
46, 9, 10.276608
46, 10, 12.380208
46, 11, -12.040866
46, 13, 34.173970
46, 14, -23.569858
46, 15, 99999.000000
46, 16, -40.597648
46, 17, -22.713132
46, 18, 99999.000000
46, 19, 3.920770
46, 20, 61.393106
46, 21, 2.390154
46, 22, -11.521120
46, 23, 12.825009
46, 25, -25.972215
46, 26, 58.080154
46, 27, 18.876232
46, 28, -12.440306
46, 30, 16.772670
46, 31, -58.972396
46, 32, 5.550257
46, 33, 9.543360
46, 34, -43.777687
46, 35, 19.192215
46, 36, -34.653849
46, 37, 4.211552
46, 38, 19.183300
46, 40, -26.648937
46, 41, -0.975411
46, 42, 34.965819
46, 43, -18.046220
46, 44, 14.556367
46, 45, -73.000000
46, 46, -30.100411
46, 47, -0.620627
46, 48, 58.517178
46, 50, 89.000000
47, 1, -1.693695
47, 2, -21.761034
47, 3, 13.142632
47, 4, 16.032679
47, 6, -18.489272
47, 7, -3.776896
47, 8, -19.417981
47, 9, 10.224956
47, 10, 18.476798
47, 11, -8.849972
47, 12, 52.000000
47, 13, 33.086998
47, 14, -9.576596
47, 15, 25.938407
47, 17, -27.650865
47, 18, -54.000000
47, 19, 7.079230
47, 20, 61.696931
47, 21, -0.548955
47, 22, -9.698011
47, 23, 16.149350
47, 24, -33.000000
47, 25, -18.762647
47, 27, 29.628099
47, 28, -12.746400
47, 29, 99999.000000
47, 31, -59.991711
47, 32, 2.162098
47, 33, 99999.000000
47, 34, -42.742931
47, 37, 5.354313
47, 38, 20.098718
47, 39, -2.606032
47, 40, -29.424504
47, 41, 1.911384
47, 42, 42.074733
47, 43, -7.225860
47, 44, 14.716014
47, 46, -29.885769
47, 47, 2.909593
47, 49, 25.555880
48, 1, -5.164017
48, 3, 11.623318
48, 4, 23.096070
48, 5, -24.770431
48, 6, -22.151876
48, 7, 0.151945
48, 8, -18.646863
48, 9, 10.461969
48, 10, 21.313600
48, 11, -3.840522
48, 12, 75.462704
48, 13, 33.371982
48, 14, 99999.000000
48, 15, -47.000000
48, 16, -49.790802
48, 17, -31.501901
48, 20, 62.800481
48, 21, -12.290684
48, 22, -9.506541
48, 23, 19.113793
48, 25, -12.164757
48, 26, -92.000000
48, 27, 37.515696
48, 30, -59.456621
48, 32, -0.794169
48, 33, 11.592969
48, 34, -44.288939
48, 35, -15.717114
48, 36, -2.979445
48, 37, 5.732824
48, 38, 20.459714
48, 39, -7.583904
48, 41, 4.758173
48, 42, 47.059873
48, 43, 0.118457
48, 44, 12.128783
48, 45, 36.525057
48, 46, -30.839045
48, 47, 6.811420
48, 48, -27.041770
48, 49, 24.541310
48, 50, 31.283915
49, 1, -10.260978
49, 2, 99999.000000
49, 3, 9.385319
49, 4, 29.488856
49, 5, -22.414077
49, 6, -27.851941
49, 7, 5.473391
49, 8, -16.236098
49, 9, 11.540318
49, 10, 26.191514
49, 11, -2.324823
49, 12, 99999.000000
49, 13, 33.216123
49, 14, -49.583410
49, 16, -48.727238
49, 17, -34.313495
49, 18, -37.186937
49, 19, -31.107707
49, 21, -13.497749
49, 22, -8.360875
49, 24, -76.000000
49, 25, -5.044485
49, 27, 44.007063
49, 28, -19.408231
49, 29, 23.356237
49, 30, -58.121164
49, 31, 43.564532
49, 32, -5.883329
49, 33, -2.367996
49, 34, -45.246756
49, 35, -13.282886
49, 36, -5.818127
49, 37, 8.124161
49, 38, 21.567142
49, 39, -12.125373
49, 40, 22.349118
49, 41, 9.808040
49, 42, 51.030780
49, 43, 8.851124
49, 45, 34.080765
49, 48, -28.383771
49, 49, 24.135146
49, 50, 32.727238
50, 1, -9.761157
50, 2, 40.000000
50, 3, 7.724905
50, 4, 32.337734
50, 5, -21.383935
50, 6, -30.395254
50, 8, -14.042971
50, 10, 26.805806
50, 12, 83.000000
50, 13, 34.133331
50, 14, -20.000000
50, 15, 61.000000
50, 16, -48.383427
50, 17, -35.038315
50, 18, -34.813063
50, 19, -31.892293
50, 20, 4.000000
50, 22, -8.071561
50, 23, 75.000000
50, 25, -2.167285
50, 26, 68.000000
50, 27, 46.057837
50, 28, -16.591769
50, 29, 24.643763
50, 30, -57.785363
50, 31, 45.435468
50, 32, -7.985120
50, 33, 14.891504
50, 34, -48.064254
50, 36, -9.796417
50, 37, 10.085890
50, 39, -16.407149
50, 40, 22.650882
50, 41, 12.577719
50, 42, 52.747054
50, 43, 11.211154
50, 44, -53.000000
50, 45, 32.522835
50, 46, -72.000000
50, 47, -8.000000
50, 48, -31.131954
50, 49, 22.960662
50, 50, 34.890313
