1, 1, 33.000000
1, 3, -22.448046
1, 4, 9.746258
1, 6, 4.162272
1, 7, 8.267705
1, 8, 34.498980
1, 9, -21.957592
1, 10, -19.000000
1, 11, -0.201906
1, 12, 99999.000000
1, 13, -86.000000
1, 14, -58.000989
1, 15, -38.000000
1, 16, -0.000309
1, 18, -90.999629
1, 19, -42.639634
1, 20, -27.663086
1, 21, -17.657125
1, 22, -9.529393
1, 23, 5.215073
1, 24, 21.957415
1, 25, -27.497024
1, 27, 62.000000
1, 28, 5.435204
1, 29, -41.000000
1, 30, -29.749216
1, 32, -6.620823
1, 33, -32.852737
1, 34, -12.758690
1, 35, -7.747384
1, 37, -82.000000
1, 38, -87.000000
1, 39, 82.000000
1, 40, -4.685451
1, 41, 15.822462
1, 42, -25.026058
1, 43, -38.556971
1, 45, 8.269375
1, 46, -81.000000
1, 47, -5.935513
1, 49, 45.000000
1, 50, 15.271003
2, 2, 51.480540
2, 3, -22.961690
2, 4, 9.142488
2, 5, -42.935679
2, 6, 4.385063
2, 7, 8.122255
2, 8, 34.501020
2, 9, -31.700380
2, 11, -0.597930
2, 14, -57.999011
2, 16, 28.285622
2, 17, 1.859549
2, 19, -42.961918
2, 20, -26.947410
2, 21, -17.829494
2, 22, -14.417994
2, 23, 4.791033
2, 24, 21.237147
2, 25, -27.737828
2, 28, 5.319629
2, 30, -36.480628
2, 31, 16.325928
2, 32, -6.325866
2, 33, -31.862441
2, 34, -11.409453
2, 35, -6.603764
2, 36, -70.500340
2, 40, -3.835702
2, 41, 15.706629
2, 42, -25.287991
2, 43, -36.094020
2, 44, -15.855796
2, 45, 7.355916
2, 47, -6.156839
2, 48, -8.736082
2, 50, 15.623163
3, 1, -12.436870
3, 2, 10.570112
3, 3, -22.467191
3, 4, 9.632595
3, 5, -42.250964
3, 6, 4.109233
3, 7, 8.270950
3, 9, -21.933371
3, 11, -1.275346
3, 12, 31.175310
3, 13, 99999.000000
3, 15, -25.998826
3, 17, -43.350624
3, 19, -42.276778
3, 20, -27.616830
3, 21, -19.328728
3, 22, -9.587588
3, 23, 3.804898
3, 24, 21.975569
3, 25, -26.987279
3, 26, -29.849611
3, 27, -0.028706
3, 28, 5.451025
3, 29, 56.977553
3, 30, -29.728359
3, 31, 16.232475
3, 32, -6.137270
3, 33, -30.571624
3, 34, -12.004257
3, 35, -7.137049
3, 36, -70.499660
3, 37, -79.000000
3, 38, 41.502935
3, 39, -2.692808
3, 40, -4.995123
3, 41, 15.815566
3, 42, -25.017134
3, 43, -38.563235
3, 44, -18.573850
3, 45, 8.322345
3, 47, -4.442230
3, 48, -8.678002
3, 49, -47.071870
3, 50, 15.293167
4, 1, -12.258885
4, 2, 51.480074
4, 3, -22.989479
4, 4, 8.988025
4, 5, -43.006844
4, 6, 4.342836
4, 8, -27.106650
4, 9, -31.707674
4, 10, -95.000000
4, 11, -2.596422
4, 12, 31.101377
4, 14, 13.410155
4, 15, -26.001174
4, 17, 1.901924
4, 19, -42.425406
4, 20, -26.909503
4, 21, -20.749179
4, 23, 2.081892
4, 24, 21.298599
4, 25, -26.786236
4, 26, -21.777803
4, 27, 0.732479
4, 29, 57.199742
4, 31, 16.361846
4, 32, -5.377948
4, 33, -27.401724
4, 34, -9.885607
4, 35, -5.492873
4, 38, 41.497065
4, 39, -3.576707
4, 40, -4.327056
4, 43, -36.077291
4, 44, -16.890075
4, 45, 7.410857
4, 47, -3.319455
4, 48, -8.753120
4, 49, -47.358961
4, 50, 15.641714
5, 1, -12.249135
5, 2, 10.411732
5, 3, -22.494011
5, 4, 9.498137
5, 5, -42.338022
5, 6, 4.222820
5, 7, 10.030038
5, 8, -27.936230
5, 11, -3.907746
5, 12, 31.157867
5, 13, 10.235629
5, 14, 13.518732
5, 19, -41.438287
5, 21, -23.635290
5, 23, 0.346725
5, 24, 22.060730
5, 25, -26.004170
5, 26, -28.589811
5, 27, 1.467354
5, 29, 56.994590
5, 31, 16.314519
5, 32, -4.894168
5, 33, -24.305625
5, 34, -9.999952
5, 35, -5.662746
5, 36, 1.103124
5, 39, -3.157592
5, 40, -5.548913
5, 41, 8.534248
5, 43, -38.604855
5, 44, -20.403282
5, 45, 8.357612
5, 47, -0.542604
5, 49, -47.080702
5, 50, 15.300894
6, 1, -11.957141
6, 3, -23.006869
6, 5, -43.075572
6, 6, 4.607322
6, 7, 9.756134
6, 8, -24.949644
6, 10, -4.043254
6, 11, -5.478863
6, 13, 9.549902
6, 14, 12.068105
6, 16, -24.808951
6, 19, -41.666476
6, 20, -16.913327
6, 21, -25.472794
6, 23, -2.055992
6, 24, 21.377931
6, 25, -25.750291
6, 26, -21.309441
6, 27, 3.502197
6, 31, 16.464235
6, 32, -3.962242
6, 33, -19.657899
6, 34, -7.354059
6, 35, -3.811372
6, 36, 1.785125
6, 38, -18.011808
6, 39, -4.339083
6, 40, -4.794429
6, 41, 9.393685
6, 42, -57.893979
6, 43, -36.073390
6, 44, -19.169161
6, 47, 1.363864
6, 49, -47.378170
7, 1, -11.934943
7, 3, -22.497199
7, 4, -21.496076
7, 6, 4.770042
7, 7, 9.962295
7, 8, -23.819890
7, 10, -5.042057
7, 11, -6.606322
7, 12, 22.405911
7, 13, 10.271665
7, 14, 10.862920
7, 16, -8.819629
7, 18, 26.496570
7, 19, -40.540672
7, 20, -15.825691
7, 21, -29.307131
7, 22, 30.849421
7, 23, -3.668121
7, 25, -25.438362
7, 26, -25.847487
7, 27, 5.499803
7, 29, -27.692128
7, 31, 16.402851
7, 32, -3.563482
7, 33, -15.780500
7, 34, -7.422194
7, 35, -3.946381
7, 36, 0.563431
7, 38, -17.653229
7, 39, -4.019584
7, 40, -5.818956
7, 41, 6.757332
7, 42, -58.274861
7, 44, -22.679693
7, 46, -13.543769
7, 47, 4.480019
7, 50, 17.848146
8, 1, -11.736638
8, 4, -21.503924
8, 5, 3.734246
8, 6, 5.262592
8, 8, -19.367661
8, 9, 7.291576
8, 10, -4.325209
8, 11, -7.583193
8, 12, 22.770987
8, 13, 9.646392
8, 14, 7.937123
8, 16, -22.583699
8, 19, -41.040373
8, 20, -16.012700
8, 21, -30.553130
8, 22, 15.094766
8, 23, -5.960287
8, 24, -2.000000
8, 25, -25.485235
8, 26, -19.686237
8, 27, 8.322403
8, 29, -27.279763
8, 30, -22.991469
8, 32, -2.897097
8, 33, -10.875998
8, 34, -4.714739
8, 35, -2.220807
8, 36, 0.862164
8, 37, -39.954822
8, 38, -16.697260
8, 39, -5.084527
8, 41, 6.169242
8, 42, -57.887083
8, 44, -21.018240
8, 45, -0.001623
8, 46, -13.597076
8, 47, 6.396437
8, 48, -15.817496
8, 49, 14.000000
8, 50, 17.012251
9, 3, -25.024386
9, 5, 3.651823
9, 6, 5.527301
9, 8, -17.152373
9, 9, -8.940070
9, 10, -5.495412
9, 11, -7.783680
9, 12, 22.403477
9, 13, 10.394154
9, 14, 5.465498
9, 15, 23.000000
9, 16, -8.596152
9, 17, 60.000000
9, 19, -39.981157
9, 20, -14.179249
9, 21, -34.944463
9, 22, 28.122771
9, 23, -6.758359
9, 25, -25.783890
9, 26, -21.447996
9, 27, 11.134574
9, 29, -27.722319
9, 30, -23.367360
9, 31, -68.000000
9, 32, -2.955249
9, 33, -7.599682
9, 34, -5.229965
9, 35, -2.614280
9, 36, -0.506949
9, 37, -41.790487
9, 38, -14.981653
9, 39, -4.458280
9, 40, 18.606206
9, 41, 2.212422
9, 44, -23.726737
9, 45, 0.370255
9, 46, -14.036747
9, 47, 9.057172
9, 48, -15.184451
9, 50, 17.813007
10, 1, 13.816586
10, 2, -46.648111
10, 3, -24.815762
10, 4, 2.104758
10, 5, 3.785498
10, 6, 5.760827
10, 7, -16.566961
10, 8, -12.422475
10, 9, 8.081277
10, 10, -4.834649
10, 13, 9.794820
10, 14, 1.100655
10, 16, -19.483321
10, 19, -40.803348
10, 20, -13.611564
10, 21, -34.684763
10, 22, 13.897800
10, 23, -8.378607
10, 24, -18.050411
10, 25, -26.125052
10, 26, -16.333408
10, 27, 14.150820
10, 29, -27.319940
10, 30, -22.947466
10, 32, -2.922547
10, 33, -3.883949
10, 34, -3.001814
10, 35, -1.262435
10, 36, -0.079402
10, 37, -39.895944
10, 38, -13.060296
10, 40, 18.184079
10, 41, 1.000231
10, 42, -54.072079
10, 43, -1.497003
10, 45, 0.132167
10, 46, -14.543885
10, 47, 10.232809
10, 48, -16.341240
10, 49, 3.496738
10, 50, 16.978702
11, 1, 12.706614
11, 2, -46.303446
11, 3, -25.282908
11, 4, 1.448128
11, 5, 3.702217
11, 6, 5.640910
11, 7, -16.052498
11, 8, -10.405484
11, 9, -6.988385
11, 10, -5.927147
11, 11, -26.875110
11, 12, -16.000000
11, 13, 10.513055
11, 14, -2.383670
11, 15, 10.999320
11, 16, -8.345544
11, 17, -4.843938
11, 20, -11.245413
11, 21, -39.385053
11, 22, 23.251804
11, 23, -8.148478
11, 24, -17.729601
11, 25, -26.667838
11, 26, -15.574321
11, 27, 17.237229
11, 28, 9.500154
11, 30, -23.334514
11, 32, -3.593672
11, 33, -2.535218
11, 34, -4.334550
11, 35, -2.099528
11, 36, -1.075303
11, 37, -41.718020
11, 38, -10.223477
11, 39, 0.312269
11, 40, 20.154636
11, 41, -3.433712
11, 42, -54.124623
11, 44, 3.750760
11, 45, 0.520787
11, 46, -15.359168
11, 47, 11.795245
11, 48, -16.071296
11, 49, 2.988225
11, 50, 17.794250
12, 1, 14.736973
12, 2, -46.970312
12, 3, -25.267410
12, 4, 3.704548
12, 6, 5.083082
12, 7, -16.801312
12, 8, -6.718479
12, 9, 9.264590
12, 10, -5.083222
12, 11, -26.837615
12, 13, 9.876832
12, 14, -7.785183
12, 16, -17.285590
12, 17, -4.696932
12, 18, 3.175566
12, 19, -3.883784
12, 20, -10.068392
12, 21, -36.976491
12, 22, 11.513446
12, 23, -8.994219
12, 24, -17.920087
12, 25, -26.920583
12, 26, -11.308607
12, 27, 19.915165
12, 28, 9.499846
12, 29, 80.000000
12, 31, 18.502441
12, 32, -4.277667
12, 33, -1.161990
12, 37, -39.832885
12, 38, -7.879090
12, 39, 0.327612
12, 40, 20.898174
12, 41, -4.326164
12, 42, -54.091145
12, 43, -15.703333
12, 44, 4.129693
12, 45, 0.240292
12, 46, -15.993274
12, 47, 11.697395
12, 48, -17.369636
12, 49, 3.572632
13, 1, 14.497713
13, 2, -46.906996
13, 3, -25.854386
13, 4, 4.572352
13, 5, 35.306706
13, 6, 4.068263
13, 7, -16.565509
13, 8, -6.153238
13, 9, -4.583794
13, 11, -26.706489
13, 14, -11.669242
13, 17, -4.801897
13, 18, 3.210065
13, 19, -3.487143
13, 20, -7.339898
13, 21, -41.828032
13, 22, 17.180850
13, 23, -8.021943
13, 24, -17.539954
13, 25, -27.070052
13, 26, -8.935227
13, 27, 22.787190
13, 30, -51.655289
13, 31, 18.497559
13, 32, -5.381592
13, 34, -3.005067
13, 35, 6.004888
13, 36, -44.000371
13, 37, -41.666288
13, 38, -4.421047
13, 39, 0.245290
13, 40, 23.508305
13, 41, -8.351456
13, 43, -15.538961
13, 44, 3.680839
13, 46, -16.774407
13, 48, -16.973462
13, 49, 3.056240
13, 50, 6.782889
14, 1, 17.085626
14, 2, -47.742539
14, 3, -25.827541
14, 4, 7.926381
14, 5, 35.947784
14, 6, 2.356737
14, 7, -17.403935
14, 8, -4.475294
14, 9, 10.136002
14, 10, 17.193375
14, 11, -26.564574
14, 13, -11.910025
14, 14, -17.276651
14, 17, -4.649274
14, 18, 3.166790
14, 19, -3.825861
14, 20, -5.672572
14, 22, 8.261332
14, 23, -8.421486
14, 24, -17.720435
14, 25, -26.756117
14, 26, -5.482740
14, 27, 24.771874
14, 28, -39.140650
14, 30, -40.386130
14, 32, -6.492676
14, 33, -42.928926
14, 34, -2.994933
14, 35, 6.419701
14, 36, -43.999629
14, 37, -39.809073
14, 38, -2.309712
14, 39, 0.254833
14, 40, 24.237985
14, 41, -8.204703
14, 43, -15.952901
14, 44, 4.050331
14, 46, -17.034626
14, 47, -15.934421
14, 48, -17.916861
14, 50, 6.282332
15, 1, 17.398483
15, 2, -47.781290
15, 3, -26.312430
15, 4, 9.915888
15, 5, 33.077683
15, 6, 0.250215
15, 7, -17.341869
15, 9, -3.502579
15, 10, 18.949185
15, 11, -26.401316
15, 12, 9.716022
15, 13, -12.836458
15, 14, -20.627854
15, 18, 3.210183
15, 19, -3.431638
15, 20, -2.676583
15, 22, 11.172393
15, 23, -7.264478
15, 24, -17.380655
15, 25, -26.034213
15, 26, -2.692828
15, 27, 27.096615
15, 28, -38.937029
15, 29, 34.657386
15, 30, -51.661351
15, 31, -84.000000
15, 32, -7.565520
15, 33, -42.730940
15, 35, 6.841767
15, 37, -41.658595
15, 38, 1.097030
15, 39, 0.195151
15, 40, 26.194408
15, 41, -11.163993
15, 43, -15.912780
15, 45, -9.511652
15, 46, -17.269312
15, 47, -15.197774
15, 49, 1.627067
15, 50, 5.205305
16, 1, 20.023202
16, 2, -48.563430
16, 3, -26.078822
16, 4, 13.712004
16, 5, 31.606150
16, 6, -2.555255
16, 7, -18.066015
16, 8, -25.607574
16, 10, 17.021935
16, 11, -26.299813
16, 12, -10.311758
16, 13, -11.862792
16, 14, -25.357452
16, 16, -7.266619
16, 17, 53.502626
16, 20, -0.639375
16, 22, 4.977547
16, 23, -7.721791
16, 24, -17.638286
16, 25, -24.937873
16, 26, -0.282790
16, 27, 28.251129
16, 28, -39.129944
16, 29, 35.093828
16, 30, -40.358184
16, 32, -8.555892
16, 33, -42.955275
16, 34, 2.000000
16, 35, 7.832267
16, 36, 66.000000
16, 38, 2.347011
16, 40, 25.749081
16, 41, -9.619250
16, 43, -16.323748
16, 44, 26.113811
16, 45, -8.782441
16, 46, -16.703057
16, 47, -15.942089
16, 48, -3.526992
16, 49, 2.829617
16, 50, 3.350147
17, 1, 20.362359
17, 2, -48.496260
17, 4, 16.312832
17, 5, 26.887136
17, 6, -5.481985
17, 7, -17.996163
17, 8, -25.345050
17, 9, -26.309280
17, 10, 18.663025
17, 11, -26.245946
17, 12, 9.672908
17, 13, -12.794613
17, 14, -27.172016
17, 15, -37.866321
17, 16, -11.414427
17, 17, 53.497374
17, 18, 10.509341
17, 19, 86.000000
17, 20, 2.527947
17, 21, 11.557475
17, 22, 6.669792
17, 23, -6.856187
17, 25, -23.351772
17, 26, 1.820624
17, 27, 29.890516
17, 28, -38.947779
17, 29, 34.540409
17, 31, 99999.000000
17, 32, -9.077060
17, 33, -42.751126
17, 35, 8.465284
17, 38, 5.025028
17, 39, 14.057462
17, 42, -10.757273
17, 43, -16.155022
17, 44, 25.873008
17, 45, -9.509541
17, 46, -16.039510
17, 47, -15.218538
17, 48, -4.095890
17, 49, 0.971084
17, 50, 1.324900
18, 1, 22.465548
18, 2, -49.054680
18, 3, -73.000000
18, 4, 19.964929
18, 5, 23.813292
18, 6, -8.879082
18, 7, -18.468950
18, 8, -25.765144
18, 9, -26.314249
18, 10, 16.693306
18, 12, -10.293810
18, 13, -11.841276
18, 14, -30.035039
18, 15, -16.691151
18, 16, -9.362223
18, 18, 11.557830
18, 20, 4.741359
18, 21, 5.027907
18, 22, 2.840638
18, 24, -33.996292
18, 25, -21.715451
18, 26, 2.819796
18, 27, 30.253164
18, 29, 34.941017
18, 32, -9.422298
18, 34, 23.000000
18, 35, 9.248711
18, 36, 21.500463
18, 37, 73.000000
18, 38, 4.977303
18, 39, 12.134302
18, 40, 1.163674
18, 41, 39.671168
18, 42, -11.226663
18, 44, 26.098396
18, 45, -8.760405
18, 46, -14.508169
18, 47, -15.967656
18, 48, -3.465748
18, 49, 1.632739
18, 50, -1.071986
19, 1, 22.256458
19, 2, -48.747694
19, 4, 22.751540
19, 5, 18.029431
19, 6, -11.971462
19, 7, -18.229883
19, 8, -25.597361
19, 9, -26.258169
19, 10, 18.375047
19, 11, -10.480660
19, 13, -12.799149
19, 14, -29.590618
19, 15, -37.600601
19, 16, -13.036673
19, 17, -32.482488
19, 18, 10.133696
19, 19, 7.382699
19, 20, 7.898723
19, 21, 11.077103
19, 22, 4.944293
19, 23, -6.382548
19, 24, -34.003708
19, 25, -19.785475
19, 26, 3.504028
19, 27, 31.214191
19, 28, -14.323547
19, 29, 34.403907
19, 31, -90.000000
19, 33, 19.249847
19, 35, 9.308610
19, 36, 21.499537
19, 38, 6.430442
19, 39, 12.654414
19, 40, 2.160715
19, 41, 39.670073
19, 42, -11.195871
19, 45, -9.476187
19, 46, -12.997543
19, 48, -4.030511
19, 49, -0.613505
19, 50, -3.043326
20, 1, 23.444187
20, 3, 62.000000
20, 4, 25.870466
20, 5, 14.307292
20, 6, -15.185869
20, 8, -26.028591
20, 10, 16.521374
20, 11, -11.372887
20, 15, -16.991246
20, 16, -12.852639
20, 17, -31.790908
20, 18, 10.962364
20, 19, 8.278929
20, 20, 10.013961
20, 21, 5.525528
20, 23, -5.412955
20, 25, -18.232157
20, 27, 30.886740
20, 28, -15.997687
20, 29, 34.865189
20, 30, -57.501267
20, 33, 20.596181
20, 34, 18.989938
20, 37, -37.497621
20, 39, 9.201715
20, 40, 1.352788
20, 41, 39.645794
20, 42, -11.996038
20, 43, 74.999258
20, 44, -5.272024
20, 46, -10.831442
20, 47, 23.832682
20, 49, -0.150994
20, 50, -4.939868
21, 4, 28.532244
21, 5, 8.649370
21, 6, -17.634324
21, 7, -18.132701
21, 8, -25.783499
21, 11, -10.559258
21, 12, -29.575279
21, 13, -58.002534
21, 14, 15.103195
21, 15, -37.342275
21, 16, -15.616057
21, 17, -30.120376
21, 18, 9.470029
21, 19, 7.697051
21, 20, 12.905945
21, 21, 10.546121
21, 23, -6.371346
21, 25, -16.728382
21, 28, -15.482203
21, 31, -14.829786
21, 32, -13.000000
21, 33, 19.701692
21, 34, 4.438825
21, 35, 11.174182
21, 36, -23.754042
21, 37, -37.502379
21, 38, 9.099290
21, 39, 8.729102
21, 40, 2.477551
21, 41, 39.660849
21, 42, -12.441836
21, 44, -5.706367
21, 45, 7.242406
21, 46, -8.994120
21, 47, 23.614369
21, 48, -35.664658
21, 49, -2.375231
21, 50, -5.894939
22, 1, -96.000000
22, 3, 27.762349
22, 4, 30.887951
22, 5, 5.584693
22, 6, -19.864780
22, 7, -17.836212
22, 10, -5.262870
22, 11, -11.489074
22, 12, -29.414292
22, 13, -57.997466
22, 14, 14.554958
22, 15, -17.163470
22, 16, -16.489113
22, 17, -27.406426
22, 18, 10.397699
22, 19, 8.750675
22, 20, 14.664545
22, 21, 6.545619
22, 22, 80.500154
22, 23, -5.401157
22, 24, -56.363468
22, 25, -15.959949
22, 26, 45.314587
22, 28, -18.095903
22, 31, -15.045164
22, 33, 21.473573
22, 34, 18.935543
22, 35, 12.491331
22, 36, -23.481613
22, 38, 9.286893
22, 39, 3.699250
22, 40, 1.752648
22, 42, -13.289240
22, 44, -5.803844
22, 45, 7.054282
22, 46, -6.915496
22, 47, 22.865452
22, 48, -35.996988
22, 49, -1.696651
22, 50, -6.482818
23, 3, 27.842137
23, 4, 33.154820
23, 5, 1.406228
23, 6, -20.964054
23, 7, -18.072234
23, 8, 4.619079
23, 9, -12.989843
23, 10, -5.872601
23, 11, -10.676032
23, 12, -29.012578
23, 14, 15.134901
23, 16, -17.989567
23, 17, -24.188492
23, 18, 9.145222
23, 19, 8.165603
23, 20, 17.069507
23, 21, 10.352003
23, 22, 80.499846
23, 23, -6.363497
23, 24, -58.169843
23, 25, -15.506228
23, 26, 45.210503
23, 28, -18.277091
23, 30, 14.041558
23, 31, -16.009301
23, 32, 91.000000
23, 33, 20.922247
23, 34, 4.294209
23, 35, 11.992236
23, 36, -22.180385
23, 38, 9.093588
23, 39, 2.827143
23, 40, 2.866742
23, 41, 27.538767
23, 42, -14.040680
23, 44, -6.645255
23, 45, 7.197215
23, 46, -5.551105
23, 47, 21.864140
23, 48, -35.641131
23, 49, -3.513985
24, 1, 14.695189
24, 2, -73.000000
24, 3, 27.829461
24, 4, 34.587150
24, 5, 0.299732
24, 6, -21.626077
24, 7, -17.776216
24, 8, 4.600181
24, 9, -12.902722
24, 10, -5.073249
24, 11, -11.594829
24, 12, -28.424744
24, 13, 33.000000
24, 14, 14.597976
24, 15, -2.295579
24, 16, -18.843035
24, 17, -20.677753
24, 19, 9.056791
24, 20, 18.359403
24, 21, 7.909577
24, 24, -56.475927
24, 26, 45.295116
24, 27, -20.635315
24, 28, -21.194298
24, 29, -50.850548
24, 30, 14.572239
24, 31, -17.169006
24, 33, 22.900139
24, 35, 13.890725
24, 36, -20.498603
24, 38, 9.289372
24, 39, -3.829320
24, 40, 2.079484
24, 41, 26.953705
24, 42, -14.551648
24, 43, 7.483473
24, 44, -6.979543
24, 45, 7.016268
24, 46, -4.359368
24, 47, 20.623306
24, 49, -2.309348
24, 50, -62.000000
25, 1, 14.565336
25, 3, 27.988666
25, 4, 36.179551
25, 5, -1.365587
25, 7, -18.036456
25, 8, 4.647932
25, 9, -14.491749
25, 10, -5.595366
25, 11, -10.741791
25, 12, -27.806816
25, 15, -1.370590
25, 16, -18.991837
25, 17, -17.394094
25, 18, 14.000000
25, 20, 20.199990
25, 21, 10.579385
25, 22, -7.648076
25, 24, -58.385891
25, 25, 25.000000
25, 27, -20.081031
25, 28, -21.356397
25, 29, -51.941345
25, 30, 13.587577
25, 31, -18.808128
25, 33, 22.403822
25, 35, 13.936782
25, 36, -18.012412
25, 38, 9.103226
25, 39, -4.253741
25, 40, 3.052322
25, 41, 27.607933
25, 42, -15.334616
25, 43, 24.917497
25, 44, -7.945059
25, 46, -4.160316
25, 47, 19.424685
25, 48, -11.009791
26, 1, 14.685379
26, 2, -51.001298
26, 3, 28.019188
26, 4, 36.573474
26, 6, 8.871765
26, 8, 4.619984
26, 9, -15.679815
26, 10, -4.800476
26, 11, -11.621154
26, 12, -27.212515
26, 13, 54.997899
26, 14, -50.457591
26, 15, -2.317186
26, 17, -14.689479
26, 19, -21.805292
26, 20, 21.103680
26, 21, 9.241844
26, 22, -8.006741
26, 23, 0.761941
26, 24, -56.768174
26, 26, -24.350872
26, 27, -20.502938
26, 28, -23.839612
26, 29, -50.881689
26, 30, 13.717104
26, 31, -20.157002
26, 32, -49.999629
26, 33, 24.242221
26, 35, 15.905819
26, 36, -15.487128
26, 39, -12.584187
26, 41, 27.018736
26, 42, -15.175753
26, 43, 9.699881
26, 44, -8.197153
26, 47, 18.384232
26, 48, -9.729661
26, 49, 38.000000
26, 50, -29.742051
27, 1, 14.558959
27, 2, -50.998702
27, 3, 28.175575
27, 4, 37.242232
27, 5, -9.816251
27, 6, 7.290668
27, 7, 19.159689
27, 9, -18.222170
27, 10, -5.418419
27, 12, -26.842101
27, 13, 55.002101
27, 14, -50.851486
27, 15, -1.393523
27, 16, -10.546681
27, 17, -12.881317
27, 18, -3.559535
27, 19, -21.763145
27, 20, 22.457237
27, 21, 10.980432
27, 22, -8.318768
27, 23, 1.708206
27, 24, -58.680646
27, 25, -56.000000
27, 26, -23.264778
27, 27, -19.914763
27, 28, -23.318550
27, 29, -51.988951
27, 30, 12.515590
27, 31, -21.610051
27, 33, 23.446334
27, 34, 28.423225
27, 35, 16.029656
27, 36, -12.523937
27, 37, 9.995180
27, 38, -16.802145
27, 39, -11.437374
27, 40, -18.365781
27, 42, -15.770558
27, 43, 25.628675
27, 44, -8.996552
27, 45, -23.173671
27, 46, 3.194252
27, 47, 17.679396
27, 48, -11.335326
27, 50, -28.403039
28, 3, 28.150980
28, 5, -3.776800
28, 6, 8.511875
28, 7, 19.293371
28, 8, -22.496076
28, 9, -19.911690
28, 12, -26.662590
28, 14, -50.479496
28, 16, -10.381956
28, 17, -12.251079
28, 18, -3.820492
28, 19, -20.663296
28, 20, 23.159972
28, 21, 10.086896
28, 22, -9.247549
28, 23, 2.186675
28, 24, -57.024304
28, 26, -24.559086
28, 27, -20.361062
28, 28, -24.862556
28, 29, -50.927121
28, 30, 12.460884
28, 31, -22.286137
28, 33, 24.827146
28, 34, 11.791045
28, 35, 17.568173
28, 36, -9.978099
28, 37, 10.004820
28, 38, -17.340162
28, 39, -21.380732
28, 40, -18.117127
28, 41, -29.175676
28, 42, -14.837374
28, 43, 12.838653
28, 44, -8.936903
28, 45, -24.320110
28, 46, 3.441241
28, 47, 17.421995
28, 48, -10.435577
28, 49, -81.000371
28, 50, -28.882169
29, 1, -4.303367
29, 5, -9.669182
29, 6, 6.633954
29, 7, 19.202282
29, 8, -22.503924
29, 9, -22.470003
29, 10, 26.537581
29, 11, 50.332270
29, 16, -10.278364
29, 18, -3.604157
29, 19, -19.681296
29, 20, 24.152515
29, 21, 11.190738
29, 22, -10.011254
29, 23, 4.439166
29, 24, -58.827819
29, 25, 13.457574
29, 26, -23.641055
29, 27, -19.845692
29, 30, 11.338965
29, 31, -22.794443
29, 34, 28.377594
29, 35, 17.344101
29, 36, -7.402674
29, 38, -17.143479
29, 39, -17.396204
29, 40, -18.324358
29, 41, -29.589110
29, 42, -15.228300
29, 43, 26.561109
29, 44, -9.389747
29, 45, -23.214314
29, 46, 3.160989
29, 48, -12.312460
29, 49, -80.999629
29, 50, -26.780902
30, 1, -4.687154
30, 2, -32.867539
30, 3, 11.844901
30, 4, 12.318782
30, 5, -3.211742
30, 6, 7.673200
30, 9, -23.661576
30, 10, 26.466351
30, 11, 50.441913
30, 12, 40.642790
30, 14, 23.227775
30, 16, -9.943223
30, 17, 6.469967
30, 19, -17.833840
30, 20, 24.772075
30, 22, -11.059135
30, 23, 5.708285
30, 25, 13.579215
30, 26, -25.072154
30, 28, -6.633333
30, 29, -4.730834
30, 30, 11.382143
30, 32, -3.020878
30, 33, -62.000000
30, 34, 11.868845
30, 35, 18.227989
30, 36, -5.691589
30, 37, 3.683233
30, 38, -17.925590
30, 39, -28.661752
30, 40, -18.094819
30, 41, -29.172836
30, 42, -13.733837
30, 43, 15.100148
30, 45, -24.376880
30, 47, 24.000742
30, 48, -11.715732
30, 50, -26.736074
31, 1, -5.049343
31, 2, -32.177298
31, 3, 12.750652
31, 4, 12.384733
31, 5, -9.495548
31, 6, 5.740086
31, 7, -44.809551
31, 8, 11.317082
31, 9, -25.282918
31, 10, 26.595937
31, 11, 48.607974
31, 12, 40.128813
31, 13, -8.617769
31, 14, 21.959598
31, 15, 12.499351
31, 16, -9.775012
31, 17, 6.505741
31, 18, 63.000000
31, 19, -16.436734
31, 20, 25.450019
31, 21, -8.263466
31, 22, -11.751991
31, 23, 8.586204
31, 24, -55.519734
31, 25, 13.519515
31, 26, -24.198712
31, 28, -5.596545
31, 29, -4.250925
31, 30, 10.582164
31, 32, -7.998764
31, 34, 28.368356
31, 35, 17.460051
31, 36, -4.285220
31, 37, 4.313478
31, 38, -17.824279
31, 39, -20.809024
31, 42, -14.140012
31, 43, 27.019403
31, 44, -85.000000
31, 45, -23.264922
31, 46, -34.498239
31, 47, 23.999258
31, 48, -13.662363
31, 50, -24.214358
32, 1, -5.870294
32, 2, -31.662560
32, 3, 11.553665
32, 4, 13.101707
32, 5, -2.681868
32, 6, 6.868913
32, 7, -44.714378
32, 8, 12.216172
32, 9, -25.187809
32, 10, 26.523693
32, 11, 47.264852
32, 12, 39.507883
32, 13, 12.228348
32, 14, 23.250304
32, 16, -9.471695
32, 17, 6.767994
32, 19, -14.418654
32, 20, 25.930154
32, 21, -9.186036
32, 22, -12.376874
32, 23, 9.688584
32, 24, -55.672408
32, 25, 13.672099
32, 26, -25.617298
32, 28, -6.680502
32, 29, -5.010122
32, 30, 10.953481
32, 33, -49.000000
32, 35, 17.824472
32, 36, -4.036119
32, 37, 3.556276
32, 38, -18.526881
32, 39, -32.835961
32, 40, -3.942632
32, 42, -12.530505
32, 46, -34.501761
32, 48, -13.136175
32, 49, 4.516569
32, 50, -24.086553
33, 1, -6.563385
33, 2, -29.902347
33, 3, 12.274594
33, 4, 13.943082
33, 6, 5.141787
33, 7, -44.771826
33, 8, 10.406537
33, 11, 44.449847
33, 12, 38.054014
33, 13, -8.092758
33, 14, 22.019814
33, 15, 55.000000
33, 16, -9.436857
33, 17, 6.959944
33, 18, -21.002039
33, 19, -13.158868
33, 20, 26.235434
33, 21, -8.954010
33, 22, -12.498063
33, 23, 12.318227
33, 24, -55.544689
33, 25, 13.606998
33, 26, -24.629277
33, 27, -17.885870
33, 28, -5.695039
33, 29, -4.805244
33, 32, -4.203753
33, 34, 11.000000
33, 35, 16.573654
33, 37, 4.166309
33, 38, -18.191589
33, 40, -4.353141
33, 42, -13.269375
33, 45, 12.543330
33, 47, -96.000185
33, 48, -14.863773
33, 49, 3.703070
33, 50, -21.579301
34, 1, -7.182098
34, 2, -28.400676
34, 3, 11.021438
34, 4, 15.371125
34, 6, 6.562712
34, 8, 10.385642
34, 9, -54.722746
34, 10, -18.876273
34, 11, 42.728762
34, 12, 36.667673
34, 13, 12.334915
34, 14, 23.330851
34, 16, -9.318154
34, 17, 7.227055
34, 18, -20.997961
34, 19, -11.454207
34, 20, 26.400892
34, 21, -10.406830
34, 23, 12.419988
34, 24, -55.700430
34, 26, -25.876567
34, 27, -18.540934
34, 28, -6.874707
34, 29, -6.001635
34, 30, 4.000000
34, 31, -14.502503
34, 32, -4.988880
34, 33, 21.502008
34, 35, 16.798080
34, 36, 18.512814
34, 37, 3.446717
34, 40, -3.866950
34, 41, 24.999444
34, 42, -11.989509
34, 43, -22.134795
34, 44, 41.335292
34, 45, 14.532809
34, 46, 85.000000
34, 47, -63.363753
34, 48, -14.090274
34, 49, 3.759627
34, 50, -21.773167
35, 1, -7.686701
35, 2, -25.997591
35, 3, 11.810380
35, 4, 16.733968
35, 7, -43.002781
35, 8, 7.856548
35, 9, -54.929618
35, 10, -19.758352
35, 11, 40.221528
35, 12, 34.886728
35, 13, -7.745181
35, 14, 22.095036
35, 17, 7.270349
35, 19, -10.645487
35, 21, -10.503825
35, 22, -31.679014
35, 23, 14.190755
35, 24, -55.564740
35, 25, -15.499042
35, 27, -17.817689
35, 28, -6.006782
35, 29, -6.060987
35, 32, -4.018372
35, 33, 21.497992
35, 34, -20.751694
35, 35, 15.281139
35, 36, 19.672641
35, 38, 4.123710
35, 40, -4.256674
35, 43, -22.352993
35, 44, 40.668141
35, 45, 13.011929
35, 48, -15.360649
35, 49, 2.376363
35, 50, -19.654272
36, 1, -7.644253
36, 2, -24.006966
36, 3, 10.750458
36, 4, 18.520543
36, 6, -93.000000
36, 7, -23.402497
36, 8, 7.038023
36, 9, -54.717472
36, 10, -19.354077
36, 11, 39.437744
36, 12, 33.436889
36, 18, -8.504727
36, 19, -9.457278
36, 20, -28.197607
36, 21, -12.125550
36, 22, -30.288827
36, 23, 12.977413
36, 25, -15.500958
36, 26, -54.973161
36, 27, -18.453033
36, 28, -7.356385
36, 29, -7.708864
36, 30, -10.000927
36, 31, 14.753539
36, 32, -4.643223
36, 34, -20.886972
36, 35, 15.775781
36, 36, 19.727116
36, 37, 0.000000
36, 38, 4.944988
36, 39, -8.160286
36, 40, -3.775199
36, 42, 4.913882
36, 43, -22.149398
36, 44, 41.364181
36, 45, 15.399630
36, 46, 47.999258
36, 49, 2.103769
36, 50, -20.437671
37, 1, -7.771185
37, 2, -21.549316
37, 4, 19.939396
37, 5, -13.000000
37, 8, 4.088430
37, 10, -20.580882
37, 11, 38.386571
37, 12, 32.093100
37, 13, 19.616570
37, 14, -23.939610
37, 16, -43.000000
37, 17, -19.547578
37, 18, -8.495273
37, 19, -9.116395
37, 20, -28.176103
37, 21, -12.144592
37, 22, -30.590099
37, 23, 13.823012
37, 24, 38.967022
37, 26, -54.024222
37, 27, -17.744785
37, 28, -6.662249
37, 29, -7.908550
37, 30, -9.999073
37, 31, 14.818123
37, 32, -3.491659
37, 33, 5.995613
37, 34, -21.052958
37, 35, 14.223333
37, 36, 21.806785
37, 38, 4.491707
37, 39, 10.332759
37, 40, -4.183713
37, 42, 5.004402
37, 44, 40.713171
37, 45, 14.472166
37, 46, -9.433492
37, 48, 8.995798
37, 49, 0.737070
37, 50, -18.944412
38, 1, -7.153947
38, 2, -19.692041
38, 4, 21.556471
38, 6, 2.482170
38, 8, 2.692740
38, 10, -20.317030
38, 12, 31.316153
38, 13, 19.393818
38, 14, -23.066842
38, 15, 22.971370
38, 17, -18.924922
38, 19, -8.387547
38, 20, -28.362163
38, 21, -13.549184
38, 22, -28.224277
38, 23, 11.607640
38, 24, 38.888323
38, 25, -25.501514
38, 26, -54.978380
38, 28, -8.200942
38, 29, -9.793472
38, 31, 14.785585
38, 32, -3.970235
38, 33, 6.004387
38, 34, -21.420521
38, 35, 15.242749
38, 36, 22.355592
38, 37, -2.969258
38, 38, 5.757367
38, 39, -7.809239
38, 40, -3.737701
38, 42, 6.025201
38, 43, 62.000000
38, 44, 41.410730
38, 45, 17.113813
38, 48, 9.004202
38, 49, 0.774078
39, 1, -7.174595
39, 2, -17.718225
39, 3, 72.002111
39, 4, 22.488340
39, 5, 24.051777
39, 6, 2.555747
39, 8, -0.329861
39, 9, 14.017713
39, 10, -21.429966
39, 12, 30.977514
39, 13, 20.693748
39, 14, -23.883502
39, 15, 5.774214
39, 16, 2.721897
39, 17, -19.579152
39, 18, 84.000000
39, 19, -8.360780
39, 20, -28.423140
39, 21, -13.169813
39, 22, -27.699604
39, 23, 11.961622
39, 24, 38.989963
39, 25, -29.366122
39, 26, -54.041925
39, 27, -7.101026
39, 28, -7.662074
39, 29, -9.844771
39, 30, 30.661451
39, 32, -2.662503
39, 34, -21.683053
39, 35, 13.791670
39, 36, 24.434607
39, 37, -3.422802
39, 38, 5.794754
39, 39, 9.140021
39, 41, -43.365322
39, 42, 7.214805
39, 44, 40.745694
39, 45, 16.702977
39, 49, -0.004269
40, 1, -6.482143
40, 2, -16.497759
40, 3, 72.147870
40, 4, 23.419396
40, 5, 24.241116
40, 6, 2.468378
40, 7, 2.586773
40, 8, -2.021282
40, 9, 14.518302
40, 10, -20.838314
40, 13, 21.342213
40, 14, -22.010837
40, 15, 21.628907
40, 16, 3.361831
40, 17, -19.123616
40, 19, -7.924317
40, 20, -28.607083
40, 21, -14.100009
40, 22, -24.722431
40, 23, 9.446099
40, 24, 38.927023
40, 27, -5.622527
40, 28, -9.315653
40, 29, -11.564334
40, 30, 31.624869
40, 31, -64.119191
40, 32, -3.052686
40, 33, -95.000000
40, 34, -21.987412
40, 35, 15.353427
40, 36, 24.466855
40, 37, -2.355829
40, 38, 7.524713
40, 39, -7.340030
40, 40, -21.517847
40, 41, -43.916512
40, 42, 9.396112
40, 43, -12.497683
40, 45, 19.305368
40, 47, -26.688824
40, 48, -1.693935
40, 50, 27.996787
41, 1, -6.796785
41, 2, -15.277929
41, 3, 71.991159
41, 4, 23.461397
41, 5, 24.024460
41, 7, -6.595651
41, 8, -4.790494
41, 9, 13.858813
41, 12, -4.482101
41, 13, 23.382543
41, 14, -23.810085
41, 15, 5.216785
41, 16, 2.717113
41, 17, -19.896381
41, 18, 46.421863
41, 19, -8.061392
41, 20, -28.581870
41, 22, -23.768877
41, 23, 9.905905
41, 26, 51.002101
41, 27, -4.791119
41, 28, -8.831814
41, 29, -11.119600
41, 30, 29.986798
41, 31, -63.792828
41, 32, -1.693195
41, 34, -22.037739
41, 35, 14.004061
41, 36, 25.629899
41, 37, -2.257612
41, 38, 8.045664
41, 39, 7.724123
41, 40, -22.010053
41, 41, -43.334724
41, 42, 11.646095
41, 43, -12.502317
41, 44, 14.014568
41, 45, 19.059925
41, 46, -24.001174
41, 47, -27.085236
41, 48, -1.508882
41, 49, 22.063285
41, 50, 28.003213
42, 2, -14.863832
42, 5, 24.213308
42, 6, -13.354915
42, 7, 1.446128
42, 8, -6.471953
42, 9, 14.183562
42, 12, -5.619035
42, 13, 24.424543
42, 14, -20.313625
42, 15, 19.758507
42, 16, 3.373213
42, 17, -19.837185
42, 18, 46.970351
42, 19, -7.784981
42, 22, -20.650136
42, 23, 7.738266
42, 24, 7.000000
42, 27, -1.233104
42, 28, -10.461491
42, 29, -12.284142
42, 30, 30.431405
42, 31, -63.925549
42, 32, -2.125656
42, 33, -43.035395
42, 35, 15.920665
42, 37, -0.711575
42, 38, 10.105656
42, 39, -6.991475
42, 40, -21.642442
42, 41, -43.891844
42, 42, 14.888933
42, 44, 15.481309
42, 45, 21.211623
42, 47, -26.688013
42, 48, -1.677723
42, 49, 22.255428
43, 1, 6.078436
43, 2, -14.301197
43, 3, 42.499598
43, 4, 11.892945
43, 5, 24.006859
43, 6, -12.082903
43, 7, -6.503104
43, 8, -8.738530
43, 9, 13.429592
43, 10, 13.154098
43, 11, 21.002348
43, 12, -4.378440
43, 13, 26.694445
43, 14, -23.767186
43, 15, 4.623825
43, 16, 2.740143
43, 17, -20.831029
43, 18, 46.399834
43, 20, 85.999197
43, 22, -19.657111
43, 23, 8.662676
43, 25, -25.494737
43, 27, 1.380700
43, 28, -9.899998
43, 30, 28.541667
43, 31, -63.453769
43, 32, -0.879855
43, 33, -2.955288
43, 34, -54.002472
43, 35, 14.557390
43, 36, -38.168161
43, 37, -0.265225
43, 38, 10.930052
43, 39, 7.126899
43, 40, -22.284806
43, 42, 17.947797
43, 43, -14.819388
43, 44, 13.953531
43, 45, 20.613241
43, 46, -59.000000
43, 48, -1.488379
43, 49, 21.949140
44, 1, 4.312155
44, 2, -14.486550
44, 3, 42.500402
44, 4, 12.516271
44, 6, -14.185373
44, 7, -0.092857
44, 8, -10.133531
44, 9, 13.638373
44, 10, 14.715477
44, 12, -5.486718
44, 13, 27.637665
44, 14, -18.592906
44, 15, 18.432990
44, 17, -21.274442
44, 18, 46.948232
44, 19, -88.000000
44, 20, 86.000803
44, 21, 10.405016
44, 22, -16.810755
44, 23, 7.076131
44, 24, 0.002966
44, 25, -22.128666
44, 27, 6.184176
44, 28, -11.370070
44, 29, 3.502935
44, 30, 28.967226
44, 31, -63.518456
44, 32, -1.500997
44, 33, -43.001960
44, 34, -53.997528
44, 35, 16.545144
44, 36, -38.191512
44, 37, 1.505816
44, 38, 13.012697
44, 40, -22.035739
44, 41, 4.785758
44, 42, 21.818693
44, 43, -13.123043
44, 44, 15.357105
44, 45, 21.992530
44, 47, -2.728113
44, 49, 22.120885
45, 1, 5.363518
45, 2, -14.228018
45, 4, 12.649990
45, 5, 30.496879
45, 6, -13.644683
45, 7, -6.187074
45, 8, -11.764874
45, 9, 12.905694
45, 10, 13.756018
45, 11, -8.660222
45, 12, -4.269601
45, 13, 29.680301
45, 14, -23.757472
45, 16, -41.001236
45, 17, -22.425240
45, 21, -1.215816
45, 22, -16.065192
45, 23, 8.399876
45, 24, -0.002966
45, 25, -23.664257
45, 26, 57.753121
45, 27, 9.543441
45, 28, -10.624292
45, 29, 3.497065
45, 30, 27.384065
45, 31, -63.052964
45, 32, -0.490019
45, 33, -2.752848
45, 35, 15.010763
45, 36, -38.120712
45, 37, 2.026414
45, 38, 13.811813
45, 40, -22.703943
45, 41, 4.124746
45, 42, 25.089517
45, 43, -13.766972
45, 44, 13.806580
45, 46, -30.493579
45, 47, -1.632806
45, 48, 59.001483
45, 49, 21.847207
46, 1, 3.048724
46, 2, -14.614124
46, 4, 13.888083
46, 5, 30.503121
46, 6, -16.174195
46, 7, -1.292536
46, 8, -12.693695
46, 9, 13.104499
46, 10, 15.778136
46, 11, -9.592487
46, 13, 30.221341
46, 14, -17.502884
46, 16, -40.998764
46, 17, -23.190613
46, 19, 5.495149
46, 20, 62.632007
46, 21, 9.099110
46, 22, -13.764680
46, 23, 7.176908
46, 25, -20.646945
46, 26, 53.501699
46, 27, 14.355538
46, 28, -11.854858
46, 30, 28.300580
46, 31, -63.211172
46, 32, -1.345537
46, 34, -45.701223
46, 35, 16.825333
46, 36, -38.142736
46, 37, 3.723137
46, 38, 15.541801
46, 40, -22.411524
46, 41, 4.994109
46, 42, 28.799907
46, 43, -11.228038
46, 44, 15.186402
46, 45, -73.000000
46, 46, -30.000122
46, 47, -2.615001
46, 48, 58.998517
46, 50, 5.005191
47, 1, 3.815402
47, 2, -14.324373
47, 3, 10.419100
47, 4, 14.375414
47, 6, -15.871272
47, 7, -5.751133
47, 8, -13.687732
47, 9, 12.499035
47, 10, 15.076839
47, 11, -8.555173
47, 12, 74.998579
47, 13, 31.786581
47, 17, -24.210334
47, 19, 5.504851
47, 20, 62.804994
47, 21, -1.676467
47, 22, -13.450893
47, 23, 8.573184
47, 24, -33.000000
47, 25, -21.028954
47, 27, 17.157671
47, 28, -10.869770
47, 29, 99999.000000
47, 31, -62.891520
47, 32, -0.539622
47, 34, -46.407924
47, 37, 4.038184
47, 38, 15.948537
47, 39, -9.237099
47, 40, -22.937264
47, 41, 4.505947
47, 42, 31.421294
47, 43, -11.415876
47, 44, 13.671525
47, 46, -30.500268
47, 47, -1.498770
47, 49, 23.978360
48, 1, 1.501350
48, 3, 10.304316
48, 4, 15.626764
48, 5, -23.991125
48, 6, -18.197344
48, 7, -1.843051
48, 8, -14.105947
48, 9, 12.791255
48, 10, 17.096430
48, 11, -9.468095
48, 13, 31.824228
48, 15, 24.495582
48, 16, -49.581138
48, 17, -24.878702
48, 20, 62.644988
48, 21, 7.789789
48, 22, -11.827488
48, 23, 7.342887
48, 25, -18.774782
48, 26, -92.000000
48, 27, 20.690107
48, 30, -59.305829
48, 32, -1.517238
48, 34, -45.717276
48, 35, -14.503739
48, 36, -7.128421
48, 37, 5.381800
48, 38, 17.023448
48, 39, -8.793485
48, 41, 5.456365
48, 42, 34.047541
48, 43, -8.853259
48, 44, 15.090981
48, 45, 35.142791
48, 46, -30.008683
48, 47, -2.512752
48, 48, -30.020495
48, 49, 24.348919
48, 50, 33.558016
49, 1, 2.583787
49, 3, 10.382940
49, 4, 15.791143
49, 5, -24.251615
49, 6, -17.491359
49, 7, -5.504822
49, 8, -14.555848
49, 9, 12.359622
49, 10, 16.145180
49, 11, -8.460219
49, 13, 32.847683
49, 16, -49.724495
49, 17, -25.406431
49, 18, -36.003646
49, 19, -31.498795
49, 21, -1.981947
49, 22, -12.073188
49, 24, -76.000000
49, 25, -19.110806
49, 27, 21.756271
49, 28, -18.004326
49, 29, 23.998023
49, 30, -59.506243
49, 31, 44.497127
49, 32, -0.749369
49, 33, 14.404865
49, 34, -46.445698
49, 35, -14.496261
49, 36, -7.397117
49, 37, 5.246541
49, 38, 16.751889
49, 39, -9.330312
49, 40, 22.499537
49, 41, 4.929174
49, 42, 35.182301
49, 43, -9.501615
49, 45, 35.308868
49, 48, -30.332115
49, 49, 23.963304
49, 50, 33.724495
50, 1, 0.812654
50, 3, 10.266986
50, 4, 16.433251
50, 5, -23.959891
50, 6, -19.081836
50, 8, -14.512690
50, 10, 17.700168
50, 13, 32.369629
50, 14, -48.998208
50, 15, 61.000000
50, 16, -49.568157
50, 17, -25.559837
50, 18, -35.996354
50, 19, -31.501205
50, 20, 4.000000
50, 22, -11.154776
50, 23, 75.000000
50, 25, -17.900538
50, 26, 68.000000
50, 27, 23.094285
50, 28, -17.995674
50, 29, 24.001977
50, 30, -59.290414
50, 31, 44.502873
50, 32, -1.669091
50, 33, -0.995798
50, 34, -45.761954
50, 36, -7.191296
50, 37, 6.032413
50, 39, -8.880924
50, 40, 22.500463
50, 41, 5.730991
50, 42, 36.023038
50, 43, -7.759762
50, 44, -53.000000
50, 45, 35.105878
50, 46, -72.000000
50, 47, -8.000000
50, 48, -30.058220
50, 49, 24.332537
50, 50, 33.591279
