1, 1, 33.000000
1, 3, -9.829234
1, 4, 52.434047
1, 6, 45.111904
1, 7, 10.419476
1, 8, 30.713645
1, 9, -26.493996
1, 10, -19.000000
1, 11, 9.951115
1, 12, 99999.000000
1, 13, -86.000000
1, 14, -61.671617
1, 15, -38.000000
1, 16, 10.883555
1, 18, -85.000000
1, 19, -61.663941
1, 20, -53.201293
1, 21, 27.974207
1, 22, 20.460397
1, 23, 50.637255
1, 24, 27.307478
1, 25, -70.363050
1, 26, 99999.000000
1, 27, 62.000000
1, 28, 0.636866
1, 29, -41.000000
1, 30, -44.423581
1, 32, -13.186639
1, 33, -40.622994
1, 34, -14.825169
1, 35, -43.774973
1, 37, -82.000000
1, 38, -87.000000
1, 39, 82.000000
1, 40, 22.723020
1, 41, 22.195637
1, 42, -22.664919
1, 43, -28.770839
1, 45, -10.597732
1, 46, -81.000000
1, 47, -51.985373
1, 49, 45.000000
1, 50, 13.755689
2, 2, 48.486879
2, 3, -9.086868
2, 4, 47.538623
2, 5, -20.894874
2, 6, 36.301284
2, 7, 17.854668
2, 8, 38.286355
2, 9, -2.036692
2, 11, 19.448235
2, 14, -54.328383
2, 16, 1.147380
2, 17, -31.939297
2, 18, -92.376856
2, 19, -48.995948
2, 20, -32.185730
2, 21, -9.648890
2, 22, 0.060109
2, 23, 24.849683
2, 24, 2.908908
2, 25, -52.957291
2, 26, -13.592595
2, 28, 13.491184
2, 30, -39.743331
2, 31, 25.935552
2, 32, -30.983135
2, 33, -50.740393
2, 34, -10.308867
2, 35, -30.998279
2, 36, -71.762118
2, 40, -0.086705
2, 41, 23.143662
2, 42, -7.659468
2, 43, -8.184069
2, 44, 17.146632
2, 45, 8.676270
2, 47, -45.292516
2, 48, -1.858570
2, 50, 26.596740
3, 1, -32.277750
3, 2, 45.761859
3, 3, -22.741747
3, 4, 23.532073
3, 5, -34.995745
3, 6, 13.828691
3, 7, 13.696276
3, 9, -3.155482
3, 11, 20.751094
3, 12, 41.652817
3, 13, 99999.000000
3, 15, -21.639955
3, 16, 41.603555
3, 17, -21.941189
3, 18, 99999.000000
3, 19, -23.971620
3, 20, 1.233766
3, 21, -35.046258
3, 22, -40.979603
3, 23, 14.309138
3, 24, -15.513799
3, 25, -38.768195
3, 26, 7.396919
3, 27, -29.937626
3, 28, 16.611266
3, 29, 42.880353
3, 30, -33.364381
3, 31, 9.904268
3, 32, -33.173910
3, 33, -58.471199
3, 34, -13.001526
3, 35, -3.552307
3, 36, -69.237882
3, 37, -79.000000
3, 38, 52.400112
3, 39, 35.209354
3, 40, -19.311063
3, 41, 15.232437
3, 42, -13.653719
3, 43, -15.177410
3, 44, 10.182292
3, 45, 16.559649
3, 47, -23.975971
3, 48, -13.085133
3, 49, -34.823170
3, 50, 30.723463
4, 1, -35.078410
4, 2, 21.653890
4, 3, -35.548965
4, 4, -4.331927
4, 5, -39.544013
4, 6, -14.800110
4, 8, -51.527794
4, 9, -9.970004
4, 10, -95.000000
4, 11, 23.200869
4, 12, 35.416693
4, 14, 4.133587
4, 15, -30.360045
4, 16, 99999.000000
4, 17, -53.648097
4, 18, 97.000000
4, 19, -36.331119
4, 20, 2.817916
4, 21, -37.391818
4, 22, -44.442460
4, 23, -10.911791
4, 24, -5.488843
4, 25, -10.914801
4, 26, -38.002073
4, 27, -17.214619
4, 29, 43.060199
4, 30, -17.312774
4, 31, -6.323177
4, 32, -21.185586
4, 33, -66.785674
4, 34, -19.470870
4, 35, 8.776289
4, 38, 30.599888
4, 39, 12.598928
4, 40, -18.761177
4, 43, -32.619280
4, 44, -9.150431
4, 45, 30.165964
4, 46, 99999.000000
4, 47, 10.090548
4, 48, -19.061770
4, 49, -26.353038
4, 50, 17.690805
5, 1, -40.628445
5, 2, 49.444685
5, 3, -41.111255
5, 4, -37.836845
5, 5, -56.397000
5, 6, -28.221964
5, 7, 50.380964
5, 8, -31.038820
5, 9, -45.384251
5, 11, 22.477157
5, 12, 24.040017
5, 13, 25.042974
5, 14, 19.695615
5, 16, -53.964771
5, 17, 20.801570
5, 18, 99999.000000
5, 19, -42.054081
5, 21, -28.131826
5, 22, 99999.000000
5, 23, -14.612242
5, 24, 12.466612
5, 25, -10.457772
5, 26, -47.341322
5, 27, -4.380003
5, 28, -64.000000
5, 29, 60.083553
5, 30, 99999.000000
5, 31, -14.557149
5, 32, -11.618387
5, 33, -59.906526
5, 34, -19.034667
5, 35, 18.803097
5, 36, 37.479643
5, 39, -14.684885
5, 40, -7.898755
5, 41, 67.561116
5, 43, -49.113807
5, 44, 1.051417
5, 45, 23.937638
5, 46, -92.000000
5, 47, 15.400261
5, 49, -38.736786
5, 50, 12.514162
6, 1, -29.692085
6, 2, -29.880206
6, 3, -28.604198
6, 5, -65.519231
6, 6, -35.428598
6, 7, 25.640167
6, 8, -42.998719
6, 9, 99999.000000
6, 10, 18.405974
6, 11, 6.266908
6, 13, 14.744446
6, 14, 29.705597
6, 15, 99999.000000
6, 16, 0.876457
6, 17, 99999.000000
6, 18, 39.235920
6, 19, -32.224726
6, 20, -51.634962
6, 21, -26.613515
6, 22, 59.359322
6, 23, -12.719720
6, 24, 43.623919
6, 25, 0.838528
6, 26, -43.588482
6, 27, 1.310822
6, 28, 99999.000000
6, 30, -23.000000
6, 31, -2.159701
6, 32, 4.620571
6, 33, -39.857503
6, 34, -22.155985
6, 35, 22.817593
6, 36, 40.310714
6, 38, -20.876549
6, 39, -22.290574
6, 40, -23.198907
6, 41, 61.713756
6, 42, -51.471867
6, 43, -61.239325
6, 44, -20.862700
6, 47, 19.089875
6, 49, -54.419720
7, 1, 3.880811
7, 2, 99999.000000
7, 3, -19.343338
7, 4, -6.928271
7, 6, -35.972900
7, 7, -18.022236
7, 8, -42.896642
7, 9, 8.618469
7, 10, 2.313478
7, 11, -13.672263
7, 12, 14.197863
7, 13, -13.128606
7, 14, 34.882029
7, 15, 43.000000
7, 16, -18.800207
7, 17, -66.000000
7, 18, -29.000000
7, 19, -37.082985
7, 20, -25.042723
7, 21, -28.403705
7, 22, 18.894059
7, 23, -23.523387
7, 25, 18.605137
7, 26, -40.274054
7, 27, 24.307113
7, 28, -52.000000
7, 29, -10.039582
7, 31, 29.504583
7, 32, 15.196121
7, 33, -24.323056
7, 34, -16.249866
7, 35, 21.308090
7, 36, 34.797635
7, 38, -13.562411
7, 39, -21.110592
7, 40, -17.604571
7, 41, 39.141298
7, 42, -32.842046
7, 43, -47.578977
7, 44, -28.201559
7, 46, -14.770115
7, 47, 24.222932
7, 50, 29.993708
8, 1, 30.082444
8, 4, -36.071729
8, 5, -21.943605
8, 6, -29.713256
8, 8, -36.124472
8, 9, -65.741496
8, 10, -13.537457
8, 11, -33.261370
8, 12, -1.468231
8, 13, -14.413378
8, 14, 32.699794
8, 16, -27.734440
8, 19, -29.193901
8, 20, 10.659745
8, 21, -30.735492
8, 22, 39.316196
8, 23, -13.202811
8, 24, -2.000000
8, 25, 10.913836
8, 26, -24.053790
8, 27, 20.244141
8, 29, -10.741551
8, 30, -37.237474
8, 32, 10.087048
8, 33, -6.543191
8, 34, -13.952042
8, 35, -7.128198
8, 36, 8.879924
8, 37, -40.576351
8, 38, -24.926470
8, 39, -11.257952
8, 41, 2.069349
8, 42, -44.508667
8, 43, 99999.000000
8, 44, -54.706168
8, 45, -40.221401
8, 46, 16.366264
8, 47, 11.248359
8, 48, 22.183210
8, 49, 14.000000
8, 50, 16.048036
9, 3, -17.967387
9, 5, -4.593459
9, 6, -6.670021
9, 8, -17.021614
9, 9, -35.214475
9, 10, -6.556461
9, 11, -58.320762
9, 12, 11.740263
9, 13, -5.064841
9, 14, 23.391337
9, 15, 23.000000
9, 16, -33.284219
9, 17, 60.000000
9, 18, -12.000000
9, 19, -46.645175
9, 20, 11.097824
9, 21, -40.897341
9, 22, 17.637901
9, 23, -11.868275
9, 25, -4.704305
9, 26, -37.934864
9, 27, -4.946198
9, 29, -16.014069
9, 30, -10.975408
9, 31, -68.000000
9, 32, 10.568348
9, 33, 11.353909
9, 34, 4.196235
9, 35, -25.476852
9, 36, -10.077604
9, 37, -14.770058
9, 38, -34.474925
9, 39, -19.446809
9, 40, -53.291508
9, 41, -28.330430
9, 43, -12.629588
9, 44, -69.045811
9, 45, -3.296716
9, 46, 25.439251
9, 47, -8.361891
9, 48, 18.412719
9, 50, -3.105188
10, 1, 4.607631
10, 2, -30.547496
10, 3, -17.686651
10, 4, -33.649354
10, 5, 14.458210
10, 6, 27.190859
10, 7, -10.723004
10, 8, -25.415817
10, 9, -33.287737
10, 10, -18.977948
10, 13, 10.911906
10, 14, 27.251061
10, 16, -26.623423
10, 18, 99999.000000
10, 19, -45.023948
10, 20, 1.616795
10, 21, -45.725398
10, 22, 20.739677
10, 23, -13.152277
10, 24, -40.246107
10, 25, -29.521129
10, 26, -36.812635
10, 27, -7.453840
10, 29, -39.961094
10, 30, -3.782823
10, 32, 7.209305
10, 33, 8.808192
10, 34, -0.026012
10, 35, -25.659011
10, 36, -36.359318
10, 37, -28.014528
10, 38, -32.869994
10, 40, -26.799860
10, 41, -40.388339
10, 42, -43.348040
10, 43, 47.000000
10, 45, 25.278140
10, 46, 7.041811
10, 47, -3.951617
10, 48, -1.944363
10, 49, -28.048537
10, 50, 5.755471
11, 1, 32.296581
11, 2, -30.329758
11, 3, -17.784976
11, 4, -8.043300
11, 5, 29.810734
11, 6, 54.730632
11, 7, 0.646451
11, 8, -19.622449
11, 9, 7.371185
11, 10, -25.714855
11, 11, -42.542826
11, 12, -16.000000
11, 13, 23.154430
11, 14, 19.973016
11, 15, 0.000000
11, 16, -7.021422
11, 17, -30.873132
11, 20, -19.394038
11, 21, -50.134459
11, 22, 5.765270
11, 23, -35.067117
11, 24, -18.886295
11, 25, -33.312904
11, 26, -36.888540
11, 27, 14.864255
11, 28, 10.073690
11, 30, -3.489843
11, 32, 15.701720
11, 33, 30.643049
11, 34, 23.544302
11, 35, -4.773055
11, 36, -50.706933
11, 37, -35.980431
11, 38, -22.675479
11, 39, 9.854630
11, 40, -1.289410
11, 41, -25.447359
11, 42, -51.278352
11, 44, 42.142954
11, 45, 29.072171
11, 46, -2.531625
11, 47, 16.184350
11, 48, -20.575063
11, 49, 5.406728
11, 50, 11.164568
12, 1, 32.522146
12, 2, -36.623289
12, 3, -12.688106
12, 4, -6.600927
12, 6, 65.619078
12, 7, 14.859280
12, 8, 5.352979
12, 9, 16.052922
12, 10, -20.705098
12, 11, -29.377910
12, 13, 28.106379
12, 14, -3.509732
12, 15, 13.524236
12, 16, 13.377223
12, 17, -23.621123
12, 18, 2.896331
12, 19, -36.044576
12, 20, -23.315580
12, 21, -41.664434
12, 22, 12.498643
12, 23, -37.393769
12, 24, 8.042855
12, 25, -52.140220
12, 26, -24.260959
12, 27, 30.586486
12, 28, 8.926310
12, 29, 80.000000
12, 31, 27.564304
12, 32, 11.913507
12, 33, 55.994697
12, 37, -45.001776
12, 38, -20.915197
12, 39, -13.754403
12, 40, 31.044021
12, 41, -22.965115
12, 42, -62.599240
12, 43, 29.437320
12, 44, 28.390450
12, 45, 33.237419
12, 46, -6.737948
12, 47, 41.226676
12, 48, -17.120781
12, 49, 23.442353
13, 1, 23.439379
13, 2, -46.543183
13, 3, -18.483700
13, 4, 10.480976
13, 5, 42.352956
13, 6, 54.665452
13, 7, -3.405145
13, 8, 35.473877
13, 9, 30.665982
13, 11, -15.693504
13, 12, 99999.000000
13, 14, -13.775334
13, 15, 99999.000000
13, 16, 22.346258
13, 17, -1.766341
13, 18, -8.939308
13, 19, -16.383563
13, 20, -11.855609
13, 21, -44.543364
13, 22, 21.992472
13, 23, -30.465983
13, 24, 12.530521
13, 25, -63.432127
13, 26, -8.208767
13, 27, 29.497213
13, 30, -49.632891
13, 31, 9.435696
13, 32, -5.317462
13, 34, -21.817036
13, 35, -60.591076
13, 36, -45.376856
13, 37, -32.677568
13, 38, -9.835740
13, 39, -14.269862
13, 40, 51.297241
13, 41, -4.587990
13, 43, 15.575182
13, 44, 6.121816
13, 46, -31.414124
13, 48, -36.884268
13, 49, 38.555816
13, 50, 45.396762
14, 1, -2.803458
14, 2, -49.109311
14, 3, -40.793384
14, 4, 2.927004
14, 5, 23.584500
14, 6, 26.857324
14, 7, -18.763927
14, 8, 55.751318
14, 9, 30.770661
14, 10, 19.288899
14, 11, -8.733400
14, 12, 14.084437
14, 13, -23.179318
14, 14, -6.365558
14, 16, 99999.000000
14, 17, 18.561012
14, 18, -9.840843
14, 19, 15.911499
14, 20, -0.926515
14, 21, -57.832516
14, 22, 36.838608
14, 23, -13.453846
14, 24, -2.864357
14, 25, -61.912786
14, 26, 19.371129
14, 27, 40.623716
14, 28, -35.276972
14, 30, -48.444278
14, 32, -12.868710
14, 33, -33.916127
14, 34, 15.817036
14, 35, -54.841027
14, 36, -42.623144
14, 37, -43.057474
14, 38, 1.269012
14, 39, -3.494760
14, 40, 60.911260
14, 41, -14.832397
14, 42, 99999.000000
14, 43, -1.829090
14, 44, -29.604530
14, 46, -51.527185
14, 47, -4.979845
14, 48, -55.770546
14, 50, 24.837876
15, 1, -2.073172
15, 2, -63.671107
15, 3, -45.168689
15, 4, 7.392774
15, 5, 35.018300
15, 6, -14.934565
15, 7, -40.596740
15, 9, 31.239208
15, 10, 11.768666
15, 11, -21.391218
15, 12, -16.134102
15, 13, 3.340352
15, 14, -30.721554
15, 15, 99999.000000
15, 16, -1.927452
15, 18, -0.973854
15, 19, 29.942850
15, 20, -6.785994
15, 21, 99999.000000
15, 22, 39.699296
15, 23, 7.330680
15, 24, -23.101607
15, 25, -48.826884
15, 26, 25.030617
15, 27, 47.145864
15, 28, -10.867459
15, 29, 50.775742
15, 30, -34.149603
15, 31, -84.000000
15, 32, -0.693845
15, 33, -49.043618
15, 35, -27.855994
15, 37, -47.461294
15, 38, 2.111125
15, 39, -4.977471
15, 40, 57.129438
15, 41, -10.240094
15, 42, 40.000000
15, 43, -31.553835
15, 45, -7.935163
15, 46, -50.206971
15, 47, 5.184348
15, 49, 20.029722
15, 50, 10.531514
16, 1, -11.760419
16, 2, -68.981155
16, 3, -42.243332
16, 4, 29.769253
16, 5, 48.348560
16, 6, -33.621535
16, 7, -48.393300
16, 8, -11.364816
16, 10, 31.401153
16, 11, -35.874497
16, 12, 15.050683
16, 13, 4.277482
16, 14, -47.412698
16, 15, -39.800800
16, 16, -6.271466
16, 17, 63.252732
16, 20, -25.330352
16, 21, 50.021460
16, 22, 27.820617
16, 23, 22.264211
16, 24, -31.386764
16, 25, -20.662298
16, 26, 12.065623
16, 27, 52.895854
16, 28, -6.513756
16, 29, 23.844275
16, 30, -49.853927
16, 32, 2.704871
16, 33, -54.075960
16, 34, 2.000000
16, 35, 10.458780
16, 36, 66.000000
16, 38, 33.505831
16, 40, 68.871535
16, 41, -18.170941
16, 43, -54.985915
16, 44, 39.892996
16, 45, -25.425946
16, 46, -34.658255
16, 47, 5.657897
16, 48, -33.140082
16, 49, 4.145579
16, 50, 0.723627
17, 1, 0.468434
17, 2, -66.872967
17, 4, 39.064587
17, 5, 60.567226
17, 6, -22.860098
17, 7, -34.677996
17, 8, -12.074622
17, 9, -51.302222
17, 10, 30.696245
17, 11, -29.966339
17, 12, 5.174138
17, 13, 13.004428
17, 14, -64.396507
17, 15, 11.356497
17, 16, 7.551182
17, 17, 43.747268
17, 18, 33.315949
17, 19, 86.000000
17, 20, -24.060395
17, 21, 25.708410
17, 22, 2.160936
17, 23, 23.832971
17, 25, -27.454939
17, 26, -2.378066
17, 27, 45.156847
17, 28, -32.044792
17, 29, 24.078381
17, 30, -34.208216
17, 31, 99999.000000
17, 32, -25.062768
17, 33, -54.856894
17, 35, 43.600812
17, 38, 41.851065
17, 39, 51.271678
17, 42, -16.090857
17, 43, -61.796906
17, 44, 41.297965
17, 45, -31.292573
17, 46, -14.779925
17, 47, -21.330605
17, 48, -16.252297
17, 49, 2.223234
17, 50, 0.535932
18, 1, 31.612330
18, 2, -57.843799
18, 3, -73.000000
18, 4, 33.668092
18, 5, 53.955852
18, 6, -4.994088
18, 7, -23.920612
18, 8, -11.144311
18, 9, -24.294314
18, 10, 26.276936
18, 12, 2.512021
18, 13, 4.084185
18, 14, -66.747409
18, 15, -41.053858
18, 16, 5.654328
18, 18, -1.707096
18, 20, 4.823859
18, 21, 8.498467
18, 22, -26.478149
18, 24, -20.231437
18, 25, -30.109494
18, 26, -4.829244
18, 27, 32.965288
18, 29, 19.029594
18, 30, 99999.000000
18, 32, -40.516695
18, 34, 23.000000
18, 35, 62.288082
18, 36, 23.221070
18, 37, 73.000000
18, 38, 39.212051
18, 39, 43.035377
18, 40, -13.230533
18, 41, 44.600896
18, 42, 10.023806
18, 44, 24.328196
18, 45, -29.107345
18, 46, -19.520675
18, 47, -32.715381
18, 48, -3.005141
18, 49, -5.461449
18, 50, 4.327631
19, 1, 51.976801
19, 2, -40.600567
19, 4, 20.263985
19, 5, 46.654914
19, 6, 6.672654
19, 7, -6.977801
19, 8, -13.238572
19, 9, 0.307378
19, 10, -1.034211
19, 11, -5.281968
19, 13, -17.212779
19, 14, -65.098705
19, 15, -38.487308
19, 16, -1.475947
19, 17, -77.141888
19, 18, -5.513076
19, 19, -50.440427
19, 20, 26.635774
19, 21, -14.371852
19, 22, -51.019099
19, 23, -4.468137
19, 24, -47.768563
19, 25, -23.688959
19, 26, 19.284823
19, 27, 22.324223
19, 28, 26.070581
19, 29, 15.399053
19, 30, -52.795741
19, 31, -90.000000
19, 33, 13.742534
19, 35, 73.295717
19, 36, 19.778930
19, 38, 16.600341
19, 39, 16.640720
19, 40, -4.833658
19, 41, 20.300378
19, 42, 17.153469
19, 45, -3.903206
19, 46, -23.020202
19, 48, 23.507549
19, 49, 3.039964
19, 50, -4.002771
20, 1, 66.023182
20, 3, 62.000000
20, 4, 10.001196
20, 5, 31.347249
20, 6, -7.313775
20, 8, -24.193950
20, 10, -3.169540
20, 11, -23.171546
20, 15, -31.146828
20, 16, -0.054612
20, 17, -68.451221
20, 18, 1.961136
20, 19, -34.700863
20, 20, 31.254478
20, 21, -30.170042
20, 23, -0.381113
20, 25, -14.866902
20, 27, 18.456442
20, 28, 9.297706
20, 29, 26.924636
20, 30, -78.000000
20, 33, -3.180964
20, 34, 48.428017
20, 37, -28.665172
20, 39, 1.318607
20, 40, 20.886535
20, 41, 13.335664
20, 42, 17.673678
20, 43, 63.000000
20, 44, 31.625431
20, 46, -26.127361
20, 47, 46.121572
20, 49, -0.477268
20, 50, -19.633841
21, 2, 66.000000
21, 4, 20.957169
21, 5, 28.622150
21, 6, -22.229949
21, 7, -47.582088
21, 8, -51.043105
21, 11, -29.362033
21, 12, -59.623469
21, 13, -67.408518
21, 14, -2.946547
21, 15, -36.812532
21, 16, -11.635762
21, 17, -54.369506
21, 18, 8.839902
21, 19, -1.047858
21, 20, 21.808277
21, 21, -28.980700
21, 23, 4.193358
21, 25, -1.486098
21, 28, -15.863150
21, 31, 12.905812
21, 32, -13.000000
21, 33, -2.600275
21, 34, 35.938094
21, 35, -20.491219
21, 36, -40.754693
21, 37, -46.334828
21, 38, 7.209792
21, 39, -24.618680
21, 40, 19.280079
21, 41, 26.626759
21, 42, 0.291696
21, 43, 77.753713
21, 44, 1.247990
21, 45, 28.640295
21, 46, -34.452350
21, 47, 17.851435
21, 48, -38.667520
21, 49, -6.600421
21, 50, -38.170992
22, 1, -96.000000
22, 2, 99999.000000
22, 3, 46.147404
22, 4, 26.195954
22, 5, 1.219231
22, 6, -23.373957
22, 7, -26.475983
22, 10, -36.563868
22, 11, -12.386310
22, 12, -44.178589
22, 13, -48.591482
22, 14, -2.709575
22, 15, -31.312496
22, 16, -5.056557
22, 17, -38.607512
22, 18, -5.574210
22, 19, 26.045803
22, 20, 9.146032
22, 21, 0.500697
22, 22, 81.073690
22, 23, -12.707378
22, 24, -60.014785
22, 25, 5.144909
22, 26, 57.565641
22, 28, -15.240590
22, 31, 6.489291
22, 33, 8.745776
22, 34, 10.526745
22, 35, -8.689906
22, 36, -26.744266
22, 38, -3.521153
22, 39, -16.103596
22, 40, 6.946341
22, 42, -16.722228
22, 43, 99999.000000
22, 44, -24.761158
22, 45, 7.626187
22, 46, -21.120083
22, 47, 16.698448
22, 48, -13.226813
22, 49, -16.323340
22, 50, -42.612437
23, 3, 29.282630
23, 4, 29.923281
23, 5, -36.485730
23, 6, -40.266240
23, 7, 5.837087
23, 8, -5.633754
23, 9, 15.714943
23, 10, -16.746623
23, 11, -8.626632
23, 12, -28.154405
23, 14, 0.401488
23, 16, -18.169160
23, 17, -28.738091
23, 18, -3.180784
23, 19, 54.974942
23, 20, 9.931704
23, 21, 18.710170
23, 22, 79.926310
23, 23, -10.576097
23, 24, -45.128890
23, 25, 13.267487
23, 26, 51.453938
23, 28, -32.904521
23, 30, 33.282315
23, 31, 4.591547
23, 32, 91.000000
23, 33, 36.449009
23, 34, -8.338513
23, 35, 14.860249
23, 36, -36.744456
23, 37, 76.000000
23, 38, -2.924588
23, 39, 15.581378
23, 40, -12.875542
23, 41, -1.816190
23, 42, -30.875163
23, 43, -16.221607
23, 44, -29.417549
23, 45, -13.676835
23, 46, 9.483082
23, 47, 18.218035
23, 48, -14.910720
23, 49, -6.488942
24, 1, 19.079391
24, 2, -73.000000
24, 3, 0.302261
24, 4, 46.529430
24, 5, -63.275548
24, 6, -56.890419
24, 7, 15.012212
24, 8, 12.679716
24, 9, -0.589704
24, 10, 8.627352
24, 11, -14.002636
24, 12, -11.449691
24, 13, 33.000000
24, 14, 26.970749
24, 15, 2.333704
24, 16, -28.651489
24, 17, -30.829669
24, 19, 63.228325
24, 20, 35.310626
24, 21, 39.062145
24, 24, -47.434295
24, 26, 37.904841
24, 27, -61.970414
24, 28, -44.139772
24, 29, -44.686917
24, 30, 18.120633
24, 31, -1.885547
24, 33, 38.352592
24, 34, -41.821414
24, 35, 14.051863
24, 36, -37.090096
24, 37, 99999.000000
24, 38, 4.940561
24, 39, 29.944404
24, 40, -12.011141
24, 41, 25.955230
24, 42, -37.733382
24, 43, 20.324391
24, 44, -26.843009
24, 45, -17.983559
24, 46, 32.067722
24, 47, 16.148402
24, 49, -10.128420
24, 50, -62.000000
25, 1, 12.885832
25, 3, -13.079497
25, 4, 51.527576
25, 5, -72.159623
25, 7, 4.517254
25, 8, 22.166754
25, 9, 0.788472
25, 10, 14.971650
25, 11, -24.860885
25, 12, -14.829183
25, 15, -5.836704
25, 16, -56.556754
25, 17, -18.361812
25, 18, 14.000000
25, 20, 46.659868
25, 21, 36.745237
25, 22, -10.007856
25, 24, -37.058986
25, 25, 25.000000
25, 27, -33.547866
25, 28, -45.803794
25, 29, -41.573836
25, 30, 12.915301
25, 31, -26.241632
25, 33, 25.313218
25, 34, 99999.000000
25, 35, 35.957156
25, 36, -28.304526
25, 38, 14.749161
25, 39, 16.366928
25, 40, 1.428830
25, 41, 40.302209
25, 42, -26.776257
25, 43, -8.170948
25, 44, -30.626872
25, 46, 44.971710
25, 47, 28.737555
25, 48, -14.346314
26, 1, 6.655162
26, 2, -55.818997
26, 3, 4.409900
26, 4, 59.191318
26, 6, 27.416742
26, 8, 19.414392
26, 9, -9.557219
26, 10, -2.398495
26, 11, -11.436393
26, 12, -27.732920
26, 13, 47.197814
26, 14, -29.544821
26, 15, 5.900411
26, 17, 0.910834
26, 19, -55.505072
26, 20, 47.878377
26, 21, 16.261741
26, 22, 13.894115
26, 23, -34.047919
26, 24, -53.069918
26, 26, -15.897995
26, 27, 7.246816
26, 28, -35.566406
26, 29, -46.797577
26, 30, 5.756501
26, 31, -31.854162
26, 32, -44.000000
26, 33, -2.021062
26, 34, 39.652891
26, 35, 34.645682
26, 36, -20.593523
26, 39, 9.492588
26, 41, 58.448723
26, 42, -15.886866
26, 43, 14.578019
26, 44, -26.723761
26, 47, 32.348269
26, 48, 5.094911
26, 49, 38.000000
26, 50, -55.235627
27, 1, 8.452091
27, 2, -46.181003
27, 3, 33.534397
27, 4, 54.507806
27, 5, -34.576066
27, 6, 32.769632
27, 7, -5.218037
27, 9, -19.876819
27, 10, 7.262205
27, 12, -22.027015
27, 13, 62.802186
27, 14, -25.510486
27, 15, -5.357231
27, 16, -56.777072
27, 17, 18.597059
27, 18, 25.093610
27, 19, -34.415309
27, 20, 26.669886
27, 21, -7.260171
27, 22, 23.817323
27, 23, -24.192560
27, 24, -56.704104
27, 25, -56.000000
27, 26, -17.442089
27, 27, 25.463432
27, 28, -36.627414
27, 29, -40.973110
27, 30, 5.141397
27, 31, -27.969783
27, 32, -51.376856
27, 33, 8.327366
27, 34, -2.273398
27, 35, 17.421534
27, 36, -2.466107
27, 37, -7.899131
27, 38, 4.999102
27, 39, -6.387304
27, 40, -32.115165
27, 42, -20.055621
27, 43, 0.245569
27, 44, -1.801617
27, 45, -11.094800
27, 46, 13.180426
27, 47, 14.213586
27, 48, 11.034971
27, 50, -33.220578
28, 3, 57.448529
28, 5, -5.125114
28, 6, 29.223338
28, 7, 11.856338
28, 8, -7.928271
28, 9, -19.920382
28, 12, -14.288583
28, 14, -51.663221
28, 16, -42.143715
28, 17, 49.691144
28, 18, 11.971726
28, 19, -22.359259
28, 20, -0.623952
28, 21, -15.780532
28, 22, 32.012549
28, 23, -9.850929
28, 24, -68.723929
28, 26, -30.935467
28, 27, 17.500109
28, 28, -28.504733
28, 29, -59.266931
28, 30, -6.372452
28, 31, -48.156070
28, 32, 99999.000000
28, 33, 37.614699
28, 34, 17.527536
28, 35, 14.337993
28, 36, 0.483000
28, 37, 27.899131
28, 38, 7.036773
28, 39, -9.046881
28, 40, -0.452104
28, 41, -19.921289
28, 42, -22.262982
28, 43, 8.379101
28, 44, 8.120909
28, 45, -11.218229
28, 46, -14.003651
28, 47, -10.780361
28, 48, -4.678672
28, 49, -82.376856
28, 50, -10.105977
29, 1, 53.491596
29, 5, 17.954055
29, 6, 17.815203
29, 7, 37.789963
29, 8, -37.071729
29, 9, -28.749792
29, 10, -2.859922
29, 11, 78.409386
29, 13, 99999.000000
29, 15, 99999.000000
29, 16, -6.617763
29, 18, -19.962390
29, 19, -17.533465
29, 20, -6.128327
29, 21, 4.798053
29, 22, 16.439041
29, 23, 1.304371
29, 24, -73.376680
29, 25, 4.056485
29, 26, -36.133163
29, 27, -11.140347
29, 30, 4.414205
29, 31, -55.937661
29, 32, -9.512259
29, 34, 3.346562
29, 35, 26.470349
29, 36, -1.998410
29, 38, -4.733852
29, 39, -41.060724
29, 40, 18.076113
29, 41, -2.136360
29, 42, -17.097748
29, 43, 8.536016
29, 44, 5.887728
29, 45, -23.352777
29, 46, -20.406774
29, 48, 0.112029
29, 49, -79.623144
29, 50, -21.230847
30, 1, 32.089199
30, 2, -38.008094
30, 3, 32.383126
30, 4, 25.089908
30, 5, 9.251024
30, 6, -18.196682
30, 9, -33.085153
30, 10, 16.867560
30, 11, 75.965002
30, 12, 51.773008
30, 13, -55.042786
30, 14, 42.817091
30, 15, 14.909498
30, 16, 24.349108
30, 17, -25.760302
30, 19, -8.459710
30, 20, 13.768053
30, 22, -12.675788
30, 23, -2.544997
30, 25, 2.408670
30, 26, -18.410892
30, 28, -20.008827
30, 29, -17.627455
30, 30, 21.660482
30, 32, -12.589521
30, 33, -62.000000
30, 34, 15.851699
30, 35, 41.499999
30, 36, -4.497554
30, 37, 41.045774
30, 38, -13.132034
30, 39, -56.383895
30, 40, 5.246684
30, 41, -17.054089
30, 42, -34.549342
30, 43, 39.505740
30, 45, -20.303067
30, 47, 26.753713
30, 48, -12.813835
30, 50, -33.238494
31, 1, -5.682194
31, 2, -38.477413
31, 3, 11.018357
31, 4, -6.049687
31, 5, 19.413958
31, 6, -25.262092
31, 7, -65.802845
31, 8, 25.953633
31, 9, -29.489480
31, 10, 39.063510
31, 11, 77.844313
31, 12, 44.821944
31, 13, -5.234303
31, 14, 31.159621
31, 15, 2.000000
31, 16, 31.537313
31, 17, -7.407268
31, 18, 63.000000
31, 19, -8.034868
31, 20, 24.256453
31, 21, 32.729407
31, 22, -35.227054
31, 23, 2.607945
31, 24, -46.103382
31, 25, -8.209236
31, 26, -22.231638
31, 28, -31.346526
31, 29, 8.246903
31, 30, 17.631003
31, 31, -69.000000
31, 32, -0.910659
31, 34, 29.235091
31, 35, 44.583391
31, 36, -4.980246
31, 37, 8.674846
31, 38, -20.405001
31, 39, -64.413657
31, 42, -28.460631
31, 43, 61.118862
31, 44, -85.000000
31, 45, -36.305448
31, 46, -27.959933
31, 47, 21.246287
31, 48, -3.182553
31, 50, -30.796714
32, 1, -16.599862
32, 2, -35.472835
32, 3, 8.513491
32, 4, -27.707621
32, 5, -0.602417
32, 6, -26.037783
32, 7, -49.764215
32, 8, 23.252927
32, 9, -54.586957
32, 10, 56.430166
32, 11, 72.200225
32, 12, 38.592166
32, 13, -6.304253
32, 14, -1.944171
32, 16, 32.024975
32, 17, 2.443791
32, 19, -9.782167
32, 20, 13.623756
32, 21, -7.271685
32, 22, -52.912610
32, 23, 28.401496
32, 24, -52.487392
32, 25, -2.422238
32, 26, -6.301586
32, 28, -22.576759
32, 29, 24.354211
32, 30, 10.236968
32, 31, 99999.000000
32, 33, -49.000000
32, 35, 28.284206
32, 36, 22.256383
32, 37, -6.423463
32, 38, -29.293655
32, 39, -52.394265
32, 40, -7.816911
32, 42, -19.108845
32, 46, -41.040067
32, 48, 1.253191
32, 49, 34.086872
32, 50, -15.494241
33, 1, -26.738342
33, 2, -49.393058
33, 3, -6.149853
33, 4, -25.717117
33, 5, 0.933699
33, 6, -2.499866
33, 7, -27.710045
33, 8, 14.558863
33, 11, 60.519998
33, 12, 57.113670
33, 13, -1.152460
33, 14, -12.294760
33, 15, 55.000000
33, 16, 16.521703
33, 17, 1.121958
33, 18, -28.572709
33, 19, 1.002479
33, 20, 24.302527
33, 21, -35.850321
33, 22, -50.748609
33, 23, 36.718363
33, 24, -60.995448
33, 25, 29.582514
33, 26, -9.409987
33, 27, -49.924320
33, 28, -5.904147
33, 29, 14.037030
33, 31, -5.206220
33, 32, -1.724398
33, 34, 11.000000
33, 35, 2.183540
33, 37, -22.423172
33, 38, -45.987562
33, 39, -61.029145
33, 40, 22.720652
33, 42, 4.346284
33, 45, 25.653176
33, 47, -82.756348
33, 48, -15.342054
33, 49, 28.168692
33, 50, -6.713622
34, 1, -45.040290
34, 2, -52.186141
34, 3, 3.724970
34, 4, -15.119869
34, 5, 99999.000000
34, 6, 15.791614
34, 8, 6.121786
34, 9, -51.985614
34, 10, 11.228227
34, 11, 42.666677
34, 12, 64.600369
34, 13, 11.534300
34, 14, -7.098306
34, 16, -24.174697
34, 17, 13.555780
34, 18, -13.427291
34, 19, 4.116046
34, 20, 48.359068
34, 21, -43.470096
34, 23, 47.357444
34, 24, -63.151186
34, 26, -32.142976
34, 27, -43.135379
34, 28, 25.135901
34, 29, -4.661231
34, 30, 4.000000
34, 31, -55.000000
34, 32, 9.087080
34, 33, 28.957971
34, 35, -1.432941
34, 36, -25.691657
34, 37, -30.334863
34, 39, 99999.000000
34, 40, 32.299565
34, 41, 16.000000
34, 42, 17.728698
34, 43, -9.336661
34, 44, 36.611640
34, 45, 5.817159
34, 46, 85.000000
34, 47, -95.311572
34, 48, -38.029934
34, 49, 14.629814
34, 50, -0.161794
35, 1, -57.554059
35, 2, -44.259881
35, 3, 14.918033
35, 4, 6.951847
35, 5, 36.000000
35, 7, -45.750787
35, 8, 16.846177
35, 9, -41.065519
35, 10, 19.598407
35, 11, 41.141930
35, 12, 55.741837
35, 13, 34.640025
35, 14, 28.828170
35, 15, -90.000000
35, 17, 43.333213
35, 19, 17.314754
35, 21, -35.979163
35, 22, -51.221161
35, 23, 41.031269
35, 24, -63.480742
35, 25, -11.943121
35, 27, -27.345421
35, 28, 25.167053
35, 29, -5.729121
35, 32, 4.157534
35, 33, 14.042029
35, 34, -8.731653
35, 35, 1.728737
35, 36, -0.242508
35, 38, 33.368312
35, 39, -7.635111
35, 40, 19.804405
35, 41, 27.065284
35, 43, -8.397079
35, 44, 37.999162
35, 45, 13.058600
35, 47, -49.169148
35, 48, -42.737121
35, 49, 15.142295
35, 50, -26.136265
36, 1, -60.599886
36, 2, -34.032836
36, 3, 8.001623
36, 4, 35.114743
36, 6, -93.000000
36, 7, -32.673578
36, 8, 14.890329
36, 9, -46.660814
36, 10, 1.091782
36, 11, 19.470752
36, 12, 35.796716
36, 15, 99999.000000
36, 18, -26.054917
36, 19, 9.038126
36, 20, 11.252517
36, 21, -15.374348
36, 22, -41.444808
36, 23, 39.205322
36, 25, -19.056879
36, 26, -53.337340
36, 27, 5.282592
36, 28, 2.727069
36, 29, -2.418017
36, 30, -13.442141
36, 31, -2.660574
36, 32, -1.593464
36, 34, 2.171291
36, 35, 1.684715
36, 36, 15.228794
36, 37, 0.000000
36, 38, -0.746537
36, 39, 70.153794
36, 40, -13.537121
36, 41, 99999.000000
36, 42, 30.568683
36, 43, -24.082261
36, 44, 38.846965
36, 45, -0.489414
36, 46, 20.412382
36, 47, 99999.000000
36, 49, -2.437920
36, 50, -28.884828
37, 1, -44.884185
37, 2, -21.583834
37, 4, 45.432034
37, 5, -13.000000
37, 7, 3.401213
37, 8, 24.501662
37, 10, -5.796417
37, 11, -22.411134
37, 12, 1.876736
37, 13, -26.894996
37, 14, -24.771318
37, 15, 44.443013
37, 16, -43.000000
37, 17, -36.697773
37, 18, 9.054917
37, 19, -18.207583
37, 20, 5.482540
37, 21, -19.293738
37, 22, -38.044560
37, 23, 42.395518
37, 24, 19.473661
37, 26, -45.148851
37, 27, 16.534598
37, 28, -23.012140
37, 29, -6.588062
37, 30, -6.557859
37, 31, 11.604591
37, 32, -8.828409
37, 33, -10.292799
37, 34, 3.445861
37, 35, 17.771080
37, 36, 14.175742
37, 38, -25.921683
37, 39, 29.297183
37, 40, -32.152048
37, 41, 99999.000000
37, 42, 33.533600
37, 44, 44.590263
37, 45, 2.305282
37, 46, 50.753713
37, 47, -80.000000
37, 48, -6.604371
37, 49, -21.592049
37, 50, -21.538019
38, 1, -15.122610
38, 2, 0.614158
38, 4, 44.986291
38, 6, 7.365494
38, 7, 99999.000000
38, 8, 6.037948
38, 10, -20.399901
38, 12, -12.704914
38, 13, -9.815640
38, 14, -1.406398
38, 15, 13.247857
38, 17, -32.077038
38, 19, -30.183978
38, 20, -20.133741
38, 21, -6.825450
38, 22, -37.841125
38, 23, 34.765411
38, 24, 11.106857
38, 25, -33.227312
38, 26, -28.545674
38, 28, -23.987634
38, 29, 7.625948
38, 31, 29.697826
38, 32, -9.312916
38, 33, 22.292799
38, 34, -5.663669
38, 35, 19.373788
38, 36, 25.484035
38, 37, -21.221315
38, 38, -40.610977
38, 39, 14.203830
38, 40, -26.665398
38, 42, 12.845396
38, 43, 62.000000
38, 44, 38.897665
38, 45, -17.704185
38, 46, -27.101218
38, 48, 24.604371
38, 49, -28.495336
39, 1, 25.542105
39, 2, 13.042353
39, 3, 73.630463
39, 4, 41.215245
39, 5, 16.917381
39, 6, -2.769536
39, 7, 54.576942
39, 8, -15.091178
39, 9, 2.866617
39, 10, -45.644578
39, 12, -7.354238
39, 13, 26.908731
39, 14, -14.205210
39, 15, 22.791160
39, 16, 0.206138
39, 17, -11.487907
39, 18, 84.000000
39, 19, -31.295659
39, 20, -49.353302
39, 21, 1.526920
39, 22, -20.033843
39, 23, 5.715590
39, 24, 22.194981
39, 25, -19.877837
39, 26, -49.413505
39, 27, -27.287790
39, 28, -9.977450
39, 29, -4.217291
39, 30, 54.038202
39, 32, -13.761402
39, 34, -14.592947
39, 35, 19.871990
39, 36, 35.672086
39, 37, -22.624104
39, 38, -26.255153
39, 39, -24.544880
39, 41, -51.914383
39, 42, -22.467242
39, 44, 43.919625
39, 45, -8.391878
39, 46, 99999.000000
39, 49, -29.799199
40, 1, 40.000796
40, 2, 8.317893
40, 3, 62.140011
40, 4, 28.288803
40, 5, 2.720363
40, 6, -6.560906
40, 7, 33.203419
40, 8, -27.133255
40, 9, 6.642696
40, 10, -67.860241
40, 11, -87.000000
40, 13, 41.542402
40, 14, -6.294393
40, 15, 16.550634
40, 16, -17.978041
40, 17, -17.621739
40, 19, -23.524387
40, 20, -60.445015
40, 21, -7.372958
40, 22, -21.131696
40, 23, -5.572008
40, 24, 50.511780
40, 25, -20.529712
40, 27, -16.625092
40, 28, 2.783695
40, 29, -13.994182
40, 30, 30.854175
40, 31, -78.032277
40, 32, -10.517988
40, 33, -95.000000
40, 34, -30.022192
40, 35, 5.460146
40, 36, 59.033251
40, 37, -12.511411
40, 38, -2.033686
40, 39, -42.407159
40, 40, -32.657228
40, 41, -34.661730
40, 42, -40.521161
40, 43, -3.894648
40, 45, 15.194363
40, 46, -19.639955
40, 47, -16.876085
40, 48, -13.847103
40, 50, 16.067246
41, 1, 42.041800
41, 2, 19.962725
41, 3, 62.571263
41, 4, 27.007675
41, 5, 17.039213
41, 7, 16.504339
41, 8, -12.614384
41, 9, 31.322730
41, 11, 99999.000000
41, 12, -44.531357
41, 13, 40.067587
41, 14, -36.495972
41, 15, 16.331501
41, 16, -16.727912
41, 17, -25.835392
41, 18, 54.404823
41, 19, -3.663102
41, 20, -61.350894
41, 22, -18.324407
41, 23, -34.266738
41, 25, 99999.000000
41, 26, 85.000000
41, 27, -10.363950
41, 28, -0.141312
41, 29, -27.033863
41, 30, 34.178054
41, 31, -76.358349
41, 32, -14.264896
41, 34, -54.904524
41, 35, 8.712561
41, 36, 71.111382
41, 37, 0.433269
41, 38, 11.127581
41, 39, -37.415349
41, 40, 3.589779
41, 41, -35.818169
41, 42, -35.435398
41, 43, -21.105352
41, 44, 1.380701
41, 45, 24.823111
41, 46, -43.000000
41, 47, -0.826083
41, 48, -13.558171
41, 49, 65.573641
41, 50, 39.932754
42, 2, 10.993401
42, 5, 34.391110
42, 6, 1.358257
42, 7, -5.893605
42, 8, 7.598690
42, 9, 35.248875
42, 11, 12.279910
42, 12, -30.757662
42, 13, 38.109317
42, 14, -43.090193
42, 15, 26.881286
42, 16, -8.177391
42, 17, -13.784112
42, 18, 34.594876
42, 19, 8.949584
42, 21, 99999.000000
42, 22, -18.360177
42, 23, -37.996275
42, 24, 7.000000
42, 25, -33.824659
42, 26, 43.197814
42, 27, -26.301101
42, 28, -3.044997
42, 29, -37.143231
42, 30, 24.988280
42, 31, -73.708446
42, 32, -9.951805
42, 33, -60.640707
42, 35, 8.565760
42, 37, -1.901925
42, 38, 13.527888
42, 39, -11.506691
42, 40, 17.176747
42, 41, -32.367268
42, 42, -12.546709
42, 44, -2.961558
42, 45, 30.258853
42, 47, -16.056885
42, 48, -1.765586
42, 49, 41.293655
43, 1, 35.430259
43, 2, -18.464802
43, 3, 41.008406
43, 4, -6.741969
43, 5, 33.403887
43, 6, -8.204801
43, 7, -41.001383
43, 8, 1.167572
43, 9, 24.505738
43, 10, -17.508334
43, 11, 59.000000
43, 12, -18.213232
43, 13, 27.551270
43, 14, -43.343619
43, 15, 23.514672
43, 16, 11.630504
43, 17, 17.523419
43, 18, 20.787603
43, 20, 83.016811
43, 21, 62.336567
43, 22, -12.152970
43, 23, -27.379812
43, 25, -45.767788
43, 26, 99999.000000
43, 27, -27.523928
43, 28, -22.836588
43, 30, 33.742888
43, 31, -65.675647
43, 32, -6.121995
43, 33, -48.175756
43, 34, -63.179042
43, 35, 17.782554
43, 36, -63.456104
43, 37, 4.005973
43, 38, 25.515987
43, 39, 12.291693
43, 40, 7.507023
43, 42, 10.649985
43, 43, -52.679747
43, 44, 22.660511
43, 45, 45.610614
43, 46, -59.000000
43, 48, 8.511456
43, 49, 13.045450
43, 50, -81.000000
44, 1, 26.909647
44, 2, -30.847584
44, 3, 43.991594
44, 4, -23.005233
44, 6, -4.157746
44, 7, -55.803393
44, 8, 1.193120
44, 9, 17.862467
44, 10, -13.207914
44, 12, 21.279917
44, 13, 37.575362
44, 14, -27.312931
44, 15, -20.148533
44, 17, 21.613826
44, 18, 31.136487
44, 19, -88.000000
44, 20, 88.983189
44, 21, 38.781008
44, 22, -16.213306
44, 23, -10.862709
44, 24, 11.014850
44, 25, -51.973108
44, 26, 47.800484
44, 27, -20.833392
44, 28, -28.155962
44, 29, 14.400112
44, 30, 28.908184
44, 31, -49.734552
44, 32, 9.978934
44, 33, -4.216509
44, 34, -44.820958
44, 35, 7.164970
44, 36, -49.680230
44, 37, 13.056346
44, 38, 23.918738
44, 40, -14.671288
44, 41, 11.258678
44, 42, 20.284238
44, 43, -58.527361
44, 44, 25.594254
44, 45, 52.280251
44, 47, -40.438158
44, 49, -11.078658
44, 50, 99999.000000
45, 1, 20.531207
45, 2, -31.334588
45, 4, -32.958967
45, 5, 18.911460
45, 6, -14.431848
45, 7, -47.528558
45, 8, -11.150524
45, 9, 9.146569
45, 10, 18.121198
45, 11, -33.263244
45, 12, 38.867312
45, 13, 35.918490
45, 14, 1.815778
45, 15, -9.090383
45, 16, -45.589521
45, 17, -4.685524
45, 18, 48.242665
45, 21, 24.104703
45, 22, -13.537320
45, 23, 4.257594
45, 24, -11.014850
45, 25, -45.309583
45, 26, 47.189409
45, 27, -2.575432
45, 28, -26.022891
45, 29, -7.400112
45, 30, 10.827754
45, 31, -41.030034
45, 32, 26.957565
45, 33, -20.265162
45, 35, 18.508902
45, 36, -30.383476
45, 37, 22.047573
45, 38, 33.117392
45, 40, -18.455858
45, 41, -2.457467
45, 42, 43.410638
45, 43, -48.542604
45, 44, 32.115381
45, 46, -29.950300
45, 47, -17.101012
45, 48, 64.507425
45, 49, -18.796276
45, 50, -14.275988
46, 1, 15.234931
46, 2, -19.847658
46, 4, -18.445931
46, 5, 42.088540
46, 6, 1.135350
46, 7, -33.059065
46, 8, -38.528065
46, 9, -14.630266
46, 10, 22.997055
46, 11, -6.879482
46, 13, 45.676594
46, 14, -8.704330
46, 15, 99999.000000
46, 16, -36.410479
46, 17, -33.285096
46, 18, 99999.000000
46, 19, -12.513870
46, 20, 51.795974
46, 21, 13.036350
46, 22, -8.621954
46, 23, 32.607076
46, 25, -44.519765
46, 26, 62.136484
46, 27, 15.630673
46, 28, -10.491830
46, 30, 1.371769
46, 31, -43.410492
46, 32, 29.847222
46, 33, 53.796104
46, 34, -41.525579
46, 35, 26.956427
46, 36, -13.520369
46, 37, 13.825259
46, 38, 29.833698
46, 40, -25.226638
46, 41, -23.573003
46, 42, 51.352820
46, 43, -27.480693
46, 44, 24.742558
46, 45, -73.000000
46, 46, -31.602319
46, 47, 15.254623
46, 48, 53.492575
46, 50, 89.000000
47, 1, -17.335812
47, 2, -23.462948
47, 3, 30.825060
47, 4, 22.311685
47, 6, -8.312248
47, 7, 1.741483
47, 8, -51.716040
47, 9, -11.223821
47, 10, 17.474626
47, 11, -7.325054
47, 12, 52.000000
47, 13, 35.028912
47, 14, 5.623017
47, 15, 40.907537
47, 17, -50.420783
47, 18, -54.000000
47, 19, 23.513870
47, 20, 51.787168
47, 21, 2.907417
47, 22, 3.216650
47, 23, 39.427606
47, 24, -33.000000
47, 25, -27.450723
47, 27, 43.057871
47, 28, -3.985911
47, 29, 99999.000000
47, 31, -59.652789
47, 32, 24.153767
47, 33, 99999.000000
47, 34, -27.525059
47, 37, -0.752603
47, 38, 7.676721
47, 39, 32.958011
47, 40, -47.724363
47, 41, -31.531315
47, 42, 46.459578
47, 43, 1.465857
47, 44, 16.651157
47, 46, -23.601859
47, 47, 19.017341
47, 49, 29.586726
48, 1, -22.104239
48, 3, 20.868078
48, 4, 41.512463
48, 5, -32.632644
48, 6, -14.055943
48, 7, 12.389305
48, 8, -45.878795
48, 9, 13.397677
48, 10, 12.521114
48, 11, 4.177940
48, 12, 80.277949
48, 13, 17.364887
48, 14, 99999.000000
48, 15, -47.000000
48, 16, -52.268217
48, 17, -46.843686
48, 20, 64.903174
48, 21, -35.222434
48, 22, -8.444803
48, 23, 39.442630
48, 25, -15.406102
48, 26, -92.000000
48, 27, 59.488530
48, 30, -61.719368
48, 32, 14.687370
48, 33, -8.269449
48, 34, -26.021860
48, 35, -28.383301
48, 36, 30.695857
48, 37, -23.368525
48, 38, 1.887900
48, 39, -3.681094
48, 41, -22.090254
48, 42, 46.219184
48, 43, 4.146714
48, 44, 2.659394
48, 45, 49.007578
48, 46, -29.612327
48, 47, 30.795520
48, 48, -3.451601
48, 49, 25.084763
48, 50, 12.921017
49, 1, -29.124191
49, 2, 99999.000000
49, 3, 3.129310
49, 4, 47.483020
49, 5, -5.980387
49, 6, -22.663335
49, 7, 36.549307
49, 8, -18.177054
49, 9, 24.276069
49, 10, 34.177214
49, 11, 14.913628
49, 12, 99999.000000
49, 13, 23.060050
49, 14, -55.654805
49, 16, -39.808451
49, 17, -39.977285
49, 18, -49.539087
49, 19, -27.025217
49, 21, -52.294851
49, 22, -21.889101
49, 24, -76.000000
49, 25, 11.568184
49, 27, 65.897450
49, 28, -34.063323
49, 29, 16.656767
49, 30, -45.733960
49, 31, 33.829364
49, 32, -21.608941
49, 33, -16.604371
49, 34, -31.238704
49, 35, -0.616699
49, 36, 8.303286
49, 37, -17.613717
49, 38, 15.601712
49, 39, -30.772689
49, 40, 20.778930
49, 41, 17.356270
49, 42, 53.784531
49, 43, 28.592201
49, 45, 23.097444
49, 48, -10.959103
49, 49, 26.978944
49, 50, 23.808451
50, 1, -21.098571
50, 2, 40.000000
50, 3, -9.551702
50, 4, 56.308161
50, 5, -1.093444
50, 6, -49.181140
50, 8, 6.778497
50, 10, 42.070062
50, 12, 83.000000
50, 13, 33.121978
50, 14, -20.000000
50, 15, 61.000000
50, 16, -39.161017
50, 17, -37.043260
50, 18, -22.460913
50, 19, -35.974783
50, 20, 4.000000
50, 22, -13.524567
50, 23, 75.000000
50, 25, 28.755021
50, 26, 68.000000
50, 27, 65.764546
50, 28, -1.936677
50, 29, 31.343233
50, 30, -46.154568
50, 31, 55.170636
50, 32, -38.296438
50, 33, 22.450551
50, 34, -56.439165
50, 36, -32.792143
50, 37, 13.721380
50, 39, -53.973245
50, 40, 24.221070
50, 41, 44.239372
50, 42, 62.633495
50, 43, 40.290158
50, 44, -53.000000
50, 45, 11.733978
50, 46, -72.000000
50, 47, -8.000000
50, 48, -41.544401
50, 49, 19.389747
50, 50, 46.508217
