1, 1, 33.000000
1, 3, -20.535467
1, 4, 21.696523
1, 6, 15.924118
1, 7, 8.846714
1, 8, 34.088149
1, 9, -21.890961
1, 10, -19.000000
1, 11, 11.708530
1, 12, 99999.000000
1, 13, -86.000000
1, 14, -58.399371
1, 15, -38.000000
1, 16, -0.124803
1, 18, -90.850236
1, 19, -48.801787
1, 20, -30.940118
1, 21, 1.009801
1, 22, -4.775338
1, 23, 24.540976
1, 24, 19.574474
1, 25, -43.182660
1, 27, 62.000000
1, 28, 5.040512
1, 29, -41.000000
1, 30, -32.073722
1, 32, -12.466007
1, 33, -47.114708
1, 34, -17.100703
1, 35, -18.728271
1, 37, -82.000000
1, 38, -87.000000
1, 39, 82.000000
1, 40, 4.335640
1, 41, 16.895556
1, 42, -24.182181
1, 43, -35.391809
1, 45, 4.483251
1, 46, -81.000000
1, 47, -23.568558
1, 49, 45.000000
1, 50, 14.722825
2, 2, 50.839499
2, 3, -21.661825
2, 4, 17.561233
2, 5, -36.805719
2, 6, 12.772096
2, 7, 9.150265
2, 8, 34.911851
2, 9, -28.420787
2, 11, 11.836743
2, 14, -57.600629
2, 16, 27.752221
2, 17, -3.680037
2, 19, -46.249265
2, 20, -27.090698
2, 21, -4.427395
2, 22, -13.331795
2, 23, 20.514366
2, 24, 16.878930
2, 25, -40.114391
2, 28, 6.182770
2, 30, -37.111012
2, 31, 14.538353
2, 32, -13.548277
2, 33, -47.432807
2, 34, -16.104740
2, 35, -14.544573
2, 36, -70.637284
2, 40, 1.710486
2, 41, 16.492184
2, 42, -23.425935
2, 43, -33.211880
2, 44, 3.262111
2, 45, 6.113109
2, 47, -21.211535
2, 48, -7.951150
2, 50, 16.307413
3, 1, -23.329023
3, 2, 18.467333
3, 3, -22.359205
3, 4, 11.619016
3, 5, -38.732845
3, 6, 6.303593
3, 7, 9.286518
3, 9, -18.609692
3, 11, 10.524120
3, 12, 32.702078
3, 13, 99999.000000
3, 15, -25.525747
3, 17, -43.205151
3, 19, -43.696980
3, 20, -24.590210
3, 21, -11.502593
3, 22, -12.506798
3, 23, 13.046822
3, 24, 17.151235
3, 25, -32.432426
3, 26, -29.841497
3, 27, -13.995648
3, 28, 7.184560
3, 29, 54.673259
3, 30, -29.369846
3, 31, 12.976554
3, 32, -12.987725
3, 33, -46.862867
3, 34, -16.419911
3, 35, -10.431681
3, 36, -70.362716
3, 37, -79.000000
3, 38, 42.685632
3, 39, 10.536366
3, 40, -3.541416
3, 41, 15.960971
3, 42, -22.972719
3, 43, -35.382515
3, 44, -2.296465
3, 45, 9.984560
3, 47, -14.783665
3, 48, -9.143516
3, 49, -44.702655
3, 50, 16.718575
4, 1, -21.492802
4, 2, 50.609930
4, 3, -24.136918
4, 4, 3.644020
4, 5, -43.198891
4, 6, -0.317338
4, 8, -46.014836
4, 9, -30.066000
4, 10, -95.000000
4, 11, 6.918745
4, 12, 31.557193
4, 14, 15.595921
4, 15, -26.474253
4, 17, 1.374523
4, 19, -41.434908
4, 20, -22.034206
4, 21, -18.077565
4, 23, 5.715589
4, 24, 17.942928
4, 25, -25.447427
4, 26, -18.148640
4, 27, -10.429655
4, 29, 55.706218
4, 31, 12.467711
4, 32, -10.668925
4, 33, -43.740367
4, 34, -14.914425
4, 35, -4.314560
4, 38, 40.314368
4, 39, 5.646573
4, 40, -6.555896
4, 43, -34.944276
4, 44, -5.555762
4, 45, 11.227277
4, 47, -8.457485
4, 48, -10.260125
4, 49, -45.030688
4, 50, 17.162688
5, 1, -17.413716
5, 2, 5.155905
5, 3, -24.272917
5, 4, -1.525836
5, 5, -46.154405
5, 6, -6.242418
5, 7, 15.887863
5, 8, -44.605919
5, 11, 1.284953
5, 12, 30.338128
5, 13, 10.472524
5, 14, 17.834774
5, 19, -39.354083
5, 21, -23.736014
5, 23, -1.496194
5, 24, 21.777751
5, 25, -17.953533
5, 26, -33.024224
5, 27, -6.902373
5, 29, 56.982234
5, 31, 13.218159
5, 32, -7.297219
5, 33, -38.648219
5, 34, -14.834776
5, 35, -1.493713
5, 36, 18.330334
5, 39, 0.590972
5, 40, -10.657464
5, 41, 33.083318
5, 43, -40.246432
5, 44, -15.739329
5, 45, 12.955584
5, 47, -1.182858
5, 49, -45.825020
5, 50, 16.454690
6, 1, -11.311284
6, 3, -24.640872
6, 5, -49.347118
6, 6, -8.550761
6, 7, 11.433924
6, 8, -38.871709
6, 10, 4.609668
6, 11, -6.613834
6, 13, 8.186852
6, 14, 19.798609
6, 16, -38.173802
6, 19, -39.052385
6, 20, -27.061517
6, 21, -28.427798
6, 23, -7.704824
6, 24, 24.552848
6, 25, -13.231733
6, 26, -28.045689
6, 27, -1.599137
6, 31, 15.734411
6, 32, -2.835336
6, 33, -30.062894
6, 34, -11.248444
6, 35, 1.566026
6, 36, 16.824234
6, 38, -25.739135
6, 39, -6.153490
6, 40, -11.582442
6, 41, 29.635734
6, 42, -56.274343
6, 43, -38.230721
6, 44, -21.838860
6, 47, 3.622359
6, 49, -47.760757
7, 1, -5.114586
7, 3, -23.399227
7, 4, -19.914998
7, 6, -7.556909
7, 7, 6.706941
7, 8, -35.253640
7, 10, 0.632060
7, 11, -15.081922
7, 12, 20.583920
7, 13, 7.660342
7, 14, 21.292685
7, 16, -11.917686
7, 18, 25.114683
7, 19, -37.739748
7, 20, -21.989765
7, 21, -32.093585
7, 22, 41.106245
7, 23, -11.743155
7, 25, -11.380393
7, 26, -33.697507
7, 27, 2.457477
7, 29, -23.651155
7, 31, 18.850303
7, 32, 0.708699
7, 33, -20.391558
7, 34, -9.549849
7, 35, 0.452772
7, 36, 10.110609
7, 38, -25.507659
7, 39, -10.449542
7, 40, -13.115353
7, 41, 20.792773
7, 42, -55.588458
7, 44, -32.919825
7, 46, -9.039693
7, 47, 8.352242
7, 50, 19.976551
8, 1, -0.276190
8, 4, -23.085002
8, 5, -0.802798
8, 6, -2.434048
8, 8, -27.126168
8, 9, -0.361866
8, 10, -2.430410
8, 11, -23.011759
8, 12, 20.210660
8, 13, 6.638828
8, 14, 20.558840
8, 16, -27.223812
8, 19, -39.307168
8, 20, -18.349917
8, 21, -35.382117
8, 22, 16.517621
8, 23, -15.965764
8, 24, -2.000000
8, 25, -12.442200
8, 26, -31.523556
8, 27, 6.804080
8, 29, -24.379153
8, 30, -25.313037
8, 32, 4.133453
8, 33, -8.080524
8, 34, -3.307174
8, 35, 0.163879
8, 36, 2.626658
8, 37, -40.807688
8, 38, -24.266038
8, 39, -14.907633
8, 41, 11.673509
8, 42, -55.339758
8, 44, -37.653234
8, 45, -10.015694
8, 46, -6.391906
8, 47, 10.844647
8, 48, -0.124032
8, 49, 14.000000
8, 50, 17.208731
9, 3, -19.649123
9, 5, 2.026071
9, 6, 4.987735
9, 8, -20.833901
9, 9, -28.213529
9, 10, -7.380453
9, 11, -28.123328
9, 12, 20.254067
9, 13, 8.440135
9, 14, 18.590311
9, 15, 23.000000
9, 16, -11.369010
9, 17, 60.000000
9, 19, -38.376533
9, 20, -13.514042
9, 21, -38.683059
9, 22, 32.294824
9, 23, -16.967134
9, 25, -17.640759
9, 26, -29.785610
9, 27, 10.144504
9, 29, -27.173708
9, 30, -22.734393
9, 31, -68.000000
9, 32, 5.273005
9, 33, 3.188392
9, 34, -0.166618
9, 35, -2.176299
9, 36, -7.298546
9, 37, -40.509670
9, 38, -23.286609
9, 39, -16.122457
9, 40, -12.288261
9, 41, 0.326573
9, 44, -44.192606
9, 45, -3.899591
9, 46, -5.431158
9, 47, 14.068816
9, 48, -2.029191
9, 50, 16.168384
10, 1, 8.010479
10, 2, -40.056901
10, 3, -20.115559
10, 4, -15.571421
10, 5, 5.707667
10, 6, 12.963572
10, 7, -11.630779
10, 8, -10.716310
10, 9, 1.133220
10, 10, -9.798104
10, 13, 9.780582
10, 14, 13.517698
10, 16, -14.292535
10, 19, -40.233586
10, 20, -12.147697
10, 21, -40.696120
10, 22, 17.599087
10, 23, -19.342237
10, 24, -21.697691
10, 25, -23.175708
10, 26, -27.027805
10, 27, 14.101754
10, 29, -29.448971
10, 30, -19.727007
10, 32, 6.072890
10, 33, 15.089952
10, 34, 6.426431
10, 35, -1.499673
10, 36, -14.231205
10, 37, -37.350567
10, 38, -20.633609
10, 40, -6.462139
10, 41, -6.129873
10, 42, -52.556516
10, 43, -0.289408
10, 45, 2.647829
10, 46, -6.946663
10, 47, 16.887422
10, 48, -8.355219
10, 49, -2.161418
10, 50, 14.238501
11, 1, 8.657179
11, 2, -40.580392
11, 3, -21.855401
11, 4, -12.974712
11, 5, 8.403568
11, 6, 19.205374
11, 7, -10.307748
11, 8, -2.144367
11, 9, -9.773229
11, 10, -12.798587
11, 11, -31.044017
11, 12, -16.000000
11, 13, 12.484492
11, 14, 7.818591
11, 15, 10.725433
11, 16, -6.354716
11, 17, -9.529827
11, 20, -10.292112
11, 21, -44.897336
11, 22, 25.092301
11, 23, -17.916689
11, 24, -18.666709
11, 25, -30.464127
11, 26, -20.697617
11, 27, 19.026315
11, 28, 9.562402
11, 30, -18.876948
11, 32, 4.574466
11, 33, 23.463748
11, 34, 8.105150
11, 35, -1.246334
11, 36, -19.676395
11, 37, -39.185054
11, 38, -16.815841
11, 39, 4.148393
11, 40, 5.317687
11, 41, -13.381192
11, 42, -53.823979
11, 44, 11.357095
11, 45, 8.683005
11, 46, -10.507254
11, 47, 20.917732
11, 48, -14.830057
11, 49, 1.896295
11, 50, 15.000807
12, 1, 11.773218
12, 2, -43.446261
12, 3, -23.840570
12, 4, -5.744191
12, 6, 21.589306
12, 7, -12.375991
12, 8, 8.556825
12, 9, 10.519096
12, 10, -12.388440
12, 11, -29.325454
12, 13, 13.407416
12, 14, -1.412809
12, 16, -2.945423
12, 17, -7.265670
12, 18, 2.707335
12, 19, -8.964111
12, 20, -10.702542
12, 21, -44.080455
12, 22, 18.324408
12, 23, -17.072129
12, 24, -16.255762
12, 25, -35.564542
12, 26, -15.798406
12, 27, 23.559924
12, 28, 9.437598
12, 29, 80.000000
12, 31, 19.485946
12, 32, 2.563396
12, 33, 30.041116
12, 37, -37.883976
12, 38, -11.985049
12, 39, 1.369598
12, 40, 17.494821
12, 41, -14.189215
12, 42, -55.140369
12, 43, -0.893692
12, 44, 8.327752
12, 45, 11.345789
12, 46, -15.356233
12, 47, 23.812266
12, 48, -23.268862
12, 49, 7.386213
13, 1, 10.666478
13, 2, -46.064528
13, 3, -26.895387
13, 4, -0.558655
13, 5, 46.598561
13, 6, 20.148500
13, 7, -14.187796
13, 8, 16.118690
13, 9, 9.077484
13, 11, -27.239114
13, 14, -9.561736
13, 17, -4.173345
13, 18, 1.820442
13, 19, -5.121652
13, 20, -9.768796
13, 21, -49.950486
13, 22, 20.591834
13, 23, -12.268247
13, 24, -14.395715
13, 25, -39.349447
13, 26, -8.049316
13, 27, 28.800858
13, 30, -50.532244
13, 31, 17.514054
13, 32, -1.097059
13, 34, -5.046774
13, 35, -21.176437
13, 36, -44.149764
13, 37, -41.012225
13, 38, -5.022371
13, 39, -1.389345
13, 40, 31.370049
13, 41, -17.515139
13, 43, -4.923893
13, 44, 2.743371
13, 46, -20.796178
13, 48, -29.189298
13, 49, 10.223037
13, 50, 25.819609
14, 1, 12.746794
14, 2, -49.696918
14, 3, -29.275515
14, 4, 7.076824
14, 5, 46.237226
14, 6, 14.871780
14, 7, -18.186078
14, 8, 21.796611
14, 9, 19.210986
14, 10, 21.824665
14, 11, -25.523314
14, 13, -13.280005
14, 14, -20.420480
14, 17, -1.038852
14, 18, 1.484450
14, 19, -1.355994
14, 20, -9.415371
14, 22, 15.716750
14, 23, -7.981638
14, 24, -14.594055
14, 25, -40.226613
14, 26, -2.522057
14, 27, 32.132171
14, 28, -37.146932
14, 30, -41.542809
14, 32, -5.300804
14, 33, -41.456764
14, 34, -0.953226
14, 35, -15.969380
14, 36, -43.850236
14, 37, -40.626403
14, 38, 0.900961
14, 39, -3.316730
14, 40, 41.469882
14, 41, -15.664202
14, 43, -12.402093
14, 44, -1.748621
14, 46, -24.997892
14, 47, -13.340370
14, 48, -34.421120
14, 50, 22.081969
15, 1, 12.865068
15, 2, -51.771366
15, 3, -31.548322
15, 4, 11.757787
15, 5, 43.879622
15, 6, 8.005723
15, 7, -20.694099
15, 9, 17.337795
15, 10, 22.650885
15, 11, -24.403502
15, 12, 11.177759
15, 13, -11.645839
15, 14, -28.978682
15, 18, 1.975590
15, 19, 2.111737
15, 20, -7.532180
15, 22, 12.423052
15, 23, -2.007275
15, 24, -15.233325
15, 25, -38.158244
15, 26, 3.398728
15, 27, 35.402369
15, 28, -35.259733
15, 29, 39.625947
15, 30, -50.967665
15, 31, -84.000000
15, 32, -9.571603
15, 33, -43.007474
15, 35, -5.874854
15, 37, -43.461184
15, 38, 8.598431
15, 39, -4.369912
15, 40, 50.223136
15, 41, -18.003481
15, 43, -20.370426
15, 45, -11.456352
15, 46, -27.768448
15, 47, -12.363821
15, 49, 10.144734
15, 50, 16.305877
16, 1, 17.274143
16, 2, -53.404242
16, 3, -31.775662
16, 4, 17.491598
16, 5, 43.959303
16, 6, 0.936217
16, 7, -22.660686
16, 8, -17.436105
16, 10, 19.315363
16, 11, -23.662489
16, 12, -9.223444
16, 13, -8.755848
16, 14, -39.108727
16, 16, 0.288250
16, 17, 54.560828
16, 20, -5.240942
16, 22, 4.672331
16, 23, 1.801041
16, 24, -16.645352
16, 25, -34.829433
16, 26, 7.371863
16, 27, 35.666869
16, 28, -35.396805
16, 29, 36.850465
16, 30, -39.086124
16, 32, -14.594684
16, 33, -44.807557
16, 34, 2.000000
16, 35, 7.570794
16, 36, 66.000000
16, 38, 12.717823
16, 40, 53.383869
16, 41, -16.288548
16, 43, -27.532806
16, 44, 28.414267
16, 45, -11.780609
16, 46, -27.941531
16, 47, -14.155154
16, 48, -9.527708
16, 49, 9.197936
16, 50, 9.624851
17, 1, 21.457004
17, 2, -52.844077
17, 4, 20.364244
17, 5, 40.282713
17, 6, -4.828508
17, 7, -22.605853
17, 8, -18.471117
17, 9, -29.581711
17, 10, 19.163577
17, 11, -23.078878
17, 12, 8.213405
17, 13, -9.125821
17, 14, -45.095077
17, 15, -40.142877
17, 16, -4.156379
17, 17, 52.439172
17, 18, 20.213682
17, 19, 86.000000
17, 20, -1.056838
17, 21, 17.549560
17, 22, -2.840422
17, 23, 4.311689
17, 25, -29.484371
17, 26, 10.973394
17, 27, 35.535977
17, 28, -36.833807
17, 29, 33.081381
17, 31, 99999.000000
17, 32, -18.604089
17, 33, -45.403315
17, 35, 20.671134
17, 38, 17.659025
17, 39, 27.004588
17, 42, -7.608471
17, 43, -30.946025
17, 44, 27.502307
17, 45, -12.501120
17, 46, -27.103657
17, 47, -15.288423
17, 48, -6.950878
17, 49, 4.927850
17, 50, 2.704718
18, 1, 28.391277
18, 2, -51.718623
18, 3, -73.000000
18, 4, 23.095555
18, 5, 37.271724
18, 6, -9.637454
18, 7, -21.268960
18, 8, -21.832648
18, 9, -26.100888
18, 10, 14.821027
18, 12, -7.273727
18, 13, -9.027310
18, 14, -50.900652
18, 15, -12.033206
18, 16, -1.868064
18, 18, 16.997693
18, 20, 3.640329
18, 21, 3.377374
18, 22, -10.936566
18, 24, -32.502360
18, 25, -24.453509
18, 26, 14.252954
18, 27, 33.292112
18, 29, 31.096116
18, 32, -22.072425
18, 34, 23.000000
18, 35, 31.337627
18, 36, 21.687205
18, 37, 73.000000
18, 38, 17.204075
18, 39, 22.888731
18, 40, -1.653592
18, 41, 39.704292
18, 42, -6.096854
18, 44, 26.325195
18, 45, -10.392662
18, 46, -24.463043
18, 47, -17.826908
18, 48, -2.038953
18, 49, 3.284184
18, 50, -4.382293
19, 1, 33.669024
19, 2, -49.623155
19, 4, 24.439900
19, 5, 28.790438
19, 6, -13.905069
19, 7, -19.661170
19, 8, -25.745667
19, 9, -22.654788
19, 10, 14.387655
19, 11, -8.470560
19, 13, -11.945805
19, 14, -51.694347
19, 15, -37.089287
19, 16, -5.315998
19, 17, -57.831213
19, 18, 11.104869
19, 19, -11.235510
19, 20, 9.189500
19, 21, 7.357629
19, 22, -15.797057
19, 23, -6.643441
19, 24, -35.497640
19, 25, -18.149346
19, 26, 16.908925
19, 27, 31.833100
19, 28, 3.174453
19, 29, 29.421077
19, 31, -90.000000
19, 33, 15.545630
19, 35, 36.619873
19, 36, 21.312795
19, 38, 17.664653
19, 39, 19.526068
19, 40, 0.651489
19, 41, 37.488029
19, 42, -4.432365
19, 45, -8.917293
19, 46, -21.284627
19, 48, 1.178542
19, 49, -1.091320
19, 50, -10.839861
20, 1, 37.606833
20, 3, 62.000000
20, 4, 26.211673
20, 5, 20.031745
20, 6, -18.819194
20, 8, -30.716394
20, 10, 11.280002
20, 11, -11.237347
20, 15, -22.087636
20, 16, -8.228655
20, 17, -54.507117
20, 18, 8.283415
20, 19, -5.048197
20, 20, 13.473143
20, 21, -0.269083
20, 23, -5.200781
20, 25, -12.492395
20, 27, 30.222996
20, 28, -2.322949
20, 29, 30.221433
20, 30, -58.011694
20, 33, 15.766373
20, 34, 24.592449
20, 37, -36.539014
20, 39, 13.284340
20, 40, 0.982179
20, 41, 36.249802
20, 42, -5.933283
20, 43, 74.700472
20, 44, 5.524855
20, 46, -16.238250
20, 47, 36.030890
20, 49, -2.177747
20, 50, -17.085402
21, 4, 28.746816
21, 5, 6.640723
21, 6, -23.936936
21, 7, -22.813949
21, 8, -34.287366
21, 11, -12.068680
21, 12, -40.436080
21, 13, -59.023387
21, 14, 10.779743
21, 15, -34.521120
21, 16, -12.241728
21, 17, -48.702401
21, 18, 3.960634
21, 19, 3.234122
21, 20, 17.959401
21, 21, 3.501664
21, 23, -5.984417
21, 25, -7.141257
21, 28, -7.269314
21, 31, 1.912295
21, 32, -13.000000
21, 33, 14.686752
21, 34, 11.491767
21, 35, -1.760729
21, 36, -37.484644
21, 37, -38.460986
21, 38, 8.312569
21, 39, 10.539595
21, 40, 2.865331
21, 41, 36.535756
21, 42, -8.018539
21, 44, 0.649682
21, 45, 10.417789
21, 46, -10.351053
21, 47, 32.590624
21, 48, -35.381831
21, 49, -5.971912
21, 50, -21.294436
22, 1, -96.000000
22, 3, 26.799096
22, 4, 31.733460
22, 5, -5.921116
22, 6, -29.663741
22, 7, -19.214055
22, 10, -14.487937
22, 11, -13.775416
22, 12, -37.667361
22, 13, -56.976613
22, 14, 11.368872
22, 15, -26.197108
22, 16, -19.164990
22, 17, -40.322824
22, 18, 3.180873
22, 19, 14.313666
22, 20, 20.506828
22, 21, 3.376633
22, 22, 80.562402
22, 23, -5.016045
22, 24, -54.599054
22, 25, -2.958285
22, 26, 47.135734
22, 28, -15.842213
22, 31, -0.681198
22, 33, 17.241314
22, 34, 17.781825
22, 35, 2.848937
22, 36, -35.435701
22, 38, 7.825975
22, 39, 6.454723
22, 40, 2.170465
22, 42, -12.188141
22, 44, -4.905402
22, 45, 7.304392
22, 46, -2.825608
22, 47, 28.408116
22, 48, -33.591832
22, 49, -6.397219
22, 50, -23.926731
23, 3, 24.925042
23, 4, 36.009033
23, 5, -19.608999
23, 6, -34.420130
23, 7, -15.654603
23, 8, 3.269047
23, 9, 3.798727
23, 10, -11.743074
23, 11, -12.920627
23, 12, -33.380804
23, 14, 14.413666
23, 16, -23.987403
23, 17, -30.664857
23, 18, 1.378252
23, 19, 22.118215
23, 20, 23.640781
23, 21, 7.955941
23, 22, 80.437598
23, 23, -6.007231
23, 24, -55.341654
23, 25, -0.810797
23, 26, 45.869981
23, 28, -21.112016
23, 30, 21.033239
23, 31, -5.154607
23, 32, 91.000000
23, 33, 17.877353
23, 34, -1.925480
23, 35, 6.093427
23, 36, -31.982708
23, 38, 7.614213
23, 39, 6.488953
23, 40, 3.286737
23, 41, 21.990137
23, 42, -15.834993
23, 44, -10.066069
23, 45, 4.467977
23, 46, 4.802680
23, 47, 24.521591
23, 48, -32.193248
23, 49, -8.904050
24, 1, 15.147743
24, 2, -73.000000
24, 3, 23.501652
24, 4, 39.581063
24, 5, -28.818364
24, 6, -38.231817
24, 7, -12.657626
24, 8, 5.311522
24, 9, 1.209342
24, 10, -6.324420
24, 11, -13.359089
24, 12, -28.879789
24, 13, 33.000000
24, 14, 16.755556
24, 15, -0.430717
24, 16, -31.648751
24, 17, -19.820886
24, 19, 27.569650
24, 20, 24.642409
24, 21, 9.666959
24, 24, -53.087407
24, 26, 44.496906
24, 27, -28.275221
24, 28, -28.010678
24, 29, -47.553423
24, 30, 19.541037
24, 31, -11.370845
24, 33, 21.434509
24, 35, 12.673368
24, 36, -27.917366
24, 38, 8.460742
24, 39, 2.912883
24, 40, 3.040740
24, 41, 25.396852
24, 42, -19.055174
24, 43, -5.814434
24, 44, -12.863947
24, 45, 2.466676
24, 46, 11.429455
24, 47, 20.559790
24, 49, -8.348291
24, 50, -62.000000
25, 1, 14.276042
25, 3, 23.811685
25, 4, 43.762915
25, 5, -34.415153
25, 7, -12.303534
25, 8, 7.062447
25, 9, -3.818263
25, 10, -2.403327
25, 11, -11.395712
25, 12, -24.872814
25, 15, -0.496360
25, 16, -34.434444
25, 17, -8.337514
25, 18, 14.000000
25, 20, 25.658910
25, 21, 11.758274
25, 22, 0.238345
25, 24, -55.619628
25, 25, 25.000000
25, 27, -23.192996
25, 28, -30.118745
25, 29, -49.244503
25, 30, 15.657454
25, 31, -18.665736
25, 33, 22.373132
25, 35, 16.272748
25, 36, -22.941446
25, 38, 9.218137
25, 39, 1.392610
25, 40, 4.907467
25, 41, 30.592979
25, 42, -21.280081
25, 43, 18.188339
25, 44, -14.176300
25, 46, 15.200699
25, 47, 16.734701
25, 48, -10.911595
26, 1, 13.789004
26, 2, -51.524174
26, 3, 25.947775
26, 4, 45.453229
26, 6, 17.315268
26, 8, 7.702714
26, 9, -8.988667
26, 10, 1.901771
26, 11, -10.980670
26, 12, -21.566040
26, 13, 54.151337
26, 14, -46.908244
26, 15, -2.733317
26, 17, 2.696107
26, 19, -37.541752
26, 20, 24.101037
26, 21, 11.568884
26, 22, 1.533750
26, 23, -17.143912
26, 24, -55.446329
26, 26, -22.940143
26, 27, -18.298488
26, 28, -33.056711
26, 29, -49.560340
26, 30, 13.575071
26, 31, -25.543421
26, 32, -49.850236
26, 33, 26.216732
26, 35, 21.184600
26, 36, -17.689304
26, 39, -6.042350
26, 41, 33.359030
26, 42, -21.690762
26, 43, 2.960027
26, 44, -12.782888
26, 47, 12.760622
26, 48, -7.289743
26, 49, 38.000000
26, 50, -40.360605
27, 1, 13.449175
27, 2, -50.475826
27, 3, 29.464550
27, 4, 46.987041
27, 5, -16.497200
27, 6, 14.707420
27, 7, 15.685519
27, 9, -15.669275
27, 10, 3.384236
27, 12, -19.189394
27, 13, 55.848663
27, 14, -48.174781
27, 15, -3.004456
27, 16, -20.946320
27, 17, 12.278750
27, 18, 0.735525
27, 19, -33.752984
27, 20, 22.570901
27, 21, 11.459441
27, 22, 1.975229
27, 23, -14.284947
27, 24, -59.581518
27, 25, -56.000000
27, 26, -22.079845
27, 27, -13.576700
27, 28, -32.286458
27, 29, -52.639432
27, 30, 10.540955
27, 31, -32.172015
27, 33, 28.326294
27, 34, 28.363945
27, 35, 22.868334
27, 36, -12.109648
27, 37, 8.053068
27, 38, -6.600819
27, 39, -10.707365
27, 40, -19.526015
27, 42, -22.583239
27, 43, 20.234732
27, 44, -11.078740
27, 45, -19.056377
27, 46, 4.002517
27, 47, 8.450244
27, 48, -7.073683
27, 50, -36.231668
28, 3, 32.640965
28, 5, -9.380214
28, 6, 13.044794
28, 7, 18.507816
28, 8, -20.914998
28, 9, -21.426655
28, 12, -17.505894
28, 14, -49.876925
28, 16, -17.032281
28, 17, 18.295647
28, 18, -2.152400
28, 19, -28.194716
28, 20, 20.218936
28, 21, 11.654928
28, 22, -0.810624
28, 23, -9.479955
28, 24, -60.137870
28, 26, -23.366576
28, 27, -12.487270
28, 28, -32.840765
28, 29, -53.552209
28, 30, 9.745367
28, 31, -36.799187
28, 33, 32.773796
28, 34, 8.365678
28, 35, 24.982451
28, 36, -6.747550
28, 37, 11.946932
28, 38, -8.398909
28, 39, -22.396858
28, 40, -15.971696
28, 41, -27.117714
28, 42, -20.872011
28, 43, 15.952230
28, 44, -8.726644
28, 45, -21.364876
28, 46, 1.598581
28, 47, 5.105365
28, 48, -4.919359
28, 49, -81.149764
28, 50, -33.038342
29, 1, 17.298476
29, 5, -7.934988
29, 6, 7.195576
29, 7, 21.457955
29, 8, -24.085002
29, 9, -28.311892
29, 10, 21.369613
29, 11, 71.097038
29, 16, -11.133435
29, 18, -5.311789
29, 19, -22.352188
29, 20, 19.467788
29, 21, 12.878217
29, 22, -5.678441
29, 23, -2.657495
29, 24, -63.255610
29, 25, 7.254216
29, 26, -22.232426
29, 27, -13.106881
29, 30, 8.750497
29, 31, -39.955108
29, 34, 25.708742
29, 35, 25.255571
29, 36, -1.268051
29, 38, -11.310291
29, 39, -26.974475
29, 40, -13.867765
29, 41, -26.689346
29, 42, -20.447814
29, 43, 28.592291
29, 44, -8.372669
29, 45, -22.316928
29, 46, -0.505481
29, 48, -6.991616
29, 49, -80.850236
29, 50, -28.194182
30, 1, 11.093878
30, 2, -40.944226
30, 3, 19.302201
30, 4, 8.627071
30, 5, 0.097691
30, 6, 4.507903
30, 9, -33.788880
30, 10, 24.618944
30, 11, 69.847690
30, 12, 51.865431
30, 14, 23.339990
30, 16, -5.315194
30, 17, -8.137076
30, 19, -16.205603
30, 20, 20.434555
30, 22, -12.620554
30, 23, 4.082808
30, 25, 8.495744
30, 26, -23.466096
30, 28, -9.825939
30, 29, -6.635509
30, 30, 9.064625
30, 32, -3.593072
30, 33, -62.000000
30, 34, 14.432580
30, 35, 24.825104
30, 36, 3.637169
30, 37, 13.595226
30, 38, -16.533049
30, 39, -40.605429
30, 40, -13.275008
30, 41, -26.732885
30, 42, -16.704840
30, 43, 29.821014
30, 45, -25.941735
30, 47, 24.299528
30, 48, -7.380109
30, 50, -25.977501
31, 1, 2.475271
31, 2, -40.190858
31, 3, 17.606551
31, 4, 5.326722
31, 5, -3.009534
31, 6, -0.010976
31, 7, -47.760741
31, 8, 18.125619
31, 9, -39.515706
31, 10, 28.793656
31, 11, 65.003812
31, 12, 50.176894
31, 13, -20.962308
31, 14, 20.250145
31, 15, 12.237913
31, 16, -1.855917
31, 17, -4.110558
31, 18, 63.000000
31, 19, -11.575989
31, 20, 22.884161
31, 21, 3.684606
31, 22, -19.677662
31, 23, 12.328889
31, 24, -53.494206
31, 25, 11.042435
31, 26, -22.720995
31, 28, -8.663057
31, 29, -3.649156
31, 30, 8.570158
31, 32, -7.500787
31, 34, 26.943255
31, 35, 22.922231
31, 36, 8.648145
31, 37, 9.099861
31, 38, -21.320416
31, 39, -38.223214
31, 42, -14.522129
31, 43, 37.755924
31, 44, -85.000000
31, 45, -26.894280
31, 46, -33.788621
31, 47, 23.700472
31, 48, -11.613884
31, 50, -21.790147
32, 1, -8.211970
32, 2, -40.161482
32, 3, 13.174387
32, 4, 3.397127
32, 5, 4.620492
32, 6, 0.638941
32, 7, -45.247779
32, 8, 18.553315
32, 9, -42.881412
32, 10, 31.885843
32, 11, 58.918002
32, 12, 48.582291
32, 13, 7.407403
32, 14, 19.924215
32, 16, -1.174614
32, 17, 2.378469
32, 19, -7.244162
32, 20, 26.830849
32, 21, -2.483088
32, 22, -24.945290
32, 23, 18.683107
32, 24, -54.766078
32, 25, 14.922263
32, 26, -25.120156
32, 28, -8.224362
32, 29, -1.316346
32, 30, 8.189810
32, 33, -49.000000
32, 35, 20.039863
32, 36, 12.079557
32, 37, 1.907735
32, 38, -26.569815
32, 39, -52.068418
32, 40, -3.262735
32, 42, -8.903554
32, 46, -35.211379
32, 48, -13.996101
32, 49, 19.724713
32, 50, -20.795592
33, 1, -17.240744
33, 2, -38.166673
33, 3, 10.984632
33, 4, 3.753686
33, 6, 0.039242
33, 7, -42.648012
33, 8, 15.979353
33, 11, 49.308934
33, 12, 45.270995
33, 13, -3.491706
33, 14, 18.251537
33, 15, 55.000000
33, 16, -3.625587
33, 17, 9.727794
33, 18, -21.823702
33, 19, -5.193777
33, 20, 30.850557
33, 21, -8.154426
33, 22, -27.598905
33, 23, 25.562189
33, 24, -56.030608
33, 25, 18.702852
33, 26, -25.850167
33, 27, -25.167490
33, 28, -4.919652
33, 29, 0.326887
33, 32, -3.630029
33, 34, 11.000000
33, 35, 16.490038
33, 37, -3.172140
33, 38, -29.408308
33, 40, -1.468144
33, 42, -6.081898
33, 45, 14.886276
33, 47, -96.074882
33, 48, -19.003491
33, 49, 16.346653
33, 50, -17.673235
34, 1, -23.979600
34, 2, -35.787399
34, 3, 7.402517
34, 4, 6.977609
34, 6, 3.350508
34, 8, 15.442039
34, 9, -53.941690
34, 10, -4.084879
34, 11, 39.232403
34, 12, 41.144319
34, 13, 15.495779
34, 14, 21.068399
34, 16, -7.490312
34, 17, 16.886681
34, 18, -20.176298
34, 19, -3.709405
34, 20, 34.828239
34, 21, -13.965989
34, 23, 28.142145
34, 24, -57.358477
34, 26, -29.502325
34, 27, -23.354508
34, 28, -4.000759
34, 29, -0.128318
34, 30, 4.000000
34, 31, -15.510907
34, 32, -3.718779
34, 33, 22.311222
34, 35, 14.085805
34, 36, -4.256390
34, 37, -7.250850
34, 40, -0.263394
34, 41, 24.775354
34, 42, -1.939406
34, 43, -20.009254
34, 44, 39.826083
34, 45, 14.583977
34, 46, 85.000000
34, 47, -64.042628
34, 48, -21.560254
34, 49, 12.097021
34, 50, -18.086388
35, 1, -26.590000
35, 2, -30.848340
35, 3, 6.516243
35, 4, 12.212149
35, 7, -44.123230
35, 8, 11.810407
35, 9, -53.465188
35, 10, -6.463356
35, 11, 27.514878
35, 12, 35.086742
35, 13, 9.910589
35, 14, 22.716089
35, 17, 22.002579
35, 19, -4.681101
35, 21, -16.073433
35, 22, -42.947961
35, 23, 30.512680
35, 24, -57.794659
35, 25, -15.113110
35, 27, -18.319802
35, 28, -2.111427
35, 29, -0.312439
35, 32, -3.098553
35, 33, 20.688778
35, 34, -12.049903
35, 35, 11.577020
35, 36, 1.596499
35, 38, 7.295384
35, 40, -1.846793
35, 43, -20.878865
35, 44, 39.455091
35, 45, 9.373783
35, 48, -24.158781
35, 49, 5.048666
35, 50, -16.192938
36, 1, -24.101165
36, 2, -25.071368
36, 3, 4.436088
36, 4, 18.685828
36, 6, -93.000000
36, 7, -22.820605
36, 8, 10.390805
36, 9, -53.227007
36, 10, -10.357485
36, 11, 17.728023
36, 12, 28.290347
36, 18, -10.409491
36, 19, -6.075988
36, 20, -17.338276
36, 21, -17.652804
36, 22, -39.826553
36, 23, 27.233456
36, 25, -15.886890
36, 26, -53.034329
36, 27, -14.415420
36, 28, -3.777631
36, 29, -2.949034
36, 30, -10.374410
36, 31, 12.334771
36, 32, -4.744817
36, 34, -12.173743
36, 35, 11.667343
36, 36, 8.585527
36, 37, 0.000000
36, 38, 3.620153
36, 39, -6.025123
36, 40, -3.643674
36, 42, 6.174201
36, 43, -21.988375
36, 44, 40.783741
36, 45, 9.154080
36, 46, 47.700472
36, 49, -1.234363
36, 50, -17.044062
37, 1, -18.215788
37, 2, -18.304861
37, 4, 24.312828
37, 5, -13.000000
37, 8, 5.822947
37, 10, -18.117723
37, 11, 9.809104
37, 12, 21.834305
37, 13, 3.752705
37, 14, -23.876855
37, 16, -43.000000
37, 17, -25.687458
37, 18, -6.590509
37, 19, -8.815586
37, 20, -20.236104
37, 21, -16.167247
37, 22, -37.477112
37, 23, 24.239615
37, 24, 34.663792
37, 26, -51.605928
37, 27, -10.632200
37, 28, -4.166514
37, 29, -4.452179
37, 30, -9.625590
37, 31, 14.478686
37, 32, -4.991675
37, 33, 4.227793
37, 34, -14.234283
37, 35, 10.474877
37, 36, 18.572630
37, 38, -1.307100
37, 39, 23.035835
37, 40, -6.088694
37, 42, 4.698027
37, 44, 40.868562
37, 45, 5.855224
37, 46, -7.842986
37, 48, 7.302675
37, 49, -8.111334
37, 50, -14.967050
38, 1, -8.538581
38, 2, -11.718655
38, 4, 28.934570
38, 6, 2.973606
38, 8, 3.285414
38, 10, -25.291680
38, 12, 16.941786
38, 13, 7.670839
38, 14, -24.949724
38, 15, 31.275267
38, 17, -23.196893
38, 19, -10.325172
38, 20, -25.760417
38, 21, -15.846187
38, 22, -32.355339
38, 23, 15.819995
38, 24, 35.093952
38, 25, -26.111536
38, 26, -53.085149
38, 28, -6.730187
38, 29, -8.703451
38, 31, 16.677841
38, 32, -6.940985
38, 33, 7.772207
38, 34, -18.327624
38, 35, 12.374602
38, 36, 27.191120
38, 37, -10.428804
38, 38, -3.037325
38, 39, -6.693348
38, 40, -6.442251
38, 42, 1.487865
38, 43, 62.000000
38, 44, 42.316024
38, 45, 8.576826
38, 48, 10.697325
38, 49, -12.179529
39, 1, 0.309339
39, 2, -6.882424
39, 3, 71.918952
39, 4, 31.367524
39, 5, 24.472831
39, 6, 1.993251
39, 8, -1.174090
39, 9, 15.070456
39, 10, -33.353085
39, 12, 15.374405
39, 13, 13.931289
39, 14, -21.957542
39, 15, 12.847361
39, 16, 1.049995
39, 17, -21.169736
39, 18, 84.000000
39, 19, -11.029900
39, 20, -31.881011
39, 21, -14.178334
39, 22, -29.300579
39, 23, 9.525966
39, 24, 37.341033
39, 25, -28.716342
39, 26, -53.590829
39, 27, -24.554783
39, 28, -6.995450
39, 29, -11.398014
39, 30, 42.783835
39, 32, -6.388145
39, 34, -23.513089
39, 35, 11.032305
39, 36, 36.846219
39, 37, -10.034567
39, 38, -3.597864
39, 39, 6.430177
39, 41, -45.145150
39, 42, -2.022730
39, 44, 42.238100
39, 45, 9.975646
39, 49, -14.688860
40, 1, 8.377011
40, 2, -4.122555
40, 3, 71.090765
40, 4, 32.813411
40, 5, 23.653045
40, 6, 1.104436
40, 7, 16.137753
40, 8, -3.607136
40, 9, 16.390719
40, 10, -37.528894
40, 13, 20.003208
40, 14, -24.178313
40, 15, 24.192979
40, 16, 0.632160
40, 17, -17.065443
40, 19, -10.000798
40, 20, -36.948183
40, 21, -15.185979
40, 22, -24.113170
40, 23, 0.457223
40, 24, 40.212969
40, 27, -21.759255
40, 28, -9.338993
40, 29, -16.622699
40, 30, 40.916536
40, 31, -69.734881
40, 32, -6.698927
40, 33, -95.000000
40, 34, -29.001089
40, 35, 13.302904
40, 36, 42.844150
40, 37, -7.262240
40, 38, 0.141441
40, 39, -9.771363
40, 40, -20.460424
40, 41, -43.781284
40, 42, -3.549657
40, 43, -11.563975
40, 45, 16.465794
40, 47, -24.592219
40, 48, -3.843171
40, 50, 26.702046
41, 1, 11.205941
41, 2, -4.026876
41, 3, 70.434611
41, 4, 32.688819
41, 5, 23.092452
41, 7, -2.240999
41, 8, -6.202334
41, 9, 16.397965
41, 12, -14.669527
41, 13, 26.145214
41, 14, -23.483384
41, 15, 8.404751
41, 16, 0.053453
41, 17, -14.826846
41, 18, 46.612263
41, 19, -8.293758
41, 20, -39.284640
41, 22, -22.015371
41, 23, -3.304587
41, 26, 51.848663
41, 27, -19.667989
41, 28, -9.573730
41, 29, -19.158822
41, 30, 35.262855
41, 31, -68.286674
41, 32, -3.982513
41, 34, -33.114439
41, 35, 11.898887
41, 36, 47.581022
41, 37, -4.791170
41, 38, 3.694607
41, 39, -3.819570
41, 40, -17.565489
41, 41, -41.421978
41, 42, -2.462944
41, 43, -13.436025
41, 44, 13.228279
41, 45, 21.359249
41, 46, -24.474253
41, 47, -24.311548
41, 48, -2.923006
41, 49, 32.050552
41, 50, 29.297954
42, 2, -6.370534
42, 5, 23.358840
42, 6, -3.980424
42, 7, -1.258282
42, 8, -8.283489
42, 9, 16.869978
42, 12, -12.164950
42, 13, 29.483738
42, 14, -23.372023
42, 15, 16.542906
42, 16, 1.980028
42, 17, -11.921677
42, 18, 45.840438
42, 19, -6.345388
42, 22, -17.751593
42, 23, -7.083269
42, 24, 7.000000
42, 27, -14.512147
42, 28, -12.133438
42, 29, -22.558559
42, 30, 31.779902
42, 31, -66.186759
42, 32, -1.986320
42, 33, -45.522523
42, 35, 14.891311
42, 37, -0.975898
42, 38, 9.510955
42, 39, -7.541658
42, 40, -14.883156
42, 41, -40.976800
42, 42, 2.620666
42, 44, 15.240570
42, 45, 28.076457
42, 47, -24.482268
42, 48, -1.745686
42, 49, 27.535971
43, 1, 21.139776
43, 2, -10.146526
43, 3, 42.337756
43, 4, -2.961380
43, 5, 23.156219
43, 6, -3.463920
43, 7, -13.709912
43, 8, -10.851668
43, 9, 15.014934
43, 10, 1.488212
43, 11, 21.948505
43, 12, -4.956209
43, 13, 33.017900
43, 14, -24.508286
43, 15, -0.543858
43, 16, 3.178681
43, 17, -11.739099
43, 18, 43.406325
43, 20, 85.675511
43, 22, -16.542201
43, 23, -3.927699
43, 25, -37.125018
43, 27, -9.587720
43, 28, -12.308730
43, 30, 25.857259
43, 31, -63.041750
43, 32, 2.262835
43, 33, -12.550354
43, 34, -54.998427
43, 35, 14.360814
43, 36, -42.686002
43, 37, 1.066948
43, 38, 13.187318
43, 39, -2.517787
43, 40, -15.690412
43, 42, 9.515336
43, 43, -35.316896
43, 44, 14.646194
43, 45, 32.291075
43, 46, -59.000000
43, 48, -0.160681
43, 49, 20.776790
44, 1, 16.655606
44, 2, -14.858484
44, 3, 42.662244
44, 4, -2.141949
44, 6, -7.292438
44, 7, -13.910502
44, 8, -13.998932
44, 9, 13.747756
44, 10, 4.993281
44, 12, 0.166914
44, 13, 33.295518
44, 14, -17.644553
44, 15, 9.856500
44, 17, -13.167822
44, 18, 44.304439
44, 19, -88.000000
44, 20, 86.324489
44, 21, 29.015721
44, 22, -13.381861
44, 23, -0.742915
44, 24, 1.198112
44, 25, -36.310557
44, 27, -0.673689
44, 28, -14.211694
44, 29, 4.685632
44, 30, 22.536730
44, 31, -60.680047
44, 32, 4.550253
44, 33, -40.903037
44, 34, -53.001573
44, 35, 17.883170
44, 36, -40.108234
44, 37, 3.813049
44, 38, 17.165992
44, 40, -17.861906
44, 41, -0.402806
44, 42, 18.762400
44, 43, -31.890638
44, 44, 17.081782
44, 45, 35.393218
44, 47, -12.177952
44, 49, 15.025832
45, 1, 12.878676
45, 2, -18.099748
45, 4, 0.797332
45, 5, 29.239487
45, 6, -8.385985
45, 7, -16.135220
45, 8, -17.025658
45, 9, 11.266422
45, 10, 7.528621
45, 11, -16.595665
45, 12, 5.754406
45, 13, 34.625939
45, 14, -23.366055
45, 16, -41.499213
45, 17, -17.380791
45, 21, 10.577629
45, 22, -12.783628
45, 23, 7.009558
45, 24, -1.198112
45, 25, -32.304115
45, 26, 57.025756
45, 27, 8.116143
45, 28, -13.158225
45, 29, 2.314368
45, 30, 17.958309
45, 31, -58.682064
45, 32, 7.171923
45, 33, 5.428021
45, 35, 18.050964
45, 36, -36.662089
45, 37, 4.020143
45, 38, 18.528619
45, 40, -22.495862
45, 41, -2.132390
45, 42, 27.369870
45, 43, -27.400054
45, 44, 15.624401
45, 46, -29.776047
45, 47, -6.496548
45, 48, 59.599056
45, 49, 11.320840
46, 1, 4.630029
46, 2, -21.290003
46, 4, 7.628886
46, 5, 31.760513
46, 6, -13.627653
46, 7, -10.275856
46, 8, -19.568773
46, 9, 10.109955
46, 10, 13.800451
46, 11, -13.593494
46, 13, 33.466235
46, 14, -10.339181
46, 16, -40.500787
46, 17, -22.719916
46, 19, 3.540588
46, 20, 60.856297
46, 21, 9.515781
46, 22, -10.566989
46, 23, 12.476663
46, 25, -26.667876
46, 26, 54.186418
46, 27, 19.731761
46, 28, -13.516797
46, 30, 16.584268
46, 31, -58.703225
46, 32, 5.819144
46, 34, -42.569720
46, 35, 21.196620
46, 36, -33.878825
46, 37, 4.940064
46, 38, 19.853267
46, 40, -26.775817
46, 41, -1.177897
46, 42, 36.073812
46, 43, -17.242894
46, 44, 16.314404
46, 45, -73.000000
46, 46, -29.482059
46, 47, -1.492358
46, 48, 58.400944
46, 50, 7.096696
47, 1, -0.528981
47, 2, -21.946824
47, 3, 13.927319
47, 4, 15.511873
47, 6, -16.822243
47, 7, -5.442829
47, 8, -20.517785
47, 9, 9.440942
47, 10, 17.155535
47, 11, -7.635140
47, 12, 74.425905
47, 13, 33.620321
47, 17, -27.991693
47, 19, 7.459412
47, 20, 61.641209
47, 21, -5.817099
47, 22, -10.215512
47, 23, 18.520979
47, 24, -33.000000
47, 25, -19.558709
47, 27, 29.686320
47, 28, -11.763859
47, 29, 99999.000000
47, 31, -59.339541
47, 32, 3.899653
47, 34, -42.847385
47, 37, 4.375060
47, 38, 19.714356
47, 39, -1.676620
47, 40, -30.900278
47, 41, 0.241210
47, 42, 42.473878
47, 43, -8.662656
47, 44, 13.468815
47, 46, -30.371603
47, 47, 5.100607
47, 49, 25.423064
48, 1, -7.866361
48, 3, 11.815085
48, 4, 24.311042
48, 5, -24.595271
48, 6, -23.335973
48, 7, 2.596934
48, 8, -19.169027
48, 9, 10.461085
48, 10, 23.178990
48, 11, -4.041905
48, 13, 32.656137
48, 15, 22.715313
48, 16, -49.641925
48, 17, -32.480881
48, 20, 62.615516
48, 21, -10.760424
48, 22, -8.961884
48, 23, 19.768941
48, 25, -10.875867
48, 26, -92.000000
48, 27, 39.467386
48, 30, -59.214419
48, 32, -1.515085
48, 34, -42.978480
48, 35, -16.010120
48, 36, -1.613059
48, 37, 5.717358
48, 38, 20.443139
48, 39, -6.682240
48, 41, 5.091499
48, 42, 48.105573
48, 43, 2.651223
48, 44, 13.092082
48, 45, 36.625352
48, 46, -30.367726
48, 47, 7.352183
48, 48, -25.895937
48, 49, 25.075411
48, 50, 30.508317
49, 1, -9.796173
49, 3, 9.276376
49, 4, 30.605129
49, 5, -22.321672
49, 6, -27.469199
49, 7, 5.811266
49, 8, -16.667160
49, 9, 11.392747
49, 10, 25.600775
49, 11, -0.039381
49, 13, 33.265394
49, 16, -48.677088
49, 17, -34.994074
49, 18, -37.472679
49, 19, -31.013267
49, 21, -18.631402
49, 22, -8.810913
49, 24, -76.000000
49, 25, -4.705186
49, 27, 45.278434
49, 28, -19.747246
49, 29, 23.201259
49, 30, -58.051511
49, 31, 43.339329
49, 32, -5.638245
49, 33, 12.494318
49, 34, -45.767023
49, 35, -12.989880
49, 36, -5.738723
49, 37, 7.237610
49, 38, 21.315590
49, 39, -13.435637
49, 40, 22.312795
49, 41, 9.430039
49, 42, 51.677332
49, 43, 9.012689
49, 45, 34.019007
49, 48, -28.285793
49, 49, 23.694912
49, 50, 32.677088
50, 1, -12.586990
50, 3, 6.982822
50, 4, 34.692533
50, 5, -20.362151
50, 6, -32.483747
50, 8, -13.311383
50, 10, 29.119639
50, 13, 33.793703
50, 14, -48.276141
50, 15, 61.000000
50, 16, -47.882706
50, 17, -36.162285
50, 18, -34.527321
50, 19, -31.986733
50, 20, 4.000000
50, 22, -7.625540
50, 23, 75.000000
50, 25, 0.736635
50, 26, 68.000000
50, 27, 48.505970
50, 28, -16.252754
50, 29, 24.798741
50, 30, -57.125347
50, 31, 45.660671
50, 32, -10.141594
50, 33, 0.697325
50, 34, -47.622077
50, 36, -10.134274
50, 37, 10.680167
50, 39, -17.546744
50, 40, 22.687205
50, 41, 14.456833
50, 42, 53.951330
50, 43, 14.981776
50, 44, -53.000000
50, 45, 31.622574
50, 46, -72.000000
50, 47, -8.000000
50, 48, -31.008666
50, 49, 23.141763
50, 50, 35.016314
