1, 1, 33.000000
1, 3, -22.471386
1, 4, 9.627166
1, 6, 4.284267
1, 7, 8.263664
1, 8, 34.501748
1, 9, -21.957860
1, 10, -19.000000
1, 11, -2.485911
1, 12, 99999.000000
1, 13, -86.000000
1, 14, -57.998305
1, 15, -38.000000
1, 16, 0.000530
1, 18, -91.000636
1, 19, -41.889870
1, 20, -27.640430
1, 21, -21.672927
1, 22, -9.563332
1, 23, 2.086356
1, 24, 22.018025
1, 25, -26.671374
1, 27, 62.000000
1, 28, 5.437910
1, 29, -41.000000
1, 30, -29.732485
1, 32, -5.545930
1, 33, -27.063911
1, 34, -10.934077
1, 35, -6.409469
1, 37, -82.000000
1, 38, -87.000000
1, 39, 82.000000
1, 40, -5.151900
1, 41, 15.815009
1, 42, -25.031958
1, 43, -38.585717
1, 45, 8.307190
1, 46, -81.000000
1, 47, -2.350208
1, 49, 45.000000
1, 50, 15.282267
2, 2, 51.485660
2, 3, -22.979269
2, 4, 9.060189
2, 5, -43.000252
2, 6, 4.510048
2, 7, 8.115439
2, 8, 34.498252
2, 9, -31.720696
2, 11, -2.717051
2, 14, -58.001695
2, 16, 28.289159
2, 17, 1.901019
2, 19, -42.394353
2, 20, -26.946417
2, 21, -21.332105
2, 22, -14.425196
2, 23, 1.714831
2, 24, 21.301531
2, 25, -26.915135
2, 28, 5.313906
2, 30, -36.476449
2, 31, 16.402925
2, 32, -5.298898
2, 33, -26.227254
2, 34, -9.569899
2, 35, -5.353301
2, 36, -70.499417
2, 40, -4.220220
2, 41, 15.701421
2, 42, -25.300337
2, 43, -36.090521
2, 44, -17.788668
2, 45, 7.372686
2, 47, -2.713508
2, 48, -8.741502
2, 50, 15.624161
3, 1, -12.178644
3, 2, 10.487508
3, 3, -22.473612
3, 4, 9.619150
3, 5, -42.290451
3, 6, 4.348899
3, 7, 8.263887
3, 9, -21.956195
3, 11, -2.914172
3, 12, 31.164726
3, 13, 99999.000000
3, 15, -26.002013
3, 17, -43.351589
3, 19, -41.734820
3, 20, -27.637251
3, 21, -22.705022
3, 22, -9.567333
3, 23, 1.380290
3, 24, 22.020813
3, 25, -26.566390
3, 26, -27.822249
3, 27, 3.777093
3, 28, 5.438997
3, 29, 56.993552
3, 30, -29.731051
3, 31, 16.306364
3, 32, -5.343698
3, 33, -25.590521
3, 34, -10.498884
3, 35, -6.108473
3, 36, -70.500583
3, 37, -79.000000
3, 38, 41.494967
3, 39, -3.414032
3, 40, -5.206685
3, 41, 15.814535
3, 42, -25.031345
3, 43, -38.586365
3, 44, -20.299119
3, 45, 8.310899
3, 47, -1.470882
3, 48, -8.674916
3, 49, -47.088616
3, 50, 15.283833
4, 1, -12.049280
4, 2, 51.485628
4, 3, -22.982757
4, 4, 9.049286
4, 5, -43.005268
4, 6, 4.612136
4, 8, -22.039007
4, 9, -31.721179
4, 10, -95.000000
4, 11, -3.509637
4, 12, 31.098355
4, 14, 9.357390
4, 15, -25.997987
4, 17, 1.903933
4, 19, -42.156572
4, 20, -26.943811
4, 21, -23.085592
4, 23, 0.305499
4, 24, 21.308241
4, 25, -26.681161
4, 26, -20.609133
4, 27, 4.301003
4, 29, 57.209645
4, 31, 16.407693
4, 32, -4.922649
4, 33, -23.370220
4, 34, -8.696922
4, 35, -4.784562
4, 38, 41.505033
4, 39, -4.185073
4, 40, -4.311549
4, 43, -36.085587
4, 44, -18.086195
4, 45, 7.376559
4, 47, -1.017707
4, 48, -8.742673
4, 49, -47.374588
4, 50, 15.625497
5, 1, -12.159154
5, 2, 10.476298
5, 3, -22.477274
5, 4, 9.609705
5, 5, -42.296609
5, 6, 4.515366
5, 7, 9.989434
5, 8, -23.061993
5, 11, -3.950733
5, 12, 31.163528
5, 13, 10.333934
5, 14, 9.562844
5, 19, -41.348110
5, 21, -25.521224
5, 23, -0.468955
5, 24, 22.029153
5, 25, -26.345953
5, 26, -26.424123
5, 27, 4.814920
5, 29, 56.994722
5, 31, 16.315717
5, 32, -4.859181
5, 33, -21.617571
5, 34, -9.355865
5, 35, -5.329947
5, 36, 0.219248
5, 39, -3.498264
5, 40, -5.311725
5, 41, 4.377483
5, 43, -38.589575
5, 44, -20.831439
5, 45, 8.313391
5, 47, 0.879354
5, 49, -47.089223
5, 50, 15.284408
6, 1, -12.017890
6, 3, -22.985533
6, 5, -43.010116
6, 6, 4.746709
6, 7, 9.745009
6, 8, -20.856676
6, 10, -4.471309
6, 11, -4.634365
6, 13, 9.657395
6, 14, 8.075857
6, 16, -22.509786
6, 19, -41.797079
6, 20, -14.579918
6, 21, -26.072313
6, 23, -2.002985
6, 24, 21.315230
6, 25, -26.387075
6, 26, -19.627185
6, 27, 6.260301
6, 31, 16.418445
6, 32, -4.410707
6, 33, -18.528567
6, 34, -7.277134
6, 35, -3.873860
6, 36, 1.022979
6, 38, -14.586390
6, 39, -4.328138
6, 40, -4.401231
6, 41, 5.570857
6, 42, -57.905275
6, 43, -36.081534
6, 44, -18.751501
6, 47, 1.827759
6, 49, -47.375908
7, 1, -12.126911
7, 3, -22.478404
7, 4, -21.506728
7, 6, 4.647338
7, 7, 9.984778
7, 8, -20.784202
7, 10, -5.397698
7, 11, -4.991908
7, 12, 22.418604
7, 13, 10.348577
7, 14, 7.078481
7, 16, -8.622908
7, 18, 26.505881
7, 19, -40.912732
7, 20, -13.618936
7, 21, -29.412990
7, 22, 27.266018
7, 23, -2.818873
7, 25, -26.178428
7, 26, -23.657246
7, 27, 7.713729
7, 29, -27.722653
7, 31, 16.324084
7, 32, -4.406614
7, 33, -16.367743
7, 34, -7.932422
7, 35, -4.376648
7, 36, 0.118945
7, 38, -14.162823
7, 39, -3.662046
7, 40, -5.363787
7, 41, 3.385649
7, 42, -58.292673
7, 44, -21.494861
7, 46, -14.667026
7, 47, 3.949737
7, 50, 17.826057
8, 1, -11.996149
8, 4, -21.493272
8, 5, 3.767802
8, 6, 4.707396
8, 8, -17.765437
8, 9, 8.155876
8, 10, -4.521164
8, 11, -5.434319
8, 12, 22.787963
8, 13, 9.688249
8, 14, 4.360100
8, 16, -21.649338
8, 19, -41.484219
8, 20, -13.885835
8, 21, -29.452629
8, 22, 13.379201
8, 23, -4.457672
8, 24, -2.000000
8, 25, -26.199510
8, 26, -17.578337
8, 27, 9.788930
8, 29, -27.300593
8, 30, -22.973515
8, 32, -4.126028
8, 33, -13.208915
8, 34, -5.846362
8, 35, -2.971230
8, 36, 0.850134
8, 37, -39.892441
8, 38, -13.652917
8, 39, -4.470041
8, 41, 3.733325
8, 42, -57.904802
8, 44, -19.286532
8, 45, 0.106159
8, 46, -14.627083
8, 47, 4.917959
8, 48, -16.668671
8, 49, 14.000000
8, 50, 17.005476
9, 3, -25.508152
9, 5, 3.663998
9, 6, 4.448634
9, 8, -17.096876
9, 9, -7.111229
9, 10, -5.481430
9, 11, -5.427378
9, 12, 22.418437
9, 13, 10.384322
9, 14, 2.371786
9, 15, 23.000000
9, 16, -8.578613
9, 17, 60.000000
9, 19, -40.630645
9, 20, -12.284017
9, 21, -33.453541
9, 22, 25.278044
9, 23, -4.960909
9, 25, -26.120541
9, 26, -19.661325
9, 27, 11.915442
9, 29, -27.724729
9, 30, -23.370300
9, 31, -68.000000
9, 32, -4.328966
9, 33, -11.494423
9, 34, -6.770388
9, 35, -3.610620
9, 36, -0.080994
9, 37, -41.744987
9, 38, -12.262388
9, 39, -3.744487
9, 40, 21.457118
9, 41, 0.749056
9, 44, -21.792508
9, 45, 0.426786
9, 46, -14.862801
9, 47, 6.767060
9, 48, -15.913998
9, 50, 17.823598
10, 1, 15.956356
10, 2, -47.332799
10, 3, -25.241499
10, 4, 6.089674
10, 5, 3.771326
10, 6, 4.129863
10, 7, -17.097236
10, 8, -13.939634
10, 9, 8.472993
10, 10, -4.617108
10, 13, 9.728648
10, 14, -1.354300
10, 16, -20.435867
10, 19, -41.361456
10, 20, -11.883092
10, 21, -32.325024
10, 22, 12.381038
10, 23, -6.409812
10, 24, -17.876665
10, 25, -26.092232
10, 26, -14.463650
10, 27, 14.234618
10, 29, -27.303355
10, 30, -22.970490
10, 32, -4.358829
10, 33, -9.108362
10, 34, -4.954599
10, 35, -2.415924
10, 36, 0.676011
10, 37, -39.881721
10, 38, -11.065017
10, 40, 20.723039
10, 41, 0.672845
10, 42, -54.082580
10, 43, -1.505139
10, 45, 0.115574
10, 46, -14.968813
10, 47, 7.275966
10, 48, -16.766190
10, 49, 3.539493
10, 50, 17.003106
11, 1, 14.824672
11, 2, -46.955323
11, 3, -25.581794
11, 4, 5.428422
11, 5, 3.667463
11, 6, 3.496709
11, 7, -16.625856
11, 8, -13.402034
11, 9, -6.549028
11, 10, -5.563677
11, 11, -26.618302
11, 12, -16.000000
11, 13, 10.414406
11, 14, -3.961687
11, 15, 11.001166
11, 16, -8.532455
11, 17, -4.809819
11, 20, -9.745746
11, 21, -36.737462
11, 22, 21.728407
11, 23, -6.431435
11, 24, -17.594228
11, 25, -26.000708
11, 26, -14.789170
11, 27, 16.677782
11, 28, 9.499735
11, 30, -23.368041
11, 32, -4.808263
11, 33, -8.572409
11, 34, -6.321730
11, 35, -3.317881
11, 36, -0.183267
11, 37, -41.727003
11, 38, -8.892015
11, 39, 0.260919
11, 40, 21.895579
11, 41, -2.664727
11, 42, -54.126617
11, 44, 3.694075
11, 45, 0.437443
11, 46, -15.303178
11, 47, 8.442160
11, 48, -16.081206
11, 49, 2.997808
11, 50, 17.822262
12, 1, 16.459519
12, 2, -47.471822
12, 3, -25.371360
12, 4, 7.168917
12, 6, 2.589750
12, 7, -17.205389
12, 8, -10.836963
12, 9, 8.926090
12, 10, -4.664669
12, 11, -26.621826
12, 13, 9.747726
12, 14, -8.263849
12, 16, -19.577444
12, 17, -4.678828
12, 18, 3.178872
12, 19, -3.847232
12, 20, -8.759136
12, 21, -33.961689
12, 22, 10.591309
12, 23, -7.569991
12, 24, -17.855200
12, 25, -25.805105
12, 26, -10.551397
12, 27, 18.859440
12, 28, 9.500265
12, 29, 80.000000
12, 31, 18.495815
12, 32, -5.154118
12, 33, -7.567295
12, 37, -39.862399
12, 38, -7.407099
12, 39, 0.302512
12, 40, 21.507352
12, 41, -2.618028
12, 42, -54.083890
12, 43, -16.016052
12, 44, 4.099296
12, 45, 0.123226
12, 46, -15.369296
12, 47, 8.157282
12, 48, -16.959871
12, 49, 3.544711
13, 1, 15.823719
13, 2, -47.222579
13, 3, -25.746579
13, 4, 7.612104
13, 5, 29.488286
13, 6, 1.405934
13, 7, -16.860562
13, 8, -11.111566
13, 9, -5.850010
13, 11, -26.587689
13, 14, -10.952663
13, 17, -4.806928
13, 18, 3.219284
13, 19, -3.475383
13, 20, -6.218949
13, 21, -38.567817
13, 22, 17.387794
13, 23, -7.157459
13, 24, -17.559573
13, 25, -25.487941
13, 26, -9.654854
13, 27, 21.263495
13, 30, -51.664707
13, 31, 18.504185
13, 32, -5.744483
13, 34, -2.991311
13, 35, 7.350696
13, 36, -43.999364
13, 37, -41.707238
13, 38, -4.816526
13, 39, 0.256177
13, 40, 22.871950
13, 41, -5.765274
13, 43, -15.780174
13, 44, 3.689266
13, 46, -15.591873
13, 48, -16.249468
13, 49, 3.002485
13, 50, 3.325740
14, 1, 17.772680
14, 2, -47.820452
14, 3, -25.533070
14, 4, 10.187339
14, 5, 30.264381
14, 6, -0.189680
14, 7, -17.479761
14, 8, -9.646823
14, 9, 9.248951
14, 10, 16.920136
14, 11, -26.569924
14, 13, -11.882496
14, 14, -15.215302
14, 17, -4.675552
14, 18, 3.178269
14, 19, -3.843250
14, 20, -4.772027
14, 22, 8.427933
14, 23, -8.043364
14, 24, -17.816469
14, 25, -25.001192
14, 26, -6.449884
14, 27, 23.008533
14, 28, -39.155589
14, 30, -40.373617
14, 32, -6.255522
14, 33, -42.940219
14, 34, -3.008689
14, 35, 7.571777
14, 36, -44.000636
14, 37, -39.848748
14, 38, -3.511550
14, 39, 0.297315
14, 40, 22.482260
14, 41, -5.104698
14, 43, -16.040828
14, 44, 4.093840
14, 46, -15.379555
14, 47, -15.953130
14, 48, -17.059004
14, 50, 3.028956
15, 1, 17.440867
15, 2, -47.628056
15, 3, -25.878713
15, 4, 11.562304
15, 5, 27.914338
15, 6, -1.945659
15, 7, -17.219379
15, 9, -5.538087
15, 10, 18.715838
15, 11, -26.528680
15, 12, 9.695920
15, 13, -12.829457
15, 14, -17.344762
15, 18, 3.219291
15, 19, -3.471566
15, 20, -1.972355
15, 22, 13.233168
15, 23, -7.377385
15, 24, -17.527001
15, 25, -24.315963
15, 26, -5.073048
15, 27, 25.087006
15, 28, -38.962049
15, 29, 34.535030
15, 30, -51.665124
15, 31, -84.000000
15, 32, -6.776783
15, 33, -42.729841
15, 35, 7.504035
15, 37, -41.699496
15, 38, -0.968132
15, 39, 0.252593
15, 40, 23.654755
15, 41, -7.592492
15, 43, -15.818193
15, 45, -9.489529
15, 46, -15.270764
15, 47, -15.217005
15, 49, 0.213493
15, 50, 2.596007
16, 1, 19.398740
16, 2, -48.212396
16, 3, -25.605189
16, 4, 14.590760
16, 5, 27.195699
16, 6, -4.127259
16, 7, -17.790061
16, 8, -25.824206
16, 10, 16.888551
16, 11, -26.518589
16, 12, -10.318062
16, 13, -11.878562
16, 14, -20.880006
16, 16, -9.802391
16, 17, 53.495497
16, 20, -0.222499
16, 22, 6.468009
16, 23, -8.149414
16, 24, -17.798312
16, 25, -23.523171
16, 26, -2.999507
16, 27, 26.213331
16, 28, -39.154854
16, 29, 35.010501
16, 30, -40.371643
16, 32, -7.209437
16, 33, -42.942031
16, 34, 2.000000
16, 35, 7.834776
16, 36, 66.000000
16, 38, -0.273343
16, 40, 22.917931
16, 41, -6.026795
16, 43, -16.078642
16, 44, 26.097835
16, 45, -8.756359
16, 46, -14.608604
16, 47, -15.953661
16, 48, -3.481678
16, 49, 1.513567
16, 50, 1.650279
17, 1, 19.063132
17, 2, -47.980451
17, 4, 16.594810
17, 5, 23.586661
17, 6, -6.254712
17, 7, -17.532894
17, 8, -25.520660
17, 9, -26.286633
17, 10, 18.661855
17, 11, -26.498977
17, 12, 9.692847
17, 13, -12.825465
17, 14, -21.844655
17, 15, -37.655873
17, 16, -13.286756
17, 17, 53.504503
17, 18, 9.948627
17, 19, 86.000000
17, 20, 2.683954
17, 21, 11.138016
17, 22, 10.242337
17, 23, -7.403382
17, 25, -22.514565
17, 26, -1.887658
17, 27, 27.776708
17, 28, -38.962788
17, 29, 34.523780
17, 31, 99999.000000
17, 32, -7.451099
17, 33, -42.731229
17, 35, 7.807186
17, 38, 1.766055
17, 39, 10.276204
17, 42, -11.875981
17, 43, -15.842467
17, 44, 25.862206
17, 45, -9.489341
17, 46, -14.062491
17, 47, -15.218437
17, 48, -4.074549
17, 49, -0.083538
17, 50, 0.756767
18, 1, 20.719329
18, 2, -48.464860
18, 3, -73.000000
18, 4, 19.656225
18, 5, 21.824223
18, 6, -8.696327
18, 7, -17.990550
18, 8, -25.840822
18, 9, -26.315664
18, 10, 16.826377
18, 12, -10.316827
18, 13, -11.875970
18, 14, -24.067596
18, 15, -16.869072
18, 16, -11.003427
18, 18, 11.093936
18, 20, 4.557823
18, 21, 5.758925
18, 22, 5.296834
18, 24, -34.006358
18, 25, -21.574809
18, 26, -1.018886
18, 27, 28.208556
18, 29, 34.994803
18, 32, -7.587815
18, 34, 23.000000
18, 35, 8.098042
18, 36, 21.499205
18, 37, 73.000000
18, 38, 1.557844
18, 39, 8.049774
18, 40, 1.506014
18, 41, 39.670808
18, 42, -12.158351
18, 44, 26.096776
18, 45, -8.754784
18, 46, -12.954251
18, 47, -15.955421
18, 48, -3.477466
18, 49, 0.956550
18, 50, -0.456505
19, 1, 20.070521
19, 2, -48.117401
19, 4, 21.940293
19, 5, 17.596871
19, 6, -10.796627
19, 7, -17.655019
19, 8, -25.547356
19, 9, -26.283121
19, 10, 18.607749
19, 11, -10.586626
19, 13, -12.825085
19, 14, -23.468790
19, 15, -37.605385
19, 16, -14.092528
19, 17, -27.201669
19, 18, 9.881951
19, 19, 7.777539
19, 20, 7.408463
19, 21, 11.006222
19, 22, 9.150197
19, 23, -6.374318
19, 24, -33.993642
19, 25, -20.488350
19, 26, -0.742714
19, 27, 29.151637
19, 28, -16.813704
19, 29, 34.509206
19, 31, -90.000000
19, 33, 20.334318
19, 35, 7.960967
19, 36, 21.500795
19, 38, 2.752911
19, 39, 9.168689
19, 40, 2.455091
19, 41, 39.684387
19, 42, -12.136981
19, 45, -9.487007
19, 46, -12.064564
19, 48, -4.070053
19, 49, -0.830001
19, 50, -1.331109
20, 1, 21.227111
20, 3, 62.000000
20, 4, 24.661020
20, 5, 15.526636
20, 6, -13.021568
20, 8, -25.868285
20, 10, 16.794759
20, 11, -11.460402
20, 15, -16.900347
20, 16, -12.957604
20, 17, -26.862570
20, 18, 10.982284
20, 19, 8.583498
20, 20, 9.227666
20, 21, 6.172571
20, 23, -5.409624
20, 25, -19.697625
20, 27, 28.882140
20, 28, -18.290893
20, 29, 34.986378
20, 30, -57.497828
20, 33, 21.626536
20, 34, 18.948472
20, 37, -37.504079
20, 39, 5.574380
20, 40, 1.560159
20, 41, 39.669064
20, 42, -12.570054
20, 43, 75.001272
20, 44, -6.327353
20, 46, -10.727572
20, 47, 21.873085
20, 49, 0.107005
20, 50, -2.307333
21, 4, 26.888587
21, 5, 11.512115
21, 6, -14.609826
21, 7, -18.092404
21, 8, -25.565934
21, 11, -10.603152
21, 12, -28.548060
21, 13, -57.995656
21, 14, 15.136075
21, 15, -37.555405
21, 16, -15.334530
21, 17, -26.077948
21, 18, 9.754650
21, 19, 7.808801
21, 20, 11.863806
21, 21, 10.838298
21, 23, -6.373513
21, 25, -18.876465
21, 28, -17.333343
21, 31, -17.265496
21, 32, -13.000000
21, 33, 20.571803
21, 34, 4.368733
21, 35, 12.906792
21, 36, -19.910893
21, 37, -37.495921
21, 38, 9.103903
21, 39, 6.017316
21, 40, 2.549066
21, 41, 39.683752
21, 42, -12.826357
21, 44, -6.684104
21, 45, 7.219392
21, 46, -9.784069
21, 47, 21.807303
21, 48, -35.666691
21, 49, -1.675632
21, 50, -2.693724
22, 1, -96.000000
22, 3, 27.911076
22, 4, 28.985162
22, 5, 9.986253
22, 6, -16.130581
22, 7, -17.821194
22, 10, -5.030994
22, 11, -11.489541
22, 12, -28.492453
22, 13, -58.004344
22, 14, 14.577929
22, 15, -16.918771
22, 16, -14.927018
22, 17, -24.763370
22, 18, 10.872749
22, 19, 8.631535
22, 20, 13.484684
22, 21, 6.915368
22, 22, 80.499735
22, 23, -5.408763
22, 24, -56.605463
22, 25, -18.539362
22, 26, 45.301959
22, 28, -19.254280
22, 31, -17.256564
22, 33, 22.073246
22, 34, 18.944732
22, 35, 13.996850
22, 36, -19.811350
22, 38, 9.295904
22, 39, 0.916868
22, 40, 1.680077
22, 42, -13.220834
22, 44, -6.543324
22, 45, 7.051915
22, 46, -8.584080
22, 47, 21.505705
22, 48, -36.012935
22, 49, -0.638170
22, 50, -3.039366
23, 3, 27.984647
23, 4, 30.859046
23, 5, 6.993940
23, 6, -16.791594
23, 7, -18.088196
23, 8, 4.629116
23, 9, -16.314237
23, 10, -5.696843
23, 11, -10.636162
23, 12, -28.389309
23, 14, 15.138256
23, 16, -16.435130
23, 17, -23.236107
23, 18, 9.691467
23, 19, 7.856618
23, 20, 15.779505
23, 21, 10.740657
23, 22, 80.500265
23, 23, -6.372938
23, 24, -58.388847
23, 25, -18.259709
23, 26, 45.206131
23, 28, -18.638822
23, 30, 13.082962
23, 31, -17.718958
23, 32, 91.000000
23, 33, 21.179190
23, 34, 4.358538
23, 35, 13.266869
23, 36, -18.952911
23, 38, 9.103506
23, 39, 1.301348
23, 40, 2.665846
23, 41, 27.580851
23, 42, -13.683896
23, 44, -7.092515
23, 45, 7.216285
23, 46, -7.964852
23, 47, 21.126311
23, 48, -35.665074
23, 49, -2.226616
24, 1, 14.692109
24, 2, -73.000000
24, 3, 27.927204
24, 4, 32.147767
24, 5, 6.747695
24, 6, -17.264975
24, 7, -17.816996
24, 8, 4.595952
24, 9, -16.007278
24, 10, -5.011822
24, 11, -11.523179
24, 12, -28.205983
24, 13, 33.000000
24, 14, 14.580887
24, 15, -2.311243
24, 16, -16.154225
24, 17, -21.546070
24, 19, 8.662231
24, 20, 17.124130
24, 21, 7.810501
24, 24, -56.642068
24, 26, 45.300621
24, 27, -20.505182
24, 28, -20.721378
24, 29, -50.888706
24, 30, 13.642028
24, 31, -18.081783
24, 33, 22.764624
24, 35, 14.627925
24, 36, -17.979350
24, 38, 9.296066
24, 39, -5.349689
24, 40, 1.776677
24, 41, 26.966408
24, 42, -13.830073
24, 43, 9.801060
24, 44, -7.077802
24, 45, 7.049302
24, 46, -7.265037
24, 47, 20.625349
24, 49, -0.932587
24, 50, -62.000000
25, 1, 14.567269
25, 3, 28.014770
25, 4, 33.421525
25, 5, 5.323573
25, 7, -18.085683
25, 8, 4.631099
25, 9, -17.020577
25, 10, -5.667866
25, 11, -10.660713
25, 12, -28.036702
25, 15, -1.378134
25, 16, -16.874631
25, 17, -20.000476
25, 18, 14.000000
25, 20, 19.006448
25, 21, 10.751491
25, 22, -9.109328
25, 24, -58.453999
25, 25, 25.000000
25, 27, -19.997261
25, 28, -20.115669
25, 29, -51.970393
25, 30, 12.882113
25, 31, -18.810143
25, 33, 21.877900
25, 35, 14.178375
25, 36, -16.384918
25, 38, 9.104162
25, 39, -4.233263
25, 40, 2.718680
25, 41, 27.585607
25, 42, -14.393653
25, 43, 25.614790
25, 44, -7.707842
25, 46, -7.267909
25, 47, 20.165789
25, 48, -11.896112
26, 1, 14.691435
26, 2, -50.997775
26, 3, 27.963264
26, 4, 33.816028
26, 6, 8.143546
26, 8, 4.597314
26, 9, -17.329786
26, 10, -4.983147
26, 11, -11.536724
26, 12, -27.850269
26, 13, 55.003603
26, 14, -50.482246
26, 15, -2.312729
26, 17, -18.711206
26, 19, -19.212947
26, 20, 20.066117
26, 21, 8.617629
26, 22, -9.336691
26, 23, 3.909587
26, 24, -56.727019
26, 26, -24.798033
26, 27, -20.493213
26, 28, -22.005327
26, 29, -50.890930
26, 30, 13.248261
26, 31, -19.247666
26, 32, -50.000636
26, 33, 23.380029
26, 35, 15.604363
26, 36, -14.893949
26, 39, -12.384827
26, 41, 26.970880
26, 42, -14.139070
26, 43, 10.669617
26, 44, -7.676455
26, 47, 19.745224
26, 48, -10.643464
26, 49, 38.000000
26, 50, -27.773142
27, 1, 14.566831
27, 2, -51.002225
27, 3, 28.047665
27, 4, 34.306971
27, 5, -9.661124
27, 6, 6.620896
27, 7, 19.183764
27, 9, -18.803924
27, 10, -5.649566
27, 12, -27.754068
27, 13, 54.996397
27, 14, -50.869234
27, 15, -1.379712
27, 16, -10.111548
27, 17, -17.882596
27, 18, -3.589321
27, 19, -19.338847
27, 20, 21.520904
27, 21, 10.819743
27, 22, -9.381207
27, 23, 4.775684
27, 24, -58.536980
27, 25, -56.000000
27, 26, -23.670401
27, 27, -19.981190
27, 28, -21.075930
27, 29, -51.973781
27, 30, 12.379093
27, 31, -19.901544
27, 33, 22.340097
27, 34, 28.406508
27, 35, 15.242476
27, 36, -13.014476
27, 37, 10.008265
27, 38, -17.364065
27, 39, -9.655725
27, 40, -18.357631
27, 42, -14.726800
27, 43, 25.827983
27, 44, -8.241864
27, 45, -23.217877
27, 46, 3.188714
27, 47, 19.485164
27, 48, -12.115135
27, 50, -26.501168
28, 3, 27.983835
28, 5, -3.339609
28, 6, 8.011674
28, 7, 19.298579
28, 8, -22.506728
28, 9, -19.354506
28, 12, -27.691209
28, 14, -50.483751
28, 16, -10.006971
28, 17, -17.586195
28, 18, -3.831551
28, 19, -18.595644
28, 20, 22.325455
28, 21, 9.098039
28, 22, -9.828528
28, 23, 4.587541
28, 24, -56.796644
28, 26, -24.884262
28, 27, -20.478818
28, 28, -22.510801
28, 29, -50.894135
28, 30, 12.648908
28, 31, -20.073255
28, 33, 23.627249
28, 34, 11.830193
28, 35, 16.516910
28, 36, -11.527174
28, 37, 9.991735
28, 38, -17.825208
28, 39, -19.136800
28, 40, -18.131184
28, 41, -29.190013
28, 42, -14.041473
28, 43, 11.898169
28, 44, -8.062928
28, 45, -24.351163
28, 46, 3.453458
28, 47, 19.378206
28, 48, -11.086410
28, 49, -80.999364
28, 50, -27.302916
29, 1, -5.612374
29, 5, -9.647024
29, 6, 6.377099
29, 7, 19.186691
29, 8, -22.493272
29, 9, -20.832502
29, 10, 26.575756
29, 11, 46.716972
29, 16, -10.047368
29, 18, -3.592387
29, 19, -18.163499
29, 20, 23.370816
29, 21, 10.857910
29, 22, -10.042490
29, 23, 6.119673
29, 24, -58.575016
29, 25, 13.531604
29, 26, -23.826408
29, 27, -19.973569
29, 30, 11.810220
29, 31, -20.355345
29, 34, 28.402104
29, 35, 16.031620
29, 36, -9.906374
29, 38, -17.428211
29, 39, -13.987798
29, 40, -18.354784
29, 41, -29.608337
29, 42, -14.652118
29, 43, 26.096951
29, 44, -8.451079
29, 45, -23.220757
29, 46, 3.186429
29, 48, -12.699429
29, 49, -81.000636
29, 50, -25.584203
30, 1, -5.734410
30, 2, -29.842682
30, 3, 11.398049
30, 4, 14.407084
30, 5, -3.234492
30, 6, 7.695453
30, 9, -21.137288
30, 10, 26.480160
30, 11, 47.099366
30, 12, 38.116270
30, 14, 23.286793
30, 16, -9.893503
30, 17, 6.854178
30, 19, -16.940700
30, 20, 23.943108
30, 22, -10.527953
30, 23, 6.328457
30, 25, 13.635514
30, 26, -25.093180
30, 28, -6.853791
30, 29, -5.684711
30, 30, 12.123789
30, 32, -3.017084
30, 33, -62.000000
30, 34, 11.835714
30, 35, 17.036776
30, 36, -8.946905
30, 37, 3.576466
30, 38, -17.935849
30, 39, -24.480058
30, 40, -18.129650
30, 41, -29.189818
30, 42, -13.644964
30, 43, 12.769856
30, 45, -24.355187
30, 47, 23.998728
30, 48, -11.816573
30, 50, -26.057182
31, 1, -5.822569
31, 2, -29.310278
31, 3, 12.372326
31, 4, 14.405065
31, 5, -9.628633
31, 6, 6.034749
31, 7, -44.789104
31, 8, 8.875768
31, 9, -22.159616
31, 10, 26.579769
31, 11, 46.039388
31, 12, 37.805842
31, 13, -8.276727
31, 14, 22.019315
31, 15, 12.501113
31, 16, -9.910027
31, 17, 6.806332
31, 18, 63.000000
31, 19, -16.165262
31, 20, 24.603690
31, 21, -9.655096
31, 22, -10.707099
31, 23, 8.253884
31, 24, -55.539768
31, 25, 13.536029
31, 26, -24.048874
31, 28, -5.822447
31, 29, -5.138952
31, 30, 11.439772
31, 32, -8.002119
31, 34, 28.400683
31, 35, 16.289158
31, 36, -8.051364
31, 37, 4.253815
31, 38, -17.556344
31, 39, -16.396500
31, 42, -14.347059
31, 43, 26.219656
31, 44, -85.000000
31, 45, -23.224323
31, 46, -34.503020
31, 47, 24.001272
31, 48, -13.436211
31, 50, -24.060495
32, 1, -6.062888
32, 2, -29.062821
32, 3, 11.345205
32, 4, 14.941965
32, 5, -3.131791
32, 6, 7.381599
32, 7, -44.710841
32, 8, 9.739284
32, 9, -21.844684
32, 10, 26.484102
32, 11, 45.846856
32, 12, 37.581287
32, 13, 12.283603
32, 14, 23.290458
32, 16, -9.757208
32, 17, 6.884930
32, 19, -14.719911
32, 20, 24.930943
32, 21, -10.472047
32, 22, -11.025092
32, 23, 8.417911
32, 24, -55.682835
32, 25, 13.642133
32, 26, -25.304398
32, 28, -6.952141
32, 29, -5.979604
32, 30, 11.916228
32, 33, -49.000000
32, 35, 17.057730
32, 36, -7.979983
32, 37, 3.567525
32, 38, -18.047580
32, 39, -27.439477
32, 40, -3.857124
32, 42, -13.217236
32, 46, -34.496980
32, 48, -12.561382
32, 49, 3.111536
32, 50, -24.446395
33, 1, -6.316024
33, 2, -27.823791
33, 3, 12.282250
33, 4, 15.429191
33, 6, 5.794978
33, 7, -44.786512
33, 8, 8.171113
33, 11, 44.404131
33, 12, 36.820649
33, 13, -8.221926
33, 14, 22.026875
33, 15, 55.000000
33, 16, -9.804382
33, 17, 6.854154
33, 18, -20.996503
33, 19, -13.871980
33, 20, 25.228834
33, 21, -9.943280
33, 22, -10.984170
33, 23, 10.353197
33, 24, -55.541518
33, 25, 13.542207
33, 26, -24.208752
33, 27, -17.819415
33, 28, -6.018333
33, 29, -5.678840
33, 32, -3.696120
33, 34, 11.000000
33, 35, 16.020636
33, 37, 4.243396
33, 38, -17.622275
33, 40, -4.292016
33, 42, -14.089951
33, 45, 13.908139
33, 47, -95.999682
33, 48, -14.043723
33, 49, 2.457465
33, 50, -22.424329
34, 1, -6.504063
34, 2, -26.928355
34, 3, 11.242994
34, 4, 16.393559
34, 6, 7.253422
34, 8, 8.302261
34, 9, -54.728199
34, 10, -19.669411
34, 11, 44.072601
34, 12, 36.229510
34, 13, 12.291174
34, 14, 23.299415
34, 16, -9.700406
34, 17, 6.933087
34, 18, -21.003497
34, 19, -12.471920
34, 20, 25.267870
34, 21, -11.014041
34, 23, 10.068989
34, 24, -55.684811
34, 26, -25.394233
34, 27, -18.497343
34, 28, -7.255443
34, 29, -6.818179
34, 30, 4.000000
34, 31, -14.495709
34, 32, -4.504639
34, 33, 21.496556
34, 35, 16.708664
34, 36, 20.748126
34, 37, 3.559778
34, 40, -3.844246
34, 41, 25.000954
34, 42, -13.033997
34, 43, -22.149555
34, 44, 41.373868
34, 45, 15.750708
34, 46, 85.000000
34, 47, -63.359252
34, 48, -13.029487
34, 49, 2.896154
34, 50, -22.983978
35, 1, -6.819557
35, 2, -25.231359
35, 3, 12.192986
35, 4, 17.172848
35, 7, -42.995232
35, 8, 6.165295
35, 9, -54.939327
35, 10, -20.442960
35, 11, 42.763940
35, 12, 35.312606
35, 13, -8.186462
35, 14, 22.034159
35, 17, 6.885756
35, 19, -11.771017
35, 21, -10.658607
35, 22, -28.967207
35, 23, 11.709372
35, 24, -55.542932
35, 25, -15.501642
35, 27, -17.814636
35, 28, -6.425608
35, 29, -6.665060
35, 32, -3.546717
35, 33, 21.503444
35, 34, -21.267599
35, 35, 15.446856
35, 36, 21.669091
35, 38, 5.390142
35, 40, -4.271871
35, 43, -22.362766
35, 44, 40.699060
35, 45, 14.284481
35, 48, -14.279351
35, 49, 2.074342
35, 50, -21.188659
36, 1, -6.819774
36, 2, -23.977875
36, 3, 11.191541
36, 4, 18.318769
36, 6, -93.000000
36, 7, -23.406355
36, 8, 5.642454
36, 9, -54.727836
36, 10, -19.759396
36, 11, 42.812102
36, 12, 34.692790
36, 18, -8.491894
36, 19, -10.602034
36, 20, -28.403997
36, 21, -11.833022
36, 22, -27.690940
36, 23, 10.782962
36, 25, -15.498358
36, 26, -54.989337
36, 27, -18.491172
36, 28, -7.776078
36, 29, -8.028898
36, 30, -9.998411
36, 31, 14.770294
36, 32, -4.219286
36, 34, -21.340117
36, 35, 16.250889
36, 36, 21.092765
36, 37, 0.000000
36, 38, 6.218605
36, 39, -7.812236
36, 40, -3.822591
36, 42, 8.199135
36, 43, -22.150559
36, 44, 41.376877
36, 45, 16.413001
36, 46, 48.001272
36, 49, 2.415393
36, 50, -22.121729
37, 1, -7.129931
37, 2, -22.157753
37, 4, 19.094816
37, 5, -13.000000
37, 8, 3.153576
37, 10, -20.598053
37, 11, 42.078640
37, 12, 33.986279
37, 13, 22.091199
37, 14, -23.869159
37, 16, -43.000000
37, 17, -19.909743
37, 18, -8.508106
37, 19, -10.160410
37, 20, -28.335401
37, 21, -11.462648
37, 22, -28.246286
37, 23, 12.026823
37, 24, 38.998729
37, 26, -54.041956
37, 27, -17.809533
37, 28, -7.047665
37, 29, -7.879825
37, 30, -10.001589
37, 31, 14.820374
37, 32, -3.130475
37, 33, 6.007523
37, 34, -21.325972
37, 35, 14.864376
37, 36, 22.287384
37, 38, 5.794105
37, 39, 9.244161
37, 40, -4.253339
37, 42, 8.237581
37, 44, 40.703808
37, 45, 15.317732
37, 46, -9.444037
37, 48, 9.007205
37, 49, 1.597661
37, 50, -20.730162
38, 1, -6.926977
38, 2, -20.892621
38, 4, 20.109799
38, 6, 2.478785
38, 8, 2.142062
38, 10, -19.939826
38, 12, 33.689137
38, 13, 21.693736
38, 14, -21.825907
38, 15, 21.584240
38, 17, -19.417567
38, 19, -9.294926
38, 20, -28.420078
38, 21, -12.546300
38, 22, -26.306064
38, 23, 10.528368
38, 24, 38.914655
38, 25, -25.497404
38, 26, -54.989697
38, 28, -8.494899
38, 29, -9.312917
38, 31, 14.772496
38, 32, -3.706665
38, 33, 5.992477
38, 34, -21.442081
38, 35, 15.930368
38, 36, 21.860118
38, 37, -1.438990
38, 38, 7.005412
38, 39, -7.673040
38, 40, -3.812336
38, 42, 9.214795
38, 43, 62.000000
38, 44, 41.381731
38, 45, 17.560996
38, 48, 8.992795
38, 49, 2.029709
39, 1, -7.234750
39, 2, -19.254364
39, 3, 72.002720
39, 4, 20.578546
39, 5, 24.032706
39, 6, 2.559477
39, 8, -0.441644
39, 9, 13.632918
39, 10, -20.754969
39, 12, 33.461635
39, 13, 22.691193
39, 14, -23.856063
39, 15, 5.302395
39, 16, 2.735416
39, 17, -20.081526
39, 18, 84.000000
39, 19, -9.128987
39, 20, -28.360093
39, 21, -11.983767
39, 22, -26.247594
39, 23, 11.478334
39, 24, 39.000307
39, 25, -29.370430
39, 26, -54.043173
39, 27, -1.414545
39, 28, -7.839826
39, 29, -8.997138
39, 30, 29.430085
39, 32, -2.534258
39, 34, -21.444583
39, 35, 14.496036
39, 36, 23.056042
39, 37, -1.955548
39, 38, 6.968280
39, 39, 8.909094
39, 41, -43.351021
39, 42, 10.221354
39, 44, 40.707066
39, 45, 16.714684
39, 49, 1.384663
40, 1, -6.917782
40, 2, -18.261652
40, 3, 72.154879
40, 4, 21.183912
40, 5, 24.233170
40, 6, 2.477837
40, 7, 1.406029
40, 8, -1.722823
40, 9, 14.119578
40, 10, -20.032798
40, 13, 22.829313
40, 14, -21.242333
40, 15, 21.065245
40, 16, 3.381240
40, 17, -19.812268
40, 19, -8.555398
40, 20, -28.444626
40, 21, -12.827030
40, 22, -23.845909
40, 23, 9.662172
40, 24, 38.917315
40, 27, -0.198884
40, 28, -9.334485
40, 29, -10.299800
40, 30, 30.512083
40, 31, -63.772857
40, 32, -3.075006
40, 33, -95.000000
40, 34, -21.546336
40, 35, 15.863561
40, 36, 22.475750
40, 37, -1.043448
40, 38, 8.484541
40, 39, -7.478145
40, 40, -21.836357
40, 41, -43.916118
40, 42, 12.128018
40, 43, -12.503974
40, 45, 18.855716
40, 47, -26.703425
40, 48, -1.678547
40, 50, 28.005510
41, 1, -7.245849
41, 2, -16.986311
41, 3, 72.001967
41, 4, 21.135383
41, 5, 24.030742
41, 7, -6.398400
41, 8, -4.152042
41, 9, 13.545717
41, 12, -4.382383
41, 13, 24.305365
41, 14, -23.828131
41, 15, 5.193808
41, 16, 2.735096
41, 17, -20.604658
41, 18, 46.421298
41, 19, -8.639074
41, 20, -28.375773
41, 22, -23.394758
41, 23, 10.520740
41, 26, 50.996397
41, 27, 0.004766
41, 28, -8.695262
41, 29, -9.670894
41, 30, 29.239577
41, 31, -63.483252
41, 32, -1.887853
41, 34, -21.506626
41, 35, 14.403489
41, 36, 23.399973
41, 37, -1.193097
41, 38, 8.751830
41, 39, 8.496197
41, 40, -22.313667
41, 41, -43.348917
41, 42, 13.918842
41, 43, -12.496026
41, 44, 13.890511
41, 45, 18.041483
41, 46, -23.997987
41, 47, -27.103626
41, 48, -1.499187
41, 49, 21.965049
41, 50, 27.994490
42, 2, -16.404735
42, 5, 24.231136
42, 6, -15.086509
42, 7, 0.914043
42, 8, -5.470434
42, 9, 13.938953
42, 12, -5.554370
42, 13, 24.768621
42, 14, -20.299334
42, 15, 20.333303
42, 16, 3.382033
42, 17, -20.591770
42, 18, 46.973106
42, 19, -8.318979
42, 22, -20.820667
42, 23, 8.670520
42, 24, 7.000000
42, 27, 2.508282
42, 28, -10.162632
42, 29, -10.672366
42, 30, 30.166009
42, 31, -63.721087
42, 32, -2.461333
42, 33, -43.018325
42, 35, 16.005068
42, 37, 0.036035
42, 38, 10.427569
42, 39, -7.339225
42, 40, -21.884395
42, 41, -43.914421
42, 42, 16.511424
42, 44, 15.356301
42, 45, 19.876575
42, 47, -26.703369
42, 48, -1.677433
42, 49, 22.199115
43, 1, 4.763213
43, 2, -15.520374
43, 3, 42.500689
43, 4, 13.347830
43, 5, 24.029445
43, 6, -13.723390
43, 7, -6.296631
43, 8, -7.545560
43, 9, 13.316924
43, 10, 14.274920
43, 11, 20.995974
43, 12, -4.375093
43, 13, 26.479401
43, 14, -23.800041
43, 15, 5.082779
43, 16, 2.736686
43, 17, -21.454131
43, 18, 46.419785
43, 20, 86.001377
43, 22, -20.245721
43, 23, 9.609495
43, 25, -23.556103
43, 27, 3.812288
43, 28, -9.464550
43, 30, 28.816467
43, 31, -63.389869
43, 32, -1.327999
43, 33, -2.856452
43, 34, -53.995762
43, 35, 14.493142
43, 36, -38.134887
43, 37, 0.128393
43, 38, 10.842627
43, 39, 8.314659
43, 40, -22.401935
43, 42, 18.749938
43, 43, -12.830376
43, 44, 13.870282
43, 45, 18.850584
43, 46, -59.000000
43, 48, -1.497777
43, 49, 21.957035
44, 1, 3.133240
44, 2, -15.336067
44, 3, 42.499311
44, 4, 13.829877
44, 6, -15.411987
44, 7, 0.147554
44, 8, -8.694766
44, 9, 13.647015
44, 10, 15.715434
44, 12, -5.545044
44, 13, 26.994941
44, 14, -19.355170
44, 15, 19.815532
44, 17, -21.666357
44, 18, 46.971530
44, 19, -88.000000
44, 20, 85.998623
44, 21, 9.341952
44, 22, -17.797243
44, 23, 7.906555
44, 24, -0.005086
44, 25, -20.714646
44, 27, 7.068972
44, 28, -10.825783
44, 29, 3.494967
44, 30, 29.736141
44, 31, -63.606712
44, 32, -1.985417
44, 33, -43.016026
44, 34, -54.004238
44, 35, 16.200417
44, 36, -38.177512
44, 37, 1.511555
44, 38, 12.473114
44, 40, -22.000103
44, 41, 5.160765
44, 42, 21.616462
44, 43, -11.324990
44, 44, 15.316274
44, 45, 20.265648
44, 47, -2.629985
44, 49, 22.189631
45, 1, 4.561958
45, 2, -14.766801
45, 4, 13.569871
45, 5, 30.505351
45, 6, -14.340185
45, 7, -6.127557
45, 8, -10.290653
45, 9, 13.035316
45, 10, 14.447414
45, 11, -8.569122
45, 12, -4.367447
45, 13, 28.663374
45, 14, -23.783470
45, 16, -40.997881
45, 17, -22.497739
45, 21, -1.516124
45, 22, -17.354326
45, 23, 8.996284
45, 24, 0.005086
45, 25, -22.831867
45, 26, 57.757944
45, 27, 8.810086
45, 28, -9.997902
45, 29, 3.505033
45, 30, 28.477234
45, 31, -63.274943
45, 32, -0.945807
45, 33, -2.842154
45, 35, 14.600259
45, 36, -38.131625
45, 37, 1.658205
45, 38, 12.821599
45, 40, -22.517261
45, 41, 4.458824
45, 42, 23.825568
45, 43, -12.525542
45, 44, 13.824168
45, 46, -30.499887
45, 47, -1.576583
45, 48, 58.997457
45, 49, 21.949861
46, 1, 2.770825
46, 2, -14.882938
46, 4, 14.229957
46, 5, 30.494649
46, 6, -16.196529
46, 7, -0.585234
46, 8, -11.118318
46, 9, 13.356511
46, 10, 16.024071
46, 11, -9.539521
46, 13, 28.983807
46, 14, -18.769984
46, 16, -41.002119
46, 17, -22.811881
46, 19, 5.508318
46, 20, 62.644336
46, 21, 9.096903
46, 22, -15.275101
46, 23, 7.483790
46, 25, -20.280890
46, 26, 53.497086
46, 27, 12.044491
46, 28, -11.193409
46, 30, 29.543760
46, 31, -63.516304
46, 32, -1.700186
46, 34, -45.734619
46, 35, 16.289026
46, 36, -38.174158
46, 37, 2.990676
46, 38, 14.184613
46, 40, -22.097053
46, 41, 5.202937
46, 42, 26.432396
46, 43, -10.773715
46, 44, 15.265280
46, 45, -73.000000
46, 46, -30.004401
46, 47, -2.622024
46, 48, 59.002543
46, 50, 4.991099
47, 1, 4.113847
47, 2, -14.545192
47, 3, 10.393544
47, 4, 14.070355
47, 6, -15.213679
47, 7, -5.966819
47, 8, -12.185129
47, 9, 12.809242
47, 10, 14.832747
47, 11, -8.561701
47, 12, 75.002437
47, 13, 30.380541
47, 17, -23.473172
47, 19, 5.491682
47, 20, 62.812710
47, 21, -1.563787
47, 22, -15.172172
47, 23, 8.715242
47, 24, -33.000000
47, 25, -21.804474
47, 27, 13.416775
47, 28, -10.187961
47, 29, 99999.000000
47, 31, -63.224948
47, 32, -0.750671
47, 34, -46.439979
47, 37, 2.989052
47, 38, 14.242725
47, 39, -9.293695
47, 40, -22.571815
47, 41, 4.533116
47, 42, 28.073467
47, 43, -11.841672
47, 44, 13.786006
47, 46, -30.500347
47, 47, -1.567107
47, 49, 23.966959
48, 1, 2.320858
48, 3, 10.293475
48, 4, 14.730749
48, 5, -23.987003
48, 6, -16.983478
48, 7, -1.019851
48, 8, -12.599032
48, 9, 13.178423
48, 10, 16.408450
48, 11, -9.530688
48, 13, 30.333237
48, 15, 24.507576
48, 16, -49.580750
48, 17, -23.702678
48, 20, 62.645228
48, 21, 8.851620
48, 22, -13.618918
48, 23, 7.357602
48, 25, -19.738351
48, 26, -92.000000
48, 27, 15.854473
48, 30, -59.306507
48, 32, -1.577660
48, 34, -45.735784
48, 35, -14.493589
48, 36, -7.166654
48, 37, 4.078361
48, 38, 15.161812
48, 39, -8.810256
48, 41, 5.290388
48, 42, 29.886478
48, 43, -10.085513
48, 44, 15.241246
48, 45, 35.132568
48, 46, -30.004990
48, 47, -2.614808
48, 48, -30.049112
48, 49, 24.343213
48, 50, 33.579161
49, 1, 3.755151
49, 3, 10.391057
49, 4, 14.473937
49, 5, -24.264411
49, 6, -15.834550
49, 7, -5.897920
49, 8, -13.141162
49, 9, 12.724102
49, 10, 15.142405
49, 11, -8.554973
49, 13, 31.314314
49, 16, -49.731439
49, 17, -24.068364
49, 18, -35.993748
49, 19, -31.502066
49, 21, -1.594679
49, 22, -14.004658
49, 24, -76.000000
49, 25, -21.074153
49, 27, 16.162814
49, 28, -17.992583
49, 29, 24.003391
49, 30, -59.515888
49, 31, 44.504927
49, 32, -0.685139
49, 33, 14.417533
49, 34, -46.442661
49, 35, -14.506411
49, 36, -7.408112
49, 37, 3.762494
49, 38, 14.761045
49, 39, -9.300104
49, 40, 22.500795
49, 41, 4.610294
49, 42, 30.500549
49, 43, -11.291238
49, 45, 35.317421
49, 48, -30.345682
49, 49, 23.965924
49, 50, 33.731439
50, 1, 2.120557
50, 3, 10.290908
50, 4, 14.955919
50, 5, -23.984857
50, 6, -17.312716
50, 8, -13.092232
50, 10, 16.580724
50, 13, 30.808823
50, 14, -49.003073
50, 15, 61.000000
50, 16, -49.579858
50, 17, -24.040525
50, 18, -36.006252
50, 19, -31.497934
50, 20, 4.000000
50, 22, -13.042775
50, 23, 75.000000
50, 25, -19.494025
50, 26, 68.000000
50, 27, 17.278953
50, 28, -18.007417
50, 29, 23.996609
50, 30, -59.305448
50, 31, 44.495073
50, 32, -1.550557
50, 33, -1.007205
50, 34, -45.738915
50, 36, -7.170975
50, 37, 4.480063
50, 39, -8.816269
50, 40, 22.499205
50, 41, 5.337112
50, 42, 31.144910
50, 43, -9.776650
50, 44, -53.000000
50, 45, 35.130032
50, 46, -72.000000
50, 47, -8.000000
50, 48, -30.051705
50, 49, 24.342086
50, 50, 33.581447
