1, 1, 33.000000
1, 3, -17.706852
1, 4, 33.173343
1, 6, 26.027579
1, 7, 9.595960
1, 8, 33.449736
1, 9, -21.955868
1, 10, -19.000000
1, 11, 12.794172
1, 12, 99999.000000
1, 13, -86.000000
1, 14, -59.018438
1, 15, -38.000000
1, 16, -0.318262
1, 18, -90.618086
1, 19, -52.420814
1, 20, -35.921940
1, 21, 8.767503
1, 22, 1.867285
1, 23, 33.237263
1, 24, 19.142713
1, 25, -52.584019
1, 27, 62.000000
1, 28, 4.390509
1, 29, -41.000000
1, 30, -35.181621
1, 32, -14.244447
1, 33, -47.129538
1, 34, -16.542199
1, 35, -26.689414
1, 37, -82.000000
1, 38, -87.000000
1, 39, 82.000000
1, 40, 9.586221
1, 41, 18.383863
1, 42, -23.122588
1, 43, -31.843975
1, 45, 0.593681
1, 46, -81.000000
1, 47, -32.888318
1, 49, 45.000000
1, 50, 14.754152
2, 2, 50.278638
2, 3, -19.536222
2, 4, 26.297683
2, 5, -31.316371
2, 6, 20.125913
2, 7, 10.762022
2, 8, 35.550264
2, 9, -23.223463
2, 11, 14.876977
2, 14, -56.981562
2, 16, 26.915932
2, 17, -10.275523
2, 19, -46.918176
2, 20, -27.470921
2, 21, -2.883760
2, 22, -11.628807
2, 23, 25.055707
2, 24, 12.398910
2, 25, -46.416902
2, 28, 7.536037
2, 30, -38.099353
2, 31, 15.534516
2, 32, -18.004490
2, 33, -49.652851
2, 34, -15.372682
2, 35, -19.191031
2, 36, -70.850088
2, 40, 2.976129
2, 41, 17.723809
2, 42, -20.506527
2, 43, -28.335701
2, 44, 10.174306
2, 45, 5.489321
2, 47, -28.351089
2, 48, -6.769879
2, 50, 18.207347
3, 1, -29.649316
3, 2, 25.746561
3, 3, -22.383584
3, 4, 14.583104
3, 5, -35.919705
3, 6, 8.557935
3, 7, 10.669702
3, 9, -13.743684
3, 11, 15.313531
3, 12, 34.878540
3, 13, 99999.000000
3, 15, -24.790605
3, 17, -42.977072
3, 19, -41.815498
3, 20, -19.846129
3, 21, -14.691966
3, 22, -16.842525
3, 23, 13.482794
3, 24, 10.291787
3, 25, -34.422306
3, 26, -27.190093
3, 27, -19.708775
3, 28, 9.625000
3, 29, 51.460145
3, 30, -28.883263
3, 31, 10.937201
3, 32, -18.040544
3, 33, -51.526240
3, 34, -16.194276
3, 35, -10.058512
3, 36, -70.149912
3, 37, -79.000000
3, 38, 44.523486
3, 39, 17.954024
3, 40, -5.639216
3, 41, 16.102162
3, 42, -20.169798
3, 43, -30.633551
3, 44, 2.970439
3, 45, 12.318273
3, 47, -17.357591
3, 48, -9.873368
3, 49, -41.519551
3, 50, 19.081244
4, 1, -27.826770
4, 2, 49.134643
4, 3, -26.371480
4, 4, -0.604784
4, 5, -43.277814
4, 6, -3.916723
4, 8, -49.258641
4, 9, -28.202559
4, 10, -95.000000
4, 11, 13.025288
4, 12, 32.271840
4, 14, 12.633049
4, 15, -27.209395
4, 17, -0.056310
4, 19, -39.272973
4, 20, -15.214301
4, 21, -22.388329
4, 23, 2.867730
4, 24, 12.283929
4, 25, -23.153351
4, 26, -18.244579
4, 27, -13.277727
4, 29, 53.364610
4, 31, 7.607588
4, 32, -14.407796
4, 33, -50.443149
4, 34, -16.115858
4, 35, -0.008893
4, 38, 38.476514
4, 39, 8.771921
4, 40, -9.573545
4, 43, -33.641576
4, 44, -1.937281
4, 45, 15.673603
4, 47, -5.954159
4, 48, -12.407024
4, 49, -41.414687
4, 50, 18.374732
5, 1, -22.905757
5, 2, 1.760442
5, 3, -27.236303
5, 4, -12.382725
5, 5, -49.496766
5, 6, -14.318322
5, 7, 24.244725
5, 8, -45.438692
5, 11, 7.351204
5, 12, 29.107178
5, 13, 12.998167
5, 14, 17.686186
5, 19, -37.598436
5, 21, -26.854039
5, 23, -5.498087
5, 24, 20.080434
5, 25, -12.811957
5, 26, -35.517104
5, 27, -7.074246
5, 29, 57.097290
5, 31, 7.477316
5, 32, -8.817844
5, 33, -45.326888
5, 34, -17.097293
5, 35, 4.835264
5, 36, 27.221073
5, 39, -0.567012
5, 40, -13.438715
5, 41, 46.011260
5, 43, -42.724565
5, 44, -12.923078
5, 45, 17.523376
5, 47, 3.601161
5, 49, -44.016787
5, 50, 16.611810
6, 1, -13.484516
6, 3, -26.453854
6, 5, -55.122269
6, 6, -18.986049
6, 7, 14.064432
6, 8, -40.014279
6, 10, 9.651752
6, 11, -3.131746
6, 13, 8.059528
6, 14, 22.314038
6, 16, -39.296982
6, 19, -37.246497
6, 20, -33.008586
6, 21, -29.937523
6, 23, -11.083464
6, 24, 28.030852
6, 25, -5.866171
6, 26, -33.106796
6, 27, 0.190024
6, 31, 12.414926
6, 32, -1.647600
6, 33, -35.010921
6, 34, -14.320057
6, 35, 7.940134
6, 36, 25.596603
6, 38, -25.112391
6, 39, -9.508989
6, 40, -14.715306
6, 41, 39.756193
6, 42, -54.161661
6, 43, -41.776042
6, 44, -21.163145
6, 47, 8.423041
6, 49, -48.659142
7, 1, -1.576718
7, 3, -23.625873
7, 4, -17.458076
7, 6, -18.024842
7, 7, 1.830364
7, 8, -37.550012
7, 10, 2.490561
7, 11, -15.792893
7, 12, 18.166169
7, 13, 4.038622
7, 14, 25.537063
7, 16, -12.357084
7, 18, 22.967295
7, 19, -36.407231
7, 20, -22.768976
7, 21, -32.170032
7, 22, 44.019071
7, 23, -14.379300
7, 25, -2.464634
7, 26, -36.162062
7, 27, 5.531725
7, 29, -18.973644
7, 31, 20.363481
7, 32, 3.693744
7, 33, -23.369841
7, 34, -12.820876
7, 35, 4.311962
7, 36, 16.850366
7, 38, -24.544422
7, 39, -13.925869
7, 40, -15.706976
7, 41, 25.811410
7, 42, -51.376604
7, 44, -35.212151
7, 46, -8.916150
7, 47, 11.652967
7, 50, 22.284179
8, 1, 8.452403
8, 4, -25.541924
8, 5, -6.560643
8, 6, -10.019088
8, 8, -29.775480
8, 9, -5.980607
8, 10, -3.272821
8, 11, -28.662064
8, 12, 16.196474
8, 13, 1.807348
8, 14, 25.429932
8, 16, -28.180514
8, 19, -38.764746
8, 20, -14.229029
8, 21, -35.339445
8, 22, 17.610366
8, 23, -17.369839
8, 24, -2.000000
8, 25, -4.513060
8, 26, -35.027110
8, 27, 8.530528
8, 29, -20.538343
8, 30, -28.078197
8, 32, 7.433174
8, 33, -8.772415
8, 34, -5.448273
8, 35, -0.611395
8, 36, 5.098489
8, 37, -40.494540
8, 38, -24.764982
8, 39, -17.829790
8, 41, 9.948193
8, 42, -51.879959
8, 44, -43.830903
8, 45, -19.147558
8, 46, -1.330998
8, 47, 10.682254
8, 48, 7.951898
8, 49, 14.000000
8, 50, 16.782229
9, 3, -17.787098
9, 5, 0.012892
9, 6, 3.126766
9, 8, -23.683470
9, 9, -37.540079
9, 10, -9.378164
9, 11, -38.654731
9, 12, 17.360862
9, 13, 5.063605
9, 14, 23.008434
9, 15, 23.000000
9, 16, -16.050664
9, 17, 60.000000
9, 19, -39.090248
9, 20, -7.919051
9, 21, -38.506412
9, 22, 29.967018
9, 23, -17.619945
9, 25, -13.332029
9, 26, -32.579933
9, 27, 8.370060
9, 29, -25.794203
9, 30, -21.220032
9, 31, -68.000000
9, 32, 8.260131
9, 33, 4.539402
9, 34, -0.315806
9, 35, -6.664560
9, 36, -9.875033
9, 37, -36.998959
9, 38, -25.963656
9, 39, -19.706757
9, 40, -27.075967
9, 41, -6.539366
9, 44, -53.581968
9, 45, -6.110313
9, 46, 2.014631
9, 47, 10.719266
9, 48, 4.836465
9, 50, 13.307797
10, 1, 8.635522
10, 2, -36.273177
10, 3, -18.241977
10, 4, -21.903821
10, 5, 8.169467
10, 6, 18.137105
10, 7, -9.191360
10, 8, -14.184537
10, 9, -5.537617
10, 10, -13.114280
10, 13, 9.282614
10, 14, 17.998075
10, 16, -15.143722
10, 19, -41.655362
10, 20, -8.145633
10, 21, -41.831082
10, 22, 17.032115
10, 23, -21.400840
10, 24, -25.211930
10, 25, -22.655177
10, 26, -31.143355
10, 27, 10.917708
10, 29, -31.927654
10, 30, -15.409297
10, 32, 8.790115
10, 33, 17.965415
10, 34, 8.417397
10, 35, -6.652663
10, 36, -21.976210
10, 37, -33.800764
10, 38, -24.068052
10, 40, -15.943700
10, 41, -14.505162
10, 42, -50.382508
10, 43, 1.587139
10, 45, 6.727501
10, 46, -0.763728
10, 47, 13.605479
10, 48, -4.429845
10, 49, -9.045162
10, 50, 11.136224
11, 1, 12.680455
11, 2, -37.093107
11, 3, -19.904491
11, 4, -15.791777
11, 5, 14.350375
11, 6, 29.969245
11, 7, -5.911331
11, 8, -4.342865
11, 9, -8.524666
11, 10, -16.762085
11, 11, -33.431471
11, 12, -16.000000
11, 13, 14.894374
11, 14, 11.558313
11, 15, 10.299824
11, 16, -6.391972
11, 17, -15.614262
11, 20, -9.170646
11, 21, -45.468628
11, 22, 21.438229
11, 23, -22.303750
11, 24, -18.137481
11, 25, -33.431985
11, 26, -23.750560
11, 27, 17.336420
11, 28, 9.659131
11, 30, -13.655284
11, 32, 7.237405
11, 33, 29.695236
11, 34, 13.556399
11, 35, -4.034299
11, 36, -31.114039
11, 37, -37.042907
11, 38, -20.409399
11, 39, 6.296710
11, 40, 1.738859
11, 41, -19.973775
11, 42, -53.352616
11, 44, 20.649919
11, 45, 16.427364
11, 46, -6.633191
11, 47, 20.593810
11, 48, -13.921165
11, 49, 1.147431
11, 50, 12.622119
12, 1, 16.169016
12, 2, -41.331646
12, 3, -21.969997
12, 4, -6.318035
12, 6, 33.998993
12, 7, -7.449298
12, 8, 10.394090
12, 9, 11.573856
12, 10, -15.681179
12, 11, -29.493172
12, 13, 17.616988
12, 14, 0.382271
12, 16, 2.138890
12, 17, -10.911153
12, 18, 2.183536
12, 19, -15.888375
12, 20, -11.583202
12, 21, -44.868266
12, 22, 18.633962
12, 23, -22.586806
12, 24, -11.797525
12, 25, -41.330314
12, 26, -17.390706
12, 27, 23.671343
12, 28, 9.340869
12, 29, 80.000000
12, 31, 21.014268
12, 32, 4.875374
12, 33, 40.768939
12, 37, -36.817055
12, 38, -15.232808
12, 39, 0.036638
12, 40, 19.362486
12, 41, -17.648334
12, 42, -56.690742
12, 43, 10.250723
12, 44, 13.851607
12, 45, 20.908287
12, 46, -14.547403
12, 47, 27.585247
12, 48, -24.611182
12, 49, 12.254232
13, 1, 12.112608
13, 2, -45.807853
13, 3, -26.467749
13, 4, 0.497215
13, 5, 45.380772
13, 6, 29.980201
13, 7, -11.517153
13, 8, 23.302024
13, 9, 16.000155
13, 11, -25.371593
13, 14, -8.528943
13, 17, -3.464290
13, 18, -0.342645
13, 19, -7.430065
13, 20, -11.083136
13, 21, -51.113436
13, 22, 22.792768
13, 23, -16.637968
13, 24, -8.914176
13, 25, -46.569450
13, 26, -6.873272
13, 27, 30.490243
13, 30, -49.686800
13, 31, 15.985732
13, 32, -0.051240
13, 34, -8.219492
13, 35, -36.820083
13, 36, -44.381914
13, 37, -40.517884
13, 38, -6.730578
13, 39, -3.961439
13, 40, 36.974849
13, 41, -17.947691
13, 43, 2.766653
13, 44, 2.154346
13, 46, -24.055357
13, 48, -34.065492
13, 49, 18.841793
13, 50, 32.364362
14, 1, 10.028132
14, 2, -51.310388
14, 3, -31.451852
14, 4, 8.447753
14, 5, 43.164211
14, 6, 18.737514
14, 7, -19.154309
14, 8, 33.022072
14, 9, 24.558501
14, 10, 22.739782
14, 11, -23.052014
14, 13, -14.831242
14, 14, -19.661804
14, 17, 3.808743
14, 18, -1.001807
14, 19, 2.216714
14, 20, -10.760856
14, 22, 22.078109
14, 23, -9.307117
14, 24, -11.342892
14, 25, -46.823244
14, 26, 1.293859
14, 27, 35.554706
14, 28, -35.043175
14, 30, -42.613075
14, 32, -4.733474
14, 33, -39.676646
14, 34, 2.219492
14, 35, -29.061092
14, 36, -43.618086
14, 37, -41.497530
14, 38, 1.061062
14, 39, -5.615627
14, 40, 48.518789
14, 41, -14.722146
14, 43, -9.828429
14, 44, -8.962865
14, 46, -30.941897
14, 47, -10.123772
14, 48, -43.067782
14, 50, 25.307840
15, 1, 7.220308
15, 2, -55.415270
15, 3, -35.159804
15, 4, 13.660933
15, 5, 42.365249
15, 6, 5.252732
15, 7, -25.119172
15, 9, 24.866147
15, 10, 23.181112
15, 11, -23.436013
15, 12, 11.664163
15, 13, -9.216402
15, 14, -30.288302
15, 18, 0.541058
15, 19, 9.568529
15, 20, -10.059806
15, 22, 19.569401
15, 23, 0.571404
15, 24, -15.383250
15, 25, -42.045911
15, 26, 7.211927
15, 27, 40.076432
15, 28, -29.826389
15, 29, 42.886303
15, 30, -49.465655
15, 31, -84.000000
15, 32, -8.165547
15, 33, -43.742437
15, 35, -13.307375
15, 37, -45.421528
15, 38, 10.911067
15, 39, -6.883772
15, 40, 57.703681
15, 41, -16.642524
15, 43, -23.935353
15, 45, -12.560453
15, 46, -33.475438
15, 47, -8.111926
15, 49, 13.228959
15, 50, 16.909216
16, 1, 10.472743
16, 2, -57.884259
16, 3, -35.336843
16, 4, 20.995542
16, 5, 45.757076
16, 6, -4.976972
16, 7, -28.358519
16, 8, -13.413888
16, 10, 20.999506
16, 11, -24.381124
16, 12, -7.116387
16, 13, -4.257161
16, 14, -42.875868
16, 16, 1.047972
16, 17, 56.205225
16, 20, -9.148316
16, 22, 10.054439
16, 23, 7.758890
16, 24, -19.064054
16, 25, -35.963689
16, 26, 9.002863
16, 27, 40.215199
16, 28, -29.614628
16, 29, 35.965100
16, 30, -37.975850
16, 32, -13.939001
16, 33, -47.294508
16, 34, 2.000000
16, 35, 7.606494
16, 36, 66.000000
16, 38, 18.034943
16, 40, 62.326023
16, 41, -15.574848
16, 43, -36.234058
16, 44, 31.609718
16, 45, -15.254956
16, 46, -31.176112
16, 47, -11.095777
16, 48, -16.646356
16, 49, 9.955002
16, 50, 9.098039
17, 1, 16.878340
17, 2, -56.455873
17, 4, 24.169474
17, 5, 45.239342
17, 6, -9.416779
17, 7, -26.699693
17, 8, -14.583585
17, 9, -34.352676
17, 10, 21.083049
17, 11, -23.631769
17, 12, 7.609419
17, 13, -4.054271
17, 14, -50.722304
17, 15, -39.142620
17, 16, -2.133636
17, 17, 50.794775
17, 18, 24.404239
17, 19, 86.000000
17, 20, -4.440715
17, 21, 22.237929
17, 22, -2.589433
17, 23, 11.435267
17, 25, -29.927903
17, 26, 9.906128
17, 27, 38.404786
17, 28, -34.213520
17, 29, 30.079075
17, 31, 99999.000000
17, 32, -21.050979
17, 33, -48.540522
17, 35, 27.720262
17, 38, 24.444397
17, 39, 34.768433
17, 42, -7.951159
17, 43, -42.136355
17, 44, 30.056789
17, 45, -17.001807
17, 46, -27.979946
17, 47, -15.683805
17, 48, -10.397318
17, 49, 4.465083
17, 50, 2.414782
18, 1, 28.914937
18, 2, -53.019406
18, 3, -73.000000
18, 4, 25.234821
18, 5, 44.239675
18, 6, -10.384081
18, 7, -22.284629
18, 8, -18.378037
18, 9, -25.766373
18, 10, 15.134158
18, 12, -3.918751
18, 13, -5.683112
18, 14, -57.334317
18, 15, -12.105062
18, 16, 0.469978
18, 18, 16.060990
18, 20, 3.367018
18, 21, 3.221125
18, 22, -16.735979
18, 24, -30.180859
18, 25, -25.334018
18, 26, 12.878589
18, 27, 33.503853
18, 29, 27.063455
18, 32, -27.554889
18, 34, 23.000000
18, 35, 43.582921
18, 36, 21.977393
18, 37, 73.000000
18, 38, 22.659205
18, 39, 27.697674
18, 40, -3.563676
18, 41, 39.947031
18, 42, -2.483418
18, 44, 26.509444
18, 45, -13.659908
18, 46, -25.312863
18, 47, -20.913279
18, 48, -0.754049
18, 49, 2.258891
18, 50, -4.073702
19, 1, 39.429660
19, 2, -48.007818
19, 4, 23.917910
19, 5, 36.132568
19, 6, -11.345940
19, 7, -17.748276
19, 8, -23.603902
19, 9, -17.441243
19, 10, 11.912946
19, 11, -7.525446
19, 13, -12.144730
19, 14, -58.150581
19, 15, -37.110567
19, 16, -2.012507
19, 17, -65.268391
19, 18, 7.898347
19, 19, -25.380882
19, 20, 11.404013
19, 21, 1.220290
19, 22, -26.935403
19, 23, -6.245064
19, 24, -37.819141
19, 25, -18.580789
19, 26, 18.148043
19, 27, 29.538348
19, 28, 11.674938
19, 29, 25.411816
19, 31, -90.000000
19, 33, 13.695826
19, 35, 51.970058
19, 36, 21.022607
19, 38, 20.077318
19, 39, 19.560411
19, 40, 0.727747
19, 41, 34.047804
19, 42, 1.464964
19, 45, -8.706866
19, 46, -23.465086
19, 48, 7.386737
19, 49, -1.732441
19, 50, -11.174718
20, 1, 46.580327
20, 3, 62.000000
20, 4, 23.486688
20, 5, 26.447716
20, 6, -15.659080
20, 8, -31.586075
20, 10, 7.478848
20, 11, -12.936156
20, 15, -26.540983
20, 16, -5.409777
20, 17, -60.211399
20, 18, 5.384037
20, 19, -14.749476
20, 20, 16.225906
20, 21, -7.523913
20, 23, -4.128299
20, 25, -11.975153
20, 27, 26.660299
20, 28, 2.545972
20, 29, 27.889487
20, 30, -58.804873
20, 33, 12.003490
20, 34, 31.598532
20, 37, -35.049385
20, 39, 9.337936
20, 40, 3.482729
20, 41, 31.247798
20, 42, -0.276809
20, 43, 74.236172
20, 44, 13.009779
20, 46, -20.012705
20, 47, 39.248431
20, 49, -2.521348
20, 50, -19.572758
21, 4, 25.863600
21, 5, 11.046817
21, 6, -21.971718
21, 7, -28.740645
21, 8, -39.530324
21, 11, -14.879112
21, 12, -45.983600
21, 13, -60.609746
21, 14, 5.883492
21, 15, -34.061004
21, 16, -9.035468
21, 17, -52.552015
21, 18, 1.638712
21, 19, 0.459647
21, 20, 19.611570
21, 21, -3.971339
21, 23, -5.067622
21, 25, -5.074911
21, 28, -6.454394
21, 31, 7.592695
21, 32, -13.000000
21, 33, 11.197267
21, 34, 18.686443
21, 35, -8.381104
21, 36, -40.240087
21, 37, -39.950615
21, 38, 7.297351
21, 39, 4.185465
21, 40, 5.525235
21, 41, 32.737100
21, 42, -4.906292
21, 44, 2.558922
21, 45, 14.759455
21, 46, -15.159739
21, 47, 31.805014
21, 48, -35.185314
21, 49, -6.863698
21, 50, -26.255985
22, 1, -96.000000
22, 3, 29.524295
22, 4, 29.477805
22, 5, -6.162740
22, 6, -29.569847
22, 7, -20.658744
22, 10, -20.625315
22, 11, -15.680681
22, 12, -40.397315
22, 13, -55.390254
22, 14, 7.205257
22, 15, -30.464409
22, 16, -16.819317
22, 17, -42.600808
22, 18, 0.722506
22, 19, 18.765009
22, 20, 20.702790
22, 21, 1.493185
22, 22, 80.659131
22, 23, -5.370272
22, 24, -54.785543
22, 25, 0.930781
22, 26, 49.721532
22, 28, -17.522372
22, 31, 3.626559
22, 33, 15.884238
22, 34, 16.563568
22, 35, -0.683179
22, 36, -36.648069
22, 38, 5.500814
22, 39, 2.080829
22, 40, 2.728797
22, 42, -12.583250
22, 44, -8.324044
22, 45, 7.489404
22, 46, -5.668665
22, 47, 26.355567
22, 48, -29.820930
22, 49, -7.706345
22, 50, -30.350973
23, 3, 23.974730
23, 4, 35.129743
23, 5, -26.034202
23, 6, -37.653424
23, 7, -11.744999
23, 8, 1.442001
23, 9, 8.845235
23, 10, -14.316099
23, 11, -14.055887
23, 12, -33.019630
23, 14, 12.663642
23, 16, -23.239985
23, 17, -32.585082
23, 18, -0.726392
23, 19, 32.655685
23, 20, 24.293910
23, 21, 10.321296
23, 22, 80.340869
23, 23, -6.654074
23, 24, -53.456659
23, 25, 4.449177
23, 26, 46.903938
23, 28, -25.017147
23, 30, 24.884284
23, 31, -1.664552
23, 32, 91.000000
23, 33, 18.968152
23, 34, -7.954636
23, 35, 5.941011
23, 36, -33.457112
23, 38, 5.334729
23, 39, 7.262404
23, 40, 1.334129
23, 41, 15.365048
23, 42, -18.823945
23, 44, -16.091664
23, 45, 0.530863
23, 46, 6.687931
23, 47, 23.113841
23, 48, -27.400685
23, 49, -9.797165
24, 1, 15.892965
24, 2, -73.000000
24, 3, 18.081754
24, 4, 40.940986
24, 5, -40.521155
24, 6, -44.958853
24, 7, -5.889841
24, 8, 6.591154
24, 9, 3.802303
24, 10, -5.014388
24, 11, -14.656276
24, 12, -26.371530
24, 13, 33.000000
24, 14, 19.160948
24, 15, 1.078712
24, 16, -34.353785
24, 17, -22.092523
24, 19, 41.311778
24, 20, 27.635427
24, 21, 15.336502
24, 24, -50.002439
24, 26, 43.279081
24, 27, -36.438853
24, 28, -33.321187
24, 29, -45.185108
24, 30, 20.861965
24, 31, -9.308665
24, 33, 22.828761
24, 35, 14.591351
24, 36, -29.552110
24, 38, 7.476818
24, 39, 7.790478
24, 40, 0.469142
24, 41, 23.958103
24, 42, -23.057842
24, 43, -8.136154
24, 44, -19.216066
24, 45, -3.455396
24, 46, 18.001751
24, 47, 20.465677
24, 49, -9.619406
24, 50, -62.000000
25, 1, 13.863664
25, 3, 16.537038
25, 4, 46.839307
25, 5, -48.791147
25, 7, -5.950919
25, 8, 10.513726
25, 9, -2.354062
25, 10, 0.601420
25, 11, -12.590561
25, 12, -22.489257
25, 15, 0.023117
25, 16, -41.518973
25, 17, -9.388508
25, 18, 14.000000
25, 20, 30.232005
25, 21, 16.868746
25, 22, 0.168125
25, 24, -52.146498
25, 25, 25.000000
25, 27, -25.360786
25, 28, -34.732660
25, 29, -46.931163
25, 30, 14.738826
25, 31, -19.003939
25, 33, 21.511509
25, 35, 19.763457
25, 36, -24.041111
25, 38, 9.849981
25, 39, 7.326128
25, 40, 3.701965
25, 41, 34.193265
25, 42, -23.908354
25, 43, 15.329400
25, 44, -19.658908
25, 46, 25.011351
25, 47, 18.709307
25, 48, -11.990860
26, 1, 12.406899
26, 2, -52.336699
26, 3, 21.202001
26, 4, 49.381472
26, 6, 22.894539
26, 8, 11.522447
26, 9, -8.639057
26, 10, 4.835520
26, 11, -10.470522
26, 12, -20.430090
26, 13, 52.835820
26, 14, -41.992524
26, 15, -2.559471
26, 17, 4.533998
26, 19, -43.992646
26, 20, 27.943641
26, 21, 13.054636
26, 22, 5.458267
26, 23, -23.225995
26, 24, -53.364324
26, 26, -22.301431
26, 27, -13.558083
26, 28, -35.884982
26, 29, -47.811639
26, 30, 11.313329
26, 31, -27.065419
26, 32, -49.618086
26, 33, 22.781845
26, 35, 24.404964
26, 36, -17.913187
26, 39, -0.345902
26, 41, 40.894570
26, 42, -22.589587
26, 43, 1.175606
26, 44, -15.589225
26, 47, 15.185000
26, 48, -5.280189
26, 49, 38.000000
26, 50, -44.550137
27, 1, 11.948107
27, 2, -49.663301
27, 3, 29.810990
27, 4, 50.837637
27, 5, -21.590622
27, 6, 20.205473
27, 7, 10.710557
27, 9, -15.900937
27, 10, 7.498089
27, 12, -18.130732
27, 13, 57.164180
27, 14, -43.978132
27, 15, -4.221853
27, 16, -31.388280
27, 17, 18.359405
27, 18, 6.823927
27, 19, -36.474040
27, 20, 23.253810
27, 21, 8.547648
27, 22, 9.152612
27, 23, -18.829066
27, 24, -59.534201
27, 25, -56.000000
27, 26, -21.972174
27, 27, -4.819485
27, 28, -33.665638
27, 29, -51.865230
27, 30, 7.677438
27, 31, -34.563594
27, 33, 25.860379
27, 34, 27.578125
27, 35, 24.159570
27, 36, -11.368799
27, 37, 5.035117
27, 38, -1.635851
27, 39, -7.375799
27, 40, -21.484689
27, 42, -23.305957
27, 43, 15.066404
27, 44, -9.806618
27, 45, -15.504179
27, 46, 5.340305
27, 47, 8.213718
27, 48, -3.788909
27, 50, -36.849777
28, 3, 37.699030
28, 5, -9.789348
28, 6, 16.767439
28, 7, 17.276191
28, 8, -18.458076
28, 9, -21.212090
28, 12, -15.468976
28, 14, -49.240281
28, 16, -23.271051
28, 17, 29.612761
28, 18, 0.462903
28, 19, -28.327936
28, 20, 16.713874
28, 21, 6.953363
28, 22, 7.409480
28, 23, -11.964089
28, 24, -62.302747
28, 26, -24.481360
28, 27, -4.217172
28, 28, -32.539046
28, 29, -55.265598
28, 30, 6.922268
28, 31, -41.359573
28, 33, 34.258044
28, 34, 5.814932
28, 35, 25.788937
28, 36, -6.082563
28, 37, 14.964883
28, 38, -3.579047
28, 39, -20.913393
28, 40, -12.643288
28, 41, -24.387532
28, 42, -21.893208
28, 43, 13.734246
28, 44, -4.737074
28, 45, -18.642194
28, 46, -1.290416
28, 47, 0.969170
28, 48, -2.008879
28, 49, -81.381914
28, 50, -30.829572
29, 1, 30.100782
29, 5, -3.632991
29, 6, 7.256117
29, 7, 24.803418
29, 8, -26.541924
29, 9, -28.315034
29, 10, 14.789360
29, 11, 75.557840
29, 16, -10.192214
29, 18, -7.940023
29, 19, -21.024811
29, 20, 13.903734
29, 21, 9.859304
29, 22, 0.151335
29, 23, -3.882658
29, 24, -66.855846
29, 25, 3.298082
29, 26, -23.235172
29, 27, -8.535071
29, 30, 7.783567
29, 31, -46.337393
29, 34, 21.914094
29, 35, 27.526838
29, 36, -1.448738
29, 38, -7.871772
29, 39, -30.457723
29, 40, -7.204163
29, 41, -22.142977
29, 42, -22.375664
29, 43, 26.384575
29, 44, -3.901355
29, 45, -21.255112
29, 46, -5.665548
29, 48, -4.291056
29, 49, -80.618086
29, 50, -26.346947
30, 1, 19.047927
30, 2, -40.604708
30, 3, 22.802976
30, 4, 11.034104
30, 5, 4.619272
30, 6, 0.018823
30, 9, -34.194851
30, 10, 22.316698
30, 11, 74.271951
30, 12, 52.646573
30, 14, 26.841613
30, 16, 2.043318
30, 17, -15.992621
30, 19, -14.011444
30, 20, 15.825956
30, 22, -11.798498
30, 23, 3.105720
30, 25, 4.511431
30, 26, -22.696673
30, 28, -14.096328
30, 29, -8.617923
30, 30, 10.361923
30, 32, -4.490182
30, 33, -62.000000
30, 34, 15.825884
30, 35, 28.410546
30, 36, 2.956516
30, 37, 22.393566
30, 38, -14.977457
30, 39, -45.401719
30, 40, -7.107640
30, 41, -23.448007
30, 42, -20.149226
30, 43, 33.759536
30, 45, -26.509757
30, 47, 24.763828
30, 48, -5.282402
30, 50, -25.343679
31, 1, 4.387583
31, 2, -40.243909
31, 3, 18.056284
31, 4, 2.133986
31, 5, 2.253428
31, 6, -6.667482
31, 7, -51.998725
31, 8, 19.949330
31, 9, -41.012923
31, 10, 31.626090
31, 11, 69.983305
31, 12, 50.317670
31, 13, -27.019344
31, 14, 20.499275
31, 15, 11.831650
31, 16, 8.152479
31, 17, -8.839717
31, 18, 63.000000
31, 19, -9.444167
31, 20, 19.585620
31, 21, 11.259491
31, 22, -24.081449
31, 23, 12.454652
31, 24, -51.390133
31, 25, 7.156293
31, 26, -20.685781
31, 28, -13.400233
31, 29, -1.757434
31, 30, 10.380935
31, 32, -6.726953
31, 34, 26.412393
31, 35, 26.815619
31, 36, 9.045991
31, 37, 12.047955
31, 38, -21.836257
31, 39, -45.583680
31, 42, -17.723948
31, 43, 44.820051
31, 44, -85.000000
31, 45, -29.864844
31, 46, -32.685908
31, 47, 23.236172
31, 48, -9.500570
31, 50, -21.142791
32, 1, -10.967670
32, 2, -41.402300
32, 3, 11.732633
32, 4, -4.180203
32, 5, 7.087134
32, 6, -5.136421
32, 7, -46.084068
32, 8, 19.792693
32, 9, -47.920516
32, 10, 38.689414
32, 11, 64.241294
32, 12, 49.694538
32, 13, 3.863790
32, 14, 15.579206
32, 16, 8.008626
32, 17, 0.213661
32, 19, -4.910532
32, 20, 24.691861
32, 21, -1.857519
32, 22, -33.053646
32, 23, 21.293300
32, 24, -54.023682
32, 25, 13.397664
32, 26, -21.797182
32, 28, -10.877773
32, 29, 3.153597
32, 30, 9.071810
32, 33, -49.000000
32, 35, 21.367618
32, 36, 16.058900
32, 37, -0.484980
32, 38, -29.733919
32, 39, -57.390433
32, 40, -1.926391
32, 42, -9.694855
32, 46, -36.314092
32, 48, -12.209770
32, 49, 26.300210
32, 50, -19.356691
33, 1, -23.621971
33, 2, -41.550757
33, 3, 8.472469
33, 4, -4.755348
33, 6, -2.244354
33, 7, -39.516477
33, 8, 16.440845
33, 11, 53.854283
33, 12, 49.009439
33, 13, -1.393440
33, 14, 11.473481
33, 15, 55.000000
33, 16, 1.021712
33, 17, 9.593294
33, 18, -23.100527
33, 19, -1.941401
33, 20, 31.652172
33, 21, -13.369109
33, 22, -36.953985
33, 23, 30.109154
33, 24, -56.844271
33, 25, 22.092499
33, 26, -23.242768
33, 27, -33.055436
33, 28, -3.821431
33, 29, 4.016711
33, 32, -2.519370
33, 34, 11.000000
33, 35, 14.630768
33, 37, -9.875416
33, 38, -35.563430
33, 40, 4.004553
33, 42, -3.242257
33, 45, 18.499073
33, 47, -96.190957
33, 48, -19.733203
33, 49, 21.364581
33, 50, -15.483544
34, 1, -33.922062
34, 2, -40.617376
34, 3, 5.744485
34, 4, 0.438907
34, 6, 4.709704
34, 8, 15.786914
34, 9, -52.937911
34, 10, 3.196748
34, 11, 41.939988
34, 12, 46.414082
34, 13, 16.743589
34, 14, 15.680431
34, 16, -9.741908
34, 17, 20.241244
34, 18, -18.899473
34, 19, 0.295305
34, 20, 39.899575
34, 21, -21.620347
34, 23, 34.226943
34, 24, -59.157958
34, 26, -30.239388
34, 27, -28.959986
34, 28, 0.720922
34, 29, 1.563644
34, 30, 4.000000
34, 31, -17.077920
34, 32, -1.262017
34, 33, 23.568701
34, 35, 10.627017
34, 36, -12.995999
34, 37, -16.636770
34, 40, 6.490722
34, 41, 24.427129
34, 42, 3.913811
34, 43, -17.053984
34, 44, 38.912407
34, 45, 15.364865
34, 46, 85.000000
34, 47, -65.106995
34, 48, -25.532866
34, 49, 15.195568
34, 50, -16.351867
35, 1, -38.471371
35, 2, -35.136011
35, 3, 6.102294
35, 4, 10.054159
35, 7, -45.864356
35, 8, 13.011291
35, 9, -51.169196
35, 10, 1.273753
35, 11, 27.765811
35, 12, 39.127372
35, 13, 20.383141
35, 14, 22.113804
35, 17, 30.285524
35, 19, -0.462177
35, 21, -22.501038
35, 22, -46.855420
35, 23, 37.015857
35, 24, -59.954016
35, 25, -14.513389
35, 27, -19.328857
35, 28, 2.950177
35, 29, 0.572962
35, 32, -0.893354
35, 33, 19.431299
35, 34, -8.888189
35, 35, 8.270358
35, 36, -3.013082
35, 38, 12.994176
35, 40, 2.286885
35, 43, -18.567667
35, 44, 38.690728
35, 45, 8.190943
35, 48, -29.450310
35, 49, 6.469043
35, 50, -16.787333
36, 1, -35.295932
36, 2, -27.706268
36, 3, 3.549056
36, 4, 21.323470
36, 6, -93.000000
36, 7, -21.908290
36, 8, 12.295562
36, 9, -51.193080
36, 10, -4.397649
36, 11, 12.873511
36, 12, 28.639734
36, 18, -13.369404
36, 19, -3.940757
36, 20, -7.969507
36, 21, -20.836879
36, 22, -42.041657
36, 23, 33.639006
36, 25, -16.486611
36, 26, -51.590023
36, 27, -9.824978
36, 28, -1.605209
36, 29, -2.140683
36, 30, -10.954785
36, 31, 8.852654
36, 32, -3.640838
36, 34, -7.288554
36, 35, 9.403588
36, 36, 6.817080
36, 37, 0.000000
36, 38, 3.115638
36, 39, 0.449604
36, 40, -4.627899
36, 42, 13.696187
36, 43, -21.885822
36, 44, 40.398334
36, 45, 6.011777
36, 46, 47.236172
36, 49, -2.470307
36, 50, -18.710786
37, 1, -25.859170
37, 2, -18.257592
37, 4, 29.453946
37, 5, -13.000000
37, 8, 7.537562
37, 10, -14.812372
37, 11, -2.139907
37, 12, 17.146999
37, 13, -5.244191
37, 14, -22.408362
37, 16, -43.000000
37, 17, -29.608625
37, 18, -3.630596
37, 19, -10.686113
37, 20, -13.241836
37, 21, -16.688864
37, 22, -38.497742
37, 23, 30.289553
37, 24, 29.407582
37, 26, -48.679028
37, 27, -2.618336
37, 28, -5.373934
37, 29, -3.110954
37, 30, -9.045215
37, 31, 13.946502
37, 32, -5.201345
37, 33, 1.480683
37, 34, -8.826840
37, 35, 10.339914
37, 36, 18.089194
37, 38, -7.285675
37, 39, 30.911570
37, 40, -11.032502
37, 42, 10.993829
37, 44, 40.935776
37, 45, 1.063403
37, 46, -5.349325
37, 48, 4.671641
37, 49, -12.248533
37, 50, -15.880025
38, 1, -9.756400
38, 2, -7.850442
38, 4, 34.121724
38, 6, 3.737322
38, 8, 3.207310
38, 10, -25.823314
38, 12, 8.815358
38, 13, 2.889319
38, 14, -21.365871
38, 15, 32.651363
38, 17, -25.927136
38, 19, -14.880909
38, 20, -23.830503
38, 21, -13.719888
38, 22, -32.475804
38, 23, 19.460610
38, 24, 29.636629
38, 25, -27.059482
38, 26, -49.486655
38, 28, -8.804696
38, 29, -6.347518
38, 31, 19.455854
38, 32, -8.412659
38, 33, 10.519317
38, 34, -14.209094
38, 35, 13.490179
38, 36, 28.224523
38, 37, -14.186472
38, 38, -11.830120
38, 39, -4.085419
38, 40, -12.093235
38, 42, 2.829598
38, 43, 62.000000
38, 44, 42.486317
38, 45, 2.403603
38, 48, 13.328359
38, 49, -18.055524
39, 1, 6.083511
39, 2, -0.761352
39, 3, 71.892330
39, 4, 34.903864
39, 5, 22.885392
39, 6, 1.111347
39, 8, -3.745120
39, 9, 13.116461
39, 10, -39.040696
39, 12, 6.968849
39, 13, 14.418577
39, 14, -18.473243
39, 15, 14.880164
39, 16, -0.674421
39, 17, -21.955659
39, 18, 84.000000
39, 19, -15.968492
39, 20, -35.543528
39, 21, -10.525779
39, 22, -28.080483
39, 23, 8.823965
39, 24, 34.560045
39, 25, -27.697590
39, 26, -52.286600
39, 27, -26.407443
39, 28, -7.747573
39, 29, -9.699855
39, 30, 46.814905
39, 32, -8.879382
39, 34, -21.972271
39, 35, 11.878093
39, 36, 40.066778
39, 37, -13.561641
39, 38, -11.128446
39, 39, -0.543403
39, 41, -46.985798
39, 42, -7.038429
39, 44, 42.988596
39, 45, 4.649721
39, 49, -21.184401
40, 1, 18.795987
40, 2, 2.568148
40, 3, 69.433393
40, 4, 33.967613
40, 5, 20.729128
40, 6, -0.826081
40, 7, 24.950179
40, 8, -6.859680
40, 9, 15.948752
40, 10, -47.763880
40, 13, 23.891843
40, 14, -22.987462
40, 15, 23.818163
40, 16, -3.290929
40, 17, -16.938818
40, 19, -13.187078
40, 20, -44.241827
40, 21, -12.344130
40, 22, -22.668567
40, 23, -4.335441
40, 24, 41.999154
40, 27, -22.441679
40, 28, -8.390080
40, 29, -16.936344
40, 30, 42.040458
40, 31, -73.496101
40, 32, -9.747911
40, 33, -95.000000
40, 34, -31.441501
40, 35, 12.989816
40, 36, 49.091152
40, 37, -9.350545
40, 38, -3.536502
40, 39, -16.078230
40, 40, -21.959927
40, 41, -42.985032
40, 42, -12.831409
40, 43, -10.113037
40, 45, 14.074336
40, 47, -21.794693
40, 48, -6.723138
40, 50, 24.690078
41, 1, 23.335508
41, 2, 2.418177
41, 3, 68.268452
41, 4, 32.659202
41, 5, 21.681698
41, 7, 3.058311
41, 8, -6.984260
41, 9, 18.979358
41, 12, -24.737592
41, 13, 30.724776
41, 14, -24.880889
41, 15, 12.202978
41, 16, -3.956044
41, 17, -13.989693
41, 18, 47.444589
41, 19, -7.970985
41, 20, -47.925932
41, 22, -20.925663
41, 23, -12.072883
41, 26, 53.164180
41, 27, -20.848267
41, 28, -8.216466
41, 29, -21.897926
41, 30, 35.240465
41, 31, -71.325519
41, 32, -7.197111
41, 34, -40.112648
41, 35, 10.647194
41, 36, 56.414760
41, 37, -4.939505
41, 38, 3.395371
41, 39, -13.019625
41, 40, -13.421190
41, 41, -39.118667
41, 42, -12.173250
41, 43, -14.886963
41, 44, 10.170554
41, 45, 21.556221
41, 46, -25.209395
41, 47, -19.962847
41, 48, -5.050228
41, 49, 42.218099
41, 50, 31.309922
42, 2, -2.267851
42, 5, 24.186400
42, 6, -2.437751
42, 7, -4.755941
42, 8, -6.262557
42, 9, 20.773406
42, 12, -18.846741
42, 13, 33.159032
42, 14, -28.308499
42, 15, 17.275563
42, 16, -0.098517
42, 17, -8.334593
42, 18, 43.482308
42, 19, -3.162677
42, 22, -16.828146
42, 23, -17.223523
42, 24, 7.000000
42, 27, -18.129883
42, 28, -11.659711
42, 29, -27.468567
42, 30, 31.363984
42, 31, -67.788620
42, 32, -4.229181
42, 33, -49.343926
42, 35, 13.527369
42, 37, 0.086417
42, 38, 11.723027
42, 39, -9.664809
42, 40, -7.306766
42, 41, -37.830598
42, 42, -4.067669
42, 44, 12.845713
42, 45, 30.448331
42, 47, -21.526257
42, 48, -1.861569
42, 49, 32.407852
43, 1, 28.182951
43, 2, -10.127555
43, 3, 42.086260
43, 4, -8.248670
43, 5, 24.474584
43, 6, -2.630954
43, 7, -21.279260
43, 8, -7.884343
43, 9, 17.654539
43, 10, -4.270884
43, 11, 23.418789
43, 12, -6.241351
43, 13, 35.431991
43, 14, -27.561094
43, 15, 0.544304
43, 16, 4.109719
43, 17, -4.858735
43, 18, 38.692761
43, 20, 85.172520
43, 22, -15.776709
43, 23, -12.103096
43, 25, -39.996171
43, 27, -15.033560
43, 28, -13.872352
43, 30, 25.729819
43, 31, -62.473047
43, 32, 1.970591
43, 33, -21.791304
43, 34, -56.546094
43, 35, 13.223833
43, 36, -48.447703
43, 37, 3.374845
43, 38, 17.053361
43, 39, -2.284721
43, 40, -8.449277
43, 42, 6.790958
43, 43, -43.789884
43, 44, 15.111103
43, 45, 37.516133
43, 46, -59.000000
43, 48, 1.774477
43, 49, 18.997178
44, 1, 21.779010
44, 2, -17.506897
44, 3, 42.913740
44, 4, -9.665097
44, 6, -6.401622
44, 7, -26.501680
44, 8, -11.966103
44, 9, 14.498872
44, 10, 0.772071
44, 12, 5.737692
44, 13, 34.962419
44, 14, -19.706253
44, 15, 6.791336
44, 17, -6.080338
44, 18, 41.345021
44, 19, -88.000000
44, 20, 86.827480
44, 21, 37.477977
44, 22, -12.838171
44, 23, -5.357524
44, 24, 3.055313
44, 25, -42.139636
44, 27, -6.035435
44, 28, -17.028075
44, 29, 6.523486
44, 30, 21.811653
44, 31, -57.695099
44, 32, 7.632506
44, 33, -37.554848
44, 34, -51.453906
44, 35, 16.850341
44, 36, -42.623786
44, 37, 7.234028
44, 38, 21.057092
44, 40, -13.365994
44, 41, 0.013764
44, 42, 19.367221
44, 43, -40.649808
44, 44, 19.705897
44, 45, 42.102742
44, 47, -21.177124
44, 49, 7.519317
45, 1, 15.924301
45, 2, -21.253107
45, 4, -7.621977
45, 5, 27.285557
45, 6, -6.863957
45, 7, -26.765145
45, 8, -17.780614
45, 9, 9.475991
45, 10, 6.466626
45, 11, -22.728718
45, 12, 16.102294
45, 13, 35.957305
45, 14, -20.725897
45, 16, -42.273047
45, 17, -13.620364
45, 21, 17.284722
45, 22, -12.234674
45, 23, 6.878242
45, 24, -3.055313
45, 25, -37.983435
45, 26, 55.885362
45, 27, 4.554876
45, 28, -15.445494
45, 29, 0.476514
45, 30, 15.240053
45, 31, -54.367210
45, 32, 13.394880
45, 33, 12.485304
45, 35, 18.532235
45, 36, -34.839860
45, 37, 7.071159
45, 38, 21.777014
45, 40, -20.963781
45, 41, -4.739844
45, 42, 30.689825
45, 43, -34.522285
45, 44, 18.996390
45, 46, -29.341199
45, 47, -10.301554
45, 48, 60.527656
45, 49, 0.820336
46, 1, 5.014232
46, 2, -24.026199
46, 4, 1.750219
46, 5, 33.714443
46, 6, -10.733303
46, 7, -17.237154
46, 8, -24.533077
46, 9, 5.723496
46, 10, 14.436864
46, 11, -15.450878
46, 13, 34.399758
46, 14, -5.972297
46, 16, -39.726953
46, 17, -23.466857
46, 19, 0.503291
46, 20, 58.381387
46, 21, 10.447725
46, 22, -9.651226
46, 23, 17.199350
46, 25, -31.522476
46, 26, 55.250440
46, 27, 19.381176
46, 28, -13.925919
46, 30, 11.934268
46, 31, -55.032191
46, 32, 13.001122
46, 34, -40.181659
46, 35, 23.338465
46, 36, -28.409155
46, 37, 5.765007
46, 38, 21.170962
46, 40, -28.869097
46, 41, -7.138377
46, 42, 40.205802
46, 43, -20.775498
46, 44, 18.892130
46, 45, -73.000000
46, 46, -29.093597
46, 47, 0.615431
46, 48, 57.472344
46, 50, 10.346797
47, 1, -3.749755
47, 2, -24.733068
47, 3, 18.524469
47, 4, 15.027666
47, 6, -14.051783
47, 7, -5.801856
47, 8, -27.591000
47, 9, 5.613091
47, 10, 17.721667
47, 11, -6.487253
47, 12, 73.535996
47, 13, 33.108575
47, 17, -31.790543
47, 19, 10.496709
47, 20, 59.816579
47, 21, -7.305092
47, 22, -8.956682
47, 23, 25.853538
47, 24, -33.000000
47, 25, -22.313995
47, 27, 33.311859
47, 28, -10.719426
47, 29, 99999.000000
47, 31, -57.893512
47, 32, 9.714065
47, 34, -38.837257
47, 37, 1.925067
47, 38, 17.985035
47, 39, 7.684255
47, 40, -37.195366
47, 41, -6.864064
47, 42, 45.529503
47, 43, -8.090408
47, 44, 14.003439
47, 46, -29.781256
47, 47, 11.243176
47, 49, 26.913554
48, 1, -13.138442
48, 3, 13.898085
48, 4, 28.486490
48, 5, -25.644426
48, 6, -21.964198
48, 7, 7.978945
48, 8, -24.692718
48, 9, 9.591844
48, 10, 24.222782
48, 11, -0.002704
48, 13, 30.406896
48, 15, 19.948857
48, 16, -49.823467
48, 17, -37.032847
48, 20, 62.676354
48, 21, -19.596124
48, 22, -9.077593
48, 23, 27.939610
48, 25, -9.482779
48, 26, -92.000000
48, 27, 46.109611
48, 30, -59.211225
48, 32, 0.569519
48, 34, -38.868763
48, 35, -18.350967
48, 36, 6.248233
48, 37, 0.528487
48, 38, 17.425398
48, 39, -4.486760
48, 41, 0.689201
48, 42, 50.369878
48, 43, 6.563757
48, 44, 11.044110
48, 45, 38.893072
48, 46, -30.390294
48, 47, 16.231136
48, 48, -20.088807
48, 49, 25.801010
48, 50, 26.173057
49, 1, -15.729267
49, 3, 7.805132
49, 4, 38.002912
49, 5, -19.295827
49, 6, -28.957045
49, 7, 15.944570
49, 8, -17.775042
49, 9, 12.867463
49, 10, 28.633880
49, 11, 6.625511
49, 13, 31.062419
49, 16, -47.034921
49, 17, -38.860265
49, 18, -39.755488
49, 19, -30.258779
49, 21, -30.217126
49, 22, -10.099222
49, 24, -76.000000
49, 25, 1.200403
49, 27, 53.566893
49, 28, -22.455664
49, 29, 21.963125
49, 30, -55.770724
49, 31, 41.540166
49, 32, -9.380351
49, 33, 9.498884
49, 34, -43.600310
49, 35, -10.649033
49, 36, -3.138625
49, 37, 2.951998
49, 38, 19.850757
49, 39, -18.649112
49, 40, 22.022607
49, 41, 11.072565
49, 42, 54.306391
49, 43, 16.771702
49, 45, 31.996709
49, 48, -25.077485
49, 49, 23.662636
49, 50, 31.034921
50, 1, -17.985765
50, 3, 2.643347
50, 4, 44.469480
50, 5, -15.309661
50, 6, -38.113114
50, 8, -9.565064
50, 10, 33.680292
50, 13, 33.168022
50, 14, -47.154082
50, 15, 61.000000
50, 16, -45.528500
50, 17, -39.458371
50, 18, -32.244512
50, 19, -32.741221
50, 20, 4.000000
50, 22, -8.255935
50, 23, 75.000000
50, 25, 10.695010
50, 26, 68.000000
50, 27, 57.206719
50, 28, -13.544336
50, 29, 26.036875
50, 30, -54.110952
50, 31, 47.459834
50, 32, -18.139037
50, 33, 3.328359
50, 34, -49.180372
50, 36, -14.555515
50, 37, 10.643530
50, 39, -28.178817
50, 40, 22.977393
50, 41, 21.654554
50, 42, 57.554794
50, 43, 25.745880
50, 44, -53.000000
50, 45, 26.679258
50, 46, -72.000000
50, 47, -8.000000
50, 48, -32.571055
50, 49, 21.943305
50, 50, 37.178910
