1, 1, 33.000000
1, 3, -22.966060
1, 4, 9.120105
1, 6, 4.391383
1, 7, 8.117103
1, 8, 34.496523
1, 9, -31.716000
1, 10, -19.000000
1, 11, -1.099447
1, 12, 99999.000000
1, 13, -86.000000
1, 14, -58.003372
1, 15, -38.000000
1, 16, 28.280076
1, 18, -85.000000
1, 19, -42.842258
1, 20, -26.958670
1, 21, -18.520486
1, 22, -14.406984
1, 23, 4.144299
1, 24, 21.269805
1, 25, -27.523011
1, 26, 99999.000000
1, 27, 62.000000
1, 28, 5.311951
1, 29, -41.000000
1, 30, -36.480782
1, 32, -6.079198
1, 33, -30.745695
1, 34, -11.033598
1, 35, -6.345482
1, 37, -82.000000
1, 38, -87.000000
1, 39, 82.000000
1, 40, -3.936011
1, 41, 15.705092
1, 42, -25.298104
1, 43, -36.101641
1, 45, 7.352870
1, 46, -81.000000
1, 47, -5.464229
1, 49, 45.000000
1, 50, 15.617952
2, 2, 10.548810
2, 3, -22.462525
2, 4, 9.664034
2, 5, -42.257464
2, 6, 4.149275
2, 7, 8.267181
2, 8, 34.503477
2, 9, -21.949946
2, 11, -1.202538
2, 14, -57.996628
2, 16, 0.001054
2, 17, -43.345732
2, 18, -91.001265
2, 19, -42.313171
2, 20, -27.639527
2, 21, -19.226504
2, 22, -9.561134
2, 23, 3.912149
2, 24, 21.985381
2, 25, -27.063691
2, 26, -29.532192
2, 28, 5.441312
2, 30, -29.736074
2, 31, 16.264733
2, 32, -6.159791
2, 33, -30.643180
2, 34, -12.038269
2, 35, -7.188330
2, 36, -70.501159
2, 40, -4.940193
2, 41, 15.817374
2, 42, -25.025483
2, 43, -38.569909
2, 44, -19.012405
2, 45, 8.300881
2, 47, -4.520705
2, 48, -8.671684
2, 50, 15.282410
3, 1, -12.189657
3, 2, 51.482370
3, 3, -22.977194
3, 4, 9.061190
3, 5, -42.983300
3, 6, 4.400711
3, 7, 8.118764
3, 9, -31.710565
3, 11, -1.957919
3, 12, 31.103926
3, 13, 99999.000000
3, 15, -25.995996
3, 16, 28.295653
3, 17, 1.889139
3, 18, 99999.000000
3, 19, -42.601962
3, 20, -26.934895
3, 21, -19.871284
3, 22, -14.438138
3, 23, 2.925897
3, 24, 21.281582
3, 25, -27.137590
3, 26, -21.627897
3, 27, 1.405628
3, 28, 5.320051
3, 29, 57.201660
3, 30, -36.475174
3, 31, 16.365284
3, 32, -5.672809
3, 33, -28.663710
3, 34, -10.332189
3, 35, -5.842382
3, 36, -70.498841
3, 37, -79.000000
3, 38, 41.510011
3, 39, -3.740784
3, 40, -4.134866
3, 41, 15.701561
3, 42, -25.293534
3, 43, -36.087756
3, 44, -16.780826
3, 45, 7.379998
3, 47, -4.156371
3, 48, -8.743629
3, 49, -47.366588
3, 50, 15.629497
4, 1, -12.282424
4, 2, 10.487435
4, 3, -22.478607
4, 4, 9.584106
4, 5, -42.294120
4, 6, 4.241059
4, 8, -26.929947
4, 9, -21.945738
4, 10, -95.000000
4, 11, -2.794687
4, 12, 31.165637
4, 14, 12.842518
4, 15, -26.004004
4, 16, 99999.000000
4, 17, -43.356740
4, 18, 97.000000
4, 19, -41.790688
4, 20, -27.620025
4, 21, -21.982039
4, 22, -9.588362
4, 23, 1.750227
4, 24, 22.021392
4, 25, -26.488716
4, 26, -28.876365
4, 27, 1.403674
4, 29, 56.989190
4, 30, -29.724055
4, 31, 16.287115
4, 32, -5.409827
4, 33, -26.658124
4, 34, -10.774189
4, 35, -6.261643
4, 38, 41.489989
4, 39, -3.081841
4, 40, -5.267065
4, 43, -38.585647
4, 44, -19.769014
4, 45, 8.329295
4, 46, 99999.000000
4, 47, -2.051249
4, 48, -8.680407
4, 49, -47.081170
4, 50, 15.292087
5, 1, -12.081809
5, 2, 51.484821
5, 3, -22.993240
5, 4, 8.991865
5, 5, -43.028389
5, 6, 4.562266
5, 7, 9.766422
5, 8, -25.068947
5, 9, -31.721865
5, 11, -4.050872
5, 12, 31.094996
5, 13, 9.584173
5, 14, 12.050752
5, 16, -24.279458
5, 17, 1.917263
5, 18, 99999.000000
5, 19, -42.034742
5, 21, -23.381068
5, 22, 99999.000000
5, 23, -0.136445
5, 24, 21.329579
5, 25, -26.354080
5, 26, -21.333520
5, 27, 2.715667
5, 28, -64.000000
5, 29, 57.210383
5, 30, 99999.000000
5, 31, 16.413948
5, 32, -4.655442
5, 33, -22.989664
5, 34, -8.480399
5, 35, -4.592163
5, 36, 1.563391
5, 39, -4.045269
5, 40, -4.499583
5, 41, 8.609052
5, 43, -36.077345
5, 44, -18.131467
5, 45, 7.398453
5, 46, -92.000000
5, 47, -0.703396
5, 49, -47.371149
5, 50, 15.633511
6, 1, -12.109184
6, 2, 10.417135
6, 3, -22.489583
6, 5, -42.329824
6, 6, 4.576889
6, 7, 9.992664
6, 8, -25.049575
6, 9, 99999.000000
6, 10, -5.136122
6, 11, -5.075153
6, 13, 10.276935
6, 14, 11.513430
6, 15, 99999.000000
6, 16, -8.758659
6, 17, 99999.000000
6, 18, 26.511697
6, 19, -41.024351
6, 20, -15.441974
6, 21, -26.637557
6, 22, 30.186822
6, 23, -1.614706
6, 24, 22.064576
6, 25, -25.887345
6, 26, -26.826188
6, 27, 4.000917
6, 28, 99999.000000
6, 30, -23.000000
6, 31, 16.346038
6, 32, -4.308183
6, 33, -19.803710
6, 34, -8.687583
6, 35, -4.822338
6, 36, 0.635286
6, 38, -16.993000
6, 39, -3.585327
6, 40, -5.581257
6, 41, 6.863268
6, 42, -58.287921
6, 43, -38.605326
6, 44, -21.443689
6, 47, 2.053398
6, 49, -47.091042
7, 1, -11.902065
7, 2, 99999.000000
7, 3, -22.995861
7, 4, -21.486617
7, 6, 4.964175
7, 7, 9.731738
7, 8, -21.560130
7, 9, 7.509197
7, 10, -4.276512
7, 11, -6.177815
7, 12, 22.782374
7, 13, 9.618927
7, 14, 9.315812
7, 15, 43.000000
7, 16, -23.314634
7, 17, -66.000000
7, 18, -29.000000
7, 19, -41.418663
7, 20, -16.059969
7, 21, -27.938964
7, 22, 14.791113
7, 23, -3.793195
7, 25, -25.827232
7, 26, -20.137281
7, 27, 6.294638
7, 28, -52.000000
7, 29, -27.285262
7, 31, 16.463255
7, 32, -3.609813
7, 33, -15.360921
7, 34, -6.136727
7, 35, -3.106480
7, 36, 1.207914
7, 38, -16.738275
7, 39, -4.619016
7, 40, -4.678796
7, 41, 7.140011
7, 42, -57.896140
7, 43, -36.073968
7, 44, -19.814492
7, 46, -13.854962
7, 47, 3.774283
7, 50, 17.017177
8, 1, -11.984646
8, 4, -21.513383
8, 5, 3.646422
8, 6, 5.094469
8, 8, -20.157313
8, 9, -8.475578
8, 10, -5.318480
8, 11, -6.721907
8, 12, 22.410039
8, 13, 10.343267
8, 14, 7.515040
8, 16, -8.675444
8, 19, -40.373361
8, 20, -14.641838
8, 21, -31.971891
8, 22, 28.881375
8, 23, -4.885149
8, 24, -2.000000
8, 25, -25.792345
8, 26, -23.256322
8, 27, 8.575965
8, 29, -27.713589
8, 30, -23.380469
8, 32, -3.505504
8, 33, -12.122674
8, 34, -6.536373
8, 35, -3.430532
8, 36, 0.024659
8, 37, -41.789467
8, 38, -15.724320
8, 39, -4.080469
8, 41, 4.001225
8, 42, -58.284390
8, 43, 99999.000000
8, 44, -22.796584
8, 45, 0.371122
8, 46, -14.024608
8, 47, 6.483027
8, 48, -15.393470
8, 49, 14.000000
8, 50, 17.828405
9, 3, -24.925759
9, 5, 3.763617
9, 6, 5.345082
9, 8, -15.879816
9, 9, 7.838778
9, 10, -4.575756
9, 11, -7.089557
9, 12, 22.781128
9, 13, 9.718796
9, 14, 3.924532
9, 15, 23.000000
9, 16, -21.036950
9, 17, 60.000000
9, 18, -12.000000
9, 19, -41.030022
9, 20, -14.481813
9, 21, -32.270371
9, 22, 14.197257
9, 23, -6.758362
9, 25, -25.937716
9, 26, -17.584624
9, 27, 11.354628
9, 29, -27.300673
9, 30, -22.970449
9, 31, -68.000000
9, 32, -3.212355
9, 33, -8.137466
9, 34, -4.183080
9, 35, -1.937663
9, 36, 0.501160
9, 37, -39.916380
9, 38, -14.395446
9, 39, -4.909641
9, 40, 18.823183
9, 41, 3.321992
9, 43, -1.510221
9, 44, -20.581954
9, 45, 0.082653
9, 46, -14.256310
9, 47, 7.868624
9, 48, -16.268831
9, 50, 16.998884
10, 1, 13.134059
10, 2, -46.450121
10, 3, -25.256338
10, 4, 2.201852
10, 5, 3.672657
10, 6, 5.292868
10, 7, -16.186623
10, 8, -14.080838
10, 9, -7.668771
10, 10, -5.654616
10, 13, 10.439955
10, 14, 1.054896
10, 16, -8.494618
10, 18, 99999.000000
10, 19, -40.122123
10, 20, -12.429946
10, 21, -36.765464
10, 22, 25.269250
10, 23, -7.051322
10, 24, -17.701535
10, 25, -26.232950
10, 26, -18.231208
10, 27, 14.175300
10, 29, -27.734111
10, 30, -23.357985
10, 32, -3.573980
10, 33, -6.081815
10, 34, -5.159805
10, 35, -2.583172
10, 36, -0.595139
10, 37, -41.751536
10, 38, -12.211209
10, 40, 19.979244
10, 41, -0.657250
10, 42, -54.121007
10, 43, 47.000000
10, 45, 0.440338
10, 46, -14.813240
10, 47, 9.859435
10, 48, -15.737871
10, 49, 2.974897
10, 50, 17.811040
11, 1, 14.678105
11, 2, -46.944482
11, 3, -25.110968
11, 4, 3.622633
11, 5, 3.789413
11, 6, 5.018883
11, 7, -16.790746
11, 8, -10.158228
11, 9, 8.683148
11, 10, -4.864320
11, 11, -26.781636
11, 12, -16.000000
11, 13, 9.809768
11, 14, -3.674138
11, 15, 0.000000
11, 16, -18.768247
11, 17, -4.696230
11, 20, -11.590643
11, 21, -35.315636
11, 22, 12.448729
11, 23, -8.312532
11, 24, -17.950754
11, 25, -26.422282
11, 26, -13.511879
11, 27, 16.911529
11, 28, 9.500527
11, 30, -22.953675
11, 32, -3.873801
11, 33, -3.724042
11, 34, -3.406651
11, 35, -1.489305
11, 36, 0.130446
11, 37, -39.868798
11, 38, -10.228142
11, 39, 0.329275
11, 40, 19.949988
11, 41, -1.501658
11, 42, -54.082239
11, 44, 4.128305
11, 45, 0.160640
11, 46, -15.280397
11, 47, 10.311184
11, 48, -16.858373
11, 49, 3.537550
11, 50, 16.989315
12, 1, 13.960322
12, 2, -46.713591
12, 3, -25.593587
12, 4, 3.672223
12, 6, 4.363131
12, 7, -16.407341
12, 8, -9.115732
12, 9, -5.894898
12, 10, -5.819263
12, 11, -26.735886
12, 13, 10.490915
12, 14, -7.165137
12, 15, 11.002318
12, 16, -8.389190
12, 17, -4.817296
12, 18, 3.218154
12, 19, -3.494545
12, 20, -9.076471
12, 21, -40.053916
12, 22, 20.074141
12, 23, -7.816763
12, 24, -17.619105
12, 25, -26.628972
12, 26, -12.208684
12, 27, 19.788056
12, 28, 9.499473
12, 29, 80.000000
12, 31, 18.508325
12, 32, -4.680820
12, 33, -3.763512
12, 37, -41.700251
12, 38, -7.227275
12, 39, 0.271112
12, 40, 21.973680
12, 41, -5.538385
12, 42, -54.130768
12, 43, -15.610001
12, 44, 3.706474
12, 45, 0.496286
12, 46, -15.963348
12, 47, 11.135359
12, 48, -16.417285
12, 49, 3.013697
13, 1, 16.163449
13, 2, -47.418762
13, 3, -25.522429
13, 4, 6.338694
13, 5, 34.878526
13, 6, 3.190630
13, 7, -17.156089
13, 8, -6.579172
13, 9, 9.553832
13, 11, -26.670689
13, 12, 99999.000000
13, 14, -12.430287
13, 15, 99999.000000
13, 16, -17.817786
13, 17, -4.674681
13, 18, 3.174036
13, 19, -3.851120
13, 20, -7.684229
13, 21, -36.410345
13, 22, 9.774960
13, 23, -8.543440
13, 24, -17.826282
13, 25, -26.511629
13, 26, -8.373780
13, 27, 22.057883
13, 30, -40.384181
13, 31, 18.491675
13, 32, -5.473683
13, 34, -3.017282
13, 35, 6.748568
13, 36, -44.001265
13, 37, -39.830337
13, 38, -5.159962
13, 39, 0.294582
13, 40, 22.417706
13, 41, -5.776452
13, 43, -15.897773
13, 44, 4.092544
13, 46, -16.291331
13, 48, -17.455428
13, 49, 3.572317
13, 50, 5.575228
14, 1, 16.094694
14, 2, -47.358070
14, 3, -26.012354
14, 4, 7.653210
14, 5, 33.145564
14, 6, 1.639295
14, 7, -16.971349
14, 8, -7.184209
14, 9, -4.474753
14, 10, 18.883597
14, 11, -26.555558
14, 12, 9.712379
14, 13, -12.845665
14, 14, -15.805871
14, 16, 99999.000000
14, 17, -4.792873
14, 18, 3.213666
14, 19, -3.464834
14, 20, -4.845864
14, 21, -41.228575
14, 22, 14.372666
14, 23, -7.607991
14, 24, -17.485683
14, 25, -26.166551
14, 26, -6.079732
14, 27, 24.597395
14, 28, -38.955644
14, 30, -51.660869
14, 32, -6.439009
14, 33, -42.723508
14, 34, -2.982718
14, 35, 6.722383
14, 36, -43.998735
14, 37, -41.671991
14, 38, -1.896312
14, 39, 0.233274
14, 40, 24.437244
14, 41, -9.144291
14, 42, 99999.000000
14, 43, -15.751239
14, 44, 3.665882
14, 46, -16.691230
14, 47, -15.208069
14, 48, -16.774241
14, 50, 5.320935
15, 1, 18.566125
15, 2, -48.117863
15, 3, -25.852411
15, 4, 11.073079
15, 5, 32.806353
15, 6, -0.548945
15, 7, -17.710014
15, 9, 9.924803
15, 10, 17.047468
15, 11, -26.465245
15, 12, -10.323062
15, 13, -11.884838
15, 14, -20.715316
15, 15, 99999.000000
15, 16, -7.788463
15, 18, 3.174100
15, 19, -3.822647
15, 20, -3.032859
15, 21, 99999.000000
15, 22, 6.758841
15, 23, -8.140981
15, 24, -17.717223
15, 25, -25.464751
15, 26, -3.223174
15, 27, 26.154667
15, 28, -39.143000
15, 29, 35.078533
15, 30, -40.372340
15, 31, -84.000000
15, 32, -7.355708
15, 33, -42.941723
15, 35, 7.297731
15, 37, -39.821754
15, 38, -0.348737
15, 39, 0.268491
15, 40, 24.395479
15, 41, -8.252689
15, 42, 40.000000
15, 43, -16.110916
15, 45, -8.766656
15, 46, -16.464312
15, 47, -15.944104
15, 49, 2.545689
15, 50, 4.269129
16, 1, 18.754586
16, 2, -48.060918
16, 3, -26.199677
16, 4, 13.251257
16, 5, 29.153825
16, 6, -2.949815
16, 7, -17.601187
16, 8, -25.402438
16, 10, 18.771410
16, 11, -26.379470
16, 12, 9.694434
16, 13, -12.820415
16, 14, -23.082434
16, 15, -37.811421
16, 16, -11.826039
16, 17, 53.508957
16, 20, 0.014114
16, 21, 11.458286
16, 22, 9.456463
16, 23, -7.202539
16, 24, -17.428099
16, 25, -24.376685
16, 26, -1.005976
16, 27, 28.120347
16, 28, -38.950141
16, 29, 34.575312
16, 30, -51.666619
16, 32, -8.052592
16, 33, -42.736975
16, 34, 2.000000
16, 35, 7.654331
16, 36, 66.000000
16, 38, 2.546947
16, 40, 25.546255
16, 41, -10.466863
16, 43, -15.962991
16, 44, 25.870105
16, 45, -9.502464
16, 46, -16.212302
16, 47, -15.211854
16, 48, -4.098009
16, 49, 1.024546
16, 50, 2.916272
17, 1, 20.999508
17, 2, -48.703519
17, 4, 16.853456
17, 5, 27.064176
17, 6, -5.891518
17, 7, -18.181926
17, 8, -25.736950
17, 9, -26.328231
17, 10, 16.857559
17, 11, -26.361070
17, 12, -10.308451
17, 13, -11.861520
17, 14, -26.688415
17, 15, -16.732981
17, 16, -8.750295
17, 17, 53.491043
17, 18, 11.439490
17, 19, 86.000000
17, 20, 2.080917
17, 21, 5.170402
17, 22, 4.312602
17, 23, -7.886423
17, 25, -23.118531
17, 26, 0.623472
17, 27, 28.896437
17, 28, -39.148477
17, 29, 35.012966
17, 30, -40.360967
17, 31, 99999.000000
17, 32, -8.629773
17, 33, -42.952035
17, 35, 8.369983
17, 38, 3.078041
17, 39, 11.419014
17, 42, -11.436268
17, 43, -16.248323
17, 44, 26.102702
17, 45, -8.765295
17, 46, -15.187468
17, 47, -15.954748
17, 48, -3.489878
17, 49, 2.011552
17, 50, 1.022118
18, 1, 20.943609
18, 2, -48.496553
18, 3, -73.000000
18, 4, 19.455156
18, 5, 22.059595
18, 6, -8.718056
18, 7, -17.997594
18, 8, -25.493228
18, 9, -26.284170
18, 10, 18.553154
18, 12, 9.676407
18, 13, -12.807152
18, 14, -27.264817
18, 15, -37.703696
18, 16, -12.549318
18, 18, 10.202465
18, 20, 5.188672
18, 21, 11.255495
18, 22, 6.574027
18, 24, -33.987355
18, 25, -21.521792
18, 26, 1.895680
18, 27, 30.201882
18, 29, 34.488045
18, 30, 99999.000000
18, 32, -8.718831
18, 34, 23.000000
18, 35, 8.588343
18, 36, 21.501581
18, 37, 73.000000
18, 38, 5.057720
18, 39, 12.695949
18, 40, 2.230601
18, 41, 39.685645
18, 42, -11.193245
18, 44, 25.862212
18, 45, -9.491004
18, 46, -14.171824
18, 47, -15.225105
18, 48, -4.066717
18, 49, 0.040571
18, 50, -0.730614
19, 1, 22.534650
19, 2, -48.918556
19, 4, 22.763267
19, 5, 18.944075
19, 6, -11.826861
19, 7, -18.355487
19, 8, -25.882767
19, 9, -26.302061
19, 10, 16.667494
19, 11, -11.386993
19, 13, -11.862988
19, 14, -28.876231
19, 15, -16.855451
19, 16, -11.300040
19, 17, -30.715438
19, 18, 11.196202
19, 19, 8.368624
19, 20, 7.286392
19, 21, 5.408202
19, 22, 3.343000
19, 23, -5.413922
19, 24, -34.012645
19, 25, -20.092581
19, 26, 2.066941
19, 27, 30.238609
19, 28, -16.496609
19, 29, 34.933641
19, 30, -57.495680
19, 31, -90.000000
19, 33, 20.823770
19, 35, 8.922326
19, 36, 21.498419
19, 38, 4.310628
19, 39, 9.984084
19, 40, 1.328704
19, 41, 39.662910
19, 42, -11.776794
19, 45, -8.748246
19, 46, -12.454673
19, 48, -3.456469
19, 49, 0.697276
19, 50, -2.646029
20, 1, 21.804392
20, 3, 62.000000
20, 4, 25.414875
20, 5, 13.541221
20, 6, -14.407924
20, 8, -25.644620
20, 10, 18.439489
20, 11, -10.539251
20, 15, -37.503570
20, 16, -14.420273
20, 17, -30.271913
20, 18, 9.808217
20, 19, 7.627932
20, 20, 10.251433
20, 21, 10.847393
20, 23, -6.375815
20, 25, -18.549946
20, 27, 30.877713
20, 28, -15.388254
20, 29, 34.443794
20, 30, -78.000000
20, 33, 19.687872
20, 34, 4.423972
20, 37, -37.491886
20, 39, 10.129394
20, 40, 2.365742
20, 41, 39.672655
20, 42, -11.963883
20, 43, 63.000000
20, 44, -5.910076
20, 46, -10.945701
20, 47, 23.203679
20, 49, -1.438639
20, 50, -3.926196
21, 2, 66.000000
21, 4, 28.103416
21, 5, 10.473623
21, 6, -16.957139
21, 7, -17.842362
21, 8, -25.988257
21, 11, -11.440925
21, 12, -29.185299
21, 13, -58.008641
21, 14, 14.561435
21, 15, -17.019218
21, 16, -14.528814
21, 17, -28.762062
21, 18, 10.753784
21, 19, 8.546878
21, 20, 12.142035
21, 21, 6.143865
21, 23, -5.407882
21, 25, -17.528304
21, 28, -17.428497
21, 31, -15.561201
21, 32, -13.000000
21, 33, 21.215015
21, 34, 18.956503
21, 35, 12.821689
21, 36, -22.752483
21, 37, -37.508114
21, 38, 9.294065
21, 39, 5.875984
21, 40, 1.569934
21, 41, 39.658185
21, 42, -12.704268
21, 43, 75.002529
21, 44, -5.740530
21, 45, 7.064366
21, 46, -9.013544
21, 47, 22.957324
21, 48, -36.013123
21, 49, -0.777443
21, 50, -5.039960
22, 1, -96.000000
22, 2, 99999.000000
22, 3, 27.892507
22, 4, 30.499035
22, 5, 5.853829
22, 6, -18.596445
22, 7, -18.097823
22, 10, -5.824069
22, 11, -10.616040
22, 12, -29.079323
22, 13, -57.991359
22, 14, 15.126051
22, 15, -37.401907
22, 16, -16.605672
22, 17, -26.600398
22, 18, 9.430236
22, 19, 7.896969
22, 20, 14.753134
22, 21, 10.543858
22, 22, 80.500527
22, 23, -6.369626
22, 24, -58.232289
22, 25, -16.647133
22, 26, 45.212715
22, 28, -17.119728
22, 31, -15.911589
22, 33, 20.440685
22, 34, 4.365403
22, 35, 11.921837
22, 36, -22.255355
22, 38, 9.099255
22, 39, 5.383675
22, 40, 2.655740
22, 42, -13.247255
22, 43, 99999.000000
22, 44, -6.331496
22, 45, 7.219049
22, 46, -7.599192
22, 47, 22.440195
22, 48, -35.657916
22, 49, -2.725406
22, 50, -5.196280
23, 3, 27.832839
23, 4, 32.358655
23, 5, 4.026347
23, 6, -19.948614
23, 7, -17.811194
23, 8, 4.590113
23, 9, -13.576172
23, 10, -5.117638
23, 11, -11.530718
23, 12, -28.772012
23, 14, 14.577605
23, 16, -17.217937
23, 17, -23.841615
23, 18, 10.535729
23, 19, 8.814302
23, 20, 16.273685
23, 21, 7.266620
23, 22, 80.499473
23, 23, -5.403958
23, 24, -56.473476
23, 25, -16.513471
23, 26, 45.303475
23, 28, -19.713488
23, 30, 14.373825
23, 31, -16.477335
23, 32, 91.000000
23, 33, 22.244943
23, 34, 18.926228
23, 35, 13.438656
23, 36, -21.367286
23, 37, 76.000000
23, 38, 9.291168
23, 39, -0.471585
23, 40, 1.868267
23, 41, 26.944082
23, 42, -13.836807
23, 43, 8.022484
23, 44, -6.477418
23, 45, 7.041202
23, 46, -6.121947
23, 47, 21.585398
23, 48, -36.001076
23, 49, -1.735022
24, 1, 14.569082
24, 2, -73.000000
24, 3, 27.941779
24, 4, 34.222199
24, 5, 1.262321
24, 6, -20.155113
24, 7, -18.066887
24, 8, 4.632191
24, 9, -14.387472
24, 10, -5.716418
24, 11, -10.692227
24, 12, -28.359445
24, 13, 33.000000
24, 14, 15.148011
24, 15, -1.369897
24, 16, -18.079050
24, 17, -20.968682
24, 19, 8.070994
24, 20, 18.396460
24, 21, 10.540091
24, 24, -58.316563
24, 26, 45.202746
24, 27, -20.068666
24, 28, -19.712653
24, 29, -51.951416
24, 30, 13.629297
24, 31, -17.611515
24, 33, 21.640779
24, 34, 4.303982
24, 35, 13.123861
24, 36, -19.607047
24, 37, 99999.000000
24, 38, 9.100498
24, 39, -0.873507
24, 40, 2.891065
24, 41, 27.577167
24, 42, -14.542286
24, 43, 25.103793
24, 44, -7.309233
24, 45, 7.199559
24, 46, -5.451906
24, 47, 20.645030
24, 49, -3.233975
24, 50, -62.000000
25, 1, 14.690860
25, 3, 27.932409
25, 4, 35.118677
25, 5, 1.592472
25, 7, -17.792774
25, 8, 4.604884
25, 9, -14.815717
25, 10, -4.957904
25, 11, -11.588028
25, 12, -27.873582
25, 15, -2.308548
25, 16, -18.283958
25, 17, -18.219900
25, 18, 14.000000
25, 20, 19.526721
25, 21, 8.510848
25, 22, -8.330933
25, 24, -56.640008
25, 25, 25.000000
25, 27, -20.545026
25, 28, -22.257524
25, 29, -50.875188
25, 30, 13.991005
25, 31, -18.663666
25, 33, 23.465975
25, 34, 99999.000000
25, 35, 14.931143
25, 36, -17.677113
25, 38, 9.296044
25, 39, -8.365250
25, 40, 2.007750
25, 41, 26.979428
25, 42, -14.663603
25, 43, 8.980739
25, 44, -7.533855
25, 46, -4.975569
25, 47, 19.663758
25, 48, -9.922109
26, 1, 14.564043
26, 2, -51.004426
26, 3, 28.068657
26, 4, 36.201171
26, 6, 7.130856
26, 8, 4.642330
26, 9, -16.700200
26, 10, -5.559316
26, 11, -10.715833
26, 12, -27.472920
26, 13, 54.992834
26, 14, -50.857132
26, 15, -1.380846
26, 17, -15.978091
26, 19, -21.268032
26, 20, 21.149214
26, 21, 10.777774
26, 22, -8.283753
26, 23, 2.373526
26, 24, -58.524659
26, 26, -23.357620
26, 27, -19.995665
26, 28, -21.952048
26, 29, -51.967831
26, 30, 12.961252
26, 31, -20.007285
26, 32, -44.000000
26, 33, 22.745523
26, 34, 28.425350
26, 35, 14.904457
26, 36, -15.149014
26, 39, -7.705300
26, 41, 27.610396
26, 42, -15.323063
26, 43, 25.391513
26, 44, -8.357480
26, 47, 18.851482
26, 48, -11.340821
26, 49, 38.000000
26, 50, -28.020744
27, 1, 14.687577
27, 2, -50.995574
27, 3, 28.052672
27, 4, 36.080484
27, 5, -3.665980
27, 6, 8.543338
27, 7, 19.285770
27, 9, -17.917352
27, 10, -4.856522
27, 12, -27.154195
27, 13, 55.007166
27, 14, -50.474132
27, 15, -2.320176
27, 16, -10.293610
27, 17, -14.509273
27, 18, -3.816081
27, 19, -20.746789
27, 20, 21.990304
27, 21, 9.500750
27, 22, -8.856675
27, 23, 2.086568
27, 24, -56.861653
27, 25, -56.000000
27, 26, -24.544561
27, 27, -20.451762
27, 28, -23.891598
27, 29, -50.899907
27, 30, 13.061043
27, 31, -20.851697
27, 32, -50.001265
27, 33, 24.302694
27, 34, 11.800211
27, 35, 16.567586
27, 36, -12.823234
27, 37, 9.983561
27, 38, -17.480814
27, 39, -16.798228
27, 40, -18.136661
27, 42, -14.790608
27, 43, 11.274903
27, 44, -8.414588
27, 45, -24.329002
27, 46, 3.457503
27, 47, 18.294464
27, 48, -10.246148
27, 50, -28.944370
28, 3, 28.150987
28, 5, -9.712527
28, 6, 6.851528
28, 7, 19.182626
28, 8, -22.486617
28, 9, -20.231398
28, 12, -27.072931
28, 14, -50.868347
28, 16, -10.323540
28, 17, -13.968630
28, 18, -3.585329
28, 19, -20.322186
28, 20, 23.184907
28, 21, 11.013696
28, 22, -9.298765
28, 23, 3.588276
28, 24, -58.701879
28, 26, -23.522359
28, 27, -19.914851
28, 28, -22.825776
28, 29, -51.991113
28, 30, 11.966675
28, 31, -21.709773
28, 32, 99999.000000
28, 33, 23.211488
28, 34, 28.402222
28, 35, 16.439763
28, 36, -10.259683
28, 37, 10.016439
28, 38, -17.098634
28, 39, -13.945437
28, 40, -18.349376
28, 41, -29.602028
28, 42, -15.308901
28, 43, 26.063281
28, 44, -9.012148
28, 45, -23.203685
28, 46, 3.181468
28, 47, 18.090592
28, 48, -11.951939
28, 49, -81.001265
28, 50, -27.276230
29, 1, -4.950811
29, 5, -3.434707
29, 6, 8.036988
29, 7, 19.307577
29, 8, -22.513383
29, 9, -21.448428
29, 10, 26.460166
29, 11, 49.659487
29, 13, 99999.000000
29, 15, 99999.000000
29, 16, -10.108323
29, 18, -3.838928
29, 19, -18.964420
29, 20, 23.853746
29, 21, 9.888961
29, 22, -10.162958
29, 23, 4.266926
29, 24, -56.969153
29, 25, 13.598517
29, 26, -24.857737
29, 27, -20.411186
29, 30, 12.024958
29, 31, -21.770504
29, 32, -3.020653
29, 34, 11.831108
29, 35, 17.639847
29, 36, -8.316539
29, 38, -17.706793
29, 39, -24.443450
29, 40, -18.115422
29, 41, -29.180310
29, 42, -14.177486
29, 43, 13.583536
29, 44, -8.750917
29, 45, -24.350304
29, 46, 3.440472
29, 48, -11.164970
29, 49, -80.998735
29, 50, -27.585416
30, 1, -4.947605
30, 2, -31.611572
30, 3, 12.650620
30, 4, 12.797401
30, 5, -9.602250
30, 6, 6.194321
30, 9, -23.351462
30, 10, 26.571011
30, 11, 48.739042
30, 12, 39.620161
30, 13, -8.518498
30, 14, 21.986871
30, 15, 12.502213
30, 16, -10.017957
30, 17, 6.595777
30, 19, -17.909513
30, 20, 24.687534
30, 22, -10.763321
30, 23, 6.637818
30, 25, 13.505861
30, 26, -23.926669
30, 28, -5.618354
30, 29, -4.410098
30, 30, 11.106379
30, 32, -8.004215
30, 33, -62.000000
30, 34, 28.383160
30, 35, 17.126971
30, 36, -6.478078
30, 37, 4.308760
30, 38, -17.487126
30, 39, -18.358993
30, 40, -18.337920
30, 41, -29.600574
30, 42, -14.643110
30, 43, 26.625269
30, 45, -23.233112
30, 47, 24.002529
30, 48, -13.015446
30, 50, -25.371015
31, 1, -5.435667
31, 2, -31.707696
31, 3, 11.603138
31, 4, 13.099872
31, 5, -3.017625
31, 6, 7.337615
31, 7, -44.721793
31, 8, 11.763364
31, 9, -23.774857
31, 10, 26.490040
31, 11, 48.288932
31, 12, 39.581942
31, 13, 12.242323
31, 14, 23.256047
31, 15, 2.000000
31, 16, -9.743107
31, 17, 6.705359
31, 18, 63.000000
31, 19, -16.109373
31, 20, 25.208444
31, 21, -9.452631
31, 22, -11.493879
31, 23, 7.599658
31, 24, -55.672505
31, 25, 13.630747
31, 26, -25.313002
31, 28, -6.685967
31, 29, -5.036484
31, 30, 11.354139
31, 31, -69.000000
31, 32, -3.016292
31, 34, 11.864983
31, 35, 17.815455
31, 36, -5.596884
31, 37, 3.601532
31, 38, -18.157395
31, 39, -29.841258
31, 42, -13.202489
31, 43, 14.564448
31, 44, -85.000000
31, 45, -24.376238
31, 46, -34.493994
31, 47, 23.997471
31, 48, -12.385196
31, 50, -25.390402
32, 1, -5.853532
32, 2, -30.552363
32, 3, 12.458754
32, 4, 13.517847
32, 5, -9.545792
32, 6, 5.555821
32, 7, -44.789575
32, 8, 10.431078
32, 9, -24.607104
32, 10, 26.600367
32, 11, 46.215908
32, 12, 38.697682
32, 13, -8.318824
32, 14, 22.001788
32, 16, -9.675550
32, 17, 6.766491
32, 19, -14.889199
32, 20, 25.685873
32, 21, -8.875334
32, 22, -11.817925
32, 23, 10.167902
32, 24, -55.535432
32, 25, 13.554110
32, 26, -24.348536
32, 28, -5.684144
32, 29, -4.689574
32, 30, 10.765561
32, 31, 99999.000000
32, 33, -49.000000
32, 35, 16.840795
32, 36, -5.036943
32, 37, 4.243262
32, 38, -17.883929
32, 39, -19.961616
32, 40, -4.349243
32, 42, -13.836733
32, 46, -34.506006
32, 48, -14.156439
32, 49, 3.386369
32, 50, -22.977018
33, 1, -6.436073
33, 2, -29.633027
33, 3, 11.290083
33, 4, 14.532227
33, 5, -2.815166
33, 6, 6.859463
33, 7, -44.702478
33, 8, 10.883492
33, 11, 44.982563
33, 12, 37.825794
33, 13, 12.283857
33, 14, 23.293088
33, 15, 55.000000
33, 16, -9.483779
33, 17, 6.967311
33, 18, -21.006955
33, 19, -13.113712
33, 20, 25.970466
33, 21, -10.002821
33, 22, -12.058097
33, 23, 10.626427
33, 24, -55.685415
33, 25, 13.676007
33, 26, -25.653033
33, 27, -18.530971
33, 28, -6.831919
33, 29, -5.684371
33, 31, -14.491465
33, 32, -4.908776
33, 34, 11.000000
33, 35, 17.233928
33, 37, 3.525284
33, 38, -18.396370
33, 39, -31.804154
33, 40, -3.891012
33, 42, -12.471783
33, 45, 14.764809
33, 47, -63.369415
33, 48, -13.437933
33, 49, 3.841673
33, 50, -23.094113
34, 1, -6.946349
34, 2, -27.678304
34, 3, 12.100143
34, 4, 15.544409
34, 5, 99999.000000
34, 6, 5.305705
34, 8, 8.774345
34, 9, -54.937124
34, 10, -19.959222
34, 11, 42.626084
34, 12, 36.380518
34, 13, -8.017409
34, 14, 22.049183
34, 16, -9.551918
34, 17, 7.030849
34, 18, -20.993045
34, 19, -12.120774
34, 20, 26.063448
34, 21, -9.847696
34, 23, 12.742021
34, 24, -55.549926
34, 26, -24.541030
34, 27, -17.838447
34, 28, -5.920531
34, 29, -5.594771
34, 30, 4.000000
34, 31, -55.000000
34, 32, -4.024372
34, 33, 21.506849
34, 35, 15.905970
34, 36, 20.173265
34, 37, 4.186385
34, 39, 99999.000000
34, 40, -4.300220
34, 41, 16.000000
34, 42, -13.468764
34, 43, -22.355452
34, 44, 40.678039
34, 45, 13.024344
34, 46, 85.000000
34, 47, -95.999368
34, 48, -14.903416
34, 49, 2.838074
34, 50, -20.857435
35, 1, -7.187913
35, 2, -26.072191
35, 3, 10.983508
35, 4, 17.041647
35, 5, 36.000000
35, 7, -23.417405
35, 8, 8.397489
35, 9, -54.723166
35, 10, -19.293696
35, 11, 41.639520
35, 12, 35.142216
35, 13, 12.331089
35, 14, 23.335010
35, 15, -90.000000
35, 17, 7.144412
35, 19, -10.692581
35, 21, -11.291546
35, 22, -29.787486
35, 23, 12.186054
35, 24, -55.695756
35, 25, -15.496733
35, 27, -18.495930
35, 28, -7.196839
35, 29, -6.991887
35, 32, -4.733308
35, 33, 21.493151
35, 34, -21.023332
35, 35, 16.348600
35, 36, 19.588874
35, 38, 5.176914
35, 39, -8.093567
35, 40, -3.825847
35, 41, 25.001897
35, 43, -22.145174
35, 44, 41.358601
35, 45, 15.183857
35, 47, -63.352384
35, 48, -13.862123
35, 49, 2.860105
35, 50, -21.392934
36, 1, -7.513956
36, 2, -23.782662
36, 3, 11.917972
36, 4, 18.306440
36, 6, -93.000000
36, 7, -42.990516
36, 8, 5.738951
36, 9, -54.934424
36, 10, -20.274717
36, 11, 40.044786
36, 12, 33.746377
36, 15, 99999.000000
36, 18, -8.516123
36, 19, -10.100661
36, 20, -28.223727
36, 21, -11.258634
36, 22, -30.642175
36, 23, 13.540144
36, 25, -15.503267
36, 26, -54.034186
36, 27, -17.793059
36, 28, -6.420526
36, 29, -7.069828
36, 30, -10.003161
36, 31, 14.811347
36, 32, -3.674544
36, 34, -21.019796
36, 35, 14.859842
36, 36, 21.060997
36, 37, 0.000000
36, 38, 4.526803
36, 39, 10.064107
36, 40, -4.232400
36, 41, 99999.000000
36, 42, 5.560216
36, 43, -22.362928
36, 44, 40.694424
36, 45, 13.962323
36, 46, -9.428133
36, 47, 99999.000000
36, 49, 1.629887
36, 50, -19.626198
37, 1, -7.257356
37, 2, -21.999432
37, 4, 19.877696
37, 5, -13.000000
37, 7, -23.392482
37, 8, 4.694582
37, 10, -19.840988
37, 11, 40.211337
37, 12, 32.778801
37, 13, 19.856625
37, 14, -22.816927
37, 15, 22.651741
37, 16, -43.000000
37, 17, -18.983121
37, 18, -8.483877
37, 19, -9.114125
37, 20, -28.326100
37, 21, -12.691380
37, 22, -28.822043
37, 23, 11.952656
37, 24, 38.899146
37, 26, -54.981085
37, 27, -18.458190
37, 28, -7.857793
37, 29, -8.759122
37, 30, -9.996839
37, 31, 14.770270
37, 32, -4.235243
37, 33, 5.985037
37, 34, -21.225265
37, 35, 15.650887
37, 36, 21.153474
37, 38, 5.578427
37, 39, -7.930722
37, 40, -3.772898
37, 41, 99999.000000
37, 42, 6.030928
37, 44, 41.384703
37, 45, 16.422313
37, 46, 48.002529
37, 47, -80.000000
37, 48, 8.985669
37, 49, 1.643571
37, 50, -20.763916
38, 1, -7.415103
38, 2, -19.884767
38, 4, 20.934822
38, 6, 2.561643
38, 7, 99999.000000
38, 8, 1.792720
38, 10, -20.908820
38, 12, 32.021422
38, 13, 20.617318
38, 14, -23.900178
38, 15, 5.636079
38, 17, -19.609879
38, 19, -8.892301
38, 20, -28.316365
38, 21, -12.453391
38, 22, -28.789626
38, 23, 12.681321
38, 24, 38.986620
38, 25, -29.372073
38, 26, -54.036743
38, 28, -7.226446
38, 29, -8.805068
38, 31, 14.827754
38, 32, -3.021757
38, 33, 6.014963
38, 34, -21.374683
38, 35, 14.166276
38, 36, 23.003340
38, 37, -3.135108
38, 38, 5.378594
38, 39, 9.565866
38, 40, -4.202622
38, 42, 6.664245
38, 43, 62.000000
38, 44, 40.721201
38, 45, 15.699659
38, 46, -9.452225
38, 48, 9.014331
38, 49, 0.660297
39, 1, -6.875967
39, 2, -18.430024
39, 3, 72.155118
39, 4, 22.108815
39, 5, 24.243324
39, 6, 2.476448
39, 7, 2.326978
39, 8, 0.322555
39, 9, 14.430374
39, 10, -20.402192
39, 12, 31.839081
39, 13, 20.748002
39, 14, -22.329766
39, 15, 22.069829
39, 16, 3.375269
39, 17, -19.115337
39, 18, 84.000000
39, 19, -8.272232
39, 20, -28.466276
39, 21, -13.579758
39, 22, -26.222385
39, 23, 10.484612
39, 24, 38.910888
39, 25, -25.494837
39, 26, -54.990030
39, 27, -4.541445
39, 28, -8.795958
39, 29, -10.508303
39, 30, 31.348529
39, 32, -3.479706
39, 34, -21.643115
39, 35, 15.435622
39, 36, 23.087737
39, 37, -2.381676
39, 38, 6.862110
39, 39, -7.574947
39, 41, -43.924064
39, 42, 8.258343
39, 44, 41.403012
39, 45, 18.233599
39, 46, 99999.000000
39, 49, 1.095787
40, 1, -7.102039
40, 2, -16.854871
40, 3, 71.998842
40, 4, 22.535270
40, 5, 24.035743
40, 6, 2.554581
40, 7, -6.549364
40, 8, -2.501396
40, 9, 13.863327
40, 10, -21.246064
40, 11, -87.000000
40, 13, 22.317487
40, 14, -23.848444
40, 15, 5.421641
40, 16, 2.725585
40, 17, -19.850651
40, 19, -8.302856
40, 20, -28.455354
40, 21, -12.919417
40, 22, -25.581582
40, 23, 11.011034
40, 24, 39.006427
40, 25, -29.365634
40, 27, -4.891446
40, 28, -8.255489
40, 29, -10.243474
40, 30, 30.067027
40, 31, -63.714076
40, 32, -2.179826
40, 33, -95.000000
40, 34, -21.746662
40, 35, 14.020989
40, 36, 24.562408
40, 37, -2.591936
40, 38, 7.117877
40, 39, 8.506510
40, 40, -22.104986
40, 41, -43.350003
40, 42, 9.941861
40, 43, -12.492097
40, 45, 17.796764
40, 46, -23.995996
40, 47, -27.097105
40, 48, -1.506899
40, 50, 27.989041
41, 1, -6.634714
41, 2, -16.032919
41, 3, 72.149510
41, 4, 22.955456
41, 5, 24.229122
41, 7, 1.829628
41, 8, -4.115063
41, 9, 14.281850
41, 11, 99999.000000
41, 12, -5.604970
41, 13, 23.041469
41, 14, -21.079142
41, 15, 20.695825
41, 16, 3.372979
41, 17, -19.635221
41, 18, 46.979999
41, 19, -7.925705
41, 20, -28.556000
41, 22, -22.644091
41, 23, 8.779607
41, 25, 99999.000000
41, 26, 85.000000
41, 27, -2.504175
41, 28, -9.862805
41, 29, -11.618107
41, 30, 30.849932
41, 31, -63.949352
41, 32, -2.625783
41, 34, -21.872357
41, 35, 15.701271
41, 36, 23.962281
41, 37, -1.333207
41, 38, 8.957646
41, 39, -7.220106
41, 40, -21.654150
41, 41, -43.908465
41, 42, 12.587377
41, 43, -12.507903
41, 44, 15.449346
41, 45, 20.082165
41, 46, -43.000000
41, 47, -26.694209
41, 48, -1.682799
41, 49, 22.249449
41, 50, 28.010959
42, 2, -15.085452
42, 5, 24.021143
42, 6, -12.463989
42, 7, -6.504796
42, 8, -6.585225
42, 9, 13.598578
42, 11, 20.991991
42, 12, -4.410532
42, 13, 25.075627
42, 14, -23.796599
42, 15, 4.982794
42, 16, 2.731444
42, 17, -20.523328
42, 18, 46.414596
42, 19, -8.123993
42, 21, 99999.000000
42, 22, -21.755345
42, 23, 9.508404
42, 24, 7.000000
42, 25, -25.035550
42, 26, 50.992834
42, 27, -0.973606
42, 28, -9.310225
42, 29, -10.816081
42, 30, 29.203864
42, 31, -63.574513
42, 32, -1.358959
42, 33, -2.933929
42, 35, 14.310848
42, 37, -1.120612
42, 38, 9.566714
42, 39, 7.682158
42, 40, -22.205580
42, 41, -43.337439
42, 42, 15.135749
42, 44, 13.957922
42, 45, 19.545160
42, 47, -27.096689
42, 48, -1.498573
42, 49, 21.988937
43, 1, 4.014004
43, 2, -14.895379
43, 3, 42.498630
43, 4, 12.861551
43, 5, 24.219810
43, 6, -14.119080
43, 7, 0.669255
43, 8, -8.066429
43, 9, 13.886076
43, 10, 14.968985
43, 11, 59.000000
43, 12, -5.551652
43, 13, 25.968772
43, 14, -19.529165
43, 15, 19.327323
43, 16, 3.384656
43, 17, -20.706138
43, 18, 46.964327
43, 20, 85.997260
43, 21, 10.105461
43, 22, -18.858723
43, 23, 7.633274
43, 25, -21.761965
43, 26, 99999.000000
43, 27, 2.948278
43, 28, -10.833150
43, 30, 29.765168
43, 31, -63.707797
43, 32, -1.909773
43, 33, -43.018098
43, 34, -54.008430
43, 35, 16.197023
43, 36, -38.194786
43, 37, 0.468754
43, 38, 11.552697
43, 39, -7.058994
43, 40, -21.870488
43, 42, 18.539862
43, 43, -12.658963
43, 44, 15.397668
43, 45, 21.271166
43, 46, -59.000000
43, 48, -1.672277
43, 49, 22.190560
43, 50, -81.000000
44, 1, 5.444105
44, 2, -14.398744
44, 3, 42.501370
44, 4, 12.582649
44, 6, -13.140082
44, 7, -6.302166
44, 8, -9.998554
44, 9, 13.170464
44, 10, 13.691317
44, 12, -4.342102
44, 13, 28.036671
44, 14, -23.768036
44, 15, 4.739252
44, 17, -21.734439
44, 18, 46.410370
44, 19, -88.000000
44, 20, 86.002740
44, 21, -1.304611
44, 22, -18.048335
44, 23, 8.708343
44, 24, 0.010116
44, 25, -24.249720
44, 26, 57.752545
44, 27, 5.642371
44, 28, -10.159307
44, 29, 3.510011
44, 30, 28.140556
44, 31, -63.275568
44, 32, -0.792804
44, 33, -2.852226
44, 34, -53.991570
44, 35, 14.717262
44, 36, -38.140116
44, 37, 0.883018
44, 38, 12.277475
44, 40, -22.489195
44, 41, 4.229228
44, 42, 21.522416
44, 43, -13.870949
44, 44, 13.870803
44, 45, 20.239562
44, 47, -1.626813
44, 49, 21.919354
44, 50, 99999.000000
45, 1, 3.490887
45, 2, -14.598908
45, 4, 13.420037
45, 5, 30.489357
45, 6, -15.328871
45, 7, -0.569139
45, 8, -11.132447
45, 9, 13.400429
45, 10, 15.408940
45, 11, -9.586331
45, 12, -5.495196
45, 13, 28.728223
45, 14, -18.260996
45, 15, 18.754152
45, 16, -41.004215
45, 17, -22.263881
45, 18, 46.961548
45, 21, 9.594288
45, 22, -15.525491
45, 23, 7.230034
45, 24, -0.010116
45, 25, -21.154586
45, 26, 53.494204
45, 27, 10.134518
45, 28, -11.497606
45, 29, 3.489989
45, 30, 28.895371
45, 31, -63.417711
45, 32, -1.522811
45, 33, -43.003657
45, 35, 16.575701
45, 36, -38.170490
45, 37, 2.544636
45, 38, 14.099075
45, 40, -22.179709
45, 41, 4.976889
45, 42, 25.099035
45, 43, -11.880793
45, 44, 15.275352
45, 46, -30.001152
45, 47, -2.654156
45, 48, 59.005058
45, 49, 22.137823
45, 50, 4.982297
46, 1, 4.524873
46, 2, -14.275599
46, 4, 13.595037
46, 5, 30.510643
46, 6, -14.765265
46, 7, -5.977819
46, 8, -12.456525
46, 9, 12.750424
46, 10, 14.474731
46, 11, -8.591574
46, 13, 30.492847
46, 14, -23.761469
46, 15, 99999.000000
46, 16, -40.995785
46, 17, -23.268023
46, 18, 99999.000000
46, 19, 5.483456
46, 20, 62.806564
46, 21, -1.478549
46, 22, -15.034819
46, 23, 8.521281
46, 25, -22.335648
46, 26, 57.759814
46, 27, 12.905038
46, 28, -10.623895
46, 30, 27.659946
46, 31, -63.045771
46, 32, -0.589767
46, 33, -2.765807
46, 34, -46.423873
46, 35, 14.908167
46, 36, -38.115141
46, 37, 2.896889
46, 38, 14.620374
46, 40, -22.747376
46, 41, 4.370267
46, 42, 27.832817
46, 43, -12.483694
46, 44, 13.754933
46, 45, -73.000000
46, 46, -30.498158
46, 47, -1.568129
46, 48, 58.994942
46, 50, 89.000000
47, 1, 2.346878
47, 2, -14.588668
47, 3, 10.306710
47, 4, 14.686758
47, 6, -17.047728
47, 7, -1.412167
47, 8, -13.130644
47, 9, 13.016412
47, 10, 16.379918
47, 11, -9.532152
47, 12, 52.000000
47, 13, 30.768000
47, 14, -17.766268
47, 15, 24.515069
47, 17, -23.880279
47, 18, -54.000000
47, 19, 5.516544
47, 20, 62.640927
47, 21, 8.601134
47, 22, -13.092754
47, 23, 7.229765
47, 24, -33.000000
47, 25, -19.786798
47, 27, 16.801925
47, 28, -11.727821
47, 29, 99999.000000
47, 31, -63.297146
47, 32, -1.469801
47, 33, 99999.000000
47, 34, -45.719215
47, 37, 4.356630
47, 38, 15.968837
47, 39, -8.780274
47, 40, -22.341489
47, 41, 5.233521
47, 42, 30.798010
47, 43, -10.140836
47, 44, 15.167785
47, 46, -30.004516
47, 47, -2.584753
47, 49, 24.349134
48, 1, 3.392169
48, 3, 10.397650
48, 4, 14.871999
48, 5, -24.267725
48, 6, -16.409198
48, 7, -5.703702
48, 8, -13.876764
48, 9, 12.500517
48, 10, 15.448896
48, 11, -8.527049
48, 12, 75.004847
48, 13, 32.055482
48, 14, 99999.000000
48, 15, -47.000000
48, 16, -49.732221
48, 17, -24.586106
48, 20, 62.813210
48, 21, -1.742680
48, 22, -13.087199
48, 23, 8.538533
48, 25, -20.393443
48, 26, -92.000000
48, 27, 18.508539
48, 30, -59.516305
48, 32, -0.643020
48, 33, 14.405109
48, 34, -46.432420
48, 35, -14.512750
48, 36, -7.387993
48, 37, 4.396306
48, 38, 15.986552
48, 39, -9.288803
48, 41, 4.676081
48, 42, 32.513637
48, 43, -10.747075
48, 44, 13.693936
48, 45, 35.323741
48, 46, -30.502480
48, 47, -1.515441
48, 48, -30.331060
48, 49, 23.969135
48, 50, 33.720383
49, 1, 1.435191
49, 2, 99999.000000
49, 3, 10.288178
49, 4, 15.718868
49, 5, -23.979537
49, 6, -18.285917
49, 7, -1.679615
49, 8, -14.074505
49, 9, 12.877765
49, 10, 17.162667
49, 11, -9.482737
49, 12, 99999.000000
49, 13, 31.831105
49, 14, -49.006112
49, 16, -49.576834
49, 17, -24.924516
49, 18, -36.012434
49, 19, -31.495890
49, 21, 8.087166
49, 22, -11.814840
49, 24, -76.000000
49, 25, -18.671701
49, 27, 20.805190
49, 28, -18.014753
49, 29, 23.993256
49, 30, -59.301159
49, 31, 44.490200
49, 32, -1.560172
49, 33, -1.014331
49, 34, -45.738807
49, 35, -14.487250
49, 36, -7.163321
49, 37, 5.427051
49, 38, 16.663832
49, 39, -8.827951
49, 40, 22.498419
49, 41, 5.511356
49, 42, 34.137716
49, 43, -8.731307
49, 45, 35.127027
49, 48, -30.043630
49, 49, 24.341470
49, 50, 33.576834
50, 1, 2.887341
50, 2, 40.000000
50, 3, 10.378519
50, 4, 15.457337
50, 5, -24.251733
50, 6, -17.114723
50, 8, -14.317573
50, 10, 15.891783
50, 12, 83.000000
50, 13, 32.589917
50, 14, -20.000000
50, 15, 61.000000
50, 16, -49.725575
50, 17, -25.111388
50, 18, -35.987566
50, 19, -31.504110
50, 20, 4.000000
50, 22, -12.410118
50, 23, 75.000000
50, 25, -19.563568
50, 26, 68.000000
50, 27, 20.622117
50, 28, -17.985247
50, 29, 24.006744
50, 30, -59.508412
50, 31, 44.509800
50, 32, -0.718491
50, 33, 14.420686
50, 34, -46.455327
50, 36, -7.420185
50, 37, 4.969207
50, 39, -9.333526
50, 40, 22.501581
50, 41, 4.851529
50, 42, 34.257344
50, 43, -9.954741
50, 44, -53.000000
50, 45, 35.304841
50, 46, -72.000000
50, 47, -8.000000
50, 48, -30.350375
50, 49, 23.960793
50, 50, 33.737414
