1, 1, 33.000000
1, 3, -22.469998
1, 4, 9.632205
1, 6, 4.248690
1, 7, 8.263832
1, 8, 34.501633
1, 9, -21.957849
1, 10, -19.000000
1, 11, -2.235496
1, 12, 99999.000000
1, 13, -86.000000
1, 14, -57.998416
1, 15, -38.000000
1, 16, 0.000495
1, 18, -91.000594
1, 19, -41.977207
1, 20, -27.641371
1, 21, -21.122247
1, 22, -9.561922
1, 23, 2.475003
1, 24, 22.014778
1, 25, -26.737188
1, 27, 62.000000
1, 28, 5.437797
1, 29, -41.000000
1, 30, -29.733180
1, 32, -5.665327
1, 33, -27.860243
1, 34, -11.173311
1, 35, -6.575591
1, 37, -82.000000
1, 38, -87.000000
1, 39, 82.000000
1, 40, -5.117086
1, 41, 15.815318
1, 42, -25.031713
1, 43, -38.584421
1, 45, 8.305588
1, 46, -81.000000
1, 47, -2.827450
1, 49, 45.000000
1, 50, 15.281779
2, 2, 51.485447
2, 3, -22.978175
2, 4, 9.063673
2, 5, -42.997513
2, 6, 4.480683
2, 7, 8.115722
2, 8, 34.498367
2, 9, -31.719857
2, 11, -2.485268
2, 14, -58.001584
2, 16, 28.289012
2, 17, 1.899296
2, 19, -42.461314
2, 20, -26.946459
2, 21, -20.860048
2, 22, -14.424898
2, 23, 2.102011
2, 24, 21.298268
2, 25, -26.986635
2, 28, 5.314144
2, 30, -36.476622
2, 31, 16.398636
2, 32, -5.410632
2, 33, -26.999830
2, 34, -9.810113
2, 35, -5.510307
2, 36, -70.499456
2, 40, -4.190983
2, 41, 15.701637
2, 42, -25.299824
2, 43, -36.091539
2, 44, -17.606872
2, 45, 7.371967
2, 47, -3.173739
2, 48, -8.741277
2, 50, 15.624106
3, 1, -12.192495
3, 2, 10.491013
3, 3, -22.473136
3, 4, 9.619708
3, 5, -42.288770
3, 6, 4.317295
3, 7, 8.264180
3, 9, -21.955248
3, 11, -2.736130
3, 12, 31.165166
3, 13, 99999.000000
3, 15, -26.001881
3, 17, -43.351549
3, 19, -41.800297
3, 20, -27.636403
3, 21, -22.229667
3, 22, -9.568174
3, 23, 1.692975
3, 24, 22.018709
3, 25, -26.602029
3, 26, -28.172203
3, 27, 3.230896
3, 28, 5.439496
3, 29, 56.992888
3, 30, -29.730939
3, 31, 16.302414
3, 32, -5.427958
3, 33, -26.267583
3, 34, -10.694059
3, 35, -6.240414
3, 36, -70.500544
3, 37, -79.000000
3, 38, 41.495298
3, 39, -3.359977
3, 40, -5.190180
3, 41, 15.814578
3, 42, -25.030755
3, 43, -38.585373
3, 44, -20.136319
3, 45, 8.311374
3, 47, -1.870252
3, 48, -8.675044
3, 49, -47.087921
3, 50, 15.284220
4, 1, -12.060512
4, 2, 51.485398
4, 3, -22.983036
4, 4, 9.046676
4, 5, -43.005333
4, 6, 4.594968
4, 8, -22.690599
4, 9, -31.720614
4, 10, -95.000000
4, 11, -3.412153
4, 12, 31.098481
4, 14, 10.013577
4, 15, -25.998119
4, 17, 1.903850
4, 19, -42.190713
4, 20, -26.942386
4, 21, -22.755792
4, 23, 0.547375
4, 24, 21.308067
4, 25, -26.696244
4, 26, -20.848035
4, 27, 3.785801
4, 29, 57.209234
4, 31, 16.405452
4, 32, -4.965466
4, 33, -23.909527
4, 34, -8.848198
4, 35, -4.878555
4, 38, 41.504702
4, 39, -4.138909
4, 40, -4.312192
4, 43, -36.085243
4, 44, -17.973240
4, 45, 7.378005
4, 47, -1.329481
4, 48, -8.743106
4, 49, -47.373940
4, 50, 15.626184
5, 1, -12.163856
5, 2, 10.473541
5, 3, -22.478178
5, 4, 9.604978
5, 5, -42.298369
5, 6, 4.512316
5, 7, 9.991119
5, 8, -23.689941
5, 11, -3.948933
5, 12, 31.163293
5, 13, 10.324396
5, 14, 10.199438
5, 19, -41.361477
5, 21, -25.238509
5, 23, -0.339795
5, 24, 22.031055
5, 25, -26.324314
5, 26, -26.772747
5, 27, 4.326344
5, 29, 56.994717
5, 31, 16.316005
5, 32, -4.853550
5, 33, -21.966674
5, 34, -9.434106
5, 35, -5.377473
5, 36, 0.285093
5, 39, -3.472069
5, 40, -5.329294
5, 41, 4.918173
5, 43, -38.590292
5, 44, -20.791151
5, 45, 8.315260
5, 47, 0.684425
5, 49, -47.088870
5, 50, 15.285112
6, 1, -12.014401
6, 3, -22.986783
6, 5, -43.012891
6, 6, 4.777926
6, 7, 9.745471
6, 8, -21.383682
6, 10, -4.439484
6, 11, -4.728974
6, 13, 9.647500
6, 14, 8.702839
6, 16, -22.760518
6, 19, -41.783545
6, 20, -14.935217
6, 21, -25.970734
6, 23, -1.974765
6, 24, 21.318563
6, 25, -26.345523
6, 26, -19.898550
6, 27, 5.850429
6, 31, 16.421229
6, 32, -4.349032
6, 33, -18.661996
6, 34, -7.281178
6, 35, -3.870833
6, 36, 1.079849
6, 38, -15.080313
6, 39, -4.328592
6, 40, -4.430827
6, 41, 6.071503
6, 42, -57.904807
6, 43, -36.080323
6, 44, -18.791430
6, 47, 1.761873
6, 49, -47.376002
7, 1, -12.116411
7, 3, -22.479604
7, 4, -21.506286
7, 6, 4.719536
7, 7, 9.983845
7, 8, -21.173599
7, 10, -5.370810
7, 11, -5.168937
7, 12, 22.418077
7, 13, 10.341985
7, 14, 7.655164
7, 16, -8.637747
7, 18, 26.505494
7, 19, -40.869190
7, 20, -13.960085
7, 21, -29.378210
7, 22, 27.789713
7, 23, -2.889207
7, 25, -26.133155
7, 26, -23.978796
7, 27, 7.376095
7, 29, -27.721385
7, 31, 16.328446
7, 32, -4.301667
7, 33, -16.269356
7, 34, -7.861189
7, 35, -4.324428
7, 36, 0.151966
7, 38, -14.665864
7, 39, -3.688942
7, 40, -5.398133
7, 41, 3.833302
7, 42, -58.291934
7, 44, -21.607137
7, 46, -14.546700
7, 47, 4.018817
7, 50, 17.826996
8, 1, -11.982245
8, 4, -21.493714
8, 5, 3.766408
8, 6, 4.836015
8, 8, -17.968740
8, 9, 8.062308
8, 10, -4.506004
8, 11, -5.667358
8, 12, 22.787258
8, 13, 9.685171
8, 14, 4.884173
8, 16, -21.752414
8, 19, -41.430511
8, 20, -14.220357
8, 21, -29.591994
8, 22, 13.641511
8, 23, -4.609785
8, 24, -2.000000
8, 25, -26.161009
8, 26, -17.863605
8, 27, 9.554548
8, 29, -27.299728
8, 30, -22.974261
8, 32, -3.979299
8, 33, -12.880747
8, 34, -5.697982
8, 35, -2.875221
8, 36, 0.850633
8, 37, -39.898024
8, 38, -14.091163
8, 39, -4.516459
8, 41, 4.064673
8, 42, -57.904066
8, 44, -19.449903
8, 45, 0.101580
8, 46, -14.520741
8, 47, 5.116769
8, 48, -16.604962
8, 49, 14.000000
8, 50, 17.005772
9, 3, -25.463011
9, 5, 3.663492
9, 6, 4.637962
9, 8, -17.099670
9, 9, -7.283145
9, 10, -5.482011
9, 11, -5.680826
9, 12, 22.417816
9, 13, 10.385945
9, 14, 2.804159
9, 15, 23.000000
9, 16, -8.579340
9, 17, 60.000000
9, 19, -40.551073
9, 20, -12.590120
9, 21, -33.657029
9, 22, 25.691155
9, 23, -5.157282
9, 25, -26.123088
9, 26, -19.898646
9, 27, 11.776381
9, 29, -27.724630
9, 30, -23.370178
9, 31, -68.000000
9, 32, -4.169572
9, 33, -10.965586
9, 34, -6.573204
9, 35, -3.480264
9, 36, -0.113247
9, 37, -41.749793
9, 38, -12.652076
9, 39, -3.798234
9, 40, 21.189854
9, 41, 0.957816
9, 44, -21.974020
9, 45, 0.424366
9, 46, -14.784212
9, 47, 7.076889
9, 48, -15.859209
9, 50, 17.823158
10, 1, 15.679825
10, 2, -47.253880
10, 3, -25.201665
10, 4, 5.522501
10, 5, 3.771915
10, 6, 4.379626
10, 7, -17.035462
10, 8, -13.740587
10, 9, 8.432819
10, 10, -4.633163
10, 13, 9.735153
10, 14, -1.030785
10, 16, -20.332004
10, 19, -41.292310
10, 20, -12.167409
10, 21, -32.655796
10, 22, 12.593010
10, 23, -6.636352
10, 24, -17.889647
10, 25, -26.130500
10, 26, -14.687587
10, 27, 14.196194
10, 29, -27.304044
10, 30, -22.969534
10, 32, -4.196481
10, 33, -8.412171
10, 34, -4.708308
10, 35, -2.263645
10, 36, 0.619420
10, 37, -39.884176
10, 38, -11.349031
10, 40, 20.483586
10, 41, 0.732449
10, 42, -54.082144
10, 43, -1.504801
10, 45, 0.116262
10, 46, -14.942170
10, 47, 7.676425
10, 48, -16.734368
10, 49, 3.537717
10, 50, 17.002078
11, 1, 14.549861
11, 2, -46.879490
11, 3, -25.553768
11, 4, 4.855402
11, 5, 3.668906
11, 6, 3.799075
11, 7, -16.558977
11, 8, -13.014565
11, 9, -6.590973
11, 10, -5.590890
11, 11, -26.637737
11, 12, -16.000000
11, 13, 10.423414
11, 14, -3.776337
11, 15, 11.001089
11, 16, -8.518023
11, 17, -4.811236
11, 20, -9.995741
11, 21, -37.121896
11, 22, 21.940155
11, 23, -6.639867
11, 24, -17.604834
11, 25, -26.102834
11, 26, -14.869213
11, 27, 16.732909
11, 28, 9.499753
11, 30, -23.366649
11, 32, -4.675053
11, 33, -7.777164
11, 34, -6.073954
11, 35, -3.157523
11, 36, -0.249450
11, 37, -41.727349
11, 38, -9.079536
11, 39, 0.263116
11, 40, 21.730486
11, 41, -2.752711
11, 42, -54.126534
11, 44, 3.696429
11, 45, 0.440976
11, 46, -15.336082
11, 47, 8.895645
11, 48, -16.080795
11, 49, 2.997410
11, 50, 17.821078
12, 1, 16.236118
12, 2, -47.412407
12, 3, -25.361573
12, 4, 6.661201
12, 6, 2.924186
12, 7, -17.158178
12, 8, -10.308622
12, 9, 8.964024
12, 10, -4.696100
12, 11, -26.638426
12, 13, 9.759113
12, 14, -8.239805
12, 16, -19.327046
12, 17, -4.679580
12, 18, 3.178735
12, 19, -3.848750
12, 20, -8.977191
12, 21, -34.396508
12, 22, 10.696620
12, 23, -7.756758
12, 24, -17.860778
12, 25, -25.946920
12, 26, -10.615821
12, 27, 18.991535
12, 28, 9.500247
12, 29, 80.000000
12, 31, 18.496090
12, 32, -5.063057
12, 33, -6.728360
12, 37, -39.860508
12, 38, -7.470842
12, 39, 0.303600
12, 40, 21.448959
12, 41, -2.838191
12, 42, -54.084192
12, 43, -15.999447
12, 44, 4.100558
12, 45, 0.128190
12, 46, -15.470171
12, 47, 8.634245
12, 48, -16.991063
12, 49, 3.545870
13, 1, 15.653047
13, 2, -47.183649
13, 3, -25.756629
13, 4, 7.152836
13, 5, 30.324924
13, 6, 1.750726
13, 7, -16.825417
13, 8, -10.479335
13, 9, -5.731023
13, 11, -26.597007
13, 14, -11.098231
13, 17, -4.806719
13, 18, 3.218901
13, 19, -3.475871
13, 20, -6.401382
13, 21, -39.049025
13, 22, 17.342165
13, 23, -7.288723
13, 24, -17.558759
13, 25, -25.674077
13, 26, -9.519608
13, 27, 21.468929
13, 30, -51.664316
13, 31, 18.503910
13, 32, -5.713372
13, 34, -2.991882
13, 35, 7.250637
13, 36, -43.999406
13, 37, -41.703521
13, 38, -4.756913
13, 39, 0.255726
13, 40, 22.931491
13, 41, -6.111301
13, 43, -15.767231
13, 44, 3.688916
13, 46, -15.756335
13, 48, -16.304026
13, 49, 3.004718
13, 50, 3.737633
14, 1, 17.686015
14, 2, -47.808596
14, 3, -25.560628
14, 4, 9.830763
14, 5, 31.080623
14, 6, 0.131002
14, 7, -17.469737
14, 8, -8.990022
14, 9, 9.343493
14, 10, 16.940611
14, 11, -26.569702
14, 13, -11.883965
14, 14, -15.545002
14, 17, -4.674460
14, 18, 3.177793
14, 19, -3.842528
14, 20, -4.914752
14, 22, 8.378987
14, 23, -8.130094
14, 24, -17.809599
14, 25, -25.196078
14, 26, -6.286361
14, 27, 23.258498
14, 28, -39.154969
14, 30, -40.374149
14, 32, -6.293877
14, 33, -42.939750
14, 34, -3.008118
14, 35, 7.485689
14, 36, -44.000594
14, 37, -39.844407
14, 38, -3.337681
14, 39, 0.295505
14, 40, 22.647903
14, 41, -5.528179
14, 43, -16.036059
14, 44, 4.092032
14, 46, -15.594673
14, 47, -15.952351
14, 48, -17.122990
14, 50, 3.418259
15, 1, 17.438923
15, 2, -47.643530
15, 3, -25.919290
15, 4, 11.287342
15, 5, 28.648888
15, 6, -1.676789
15, 7, -17.232439
15, 9, -5.347022
15, 10, 18.733438
15, 11, -26.519008
15, 12, 9.696780
15, 13, -12.830013
15, 14, -17.837851
15, 18, 3.218913
15, 19, -3.469908
15, 20, -2.077292
15, 22, 12.926691
15, 23, -7.412523
15, 24, -17.515940
15, 25, -24.500774
15, 26, -4.710989
15, 27, 25.383210
15, 28, -38.961011
15, 29, 34.541635
15, 30, -51.664968
15, 31, -84.000000
15, 32, -6.876134
15, 33, -42.729886
15, 35, 7.454456
15, 37, -41.694563
15, 38, -0.672742
15, 39, 0.250143
15, 40, 23.894330
15, 41, -8.085783
15, 43, -15.823239
15, 45, -9.490468
15, 46, -15.518739
15, 47, -15.216206
15, 49, 0.381008
15, 50, 2.909796
16, 1, 19.482571
16, 2, -48.252208
16, 3, -25.649451
16, 4, 14.426628
16, 5, 27.812315
16, 6, -3.944909
16, 7, -17.821390
16, 8, -25.812462
16, 10, 16.898652
16, 11, -26.501865
16, 12, -10.317801
16, 13, -11.878009
16, 14, -21.531398
16, 16, -9.471694
16, 17, 53.495793
16, 20, -0.281414
16, 22, 6.257137
16, 23, -8.156507
16, 24, -17.785899
16, 25, -23.665692
16, 26, -2.610993
16, 27, 26.525600
16, 28, -39.153821
16, 29, 35.015195
16, 30, -40.371071
16, 32, -7.371276
16, 33, -42.942580
16, 34, 2.000000
16, 35, 7.834672
16, 36, 66.000000
16, 38, 0.100003
16, 40, 23.184275
16, 41, -6.524241
16, 43, -16.091746
16, 44, 26.098498
16, 45, -8.757456
16, 46, -14.858705
16, 47, -15.953181
16, 48, -3.483560
16, 49, 1.670743
16, 50, 1.855990
17, 1, 19.232578
17, 2, -48.041517
17, 4, 16.521696
17, 5, 24.034651
17, 6, -6.179782
17, 7, -17.587221
17, 8, -25.511146
17, 9, -26.287573
17, 10, 18.661904
17, 11, -26.479698
17, 12, 9.691993
17, 13, -12.824083
17, 14, -22.605117
17, 15, -37.672041
17, 16, -13.059105
17, 17, 53.504207
17, 18, 9.990748
17, 19, 86.000000
17, 20, 2.666544
17, 21, 11.177315
17, 22, 9.737126
17, 23, -7.395770
17, 25, -22.588225
17, 26, -1.350605
17, 27, 28.112676
17, 28, -38.962165
17, 29, 34.524942
17, 31, 99999.000000
17, 32, -7.641491
17, 33, -42.732055
17, 35, 7.856592
17, 38, 2.229869
17, 39, 10.850156
17, 42, -11.730981
17, 43, -15.859065
17, 44, 25.862654
17, 45, -9.490179
17, 46, -14.289241
17, 47, -15.218442
17, 48, -4.075435
17, 49, 0.043536
17, 50, 0.826803
18, 1, 20.943802
18, 2, -48.536570
18, 3, -73.000000
18, 4, 19.679019
18, 5, 22.077541
18, 6, -8.750218
18, 7, -18.047728
18, 8, -25.836832
18, 9, -26.315605
18, 10, 16.816288
18, 12, -10.315871
18, 13, -11.874265
18, 14, -24.912227
18, 15, -16.859155
18, 16, -10.795003
18, 18, 11.129504
18, 20, 4.587584
18, 21, 5.649388
18, 22, 4.978776
18, 24, -34.005940
18, 25, -21.565220
18, 26, -0.489681
18, 27, 28.543625
18, 29, 34.992099
18, 32, -7.801320
18, 34, 23.000000
18, 35, 8.184071
18, 36, 21.499258
18, 37, 73.000000
18, 38, 2.044304
18, 39, 8.685989
18, 40, 1.473349
18, 41, 39.670823
18, 42, -12.042527
18, 44, 26.096843
18, 45, -8.755003
18, 46, -13.122335
18, 47, -15.955930
18, 48, -3.476979
18, 49, 1.039089
18, 50, -0.529124
19, 1, 20.348449
19, 2, -48.195242
19, 4, 22.048504
19, 5, 17.628453
19, 6, -10.982493
19, 7, -17.724693
19, 8, -25.550281
19, 9, -26.282085
19, 10, 18.590176
19, 11, -10.577238
19, 13, -12.823680
19, 14, -24.330537
19, 15, -37.605187
19, 16, -13.968666
19, 17, -27.836125
19, 18, 9.901820
19, 19, 7.756558
19, 20, 7.480022
19, 21, 11.016157
19, 22, 8.568407
19, 23, -6.374676
19, 24, -33.994060
19, 25, -20.381036
19, 26, -0.138433
19, 27, 29.498271
19, 28, -16.520257
19, 29, 34.503601
19, 31, -90.000000
19, 33, 20.200171
19, 35, 8.061103
19, 36, 21.500742
19, 38, 3.277222
19, 39, 9.699479
19, 40, 2.426680
19, 41, 39.683793
19, 42, -12.018410
19, 45, -9.486537
19, 46, -12.152744
19, 48, -4.068411
19, 49, -0.802232
19, 50, -1.536335
20, 1, 21.507142
20, 3, 62.000000
20, 4, 24.840232
20, 5, 15.329494
20, 6, -13.339961
20, 8, -25.877164
20, 10, 16.774278
20, 11, -11.452025
20, 15, -16.905087
20, 16, -12.952010
20, 17, -27.455441
20, 18, 10.981458
20, 19, 8.567143
20, 20, 9.337537
20, 21, 6.084167
20, 23, -5.409774
20, 25, -19.503103
20, 27, 29.221373
20, 28, -18.018757
20, 29, 34.979819
20, 30, -57.497971
20, 33, 21.500336
20, 34, 18.950194
20, 37, -37.503811
20, 39, 6.137555
20, 40, 1.540046
20, 41, 39.668098
20, 42, -12.502622
20, 43, 75.001188
20, 44, -6.206025
20, 46, -10.713629
20, 47, 22.086515
20, 49, 0.077277
20, 50, -2.623761
21, 4, 27.142468
21, 5, 11.095927
21, 6, -15.041740
21, 7, -18.094102
21, 8, -25.577716
21, 11, -10.598221
21, 12, -28.644555
21, 13, -57.995941
21, 14, 15.134710
21, 15, -37.539126
21, 16, -15.373676
21, 17, -26.563878
21, 18, 9.733416
21, 19, 7.802745
21, 20, 12.007265
21, 21, 10.815256
21, 23, -6.373423
21, 25, -18.603106
21, 28, -17.111043
21, 31, -17.000920
21, 32, -13.000000
21, 33, 20.467201
21, 34, 4.371703
21, 35, 12.704208
21, 36, -20.429588
21, 37, -37.496189
21, 38, 9.103715
21, 39, 6.425643
21, 40, 2.542098
21, 41, 39.682801
21, 42, -12.780124
21, 44, -6.569229
21, 45, 7.220348
21, 46, -9.663526
21, 47, 22.005384
21, 48, -35.666607
21, 49, -1.759074
21, 50, -3.078570
22, 1, -96.000000
22, 3, 27.899591
22, 4, 29.284595
22, 5, 9.370014
22, 6, -16.656133
22, 7, -17.821835
22, 10, -5.043538
22, 11, -11.488351
22, 12, -28.579711
22, 13, -58.004059
22, 14, 14.576976
22, 15, -16.932060
22, 16, -15.131393
22, 17, -25.079807
22, 18, 10.836718
22, 19, 8.637898
22, 20, 13.648008
22, 21, 6.872563
22, 22, 80.499753
22, 23, -5.408435
22, 24, -56.582466
22, 25, -18.219073
22, 26, 45.302483
22, 28, -19.112250
22, 31, -17.015679
22, 33, 22.003638
22, 34, 18.944350
22, 35, 13.819446
22, 36, -20.307541
22, 38, 9.295532
22, 39, 1.336420
22, 40, 1.687194
22, 42, -13.232446
22, 44, -6.453383
22, 45, 7.052014
22, 46, -8.360695
22, 47, 21.655522
22, 48, -36.012273
22, 49, -0.765623
22, 50, -3.452688
23, 3, 27.974107
23, 4, 31.220908
23, 5, 6.228154
23, 6, -17.373331
23, 7, -18.087534
23, 8, 4.628699
23, 9, -15.915731
23, 10, -5.706498
23, 11, -10.638928
23, 12, -28.448751
23, 14, 15.138117
23, 16, -16.622105
23, 17, -23.347912
23, 18, 9.649947
23, 19, 7.873156
23, 20, 15.960672
23, 21, 10.706521
23, 22, 80.500247
23, 23, -6.372529
23, 24, -58.368475
23, 25, -17.918613
23, 26, 45.206312
23, 28, -18.591030
23, 30, 13.196038
23, 31, -17.532428
23, 32, 91.000000
23, 33, 21.152638
23, 34, 4.355807
23, 35, 13.112325
23, 36, -19.389518
23, 38, 9.103094
23, 39, 1.518501
23, 40, 2.685389
23, 41, 27.579103
23, 42, -13.726771
23, 44, -7.034623
23, 45, 7.215493
23, 46, -7.656480
23, 47, 21.207902
23, 48, -35.664081
23, 49, -2.382146
24, 1, 14.692237
24, 2, -73.000000
24, 3, 27.920493
24, 4, 32.531224
24, 5, 5.875490
24, 6, -17.870096
24, 7, -17.815286
24, 8, 4.596127
24, 9, -15.633997
24, 10, -5.015273
24, 11, -11.529435
24, 12, -28.227163
24, 13, 33.000000
24, 14, 14.581597
24, 15, -2.310592
24, 16, -16.493276
24, 17, -21.438426
24, 19, 8.683200
24, 20, 17.305185
24, 21, 7.832179
24, 24, -56.627099
24, 26, 45.300393
24, 27, -20.511949
24, 28, -20.773863
24, 29, -50.887083
24, 30, 13.752998
24, 31, -17.982148
24, 33, 22.785371
24, 35, 14.532812
24, 36, -18.319456
24, 38, 9.295786
24, 39, -5.142923
24, 40, 1.805874
24, 41, 26.965880
24, 42, -13.915824
24, 43, 9.547651
24, 44, -7.060503
24, 45, 7.047930
24, 46, -6.901302
24, 47, 20.625259
24, 49, -1.098712
24, 50, -62.000000
25, 1, 14.567189
25, 3, 28.013687
25, 4, 33.851901
25, 5, 4.423526
25, 7, -18.083615
25, 8, 4.631798
25, 9, -16.716049
25, 10, -5.663955
25, 11, -10.668571
25, 12, -28.015180
25, 15, -1.377821
25, 16, -17.122634
25, 17, -19.684725
25, 18, 14.000000
25, 20, 19.189412
25, 21, 10.734331
25, 22, -8.949561
25, 24, -58.448387
25, 25, 25.000000
25, 27, -20.001842
25, 28, -20.262182
25, 29, -51.969159
25, 30, 12.967494
25, 31, -18.810058
25, 33, 21.944282
25, 35, 14.138618
25, 36, -16.603020
25, 38, 9.104120
25, 39, -4.257251
25, 40, 2.750506
25, 41, 27.586534
25, 42, -14.501917
25, 43, 25.548995
25, 44, -7.731585
25, 46, -6.882921
25, 47, 20.084055
25, 48, -11.775521
26, 1, 14.691184
26, 2, -50.997921
26, 3, 27.968240
26, 4, 34.244023
26, 6, 8.220804
26, 8, 4.598255
26, 9, -17.131208
26, 10, -4.973204
26, 11, -11.545493
26, 12, -27.789895
26, 13, 55.003366
26, 14, -50.481223
26, 15, -2.312914
26, 17, -18.227621
26, 19, -19.547294
26, 20, 20.238142
26, 21, 8.705083
26, 22, -9.192249
26, 23, 3.530332
26, 24, -56.731608
26, 26, -24.747903
26, 27, -20.494038
26, 28, -22.225536
26, 29, -50.890546
26, 30, 13.306173
26, 31, -19.347156
26, 32, -50.000594
26, 33, 23.484115
26, 35, 15.626628
26, 36, -14.970949
26, 39, -12.449332
26, 41, 26.972868
26, 42, -14.256199
26, 43, 10.564252
26, 44, -7.736818
26, 47, 19.595355
26, 48, -10.521469
26, 49, 38.000000
26, 50, -28.028924
27, 1, 14.566504
27, 2, -51.002079
27, 3, 28.057598
27, 4, 34.761389
27, 5, -9.669461
27, 6, 6.692303
27, 7, 19.182765
27, 9, -18.734480
27, 10, -5.637053
27, 12, -27.667696
27, 13, 54.996634
27, 14, -50.868497
27, 15, -1.380285
27, 16, -10.150124
27, 17, -17.284542
27, 18, -3.588085
27, 19, -19.656409
27, 20, 21.686297
27, 21, 10.830781
27, 22, -9.267039
27, 23, 4.401071
27, 24, -58.550749
27, 25, -56.000000
27, 26, -23.624998
27, 27, -19.978012
27, 28, -21.347281
27, 29, -51.974439
27, 30, 12.397426
27, 31, -20.088026
27, 33, 22.470397
27, 34, 28.407503
27, 35, 15.323939
27, 36, -12.944113
27, 37, 10.007722
27, 38, -17.321974
27, 39, -9.937050
27, 40, -18.357970
27, 42, -14.844005
27, 43, 25.810610
27, 44, -8.333575
27, 45, -23.216001
27, 46, 3.188944
27, 47, 19.287143
27, 48, -12.014411
27, 50, -26.750599
28, 3, 27.996083
28, 5, -3.373043
28, 6, 8.065683
28, 7, 19.298363
28, 8, -22.506286
28, 9, -19.422733
28, 12, -27.594123
28, 14, -50.483575
28, 16, -10.041221
28, 17, -16.951157
28, 18, -3.831093
28, 19, -18.874653
28, 20, 22.482998
28, 21, 9.228170
28, 22, -9.767453
28, 23, 4.291568
28, 24, -56.817760
28, 26, -24.848431
28, 27, -20.472826
28, 28, -22.796374
28, 29, -50.895544
28, 30, 12.627698
28, 31, -20.314203
28, 33, 23.766515
28, 34, 11.828527
28, 35, 16.631384
28, 36, -11.314442
28, 37, 9.992278
28, 38, -17.788837
28, 39, -19.497723
28, 40, -18.130601
28, 41, -29.189418
28, 42, -14.128057
28, 43, 12.002311
28, 44, -8.171681
28, 45, -24.349845
28, 46, 3.452951
28, 47, 19.164926
28, 48, -11.006488
28, 49, -80.999406
28, 50, -27.513835
29, 1, -5.488801
29, 5, -9.648530
29, 6, 6.405818
29, 7, 19.187339
29, 8, -22.493714
29, 9, -21.030688
29, 10, 26.574171
29, 11, 47.112456
29, 16, -10.069744
29, 18, -3.592876
29, 19, -18.381257
29, 20, 23.521608
29, 21, 10.883080
29, 22, -10.041190
29, 23, 5.902967
29, 24, -58.598034
29, 25, 13.528452
29, 26, -23.806861
29, 27, -19.966895
29, 30, 11.754027
29, 31, -20.620063
29, 34, 28.400971
29, 35, 16.183410
29, 36, -9.566658
29, 38, -17.407013
29, 39, -14.491549
29, 40, -18.353521
29, 41, -29.607539
29, 42, -14.717274
29, 43, 26.141717
29, 44, -8.568720
29, 45, -23.220490
29, 46, 3.185373
29, 48, -12.656198
29, 49, -81.000594
29, 50, -25.748395
30, 1, -5.636884
30, 2, -30.260393
30, 3, 11.431739
30, 4, 14.117301
30, 5, -3.233548
30, 6, 7.694528
30, 9, -21.441352
30, 10, 26.479586
30, 11, 47.465103
30, 12, 38.418552
30, 14, 23.283337
30, 16, -9.900181
30, 17, 6.833346
30, 19, -17.085975
30, 20, 24.097682
30, 22, -10.586957
30, 23, 6.236694
30, 25, 13.633122
30, 26, -25.092284
30, 28, -6.806563
30, 29, -5.530380
30, 30, 12.034061
30, 32, -3.017241
30, 33, -62.000000
30, 34, 11.837131
30, 35, 17.178243
30, 36, -8.508864
30, 37, 3.581000
30, 38, -17.935423
30, 39, -25.102422
30, 40, -18.128204
30, 41, -29.189113
30, 42, -13.653581
30, 43, 13.023800
30, 45, -24.356116
30, 47, 23.998812
30, 48, -11.811196
30, 50, -26.155071
31, 1, -5.740832
31, 2, -29.707782
31, 3, 12.401259
31, 4, 14.127588
31, 5, -9.621574
31, 6, 6.004459
31, 7, -44.789953
31, 8, 9.241851
31, 9, -22.534149
31, 10, 26.580440
31, 11, 46.319520
31, 12, 38.084264
31, 13, -8.295333
31, 14, 22.016022
31, 15, 12.501039
31, 16, -9.899860
31, 17, 6.789907
31, 18, 63.000000
31, 19, -16.235072
31, 20, 24.753753
31, 21, -9.493325
31, 22, -10.820538
31, 23, 8.271689
31, 24, -55.538920
31, 25, 13.535343
31, 26, -24.066914
31, 28, -5.775164
31, 29, -4.997653
31, 30, 11.335400
31, 32, -8.001980
31, 34, 28.398968
31, 35, 16.435722
31, 36, -7.548067
31, 37, 4.256364
31, 38, -17.576845
31, 39, -17.031043
31, 42, -14.329919
31, 43, 26.293762
31, 44, -85.000000
31, 45, -23.226049
31, 46, -34.502821
31, 47, 24.001188
31, 48, -13.470910
31, 50, -24.089424
32, 1, -6.033098
32, 2, -29.424406
32, 3, 11.361426
32, 4, 14.693488
32, 5, -3.097828
32, 6, 7.327072
32, 7, -44.710988
32, 8, 10.112367
32, 9, -22.243715
32, 10, 26.485747
32, 11, 45.999748
32, 12, 37.812378
32, 13, 12.281252
32, 14, 23.288481
32, 16, -9.732428
32, 17, 6.878569
32, 19, -14.716199
32, 20, 25.094071
32, 21, -10.319707
32, 22, -11.170444
32, 23, 8.548872
32, 24, -55.682390
32, 25, 13.643432
32, 26, -25.339720
32, 28, -6.901513
32, 29, -5.836013
32, 30, 11.799338
32, 33, -49.000000
32, 35, 17.159234
32, 36, -7.455450
32, 37, 3.567058
32, 38, -18.083714
32, 39, -28.217664
32, 40, -3.864214
32, 42, -13.144637
32, 46, -34.497179
32, 48, -12.637411
32, 49, 3.243127
32, 50, -24.404751
33, 1, -6.319810
33, 2, -28.117046
33, 3, 12.281932
33, 4, 15.233251
33, 6, 5.724262
33, 7, -44.785902
33, 8, 8.508786
33, 11, 44.406055
33, 12, 36.968561
33, 13, -8.214865
33, 14, 22.026893
33, 15, 55.000000
33, 16, -9.770645
33, 17, 6.860053
33, 18, -20.996733
33, 19, -13.809648
33, 20, 25.385647
33, 21, -9.822702
33, 22, -11.146128
33, 23, 10.569190
33, 24, -55.541650
33, 25, 13.544975
33, 26, -24.254806
33, 27, -17.822218
33, 28, -5.964839
33, 29, -5.559015
33, 32, -3.774168
33, 34, 11.000000
33, 35, 16.101778
33, 37, 4.240124
33, 38, -17.664673
33, 40, -4.297671
33, 42, -14.011124
33, 45, 13.706525
33, 47, -95.999703
33, 48, -14.146825
33, 49, 2.574642
33, 50, -22.314738
34, 1, -6.548473
34, 2, -27.142081
34, 3, 11.226229
34, 4, 16.263584
34, 6, 7.177724
34, 8, 8.618996
34, 9, -54.727972
34, 10, -19.610131
34, 11, 43.922825
34, 12, 36.281838
34, 13, 12.293048
34, 14, 23.301533
34, 16, -9.663796
34, 17, 6.949237
34, 18, -21.003267
34, 19, -12.361272
34, 20, 25.437949
34, 21, -10.936409
34, 23, 10.337206
34, 24, -55.685471
34, 26, -25.445869
34, 27, -18.499183
34, 28, -7.198976
34, 29, -6.716007
34, 30, 4.000000
34, 31, -14.495991
34, 32, -4.579257
34, 33, 21.496783
34, 35, 16.734210
34, 36, 20.538195
34, 37, 3.554982
34, 40, -3.846959
34, 41, 25.000891
34, 42, -12.926091
34, 43, -22.148943
34, 44, 41.371780
34, 45, 15.573174
34, 46, 85.000000
34, 47, -63.359439
34, 48, -13.159510
34, 49, 2.977666
34, 50, -22.821009
35, 1, -6.883643
35, 2, -25.353291
35, 3, 12.163876
35, 4, 17.122674
35, 7, -42.995545
35, 8, 6.425030
35, 9, -54.938924
35, 10, -20.391812
35, 11, 42.484895
35, 12, 35.261212
35, 13, -8.162641
35, 14, 22.037691
35, 17, 6.906603
35, 19, -11.633551
35, 21, -10.634392
35, 22, -29.348720
35, 23, 12.002720
35, 24, -55.543854
35, 25, -15.501534
35, 27, -17.814763
35, 28, -6.368489
35, 29, -6.599677
35, 32, -3.617052
35, 33, 21.503217
35, 34, -21.228810
35, 35, 15.443268
35, 36, 21.480451
35, 38, 5.181684
35, 40, -4.271240
35, 43, -22.362361
35, 44, 40.697383
35, 45, 14.107407
35, 48, -14.410331
35, 49, 2.103046
35, 50, -20.978418
36, 1, -6.886207
36, 2, -24.004852
36, 3, 11.158090
36, 4, 18.353581
36, 6, -93.000000
36, 7, -23.406195
36, 8, 5.858687
36, 9, -54.727406
36, 10, -19.729398
36, 11, 42.445007
36, 12, 34.541986
36, 18, -8.492427
36, 19, -10.448940
36, 20, -28.393161
36, 21, -11.863640
36, 22, -28.057530
36, 23, 11.052670
36, 25, -15.498466
36, 26, -54.988665
36, 27, -18.489558
36, 28, -7.722306
36, 29, -8.004686
36, 30, -9.998515
36, 31, 14.769598
36, 32, -4.279572
36, 34, -21.306248
36, 35, 16.207004
36, 36, 20.963060
36, 37, 0.000000
36, 38, 6.015114
36, 39, -7.851941
36, 40, -3.818854
36, 42, 7.675581
36, 43, -22.150511
36, 44, 41.376199
36, 45, 16.280490
36, 46, 48.001188
36, 49, 2.386159
36, 50, -21.889144
37, 1, -7.191134
37, 2, -22.101810
37, 4, 19.212792
37, 5, -13.000000
37, 8, 3.302334
37, 10, -20.597340
37, 11, 41.679916
37, 12, 33.759437
37, 13, 21.767363
37, 14, -23.876095
37, 16, -43.000000
37, 17, -19.825763
37, 18, -8.507573
37, 19, -10.007320
37, 20, -28.326955
37, 21, -11.542942
37, 22, -28.583406
37, 23, 12.262857
37, 24, 38.997412
37, 26, -54.041220
37, 27, -17.806802
37, 28, -7.000615
37, 29, -7.901873
37, 30, -10.001485
37, 31, 14.820280
37, 32, -3.178598
37, 33, 6.007029
37, 34, -21.305956
37, 35, 14.799110
37, 36, 22.241318
37, 38, 5.594274
37, 39, 9.346108
37, 40, -4.247331
37, 42, 7.725636
37, 44, 40.704347
37, 45, 15.216587
37, 46, -9.443600
37, 48, 9.006732
37, 49, 1.516636
37, 50, -20.483063
38, 1, -6.958210
38, 2, -20.759716
38, 4, 20.304331
38, 6, 2.478926
38, 8, 2.233446
38, 10, -19.968657
38, 12, 33.405351
38, 13, 21.387899
38, 14, -21.986461
38, 15, 21.735485
38, 17, -19.319235
38, 19, -9.148987
38, 20, -28.416973
38, 21, -12.668401
38, 22, -26.588246
38, 23, 10.689304
38, 24, 38.913562
38, 25, -25.497575
38, 26, -54.989228
38, 28, -8.460725
38, 29, -9.390211
38, 31, 14.773039
38, 32, -3.738744
38, 33, 5.992971
38, 34, -21.441186
38, 35, 15.855335
38, 36, 21.906743
38, 37, -1.650765
38, 38, 6.823713
38, 39, -7.689136
38, 40, -3.805697
38, 42, 8.722365
38, 43, 62.000000
38, 44, 41.383328
38, 45, 17.517851
38, 48, 8.993268
38, 49, 1.911587
39, 1, -7.253814
39, 2, -19.074102
39, 3, 72.002695
39, 4, 20.831006
39, 5, 24.033539
39, 6, 2.559322
39, 8, -0.415393
39, 9, 13.681460
39, 10, -20.805719
39, 12, 33.165029
39, 13, 22.418833
39, 14, -23.860153
39, 15, 5.338188
39, 16, 2.734851
39, 17, -19.992492
39, 18, 84.000000
39, 19, -8.993449
39, 20, -28.363410
39, 21, -12.130317
39, 22, -26.469614
39, 23, 11.578857
39, 24, 38.999878
39, 25, -29.370251
39, 26, -54.043122
39, 27, -2.183390
39, 28, -7.820940
39, 29, -9.115879
39, 30, 29.545848
39, 32, -2.547651
39, 34, -21.463165
39, 35, 14.416019
39, 36, 23.186451
39, 37, -2.159583
39, 38, 6.806189
39, 39, 8.932698
39, 41, -43.351615
39, 42, 9.772978
39, 44, 40.709156
39, 45, 16.730347
39, 49, 1.254328
40, 1, -6.905279
40, 2, -18.046199
40, 3, 72.154588
40, 4, 21.476954
40, 5, 24.233528
40, 6, 2.477445
40, 7, 1.543496
40, 8, -1.757331
40, 9, 14.169774
40, 10, -20.092592
40, 13, 22.615944
40, 14, -21.341525
40, 15, 21.127423
40, 16, 3.380432
40, 17, -19.710985
40, 19, -8.432791
40, 20, -28.453203
40, 21, -12.984757
40, 22, -23.990235
40, 23, 9.682195
40, 24, 38.917719
40, 27, -0.932426
40, 28, -9.335839
40, 29, -10.466560
40, 30, 30.617492
40, 31, -63.804484
40, 32, -3.069600
40, 33, -95.000000
40, 34, -21.579703
40, 35, 15.803799
40, 36, 22.663924
40, 37, -1.226571
40, 38, 8.359106
40, 39, -7.461944
40, 40, -21.805431
40, 41, -43.916135
40, 42, 11.738868
40, 43, -12.503712
40, 45, 18.927792
40, 47, -26.702819
40, 48, -1.679186
40, 50, 28.005148
41, 1, -7.240239
41, 2, -16.767443
41, 3, 72.001519
41, 4, 21.439378
41, 5, 24.030481
41, 7, -6.427171
41, 8, -4.238123
41, 9, 13.584969
41, 12, -4.386600
41, 13, 24.159742
41, 14, -23.827850
41, 15, 5.194761
41, 16, 2.734350
41, 17, -20.515357
41, 18, 46.421322
41, 19, -8.521728
41, 20, -28.386597
41, 22, -23.467742
41, 23, 10.492764
41, 26, 50.996634
41, 27, -0.643046
41, 28, -8.716807
41, 29, -9.854920
41, 30, 29.310890
41, 31, -63.511819
41, 32, -1.863132
41, 34, -21.546045
41, 35, 14.352995
41, 36, 23.609948
41, 37, -1.342686
41, 38, 8.666467
41, 39, 8.424874
41, 40, -22.285503
41, 41, -43.348328
41, 42, 13.613825
41, 43, -12.496288
41, 44, 13.902852
41, 45, 18.181454
41, 46, -23.998119
41, 47, -27.102863
41, 48, -1.499589
41, 49, 21.969206
41, 50, 27.994852
42, 2, -16.194493
42, 5, 24.230367
42, 6, -14.896812
42, 7, 0.988787
42, 8, -5.610073
42, 9, 13.969769
42, 12, -5.557109
42, 13, 24.697464
42, 14, -20.299820
42, 15, 20.270649
42, 16, 3.381669
42, 17, -20.507867
42, 18, 46.973005
42, 19, -8.207026
42, 22, -20.814920
42, 23, 8.594995
42, 24, 7.000000
42, 27, 2.005092
42, 28, -10.205537
42, 29, -10.875867
42, 30, 30.191648
42, 31, -63.740326
42, 32, -2.422079
42, 33, -43.019033
42, 35, 15.991312
42, 37, -0.069887
42, 38, 10.396238
42, 39, -7.299556
42, 40, -21.863316
42, 41, -43.913484
42, 42, 16.311970
42, 44, 15.368553
42, 45, 20.049428
42, 47, -26.702732
42, 48, -1.677444
42, 49, 22.201508
43, 1, 4.886036
43, 2, -15.336259
43, 3, 42.500643
43, 4, 13.211187
43, 5, 24.028466
43, 6, -13.543472
43, 7, -6.316438
43, 8, -7.716528
43, 9, 13.331468
43, 10, 14.169583
43, 11, 20.996238
43, 12, -4.375232
43, 13, 26.483142
43, 14, -23.796672
43, 15, 5.047521
43, 16, 2.736833
43, 17, -21.395427
43, 18, 46.418957
43, 20, 86.001287
43, 22, -20.173932
43, 23, 9.518575
43, 25, -23.767925
43, 27, 3.488548
43, 28, -9.526495
43, 30, 28.790679
43, 31, -63.396402
43, 32, -1.277497
43, 33, -2.860645
43, 34, -53.996040
43, 35, 14.491945
43, 36, -38.136269
43, 37, 0.072566
43, 38, 10.868197
43, 39, 8.202343
43, 40, -22.393229
43, 42, 18.674740
43, 43, -13.017221
43, 44, 13.878220
43, 45, 19.072677
43, 46, -59.000000
43, 48, -1.497387
43, 49, 21.956708
44, 1, 3.243980
44, 2, -15.183755
44, 3, 42.499357
44, 4, 13.706770
44, 6, -15.277772
44, 7, 0.135104
44, 8, -8.904259
44, 9, 13.646501
44, 10, 15.621088
44, 12, -5.542568
44, 13, 27.063611
44, 14, -19.256171
44, 15, 19.664493
44, 17, -21.640363
44, 18, 46.970550
44, 19, -88.000000
44, 20, 85.998713
44, 21, 9.421895
44, 22, -17.662595
44, 23, 7.809893
44, 24, -0.004752
44, 25, -20.847780
44, 27, 6.955372
44, 28, -10.903616
44, 29, 3.495298
44, 30, 29.663249
44, 31, -63.599211
44, 32, -1.931573
44, 33, -43.015442
44, 34, -54.003960
44, 35, 16.233850
44, 36, -38.178094
44, 37, 1.510486
44, 38, 12.558694
44, 40, -22.005519
44, 41, 5.132352
44, 42, 21.682887
44, 43, -11.494051
44, 44, 15.319712
44, 45, 20.479653
44, 47, -2.634147
44, 49, 22.186721
45, 1, 4.637757
45, 2, -14.641536
45, 4, 13.484158
45, 5, 30.504999
45, 6, -14.264993
45, 7, -6.126477
45, 8, -10.511063
45, 9, 13.019790
45, 10, 14.382056
45, 11, -8.572999
45, 12, -4.363308
45, 13, 28.791578
45, 14, -23.778972
45, 16, -40.998020
45, 17, -22.510316
45, 21, -1.499853
45, 22, -17.167278
45, 23, 8.908068
45, 24, 0.004752
45, 25, -22.920827
45, 26, 57.757744
45, 27, 8.915103
45, 28, -10.088400
45, 29, 3.504702
45, 30, 28.373621
45, 31, -63.254854
45, 32, -0.893872
45, 33, -2.838357
45, 35, 14.635682
45, 36, -38.131171
45, 37, 1.711127
45, 38, 12.967648
45, 40, -22.535777
45, 41, 4.433865
45, 42, 24.036447
45, 43, -12.642073
45, 44, 13.821837
45, 46, -30.499625
45, 47, -1.578979
45, 48, 58.997624
45, 49, 21.945520
46, 1, 2.797621
46, 2, -14.782265
46, 4, 14.198831
46, 5, 30.495001
46, 6, -16.195591
46, 7, -0.668780
46, 8, -11.360474
46, 9, 13.325291
46, 10, 16.000814
46, 11, -9.541787
46, 13, 29.155076
46, 14, -18.608516
46, 16, -41.001980
46, 17, -22.876834
46, 19, 5.507771
46, 20, 62.643824
46, 21, 9.096995
46, 22, -15.048863
46, 23, 7.411436
46, 25, -20.314466
46, 26, 53.497278
46, 27, 12.360053
46, 28, -11.290362
46, 30, 29.426420
46, 31, -63.488099
46, 32, -1.656444
46, 34, -45.733204
46, 35, 16.342657
46, 36, -38.172853
46, 37, 3.095138
46, 38, 14.378831
46, 40, -22.126057
46, 41, 5.187848
46, 42, 26.788105
46, 43, -10.815891
46, 44, 15.257119
46, 45, -73.000000
46, 46, -30.004223
46, 47, -2.621732
46, 48, 59.002376
46, 50, 4.991684
47, 1, 4.086282
47, 2, -14.447875
47, 3, 10.394605
47, 4, 14.099979
47, 6, -15.287280
47, 7, -5.940837
47, 8, -12.423957
47, 9, 12.770215
47, 10, 14.855961
47, 11, -8.561430
47, 12, 75.002277
47, 13, 30.587199
47, 17, -23.574896
47, 19, 5.492229
47, 20, 62.812390
47, 21, -1.569917
47, 22, -14.908817
47, 23, 8.650425
47, 24, -33.000000
47, 25, -21.717889
47, 27, 13.921590
47, 28, -10.288313
47, 29, 99999.000000
47, 31, -63.193661
47, 32, -0.717989
47, 34, -46.438629
47, 37, 3.138002
47, 38, 14.482903
47, 39, -9.291345
47, 40, -22.604260
47, 41, 4.531989
47, 42, 28.554638
47, 43, -11.800801
47, 44, 13.774777
47, 46, -30.500344
47, 47, -1.564208
47, 49, 23.967433
48, 1, 2.244076
48, 3, 10.293925
48, 4, 14.815395
48, 5, -23.987175
48, 6, -17.117163
48, 7, -1.138481
48, 8, -12.848064
48, 9, 13.128959
48, 10, 16.473569
48, 11, -9.528023
48, 13, 30.561464
48, 15, 24.507078
48, 16, -49.580766
48, 17, -23.853493
48, 20, 62.645218
48, 21, 8.771728
48, 22, -13.340085
48, 23, 7.302395
48, 25, -19.646847
48, 26, -92.000000
48, 27, 16.502484
48, 30, -59.306479
48, 32, -1.556284
48, 34, -45.735016
48, 35, -14.494011
48, 36, -7.165067
48, 37, 4.261943
48, 38, 15.422095
48, 39, -8.809559
48, 41, 5.303698
48, 42, 30.470487
48, 43, -9.969026
48, 44, 15.227170
48, 45, 35.132993
48, 46, -30.005143
48, 47, -2.610483
48, 48, -30.047925
48, 49, 24.343450
48, 50, 33.578283
49, 1, 3.645068
49, 3, 10.390720
49, 4, 14.597302
49, 5, -24.263880
49, 6, -16.015162
49, 7, -5.859123
49, 8, -13.381541
49, 9, 12.676747
49, 10, 15.237009
49, 11, -8.550944
49, 13, 31.556188
49, 16, -49.731151
49, 17, -24.232579
49, 18, -35.994159
49, 19, -31.501930
49, 21, -1.615460
49, 22, -13.703776
49, 24, -76.000000
49, 25, -20.861291
49, 27, 16.908818
49, 28, -17.993070
49, 29, 24.003168
49, 30, -59.515488
49, 31, 44.504603
49, 32, -0.672834
49, 33, 14.417007
49, 34, -46.442807
49, 35, -14.505989
49, 36, -7.407656
49, 37, 3.969077
49, 38, 15.037445
49, 39, -9.301359
49, 40, 22.500742
49, 41, 4.634622
49, 42, 31.148144
49, 43, -11.123013
49, 45, 35.317066
49, 48, -30.345119
49, 49, 23.965815
49, 50, 33.731151
50, 1, 1.997659
50, 3, 10.289915
50, 4, 15.093374
50, 5, -23.983821
50, 6, -17.503993
50, 8, -13.339528
50, 10, 16.685848
50, 13, 31.054945
50, 14, -49.002871
50, 15, 61.000000
50, 16, -49.579372
50, 17, -24.226890
50, 18, -36.005841
50, 19, -31.498070
50, 20, 4.000000
50, 22, -12.746638
50, 23, 75.000000
50, 25, -19.345246
50, 26, 68.000000
50, 27, 18.052872
50, 28, -18.006930
50, 29, 23.996832
50, 30, -59.304824
50, 31, 44.495397
50, 32, -1.541627
50, 33, -1.006732
50, 34, -45.739900
50, 36, -7.171818
50, 37, 4.694418
50, 39, -8.818954
50, 40, 22.499258
50, 41, 5.366307
50, 42, 31.816832
50, 43, -9.588108
50, 44, -53.000000
50, 45, 35.129029
50, 46, -72.000000
50, 47, -8.000000
50, 48, -30.051975
50, 49, 24.341690
50, 50, 33.581855
