1, 1, 33.000000
1, 3, -22.979963
1, 4, 9.058580
1, 6, 4.536726
1, 7, 8.115085
1, 8, 34.497943
1, 9, -31.721765
1, 10, -19.000000
1, 11, -2.915278
1, 12, 99999.000000
1, 13, -86.000000
1, 14, -58.001995
1, 15, -38.000000
1, 16, 28.288778
1, 18, -85.000000
1, 19, -42.335915
1, 20, -26.947191
1, 21, -21.767716
1, 22, -14.424439
1, 23, 1.364671
1, 24, 21.304396
1, 25, -26.858246
1, 26, 99999.000000
1, 27, 62.000000
1, 28, 5.313379
1, 29, -41.000000
1, 30, -36.476459
1, 32, -5.204194
1, 33, -25.513025
1, 34, -9.352050
1, 35, -5.212482
1, 37, -82.000000
1, 38, -87.000000
1, 39, 82.000000
1, 40, -4.241495
1, 41, 15.701315
1, 42, -25.301031
1, 43, -36.090099
1, 45, 7.372501
1, 46, -81.000000
1, 47, -2.290791
1, 49, 45.000000
1, 50, 15.623818
2, 2, 10.485964
2, 3, -22.473177
2, 4, 9.621362
2, 5, -42.290940
2, 6, 4.345878
2, 7, 8.263628
2, 8, 34.502057
2, 9, -21.957334
2, 11, -2.883174
2, 14, -57.998005
2, 16, 0.000623
2, 17, -43.351253
2, 18, -91.000748
2, 19, -41.744983
2, 20, -27.638811
2, 21, -22.669038
2, 22, -9.565514
2, 23, 1.414670
2, 24, 22.021220
2, 25, -26.578770
2, 26, -27.472600
2, 28, 5.438330
2, 30, -29.731581
2, 31, 16.309508
2, 32, -5.358744
2, 33, -25.646429
2, 34, -10.519331
2, 35, -6.124501
2, 36, -70.500686
2, 40, -5.198716
2, 41, 15.814659
2, 42, -25.031918
2, 43, -38.586785
2, 44, -20.430868
2, 45, 8.309406
2, 47, -1.507288
2, 48, -8.674482
2, 50, 15.283083
3, 1, -12.041863
3, 2, 51.485786
3, 3, -22.981321
3, 4, 9.054458
3, 5, -43.003618
3, 6, 4.578167
3, 7, 8.115199
3, 9, -31.721387
3, 11, -3.253953
3, 12, 31.098530
3, 13, 99999.000000
3, 15, -25.997631
3, 16, 28.289848
3, 17, 1.903053
3, 18, 99999.000000
3, 19, -42.230746
3, 20, -26.945557
3, 21, -22.581585
3, 22, -14.426580
3, 23, 0.722080
3, 24, 21.306020
3, 25, -26.761739
3, 26, -20.361422
3, 27, 4.789415
3, 28, 5.313936
3, 29, 57.209776
3, 30, -36.476074
3, 31, 16.407531
3, 32, -5.046640
3, 33, -24.193535
3, 34, -8.956023
3, 35, -4.955393
3, 36, -70.499314
3, 37, -79.000000
3, 38, 41.505923
3, 39, -4.219003
3, 40, -4.276753
3, 41, 15.701072
3, 42, -25.300717
3, 43, -36.087725
3, 44, -18.057340
3, 45, 7.374390
3, 47, -1.510193
3, 48, -8.742020
3, 49, -47.375112
3, 50, 15.624627
4, 1, -12.162583
4, 2, 10.481664
4, 3, -22.475306
4, 4, 9.615766
4, 5, -42.293504
4, 6, 4.440550
4, 8, -22.494230
4, 9, -21.957045
4, 10, -95.000000
4, 11, -3.509067
4, 12, 31.164062
4, 14, 8.941010
4, 15, -26.002369
4, 16, 99999.000000
4, 17, -43.352009
4, 18, 97.000000
4, 19, -41.506424
4, 20, -27.637470
4, 21, -24.470582
4, 22, -9.567386
4, 23, 0.250186
4, 24, 22.025013
4, 25, -26.448354
4, 26, -26.777300
4, 27, 4.787593
4, 29, 56.994351
4, 30, -29.730755
4, 31, 16.312263
4, 32, -5.070148
4, 33, -23.131991
4, 34, -9.803843
4, 35, -5.637672
4, 38, 41.494077
4, 39, -3.486512
4, 40, -5.258865
4, 43, -38.588053
4, 44, -20.647915
4, 45, 8.311394
4, 46, 99999.000000
4, 47, -0.021882
4, 48, -8.675081
4, 49, -47.089255
4, 50, 15.283770
5, 1, -12.030962
5, 2, 51.485954
5, 3, -22.983609
5, 4, 9.049621
5, 5, -43.006780
5, 6, 4.661747
5, 7, 9.745717
5, 8, -20.914248
5, 9, -31.722159
5, 11, -4.072922
5, 12, 31.097917
5, 13, 9.665803
5, 14, 8.091706
5, 16, -22.296571
5, 17, 1.904986
5, 18, 99999.000000
5, 19, -41.967440
5, 21, -24.782306
5, 22, 99999.000000
5, 23, -0.979412
5, 24, 21.310636
5, 25, -26.539919
5, 26, -19.861565
5, 27, 5.721423
5, 28, -64.000000
5, 29, 57.210376
5, 30, 99999.000000
5, 31, 16.412844
5, 32, -4.678124
5, 33, -20.641566
5, 34, -7.917303
5, 35, -4.287475
5, 36, 0.980404
5, 39, -4.273941
5, 40, -4.344994
5, 41, 5.113042
5, 43, -36.084171
5, 44, -18.448536
5, 45, 7.375683
5, 46, -92.000000
5, 47, 0.579326
5, 49, -47.375426
5, 50, 15.624918
6, 1, -12.145033
6, 2, 10.476750
6, 3, -22.477084
6, 5, -42.296002
6, 6, 4.535705
6, 7, 9.986865
6, 8, -21.462550
6, 9, 99999.000000
6, 10, -5.417298
6, 11, -4.396184
6, 13, 10.347792
6, 14, 7.732161
6, 15, 99999.000000
6, 16, -8.611488
6, 17, 99999.000000
6, 18, 26.506920
6, 19, -41.143499
6, 20, -13.287178
6, 21, -27.620150
6, 22, 26.770423
6, 23, -1.680513
6, 24, 22.028796
6, 25, -26.282509
6, 26, -24.715960
6, 27, 6.659810
6, 28, 99999.000000
6, 30, -23.000000
6, 31, 16.318281
6, 32, -4.683756
6, 33, -18.880111
6, 34, -8.641766
6, 35, -4.854860
6, 36, 0.131796
6, 38, -13.688327
6, 39, -3.579931
6, 40, -5.318142
6, 41, 3.428576
6, 42, -58.293570
6, 43, -38.589520
6, 44, -21.133816
6, 47, 2.472931
6, 49, -47.089934
7, 1, -12.012965
7, 2, 99999.000000
7, 3, -22.984382
7, 4, -21.492082
7, 6, 4.638039
7, 7, 9.743333
7, 8, -18.980623
7, 9, 8.236523
7, 10, -4.514002
7, 11, -4.894250
7, 12, 22.788745
7, 13, 9.678024
7, 14, 5.663870
7, 15, 43.000000
7, 16, -21.928293
7, 17, -66.000000
7, 18, -29.000000
7, 19, -41.670240
7, 20, -13.896458
7, 21, -27.748180
7, 22, 13.129400
7, 23, -3.185785
7, 25, -26.316643
7, 26, -18.336169
7, 27, 8.335414
7, 28, -52.000000
7, 29, -27.300971
7, 31, 16.417450
7, 32, -4.361460
7, 33, -15.961379
7, 34, -6.627751
7, 35, -3.466970
7, 36, 0.914931
7, 38, -13.679695
7, 39, -4.381382
7, 40, -4.378902
7, 41, 4.269873
7, 42, -57.905424
7, 43, -36.082520
7, 44, -18.936253
7, 46, -14.713947
7, 47, 3.311926
7, 50, 17.005798
8, 1, -12.132986
8, 4, -21.507918
8, 5, 3.663627
8, 6, 4.412499
8, 8, -18.763408
8, 9, -6.972331
8, 10, -5.449553
8, 11, -5.025864
8, 12, 22.418888
8, 13, 10.368380
8, 14, 4.243995
8, 16, -8.594914
8, 19, -40.826124
8, 20, -12.634624
8, 21, -31.357285
8, 22, 25.828631
8, 23, -3.779967
8, 24, -2.000000
8, 25, -26.155446
8, 26, -21.396126
8, 27, 10.047527
8, 29, -27.724129
8, 30, -23.371200
8, 32, -4.484273
8, 33, -14.222060
8, 34, -7.473253
8, 35, -4.076204
8, 36, 0.018729
8, 37, -41.741667
8, 38, -12.791442
8, 39, -3.672777
8, 41, 1.764609
8, 42, -58.293327
8, 43, 99999.000000
8, 44, -21.524170
8, 45, 0.426923
8, 46, -14.844934
8, 47, 5.183988
8, 48, -15.954912
8, 49, 14.000000
8, 50, 17.824667
9, 3, -25.273754
9, 5, 3.769822
9, 6, 4.231029
9, 8, -15.851107
9, 9, 8.371372
9, 10, -4.568849
9, 11, -5.236610
9, 12, 22.788659
9, 13, 9.706976
9, 14, 1.103676
9, 15, 23.000000
9, 16, -21.042856
9, 17, 60.000000
9, 18, -12.000000
9, 19, -41.477305
9, 20, -12.580729
9, 21, -30.670870
9, 22, 12.656345
9, 23, -5.271928
9, 25, -26.133426
9, 26, -15.788068
9, 27, 12.148798
9, 29, -27.302030
9, 30, -22.972070
9, 31, -68.000000
9, 32, -4.377425
9, 33, -11.630962
9, 34, -5.578965
9, 35, -2.806208
9, 36, 0.784290
9, 37, -39.883755
9, 38, -12.018412
9, 39, -4.435367
9, 40, 20.916351
9, 41, 2.021417
9, 43, -1.506047
9, 44, -19.154599
9, 45, 0.112116
9, 46, -14.848322
9, 47, 5.820852
9, 48, -16.753512
9, 50, 17.004525
10, 1, 15.072986
10, 2, -47.021832
10, 3, -25.574700
10, 4, 5.972366
10, 5, 3.665430
10, 6, 3.736163
10, 7, -16.684922
10, 8, -15.424062
10, 9, -6.743113
10, 10, -5.512089
10, 13, 10.395011
10, 14, -1.080486
10, 16, -8.560783
10, 18, 99999.000000
10, 19, -40.701226
10, 20, -10.740897
10, 21, -34.819227
10, 22, 23.209146
10, 23, -5.519170
10, 24, -17.586897
10, 25, -26.003765
10, 26, -17.082948
10, 27, 14.344612
10, 29, -27.725539
10, 30, -23.369655
10, 32, -4.695348
10, 33, -10.641981
10, 34, -6.746802
10, 35, -3.596271
10, 36, -0.094969
10, 37, -41.733782
10, 38, -10.305320
10, 40, 21.852224
10, 41, -1.015830
10, 42, -54.126368
10, 43, 47.000000
10, 45, 0.431759
10, 46, -15.094604
10, 47, 7.252832
10, 48, -16.018440
10, 49, 2.996893
10, 50, 17.823451
11, 1, 16.434459
11, 2, -47.463157
11, 3, -25.326597
11, 4, 7.140802
11, 5, 3.771595
11, 6, 3.084570
11, 7, -17.199260
11, 8, -12.717756
11, 9, 8.700259
11, 10, -4.622962
11, 11, -26.609699
11, 12, -16.000000
11, 13, 9.730942
11, 14, -4.963706
11, 15, 0.000000
11, 16, -20.158068
11, 17, -4.678780
11, 20, -10.073068
11, 21, -32.784424
11, 22, 11.340522
11, 23, -6.805056
11, 24, -17.858873
11, 25, -25.861589
11, 26, -12.384170
11, 27, 16.509955
11, 28, 9.500312
11, 30, -22.970916
11, 32, -4.865049
11, 33, -9.042074
11, 34, -5.175885
11, 35, -2.553848
11, 36, 0.717770
11, 37, -39.871694
11, 38, -9.072602
11, 39, 0.302578
11, 40, 21.236453
11, 41, -0.900865
11, 42, -54.083278
11, 44, 4.099201
11, 45, 0.117587
11, 46, -15.127621
11, 47, 7.312335
11, 48, -16.863232
11, 49, 3.542299
11, 50, 17.003851
12, 1, 15.526022
12, 2, -47.139569
12, 3, -25.671498
12, 4, 7.013606
12, 6, 2.151363
12, 7, -16.788147
12, 8, -12.718147
12, 9, -6.230804
12, 10, -5.543127
12, 11, -26.592091
12, 13, 10.407408
12, 14, -7.464503
12, 15, 11.001372
12, 16, -8.542684
12, 17, -4.807987
12, 18, 3.219839
12, 19, -3.475891
12, 20, -7.768807
12, 21, -37.242336
12, 22, 19.482477
12, 23, -6.638122
12, 24, -17.573121
12, 25, -25.612806
12, 26, -12.258306
12, 27, 18.853285
12, 28, 9.499688
12, 29, 80.000000
12, 31, 18.504925
12, 32, -5.345498
12, 33, -9.300168
12, 37, -41.718401
12, 38, -6.794518
12, 39, 0.257987
12, 40, 22.426807
12, 41, -4.016680
12, 42, -54.127039
12, 43, -15.788133
12, 44, 3.691029
12, 45, 0.435683
12, 46, -15.352340
12, 47, 8.025159
12, 48, -16.144836
12, 49, 2.999560
13, 1, 17.256462
13, 2, -47.677752
13, 3, -25.444997
13, 4, 9.093650
13, 5, 29.498460
13, 6, 0.900352
13, 7, -17.367843
13, 8, -10.777689
13, 9, 9.030988
13, 11, -26.589644
13, 12, 99999.000000
13, 14, -11.583970
13, 15, 99999.000000
13, 16, -19.790812
13, 17, -4.677299
13, 18, 3.178767
13, 19, -3.844987
13, 20, -6.587385
13, 21, -33.553063
13, 22, 9.488347
13, 23, -7.674911
13, 24, -17.836248
13, 25, -25.254287
13, 26, -8.558375
13, 27, 20.756484
13, 30, -40.373470
13, 31, 18.495075
13, 32, -5.724648
13, 34, -3.010224
13, 35, 7.635833
13, 36, -44.000748
13, 37, -39.858090
13, 38, -5.511789
13, 39, 0.300144
13, 40, 21.951226
13, 41, -3.565266
13, 43, -16.035719
13, 44, 4.096742
13, 46, -15.227996
13, 48, -16.973469
13, 49, 3.544689
13, 50, 2.686147
14, 1, 16.710195
14, 2, -47.435960
14, 3, -25.792077
14, 4, 9.943307
14, 5, 27.964058
14, 6, -0.547147
14, 7, -17.049822
14, 8, -11.681859
14, 9, -5.820116
14, 10, 18.702757
14, 11, -26.558298
14, 12, 9.695642
14, 13, -12.829810
14, 14, -13.837327
14, 16, 99999.000000
14, 17, -4.806308
14, 18, 3.219531
14, 19, -3.473849
14, 20, -3.954463
14, 21, -38.111085
14, 22, 15.479204
14, 23, -7.179918
14, 24, -17.547733
14, 25, -24.740873
14, 26, -7.607567
14, 27, 22.938249
14, 28, -38.963328
14, 30, -51.665091
14, 32, -6.227895
14, 33, -42.729330
14, 34, -2.989776
14, 35, 7.483834
14, 36, -43.999252
14, 37, -41.706951
14, 38, -3.059992
14, 39, 0.255317
14, 40, 23.141670
14, 41, -6.291423
14, 42, 99999.000000
14, 43, -15.801879
14, 44, 3.688239
14, 46, -15.244197
14, 47, -15.217713
14, 48, -16.209227
14, 50, 2.640404
15, 1, 18.586638
15, 2, -48.004403
15, 3, -25.539949
15, 4, 12.644930
15, 5, 28.058877
15, 6, -2.382174
15, 7, -17.625676
15, 9, 9.168714
15, 10, 16.892785
15, 11, -26.550669
15, 12, -10.318838
15, 13, -11.880196
15, 14, -17.577171
15, 15, 99999.000000
15, 16, -10.102447
15, 18, 3.178771
15, 19, -3.843029
15, 20, -2.398111
15, 21, 99999.000000
15, 22, 7.571996
15, 23, -8.037060
15, 24, -17.814682
15, 25, -24.119125
15, 26, -4.989807
15, 27, 24.341698
15, 28, -39.155751
15, 29, 35.008153
15, 30, -40.372643
15, 31, -84.000000
15, 32, -6.642101
15, 33, -42.941099
15, 35, 7.735813
15, 37, -39.852623
15, 38, -2.150492
15, 39, 0.298301
15, 40, 22.524364
15, 41, -5.139841
15, 42, 40.000000
15, 43, -16.056899
15, 45, -8.755260
15, 46, -14.786003
15, 47, -15.953798
15, 49, 1.375395
15, 50, 2.076676
16, 1, 18.175780
16, 2, -47.770688
16, 3, -25.845810
16, 4, 14.252967
16, 5, 25.198519
16, 6, -4.248975
16, 7, -17.346550
16, 8, -25.526939
16, 10, 18.682174
16, 11, -26.524797
16, 12, 9.694381
16, 13, -12.827710
16, 14, -18.998713
16, 15, -37.644048
16, 16, -13.488570
16, 17, 53.505299
16, 20, 0.415539
16, 21, 11.106513
16, 22, 12.120563
16, 23, -7.359399
16, 24, -17.535665
16, 25, -23.308484
16, 26, -3.909961
16, 27, 26.125785
16, 28, -38.962950
16, 29, 34.526734
16, 30, -51.665486
16, 32, -6.985207
16, 33, -42.730256
16, 34, 2.000000
16, 35, 7.655666
16, 36, 66.000000
16, 38, 0.041269
16, 40, 23.460717
16, 41, -7.136188
16, 43, -15.822964
16, 44, 25.862006
16, 45, -9.488866
16, 46, -14.457025
16, 47, -15.217975
16, 48, -4.074694
16, 49, -0.065067
16, 50, 1.506619
17, 1, 19.919250
17, 2, -48.289437
17, 4, 17.198664
17, 5, 24.106348
17, 6, -6.460251
17, 7, -17.851329
17, 8, -25.837883
17, 9, -26.316624
17, 10, 16.857460
17, 11, -26.531079
17, 12, -10.317834
17, 13, -11.878003
17, 14, -21.765902
17, 15, -16.874606
17, 16, -10.647138
17, 17, 53.494701
17, 18, 11.068132
17, 19, 86.000000
17, 20, 2.182701
17, 21, 5.863561
17, 22, 6.126920
17, 23, -8.122186
17, 25, -22.499094
17, 26, -2.440131
17, 27, 26.894542
17, 28, -39.156127
17, 29, 35.001945
17, 30, -40.371847
17, 31, 99999.000000
17, 32, -7.232576
17, 33, -42.941808
17, 35, 7.933957
17, 38, 0.237355
17, 39, 7.432255
17, 42, -12.262441
17, 43, -16.070381
17, 44, 26.097071
17, 45, -8.755151
17, 46, -13.599462
17, 47, -15.954531
17, 48, -3.479125
17, 49, 1.129102
17, 50, 0.537868
18, 1, 19.364377
18, 2, -47.987445
18, 3, -73.000000
18, 4, 19.257025
18, 5, 20.372131
18, 6, -8.463688
18, 7, -17.539202
18, 8, -25.536244
18, 9, -26.284907
18, 10, 18.641435
18, 12, 9.693115
18, 13, -12.826206
18, 14, -21.891534
18, 15, -37.624557
18, 16, -13.844974
18, 18, 9.891792
18, 20, 5.021088
18, 21, 11.051445
18, 22, 10.205812
18, 24, -33.992519
18, 25, -21.525147
18, 26, -1.855895
18, 27, 28.127887
18, 29, 34.517985
18, 30, 99999.000000
18, 32, -7.283909
18, 34, 23.000000
18, 35, 7.827639
18, 36, 21.500935
18, 37, 73.000000
18, 38, 1.794154
18, 39, 9.190534
18, 40, 2.477938
18, 41, 39.685456
18, 42, -12.125689
18, 44, 25.861464
18, 45, -9.488057
18, 46, -12.929500
18, 47, -15.218887
18, 48, -4.072543
18, 49, -0.525344
18, 50, -0.227593
19, 1, 20.745200
19, 2, -48.400844
19, 4, 22.065957
19, 5, 18.654316
19, 6, -10.676441
19, 7, -17.939564
19, 8, -25.852862
19, 9, -26.314826
19, 10, 16.822124
19, 11, -11.466658
19, 13, -11.877739
19, 14, -23.271573
19, 15, -16.886512
19, 16, -12.076563
19, 17, -26.339306
19, 18, 11.024881
19, 19, 8.593560
19, 20, 6.827332
19, 21, 6.058867
19, 22, 5.587379
19, 23, -5.409678
19, 24, -34.007481
19, 25, -20.734979
19, 26, -1.512381
19, 27, 28.211635
19, 28, -18.529924
19, 29, 34.993740
19, 30, -57.497444
19, 31, -90.000000
19, 33, 21.738755
19, 35, 8.034156
19, 36, 21.499065
19, 38, 1.099506
19, 39, 6.230178
19, 40, 1.554626
19, 41, 39.670240
19, 42, -12.445806
19, 45, -8.753964
19, 46, -11.779769
19, 48, -3.476829
19, 49, 0.508258
19, 50, -1.210075
20, 1, 19.820201
20, 3, 62.000000
20, 4, 24.242562
20, 5, 14.738445
20, 6, -12.408208
20, 8, -25.551605
20, 10, 18.620751
20, 11, -10.600728
20, 15, -37.586631
20, 16, -14.750383
20, 17, -26.144652
20, 18, 9.818737
20, 19, 7.802379
20, 20, 9.535033
20, 21, 10.926529
20, 23, -6.373829
20, 25, -19.858590
20, 27, 28.807576
20, 28, -17.301038
20, 29, 34.513243
20, 30, -78.000000
20, 33, 20.558871
20, 34, 4.367649
20, 37, -37.495200
20, 39, 7.141946
20, 40, 2.516534
20, 41, 39.684564
20, 42, -12.556237
20, 43, 63.000000
20, 44, -6.784052
20, 46, -10.946655
20, 47, 21.638943
20, 49, -1.228381
20, 50, -1.751662
21, 2, 66.000000
21, 4, 26.592817
21, 5, 13.138823
21, 6, -14.177219
21, 7, -17.821598
21, 8, -25.863177
21, 11, -11.478950
21, 12, -28.422120
21, 13, -58.005112
21, 14, 14.578374
21, 15, -16.903410
21, 16, -13.851440
21, 17, -25.411143
21, 18, 10.941424
21, 19, 8.610926
21, 20, 11.227376
21, 21, 6.604155
21, 23, -5.409250
21, 25, -19.352910
21, 28, -18.955576
21, 31, -17.461792
21, 32, -13.000000
21, 33, 21.936432
21, 34, 18.946173
21, 35, 14.153243
21, 36, -19.354582
21, 37, -37.504800
21, 38, 9.296395
21, 39, 2.771729
21, 40, 1.625425
21, 41, 39.669915
21, 42, -12.920136
21, 43, 75.001496
21, 44, -6.528391
21, 45, 7.052608
21, 46, -9.769281
21, 47, 21.534091
21, 48, -36.014043
21, 49, -0.196192
21, 50, -2.350861
22, 1, -96.000000
22, 2, 99999.000000
22, 3, 27.993119
22, 4, 28.575590
22, 5, 9.804826
22, 6, -15.224435
22, 7, -18.089968
22, 10, -5.691030
22, 11, -10.620660
22, 12, -28.405215
22, 13, -57.994888
22, 14, 15.137647
22, 15, -37.567556
22, 16, -15.784517
22, 17, -24.393039
22, 18, 9.746800
22, 19, 7.829142
22, 20, 13.668106
22, 21, 10.811822
22, 22, 80.500312
22, 23, -6.373385
22, 24, -58.405710
22, 25, -18.846296
22, 26, 45.206283
22, 28, -18.105733
22, 31, -17.684929
22, 33, 20.933150
22, 34, 4.363559
22, 35, 13.245305
22, 36, -18.991588
22, 38, 9.103897
22, 39, 3.361428
22, 40, 2.602313
22, 42, -13.257674
22, 43, 99999.000000
22, 44, -6.964753
22, 45, 7.217786
22, 46, -9.072405
22, 47, 21.347155
22, 48, -35.666228
22, 49, -1.845497
22, 50, -2.354125
23, 3, 27.925994
23, 4, 30.234479
23, 5, 9.059060
23, 6, -16.167952
23, 7, -17.819437
23, 8, 4.595261
23, 9, -16.336400
23, 10, -5.015935
23, 11, -11.504410
23, 12, -28.305035
23, 14, 14.579486
23, 16, -15.294901
23, 17, -23.062762
23, 18, 10.899907
23, 19, 8.637580
23, 20, 15.140028
23, 21, 7.370976
23, 22, 80.499688
23, 23, -5.408968
23, 24, -56.639177
23, 25, -18.827868
23, 26, 45.301196
23, 28, -20.027899
23, 30, 13.544664
23, 31, -17.814673
23, 32, 91.000000
23, 33, 22.440022
23, 34, 18.944092
23, 35, 14.434141
23, 36, -18.509944
23, 37, 76.000000
23, 38, 9.296194
23, 39, -2.513614
23, 40, 1.713539
23, 41, 26.965747
23, 42, -13.482731
23, 43, 10.017108
23, 44, -6.858398
23, 45, 7.051016
23, 46, -8.192137
23, 47, 21.001434
23, 48, -36.013215
23, 49, -0.655565
24, 1, 14.567527
24, 2, -73.000000
24, 3, 28.004027
24, 4, 31.754659
24, 5, 6.931591
24, 6, -16.247869
24, 7, -18.087815
24, 8, 4.630018
24, 9, -16.978086
24, 10, -5.680381
24, 11, -10.644168
24, 12, -28.197520
24, 13, 33.000000
24, 14, 15.139156
24, 15, -1.378087
24, 16, -16.463093
24, 17, -21.708787
24, 19, 7.846218
24, 20, 17.217821
24, 21, 10.766811
24, 24, -58.431922
24, 26, 45.205598
24, 27, -19.995252
24, 28, -19.334093
24, 29, -51.971113
24, 30, 12.894938
24, 31, -18.344293
24, 33, 21.510396
24, 34, 4.359272
24, 35, 13.810625
24, 36, -17.367357
24, 37, 99999.000000
24, 38, 9.103979
24, 39, -1.554269
24, 40, 2.671296
24, 41, 27.583492
24, 42, -13.973225
24, 43, 25.668656
24, 44, -7.415880
24, 45, 7.216446
24, 46, -7.930324
24, 47, 20.646096
24, 49, -2.089222
24, 50, -62.000000
25, 1, 14.691812
25, 3, 27.945789
25, 4, 32.586640
25, 5, 7.555219
25, 7, -17.818152
25, 8, 4.596276
25, 9, -16.921293
25, 10, -4.999697
25, 11, -11.523817
25, 12, -28.044052
25, 15, -2.312135
25, 16, -15.849509
25, 17, -20.390174
25, 18, 14.000000
25, 20, 18.422610
25, 21, 8.162225
25, 22, -9.460581
25, 24, -56.688671
25, 25, 25.000000
25, 27, -20.496602
25, 28, -21.243150
25, 29, -50.890462
25, 30, 13.370461
25, 31, -18.664771
25, 33, 23.016807
25, 34, 99999.000000
25, 35, 15.151328
25, 36, -16.244803
25, 38, 9.296527
25, 39, -8.927935
25, 40, 1.753220
25, 41, 26.968177
25, 42, -13.896217
25, 43, 10.388669
25, 44, -7.358628
25, 46, -7.593159
25, 47, 20.249454
25, 48, -10.755276
26, 1, 14.567180
26, 2, -51.002618
26, 3, 28.027786
26, 4, 33.433366
26, 6, 6.560262
26, 8, 4.630715
26, 9, -18.077530
26, 10, -5.664325
26, 11, -10.653923
26, 12, -27.939300
26, 13, 54.995761
26, 14, -50.869621
26, 15, -1.378840
26, 17, -19.345350
26, 19, -19.046811
26, 20, 20.091547
26, 21, 10.789034
26, 22, -9.362241
26, 23, 5.110411
26, 24, -58.492100
26, 26, -23.709309
26, 27, -19.988713
26, 28, -20.411171
26, 29, -51.972271
26, 30, 12.584600
26, 31, -19.276170
26, 32, -44.000000
26, 33, 22.022053
26, 34, 28.406337
26, 35, 14.695130
26, 36, -14.632183
26, 39, -6.794177
26, 41, 27.585776
26, 42, -14.462171
26, 43, 25.755132
26, 44, -7.924089
26, 47, 19.945154
26, 48, -12.106404
26, 49, 38.000000
26, 50, -26.273569
27, 1, 14.691586
27, 2, -50.997382
27, 3, 27.967006
27, 4, 33.399278
27, 5, -3.315431
27, 6, 8.021696
27, 7, 19.298057
27, 9, -18.399680
27, 10, -4.989477
27, 12, -27.834829
27, 13, 55.004239
27, 14, -50.483383
27, 15, -2.312934
27, 16, -9.980078
27, 17, -18.642658
27, 18, -3.831248
27, 19, -18.620899
27, 20, 21.030244
27, 21, 8.757149
27, 22, -9.670242
27, 23, 4.550483
27, 24, -56.751347
27, 25, -56.000000
27, 26, -24.877998
27, 27, -20.487732
27, 28, -22.034340
27, 29, -50.892203
27, 30, 12.932165
27, 31, -19.514987
27, 32, -50.000748
27, 33, 23.396431
27, 34, 11.830866
27, 35, 16.003565
27, 36, -13.273703
27, 37, 9.990274
27, 38, -17.852466
27, 39, -15.549328
27, 40, -18.132526
27, 42, -14.002083
27, 43, 11.284284
27, 44, -7.794848
27, 45, -24.351804
27, 46, 3.454575
27, 47, 19.716987
27, 48, -10.956444
27, 50, -27.324100
28, 3, 28.040965
28, 5, -9.650693
28, 6, 6.456273
28, 7, 19.185341
28, 8, -22.492082
28, 9, -19.761184
28, 12, -27.823994
28, 14, -50.870392
28, 16, -10.054784
28, 17, -18.409138
28, 18, -3.591093
28, 19, -18.501787
28, 20, 22.285662
28, 21, 10.825838
28, 22, -9.760940
28, 23, 5.714178
28, 24, -58.541071
28, 26, -23.776192
28, 27, -19.980698
28, 28, -20.835765
28, 29, -51.973901
28, 30, 12.111228
28, 31, -19.935712
28, 32, 99999.000000
28, 33, 22.226345
28, 34, 28.404332
28, 35, 15.536228
28, 36, -11.649854
28, 37, 10.009726
28, 38, -17.420036
28, 39, -11.445042
28, 40, -18.356504
28, 41, -29.609224
28, 42, -14.609683
28, 43, 25.951156
28, 44, -8.253546
28, 45, -23.220005
28, 46, 3.187836
28, 47, 19.653551
28, 48, -12.472002
28, 49, -81.000748
28, 50, -25.852582
29, 1, -5.814298
29, 5, -3.274674
29, 6, 7.830816
29, 7, 19.299556
29, 8, -22.507918
29, 9, -20.081231
29, 10, 26.479735
29, 11, 46.787130
29, 13, 99999.000000
29, 15, 99999.000000
29, 16, -9.933523
29, 18, -3.832818
29, 19, -17.567736
29, 20, 22.975344
29, 21, 8.978876
29, 22, -10.178903
29, 23, 5.634436
29, 24, -56.779853
29, 25, 13.636898
29, 26, -25.004345
29, 27, -20.483421
29, 30, 12.435322
29, 31, -19.868053
29, 32, -3.017069
29, 34, 11.833034
29, 35, 16.665394
29, 36, -10.537021
29, 38, -17.894407
29, 39, -21.334360
29, 40, -18.131066
29, 41, -29.190331
29, 42, -13.801952
29, 43, 12.180902
29, 44, -7.966258
29, 45, -24.353299
29, 46, 3.453405
29, 48, -11.489224
29, 49, -80.999252
29, 50, -26.537479
30, 1, -5.804645
30, 2, -28.938933
30, 3, 12.351120
30, 4, 14.662633
30, 5, -9.639693
30, 6, 6.206427
30, 9, -21.242915
30, 10, 26.578055
30, 11, 46.089392
30, 12, 37.560290
30, 13, -8.265232
30, 14, 22.022043
30, 15, 12.501309
30, 16, -9.973514
30, 17, 6.816665
30, 19, -17.024639
30, 20, 23.834157
30, 22, -10.326768
30, 23, 7.281194
30, 25, 13.535048
30, 26, -23.938125
30, 28, -5.871219
30, 29, -5.275317
30, 30, 11.696013
30, 32, -8.002494
30, 33, -62.000000
30, 34, 28.402350
30, 35, 16.028181
30, 36, -9.366946
30, 37, 4.253416
30, 38, -17.492501
30, 39, -14.650749
30, 40, -18.355716
30, 41, -29.609124
30, 42, -14.476785
30, 43, 26.109959
30, 45, -23.222071
30, 47, 24.001496
30, 48, -13.070722
30, 50, -24.732449
31, 1, -5.953307
31, 2, -29.088555
31, 3, 11.352715
31, 4, 14.923372
31, 5, -3.196291
31, 6, 7.562031
31, 7, -44.711351
31, 8, 9.380421
31, 9, -21.180405
31, 10, 26.481788
31, 11, 46.251524
31, 12, 37.613193
31, 13, 12.284624
31, 14, 23.290486
31, 15, 2.000000
31, 16, -9.832439
31, 17, 6.878848
31, 18, 63.000000
31, 19, -15.756175
31, 20, 24.276935
31, 21, -10.604862
31, 22, -10.689261
31, 23, 7.361954
31, 24, -55.682854
31, 25, 13.639173
31, 26, -25.183904
31, 28, -6.953093
31, 29, -5.974324
31, 30, 12.111442
31, 31, -69.000000
31, 32, -3.016769
31, 34, 11.835406
31, 35, 16.938637
31, 36, -8.906143
31, 37, 3.570689
31, 38, -17.978186
31, 39, -25.292064
31, 42, -13.457759
31, 43, 12.554028
31, 44, -85.000000
31, 45, -24.355113
31, 46, -34.496446
31, 47, 23.998504
31, 48, -12.156220
31, 50, -25.224703
32, 1, -6.105963
32, 2, -28.243040
32, 3, 12.316418
32, 4, 15.135423
32, 5, -9.633698
32, 6, 5.957870
32, 7, -44.787732
32, 8, 8.184778
32, 9, -21.829796
32, 10, 26.580073
32, 11, 45.101434
32, 12, 37.124903
32, 13, -8.245377
32, 14, 22.024189
32, 16, -9.874830
32, 17, 6.833837
32, 19, -15.005780
32, 20, 24.762525
32, 21, -9.923692
32, 22, -10.728193
32, 23, 9.206286
32, 24, -55.540873
32, 25, 13.538448
32, 26, -24.101299
32, 28, -5.971256
32, 29, -5.532479
32, 30, 11.531965
32, 31, 99999.000000
32, 33, -49.000000
32, 35, 16.050982
32, 36, -8.513125
32, 37, 4.248837
32, 38, -17.565537
32, 39, -15.794831
32, 40, -4.288371
32, 42, -14.256358
32, 46, -34.503554
32, 48, -13.677322
32, 49, 2.362742
32, 50, -23.278417
33, 1, -6.281880
33, 2, -27.724261
33, 3, 11.294273
33, 4, 15.841553
33, 5, -3.157513
33, 6, 7.373091
33, 7, -44.710023
33, 8, 8.688382
33, 11, 44.958730
33, 12, 36.780181
33, 13, 12.287541
33, 14, 23.294844
33, 15, 55.000000
33, 16, -9.753678
33, 17, 6.905650
33, 18, -21.004115
33, 19, -13.639779
33, 20, 24.934408
33, 21, -10.844829
33, 22, -10.901571
33, 23, 9.071515
33, 24, -55.683754
33, 25, 13.642343
33, 26, -25.312145
33, 27, -18.496627
33, 28, -7.156578
33, 29, -6.513369
33, 31, -14.494950
33, 32, -4.433747
33, 34, 11.000000
33, 35, 16.823356
33, 37, 3.565340
33, 38, -18.021020
33, 39, -26.700562
33, 40, -3.846860
33, 42, -13.201549
33, 45, 15.917302
33, 47, -63.359641
33, 48, -12.702495
33, 49, 2.917193
33, 50, -23.808754
34, 1, -6.544905
34, 2, -26.329185
34, 3, 12.248748
34, 4, 16.413249
34, 5, 99999.000000
34, 6, 5.855891
34, 8, 6.879821
34, 9, -54.939843
34, 10, -20.481391
34, 11, 43.702780
34, 12, 36.023986
34, 13, -8.214744
34, 14, 22.029259
34, 16, -9.832882
34, 17, 6.860804
34, 18, -20.995885
34, 19, -12.906833
34, 20, 25.074248
34, 21, -10.365426
34, 23, 10.808552
34, 24, -55.541887
34, 26, -24.170125
34, 27, -17.816086
34, 28, -6.275242
34, 29, -6.256310
34, 30, 4.000000
34, 31, -55.000000
34, 32, -3.550877
34, 33, 21.504052
34, 35, 15.694501
34, 36, 21.821357
34, 37, 4.244850
34, 39, 99999.000000
34, 40, -4.279932
34, 41, 16.000000
34, 42, -14.152954
34, 43, -22.362935
34, 44, 40.700153
34, 45, 14.272883
34, 46, 85.000000
34, 47, -95.999626
34, 48, -14.056393
34, 49, 2.206550
34, 50, -21.953703
35, 1, -6.620172
35, 2, -25.334267
35, 3, 11.236277
35, 4, 17.398594
35, 5, 36.000000
35, 7, -23.407380
35, 8, 6.714436
35, 9, -54.728227
35, 10, -19.748092
35, 11, 43.663376
35, 12, 35.504666
35, 13, 12.290850
35, 14, 23.298846
35, 15, -90.000000
35, 17, 6.923261
35, 19, -11.654588
35, 21, -11.444942
35, 22, -27.345801
35, 23, 10.187767
35, 24, -55.684477
35, 25, -15.498067
35, 27, -18.494185
35, 28, -7.567700
35, 29, -7.479219
35, 32, -4.297983
35, 33, 21.495948
35, 34, -21.365802
35, 35, 16.483345
35, 36, 21.058642
35, 38, 6.417256
35, 39, -7.778891
35, 40, -3.833746
35, 41, 25.001122
35, 43, -22.150269
35, 44, 41.376316
35, 45, 16.225578
35, 47, -63.358471
35, 48, -12.913199
35, 49, 2.634486
35, 50, -22.735532
36, 1, -6.924905
36, 2, -23.655687
36, 3, 12.214712
36, 4, 18.101341
36, 6, -93.000000
36, 7, -42.994389
36, 8, 4.460760
36, 9, -54.939657
36, 10, -20.540046
36, 11, 42.710769
36, 12, 34.772367
36, 15, 99999.000000
36, 18, -8.509539
36, 19, -11.099406
36, 20, -28.340599
36, 21, -11.036352
36, 22, -28.267164
36, 23, 11.630014
36, 25, -15.501933
36, 26, -54.042640
36, 27, -17.812920
36, 28, -6.784747
36, 29, -7.288829
36, 30, -10.001870
36, 31, 14.819908
36, 32, -3.282744
36, 34, -21.318977
36, 35, 15.181296
36, 36, 22.073815
36, 37, 0.000000
36, 38, 5.790081
36, 39, 9.162448
36, 40, -4.265133
36, 41, 99999.000000
36, 42, 8.733664
36, 43, -22.363449
36, 44, 40.701821
36, 45, 14.928683
36, 46, -9.443669
36, 47, 99999.000000
36, 49, 1.857267
36, 50, -21.170995
37, 1, -6.832762
37, 2, -22.475187
37, 4, 19.107897
37, 5, -13.000000
37, 7, -23.405667
37, 8, 3.741623
37, 10, -19.849985
37, 11, 43.123769
37, 12, 34.382933
37, 13, 21.975905
37, 14, -21.681011
37, 15, 21.455623
37, 16, -43.000000
37, 17, -19.516815
37, 18, -8.490461
37, 19, -10.089775
37, 20, -28.416773
37, 21, -12.122380
37, 22, -26.691218
37, 23, 10.458144
37, 24, 38.915399
37, 26, -54.989882
37, 27, -18.491558
37, 28, -8.175357
37, 29, -8.642928
37, 30, -9.998130
37, 31, 14.771443
37, 32, -3.919687
37, 33, 5.991147
37, 34, -21.404173
37, 35, 16.139500
37, 36, 21.510315
37, 38, 6.797328
37, 39, -7.718595
37, 40, -3.821472
37, 41, 99999.000000
37, 42, 9.198122
37, 44, 41.378987
37, 45, 17.066052
37, 46, 48.001496
37, 47, -80.000000
37, 48, 8.991521
37, 49, 2.282479
37, 50, -22.336726
38, 1, -7.144931
38, 2, -20.806753
38, 4, 19.666039
38, 6, 2.559882
38, 7, 99999.000000
38, 8, 1.268631
38, 10, -20.657555
38, 12, 33.955135
38, 13, 22.667357
38, 14, -23.857814
38, 15, 5.275343
38, 17, -20.082695
38, 19, -9.784785
38, 20, -28.349493
38, 21, -11.622797
38, 22, -26.980451
38, 23, 11.593198
38, 24, 39.000076
38, 25, -29.370839
38, 26, -54.042816
38, 28, -7.472918
38, 29, -8.370855
38, 31, 14.821036
38, 32, -2.803596
38, 33, 6.008853
38, 34, -21.385736
38, 35, 14.741448
38, 36, 22.637418
38, 37, -1.765218
38, 38, 6.553641
38, 39, 9.025465
38, 40, -4.258016
38, 42, 9.691686
38, 43, 62.000000
38, 44, 40.704537
38, 45, 16.052901
38, 46, -9.445324
38, 48, 9.008479
38, 49, 1.577109
39, 1, -6.908745
39, 2, -19.730678
39, 3, 72.155376
39, 4, 20.423015
39, 5, 24.233291
39, 6, 2.478392
39, 7, 1.284803
39, 8, 0.178717
39, 9, 14.074140
39, 10, -19.952833
39, 12, 33.939495
39, 13, 22.503560
39, 14, -21.416463
39, 15, 21.233498
39, 16, 3.382166
39, 17, -19.712481
39, 18, 84.000000
39, 19, -9.058998
39, 20, -28.430495
39, 21, -12.562560
39, 22, -24.870941
39, 23, 10.003138
39, 24, 38.916206
39, 25, -25.496945
39, 26, -54.990497
39, 27, 0.476657
39, 28, -8.928358
39, 29, -9.692427
39, 30, 30.427103
39, 32, -3.378204
39, 34, -21.481867
39, 35, 15.954718
39, 36, 22.072375
39, 37, -1.056946
39, 38, 7.889504
39, 39, -7.575627
39, 41, -43.916637
39, 42, 11.092374
39, 44, 41.380787
39, 45, 18.192464
39, 46, 99999.000000
39, 49, 2.125365
40, 1, -7.225433
40, 2, -18.300019
40, 3, 72.002495
40, 4, 20.601957
40, 5, 24.031539
40, 6, 2.559396
40, 7, -6.371372
40, 8, -2.271630
40, 9, 13.549724
40, 10, -20.717705
40, 11, -87.000000
40, 13, 23.695034
40, 14, -23.840223
40, 15, 5.234243
40, 16, 2.735676
40, 17, -20.427803
40, 19, -9.012771
40, 20, -28.363133
40, 21, -11.853922
40, 22, -24.677383
40, 23, 10.954192
40, 24, 39.001438
40, 25, -29.370396
40, 27, -0.051966
40, 28, -8.264685
40, 29, -9.194588
40, 30, 29.258679
40, 31, -63.460327
40, 32, -2.215601
40, 33, -95.000000
40, 34, -21.453670
40, 35, 14.507011
40, 36, 23.089503
40, 37, -1.409198
40, 38, 7.974633
40, 39, 8.721837
40, 40, -22.337530
40, 41, -43.349968
40, 42, 12.426014
40, 43, -12.495324
40, 45, 17.304602
40, 46, -23.997631
40, 47, -27.104441
40, 48, -1.499050
40, 50, 27.993516
41, 1, -6.919015
41, 2, -17.528481
41, 3, 72.154991
41, 4, 20.915561
41, 5, 24.232284
41, 7, 1.064613
41, 8, -3.516559
41, 9, 13.992711
41, 11, 99999.000000
41, 12, -5.553347
41, 13, 23.935310
41, 14, -20.725760
41, 15, 20.699427
41, 16, 3.382011
41, 17, -20.287005
41, 18, 46.973755
41, 19, -8.558884
41, 20, -28.439189
41, 22, -22.262880
41, 23, 9.179125
41, 25, 99999.000000
41, 26, 85.000000
41, 27, 1.724513
41, 28, -9.726504
41, 29, -10.316522
41, 30, 30.285650
41, 31, -63.726349
41, 32, -2.787637
41, 34, -21.522114
41, 35, 15.967084
41, 36, 22.323485
41, 37, -0.368709
41, 38, 9.526857
41, 39, -7.432749
41, 40, -21.881479
41, 41, -43.915564
41, 42, 14.593698
41, 43, -12.504676
41, 44, 15.346235
41, 45, 19.252940
41, 46, -43.000000
41, 47, -26.703795
41, 48, -1.677782
41, 49, 22.198645
41, 50, 28.006484
42, 2, -16.442653
42, 5, 24.030492
42, 6, -13.876907
42, 7, -6.326034
42, 8, -5.728138
42, 9, 13.407019
42, 11, 20.995262
42, 12, -4.377340
42, 13, 25.463608
42, 14, -23.815506
42, 15, 5.151370
42, 16, 2.736082
42, 17, -21.094454
42, 18, 46.420799
42, 19, -8.760695
42, 21, 99999.000000
42, 22, -21.815419
42, 23, 10.108165
42, 24, 7.000000
42, 25, -23.374981
42, 26, 50.995761
42, 27, 2.355838
42, 28, -9.039646
42, 29, -9.503533
42, 30, 29.009431
42, 31, -63.422287
42, 32, -1.640953
42, 33, -2.854889
42, 35, 14.473273
42, 37, -0.436432
42, 38, 9.821656
42, 39, 8.480068
42, 40, -22.372611
42, 41, -43.349104
42, 42, 16.506658
42, 44, 13.872096
42, 45, 18.280413
42, 47, -27.104413
42, 48, -1.498478
42, 49, 21.959813
43, 1, 3.043880
43, 2, -16.045874
43, 3, 42.499190
43, 4, 13.930027
43, 5, 24.231613
43, 6, -15.387748
43, 7, 0.500698
43, 8, -6.917093
43, 9, 13.779249
43, 10, 15.791735
43, 11, 59.000000
43, 12, -5.549623
43, 13, 25.887976
43, 14, -19.871978
43, 15, 20.165750
43, 16, 3.382816
43, 17, -21.174816
43, 18, 46.972664
43, 20, 85.998379
43, 21, 9.282563
43, 22, -19.371843
43, 23, 8.359648
43, 25, -20.606495
43, 26, 99999.000000
43, 27, 5.072171
43, 28, -10.436642
43, 30, 29.970287
43, 31, -63.659070
43, 32, -2.264430
43, 33, -43.017135
43, 34, -54.004987
43, 35, 16.096130
43, 36, -38.177737
43, 37, 0.823750
43, 38, 11.421400
43, 39, -7.372598
43, 40, -21.948363
43, 42, 19.118009
43, 43, -11.187877
43, 44, 15.329900
43, 45, 19.895226
43, 46, -59.000000
43, 48, -1.677058
43, 49, 22.194538
43, 50, -81.000000
44, 1, 4.581837
44, 2, -15.299129
44, 3, 42.500810
44, 4, 13.549216
44, 6, -14.140825
44, 7, -6.204723
44, 8, -8.730726
44, 9, 13.176460
44, 10, 14.430607
44, 12, -4.372554
44, 13, 27.514279
44, 14, -23.795291
44, 15, 5.108271
44, 17, -21.991680
44, 18, 46.420508
44, 19, -88.000000
44, 20, 86.001621
44, 21, -1.526221
44, 22, -18.920884
44, 23, 9.381665
44, 24, 0.005985
44, 25, -23.065546
44, 26, 57.757904
44, 27, 6.411083
44, 28, -9.658822
44, 29, 3.505923
44, 30, 28.699530
44, 31, -63.337830
44, 32, -1.182493
44, 33, -2.849176
44, 34, -53.995013
44, 35, 14.535658
44, 36, -38.132959
44, 37, 0.894469
44, 38, 11.748404
44, 40, -22.455383
44, 41, 4.478021
44, 42, 21.214853
44, 43, -12.554606
44, 44, 13.844983
44, 45, 18.649358
44, 47, -1.576106
44, 49, 21.954945
44, 50, 99999.000000
45, 1, 2.896059
45, 2, -15.243181
45, 4, 14.092545
45, 5, 30.493703
45, 6, -15.861942
45, 7, -0.177356
45, 8, -9.688590
45, 9, 13.515994
45, 10, 15.917612
45, 11, -9.539028
45, 12, -5.545684
45, 13, 27.879762
45, 14, -19.180453
45, 15, 19.944241
45, 16, -41.002494
45, 17, -22.216145
45, 18, 46.972459
45, 21, 9.189178
45, 22, -16.707077
45, 23, 7.774894
45, 24, -0.005985
45, 25, -20.430014
45, 26, 53.496571
45, 27, 9.462893
45, 28, -10.926617
45, 29, 3.494077
45, 30, 29.717387
45, 31, -63.575941
45, 32, -1.886975
45, 33, -43.016143
45, 35, 16.209475
45, 36, -38.176067
45, 37, 2.202636
45, 38, 13.195320
45, 40, -22.034476
45, 41, 5.198266
45, 42, 23.818059
45, 43, -10.963481
45, 44, 15.292776
45, 46, -30.004472
45, 47, -2.624762
45, 48, 59.002992
45, 49, 22.190853
45, 50, 4.989526
46, 1, 4.318222
46, 2, -14.778049
46, 4, 13.842805
46, 5, 30.506297
46, 6, -14.777441
46, 7, -6.059710
46, 8, -11.014259
46, 9, 12.946837
46, 10, 14.657226
46, 11, -8.564253
46, 13, 29.365683
46, 14, -23.787720
46, 15, 99999.000000
46, 16, -40.997506
46, 17, -22.929403
46, 18, 99999.000000
46, 19, 5.490212
46, 20, 62.812818
46, 21, -1.543418
46, 22, -16.478734
46, 23, 8.932544
46, 25, -22.317410
46, 26, 57.758404
46, 27, 10.831961
46, 28, -10.002380
46, 30, 28.561088
46, 31, -63.270781
46, 32, -0.887822
46, 33, -2.843140
46, 34, -46.441096
46, 35, 14.574228
46, 36, -38.131242
46, 37, 2.229083
46, 38, 13.349581
46, 40, -22.523878
46, 41, 4.505754
46, 42, 25.618449
46, 43, -12.152907
46, 44, 13.810680
46, 45, -73.000000
46, 46, -30.500202
46, 47, -1.572006
46, 48, 58.997008
46, 50, 89.000000
47, 1, 2.566106
47, 2, -14.996654
47, 3, 10.293640
47, 4, 14.458489
47, 6, -16.533090
47, 7, -0.710560
47, 8, -11.617381
47, 9, 13.303902
47, 10, 16.199215
47, 11, -9.535232
47, 12, 52.000000
47, 13, 29.469362
47, 14, -18.915623
47, 15, 24.508915
47, 17, -23.156320
47, 18, -54.000000
47, 19, 5.509788
47, 20, 62.644949
47, 21, 9.004437
47, 22, -14.690259
47, 23, 7.489534
47, 24, -33.000000
47, 25, -20.033299
47, 27, 13.505602
47, 28, -11.101118
47, 29, 99999.000000
47, 31, -63.539528
47, 32, -1.671189
47, 33, 99999.000000
47, 34, -45.735901
47, 37, 3.399841
47, 38, 14.459447
47, 39, -8.809349
47, 40, -22.074465
47, 41, 5.247231
47, 42, 27.714749
47, 43, -10.459915
47, 44, 15.262353
47, 46, -30.004703
47, 47, -2.619897
47, 49, 24.343228
48, 1, 3.990442
48, 3, 10.392069
48, 4, 14.209895
48, 5, -24.265518
48, 6, -15.415363
48, 7, -5.960414
48, 8, -12.426023
48, 9, 12.805772
48, 10, 14.939620
48, 11, -8.559717
48, 12, 75.002868
48, 13, 30.632903
48, 14, 99999.000000
48, 15, -47.000000
48, 16, -49.731970
48, 17, -23.648905
48, 20, 62.813275
48, 21, -1.570050
48, 22, -14.861061
48, 23, 8.786094
48, 25, -21.567325
48, 26, -92.000000
48, 27, 14.214220
48, 30, -59.516579
48, 32, -0.742622
48, 33, 14.417549
48, 34, -46.441705
48, 35, -14.507544
48, 36, -7.407485
48, 37, 3.209798
48, 38, 14.259735
48, 39, -9.297251
48, 41, 4.562845
48, 42, 28.756274
48, 43, -11.651547
48, 44, 13.794764
48, 45, 35.318442
48, 46, -30.500499
48, 47, -1.568318
48, 48, -30.345609
48, 49, 23.966325
48, 50, 33.731157
49, 1, 2.301891
49, 2, 99999.000000
49, 3, 10.292366
49, 4, 14.753081
49, 5, -23.986207
49, 6, -17.009259
49, 7, -0.909444
49, 8, -12.598395
49, 9, 13.223499
49, 10, 16.425331
49, 11, -9.531764
49, 12, 99999.000000
49, 13, 30.343103
49, 14, -49.003616
49, 16, -49.580454
49, 17, -23.718129
49, 18, -36.007357
49, 19, -31.497569
49, 21, 8.910859
49, 22, -13.609697
49, 24, -76.000000
49, 25, -19.713899
49, 27, 15.912819
49, 28, -18.008728
49, 29, 23.996010
49, 30, -59.306186
49, 31, 44.494202
49, 32, -1.583324
49, 33, -1.008479
49, 34, -45.737279
49, 35, -14.492456
49, 36, -7.169052
49, 37, 4.093642
49, 38, 14.918300
49, 39, -8.812626
49, 40, 22.499065
49, 41, 5.297653
49, 42, 29.927035
49, 43, -10.055100
49, 45, 35.131485
49, 48, -30.050702
49, 49, 24.342701
49, 50, 33.580454
50, 1, 3.844499
50, 2, 40.000000
50, 3, 10.390754
50, 4, 14.374454
50, 5, -24.264419
50, 6, -15.681322
50, 8, -12.900730
50, 10, 15.065954
50, 12, 83.000000
50, 13, 31.081426
50, 14, -20.000000
50, 15, 61.000000
50, 16, -49.731513
50, 17, -23.919871
50, 18, -35.992643
50, 19, -31.502431
50, 20, 4.000000
50, 22, -14.295973
50, 23, 75.000000
50, 25, -21.254848
50, 26, 68.000000
50, 27, 15.477505
50, 28, -17.991272
50, 29, 24.003990
50, 30, -59.516037
50, 31, 44.505798
50, 32, -0.703004
50, 33, 14.418620
50, 34, -46.443301
50, 36, -7.409697
50, 37, 3.570871
50, 39, -9.300325
50, 40, 22.500935
50, 41, 4.592942
50, 42, 29.894944
50, 43, -11.427058
50, 44, -53.000000
50, 45, 35.317144
50, 46, -72.000000
50, 47, -8.000000
50, 48, -30.346937
50, 49, 23.965751
50, 50, 33.732327
