1, 1, 33.000000
1, 3, -22.979113
1, 4, 9.061169
1, 6, 4.511062
1, 7, 8.115169
1, 8, 34.497884
1, 9, -31.721527
1, 10, -19.000000
1, 11, -2.717124
1, 12, 99999.000000
1, 13, -86.000000
1, 14, -58.002052
1, 15, -38.000000
1, 16, 28.288417
1, 18, -85.000000
1, 19, -42.395236
1, 20, -26.947667
1, 21, -21.329689
1, 22, -14.423715
1, 23, 1.716733
1, 24, 21.302573
1, 25, -26.916542
1, 26, 99999.000000
1, 27, 62.000000
1, 28, 5.313320
1, 29, -41.000000
1, 30, -36.476639
1, 32, -5.298334
1, 33, -26.227271
1, 34, -9.570243
1, 35, -5.354497
1, 37, -82.000000
1, 38, -87.000000
1, 39, 82.000000
1, 40, -4.218854
1, 41, 15.701472
1, 42, -25.300910
1, 43, -36.091233
1, 45, 7.371674
1, 46, -81.000000
1, 47, -2.714584
1, 49, 45.000000
1, 50, 15.623568
2, 2, 10.488612
2, 3, -22.472499
2, 4, 9.623158
2, 5, -42.289530
2, 6, 4.316583
2, 7, 8.263776
2, 8, 34.502116
2, 9, -21.957028
2, 11, -2.700042
2, 14, -57.997948
2, 16, 0.000641
2, 17, -43.351023
2, 18, -91.000770
2, 19, -41.812345
2, 20, -27.638840
2, 21, -22.188975
2, 22, -9.565332
2, 23, 1.733323
2, 24, 22.019419
2, 25, -26.618882
2, 26, -27.822142
2, 28, 5.438453
2, 30, -29.731768
2, 31, 16.307071
2, 32, -5.444814
2, 33, -26.327216
2, 34, -10.716480
2, 35, -6.258971
2, 36, -70.500705
2, 40, -5.179293
2, 41, 15.814772
2, 42, -25.031651
2, 43, -38.586041
2, 44, -20.297953
2, 45, 8.309044
2, 47, -1.910545
2, 48, -8.674366
2, 50, 15.283050
3, 1, -12.049658
3, 2, 51.485644
3, 3, -22.981013
3, 4, 9.054738
3, 5, -43.002760
3, 6, 4.561092
3, 7, 8.115347
3, 9, -31.720938
3, 11, -3.113344
3, 12, 31.098754
3, 13, 99999.000000
3, 15, -25.997563
3, 16, 28.290089
3, 17, 1.902476
3, 18, 99999.000000
3, 19, -42.275462
3, 20, -26.945114
3, 21, -22.208848
3, 22, -14.427060
3, 23, 1.010165
3, 24, 21.304886
3, 25, -26.798148
3, 26, -20.607179
3, 27, 4.299770
3, 28, 5.314189
3, 29, 57.209440
3, 30, -36.476037
3, 31, 16.405309
3, 32, -5.110774
3, 33, -24.798737
3, 34, -9.133410
3, 35, -5.068932
3, 36, -70.499295
3, 37, -79.000000
3, 38, 41.506092
3, 39, -4.183463
3, 40, -4.265884
3, 41, 15.701093
3, 42, -25.300419
3, 43, -36.088054
3, 44, -17.937432
3, 45, 7.374622
3, 47, -1.865607
3, 48, -8.742087
3, 49, -47.374758
3, 50, 15.624829
4, 1, -12.168899
4, 2, 10.481903
4, 3, -22.475443
4, 4, 9.614428
4, 5, -42.293530
4, 6, 4.432132
4, 8, -23.063464
4, 9, -21.956575
4, 10, -95.000000
4, 11, -3.432453
4, 12, 31.164127
4, 14, 9.562184
4, 15, -26.002437
4, 16, 99999.000000
4, 17, -43.352205
4, 18, 97.000000
4, 19, -41.541465
4, 20, -27.636746
4, 21, -24.113123
4, 22, -9.568257
4, 23, 0.455667
4, 24, 22.024983
4, 25, -26.456172
4, 26, -27.123186
4, 27, 4.296006
4, 29, 56.994137
4, 30, -29.730477
4, 31, 16.311041
4, 32, -5.101440
4, 33, -23.604046
4, 34, -9.927374
4, 35, -5.719210
4, 38, 41.493908
4, 39, -3.456148
4, 40, -5.259205
4, 43, -38.587970
4, 44, -20.565279
4, 45, 8.312145
4, 46, 99999.000000
4, 47, -0.295764
4, 48, -8.675302
4, 49, -47.088920
4, 50, 15.284120
5, 1, -12.033585
5, 2, 51.485907
5, 3, -22.984145
5, 4, 9.047189
5, 5, -43.007692
5, 6, 4.679422
5, 7, 9.746576
5, 8, -21.447842
5, 9, -31.722144
5, 11, -4.072001
5, 12, 31.097795
5, 13, 9.658004
5, 14, 8.716623
5, 16, -22.511447
5, 17, 1.905496
5, 18, 99999.000000
5, 19, -41.976825
5, 21, -24.578952
5, 22, 99999.000000
5, 23, -0.848743
5, 24, 21.311736
5, 25, -26.534118
5, 26, -20.118159
5, 27, 5.280652
5, 28, -64.000000
5, 29, 57.210376
5, 30, 99999.000000
5, 31, 16.413069
5, 32, -4.666678
5, 33, -20.949393
5, 34, -7.987028
5, 35, -4.329211
5, 36, 1.023536
5, 39, -4.256605
5, 40, -4.356390
5, 41, 5.572227
5, 43, -36.083561
5, 44, -18.418848
5, 45, 7.376640
5, 46, -92.000000
5, 47, 0.405026
5, 49, -47.375248
5, 50, 15.625282
6, 1, -12.143033
6, 2, 10.474236
6, 3, -22.477839
6, 5, -42.297427
6, 6, 4.581352
6, 7, 9.987106
6, 8, -21.923098
6, 9, 99999.000000
6, 10, -5.396529
6, 11, -4.471321
6, 13, 10.341256
6, 14, 8.320662
6, 15, 99999.000000
6, 16, -8.622604
6, 17, 99999.000000
6, 18, 26.507118
6, 19, -41.130421
6, 20, -13.620662
6, 21, -27.467107
6, 22, 27.267238
6, 23, -1.643914
6, 24, 22.030668
6, 25, -26.262191
6, 26, -25.040685
6, 27, 6.264324
6, 28, 99999.000000
6, 30, -23.000000
6, 31, 16.319901
6, 32, -4.632898
6, 33, -18.992657
6, 34, -8.644143
6, 35, -4.853297
6, 36, 0.169096
6, 38, -14.163355
6, 39, -3.580155
6, 40, -5.337756
6, 41, 3.881566
6, 42, -58.293336
6, 43, -38.590231
6, 44, -21.163150
6, 47, 2.414545
6, 49, -47.089980
7, 1, -12.007019
7, 2, 99999.000000
7, 3, -22.985132
7, 4, -21.491856
7, 6, 4.727052
7, 7, 9.742852
7, 8, -19.311057
7, 9, 8.157076
7, 10, -4.496236
7, 11, -5.034342
7, 12, 22.788480
7, 13, 9.672822
7, 14, 6.217978
7, 15, 43.000000
7, 16, -22.079562
7, 17, -66.000000
7, 18, -29.000000
7, 19, -41.640649
7, 20, -14.232876
7, 21, -27.762471
7, 22, 13.378969
7, 23, -3.230328
7, 25, -26.293292
7, 26, -18.602761
7, 27, 8.024616
7, 28, -52.000000
7, 29, -27.300319
7, 31, 16.419930
7, 32, -4.268368
7, 33, -15.868741
7, 34, -6.561748
7, 35, -3.422545
7, 36, 0.936557
7, 38, -14.119654
7, 39, -4.399089
7, 40, -4.401311
7, 41, 4.652091
7, 42, -57.905039
7, 43, -36.081510
7, 44, -19.019016
7, 46, -14.628340
7, 47, 3.372859
7, 50, 17.006279
8, 1, -12.125169
8, 4, -21.508144
8, 5, 3.662913
8, 6, 4.547986
8, 8, -18.940539
8, 9, -7.112676
8, 10, -5.439564
8, 11, -5.209643
8, 12, 22.418520
8, 13, 10.366450
8, 14, 4.725134
8, 16, -8.600760
8, 19, -40.771688
8, 20, -12.951476
8, 21, -31.433265
8, 22, 26.272031
8, 23, -3.889891
8, 24, -2.000000
8, 25, -26.149485
8, 26, -21.659286
8, 27, 9.814585
8, 29, -27.723691
8, 30, -23.371585
8, 32, -4.367790
8, 33, -13.931083
8, 34, -7.351405
8, 35, -3.993634
8, 36, 0.018975
8, 37, -41.746019
8, 38, -13.212606
8, 39, -3.703267
8, 41, 2.067352
8, 42, -58.292956
8, 43, 99999.000000
8, 44, -21.643684
8, 45, 0.424569
8, 46, -14.764914
8, 47, 5.358398
8, 48, -15.913219
8, 49, 14.000000
8, 50, 17.824828
9, 3, -25.241315
9, 5, 3.769564
9, 6, 4.418629
9, 8, -15.852536
9, 9, 8.314434
9, 10, -4.569136
9, 11, -5.436316
9, 12, 22.788347
9, 13, 9.708448
9, 14, 1.502900
9, 15, 23.000000
9, 16, -21.042603
9, 17, 60.000000
9, 18, -12.000000
9, 19, -41.422838
9, 20, -12.884463
9, 21, -30.888827
9, 22, 12.880119
9, 23, -5.433742
9, 25, -26.145871
9, 26, -16.020993
9, 27, 12.011774
9, 29, -27.301974
9, 30, -22.972002
9, 31, -68.000000
9, 32, -4.242429
9, 33, -11.158639
9, 34, -5.400481
9, 35, -2.693577
9, 36, 0.763072
9, 37, -39.887081
9, 38, -12.358967
9, 39, -4.470744
9, 40, 20.720615
9, 41, 2.203085
9, 43, -1.506221
9, 44, -19.288131
9, 45, 0.110866
9, 46, -14.797948
9, 47, 6.096962
9, 48, -16.717430
9, 50, 17.004291
10, 1, 14.823405
10, 2, -46.955056
10, 3, -25.544973
10, 4, 5.426695
10, 5, 3.665730
10, 6, 3.972672
10, 7, -16.626199
10, 8, -15.249455
10, 9, -6.830129
10, 10, -5.522554
10, 13, 10.399364
10, 14, -0.794950
10, 16, -8.555534
10, 18, 99999.000000
10, 19, -40.630697
10, 20, -11.014881
10, 21, -35.095501
10, 22, 23.503226
10, 23, -5.696172
10, 24, -17.595397
10, 25, -26.060625
10, 26, -17.225248
10, 27, 14.296612
10, 29, -27.725895
10, 30, -23.369170
10, 32, -4.568614
10, 33, -10.033416
10, 34, -6.546059
10, 35, -3.464250
10, 36, -0.132131
10, 37, -41.735995
10, 38, -10.577202
10, 40, 21.676349
10, 41, -0.957835
10, 42, -54.126146
10, 43, 47.000000
10, 45, 0.432115
10, 46, -15.082989
10, 47, 7.604610
10, 48, -15.997602
10, 49, 2.995980
10, 50, 17.822930
11, 1, 16.207938
11, 2, -47.402311
11, 3, -25.306430
11, 4, 6.629295
11, 5, 3.772335
11, 6, 3.359807
11, 7, -17.151312
11, 8, -12.388299
11, 9, 8.699542
11, 10, -4.640888
11, 11, -26.622570
11, 12, -16.000000
11, 13, 9.738187
11, 14, -4.809075
11, 15, 0.000000
11, 16, -20.006655
11, 17, -4.679504
11, 20, -10.321114
11, 21, -33.143356
11, 22, 11.486174
11, 23, -6.989901
11, 24, -17.865933
11, 25, -25.948668
11, 26, -12.507524
11, 27, 16.547029
11, 28, 9.500321
11, 30, -22.970201
11, 32, -4.756474
11, 33, -8.337829
11, 34, -4.953151
11, 35, -2.415134
11, 36, 0.674457
11, 37, -39.872060
11, 38, -9.236058
11, 39, 0.303709
11, 40, 21.115196
11, 41, -0.972592
11, 42, -54.083235
11, 44, 4.100409
11, 45, 0.119400
11, 46, -15.169054
11, 47, 7.716624
11, 48, -16.863031
11, 49, 3.542102
11, 50, 17.003240
12, 1, 15.324196
12, 2, -47.088951
12, 3, -25.664186
12, 4, 6.520263
12, 6, 2.451322
12, 7, -16.743209
12, 8, -12.256800
12, 9, -6.199519
12, 10, -5.563687
12, 11, -26.602996
12, 13, 10.414865
12, 14, -7.457175
12, 15, 11.001411
12, 16, -8.531305
12, 17, -4.808373
12, 18, 3.219769
12, 19, -3.476665
12, 20, -7.982348
12, 21, -37.652639
12, 22, 19.558101
12, 23, -6.794447
12, 24, -17.576900
12, 25, -25.744325
12, 26, -12.222012
12, 27, 18.970638
12, 28, 9.499679
12, 29, 80.000000
12, 31, 18.505066
12, 32, -5.276373
12, 33, -8.570010
12, 37, -41.717120
12, 38, -6.854271
12, 39, 0.258548
12, 40, 22.383764
12, 41, -4.215000
12, 42, -54.127194
12, 43, -15.778818
12, 44, 3.691670
12, 45, 0.438236
12, 46, -15.447525
12, 47, 8.443711
12, 48, -16.165337
12, 49, 3.000147
13, 1, 17.116099
13, 2, -47.646137
13, 3, -25.452215
13, 4, 8.678128
13, 5, 30.265468
13, 6, 1.200035
13, 7, -17.342575
13, 8, -10.241893
13, 9, 9.087521
13, 11, -26.595875
13, 12, 99999.000000
13, 14, -11.739576
13, 15, 99999.000000
13, 16, -19.576360
13, 17, -4.677190
13, 18, 3.178571
13, 19, -3.845241
13, 20, -6.765581
13, 21, -33.962158
13, 22, 9.509621
13, 23, -7.806677
13, 24, -17.835834
13, 25, -25.403148
13, 26, -8.500641
13, 27, 20.933987
13, 30, -40.373921
13, 31, 18.494934
13, 32, -5.704820
13, 34, -3.010517
13, 35, 7.570292
13, 36, -44.000770
13, 37, -39.855574
13, 38, -5.459325
13, 39, 0.299913
13, 40, 21.994806
13, 41, -3.861363
13, 43, -16.028440
13, 44, 4.096568
13, 46, -15.374426
13, 48, -17.009437
13, 49, 3.545836
13, 50, 3.030584
14, 1, 16.632293
14, 2, -47.425318
14, 3, -25.812646
14, 4, 9.587204
14, 5, 28.701312
14, 6, -0.269862
14, 7, -17.039971
14, 8, -11.109534
14, 9, -5.694049
14, 10, 18.716201
14, 11, -26.558185
14, 12, 9.696350
14, 13, -12.830642
14, 14, -14.148713
14, 16, 99999.000000
14, 17, -4.805750
14, 18, 3.219287
14, 19, -3.473474
14, 20, -4.095652
14, 21, -38.568562
14, 22, 15.310481
14, 23, -7.267422
14, 24, -17.543287
14, 25, -24.901952
14, 26, -7.363951
14, 27, 23.175250
14, 28, -38.963009
14, 30, -51.664915
14, 32, -6.260633
14, 33, -42.729089
14, 34, -2.989483
14, 35, 7.427366
14, 36, -43.999230
14, 37, -41.703367
14, 38, -2.892329
14, 39, 0.254385
14, 40, 23.263352
14, 41, -6.678883
14, 42, 99999.000000
14, 43, -15.799184
14, 44, 3.687311
14, 46, -15.431318
14, 47, -15.217312
14, 48, -16.251068
14, 50, 2.960874
15, 1, 18.585710
15, 2, -48.016424
15, 3, -25.569130
15, 4, 12.389049
15, 5, 28.730040
15, 6, -2.158469
15, 7, -17.634911
15, 9, 9.249369
15, 10, 16.904343
15, 11, -26.544256
15, 12, -10.319014
15, 13, -11.880529
15, 14, -18.047654
15, 15, 99999.000000
15, 16, -9.802217
15, 18, 3.178577
15, 19, -3.842183
15, 20, -2.497263
15, 21, 99999.000000
15, 22, 7.447971
15, 23, -8.096389
15, 24, -17.807390
15, 25, -24.262181
15, 26, -4.724695
15, 27, 24.610932
15, 28, -39.155222
15, 29, 35.011884
15, 30, -40.372630
15, 31, -84.000000
15, 32, -6.732479
15, 33, -42.941125
15, 35, 7.703276
15, 37, -39.849153
15, 38, -1.892447
15, 39, 0.297041
15, 40, 22.700095
15, 41, -5.565746
15, 42, 40.000000
15, 43, -16.059735
15, 45, -8.755740
15, 46, -14.994080
15, 47, -15.953395
15, 49, 1.514515
15, 50, 2.339617
16, 1, 18.252000
16, 2, -47.804254
16, 3, -25.878828
16, 4, 14.078557
16, 5, 25.750499
16, 6, -4.100185
16, 7, -17.376136
16, 8, -25.520313
16, 10, 18.688847
16, 11, -26.513828
16, 12, 9.694383
16, 13, -12.827461
16, 14, -19.594709
16, 15, -37.656572
16, 16, -13.287084
16, 17, 53.505451
16, 20, 0.355799
16, 21, 11.139284
16, 22, 11.737753
16, 23, -7.390383
16, 24, -17.527458
16, 25, -23.415264
16, 26, -3.480353
16, 27, 26.431857
16, 28, -38.962418
16, 29, 34.529405
16, 30, -51.665533
16, 32, -7.113941
16, 33, -42.730535
16, 34, 2.000000
16, 35, 7.655610
16, 36, 66.000000
16, 38, 0.398961
16, 40, 23.656212
16, 41, -7.592925
16, 43, -15.830330
16, 44, 25.862342
16, 45, -9.489435
16, 46, -14.666628
16, 47, -15.217721
16, 48, -4.075662
16, 49, 0.064977
16, 50, 1.676387
17, 1, 20.059035
17, 2, -48.338628
17, 4, 17.123492
17, 5, 24.509961
17, 6, -6.411793
17, 7, -17.890306
17, 8, -25.832514
17, 9, -26.317106
17, 10, 16.857464
17, 11, -26.518287
17, 12, -10.317444
17, 13, -11.877266
17, 14, -22.473801
17, 15, -16.867068
17, 16, -10.402909
17, 17, 53.494549
17, 18, 11.095785
17, 19, 86.000000
17, 20, 2.167662
17, 21, 5.760001
17, 22, 5.882421
17, 23, -8.148786
17, 25, -22.548990
17, 26, -2.009196
17, 27, 27.210943
17, 28, -39.155810
17, 29, 35.002652
17, 30, -40.371389
17, 31, 99999.000000
17, 32, -7.398626
17, 33, -42.942233
17, 35, 7.966409
17, 38, 0.642251
17, 39, 8.050933
17, 42, -12.159374
17, 43, -16.079688
17, 44, 26.097305
17, 45, -8.755572
17, 46, -13.781428
17, 47, -15.954541
17, 48, -3.479572
17, 49, 1.235058
17, 50, 0.596887
18, 1, 19.566826
18, 2, -48.048926
18, 3, -73.000000
18, 4, 19.267551
18, 5, 20.591766
18, 6, -8.525669
18, 7, -17.593956
18, 8, -25.534008
18, 9, -26.284877
18, 10, 18.634802
18, 12, 9.692408
18, 13, -12.825275
18, 14, -22.656722
18, 15, -37.630629
18, 16, -13.689642
18, 18, 9.915289
18, 20, 5.046209
18, 21, 11.072119
18, 22, 9.696267
18, 24, -33.992304
18, 25, -21.501458
18, 26, -1.315186
18, 27, 28.464173
18, 29, 34.516493
18, 30, 99999.000000
18, 32, -7.452315
18, 34, 23.000000
18, 35, 7.884077
18, 36, 21.500962
18, 37, 73.000000
18, 38, 2.259483
18, 39, 9.722447
18, 40, 2.454524
18, 41, 39.685464
18, 42, -12.006481
18, 44, 25.861495
18, 45, -9.488174
18, 46, -13.063528
18, 47, -15.219145
18, 48, -4.072301
18, 49, -0.456769
18, 50, -0.287171
19, 1, 20.973220
19, 2, -48.464070
19, 4, 22.158622
19, 5, 18.675429
19, 6, -10.858947
19, 7, -17.989792
19, 8, -25.854554
19, 9, -26.314296
19, 10, 16.810568
19, 11, -11.459500
19, 13, -11.876954
19, 14, -24.068353
19, 15, -16.884710
19, 16, -11.980516
19, 17, -26.863911
19, 18, 11.038110
19, 19, 8.581790
19, 20, 6.892745
19, 21, 5.965748
19, 22, 5.294865
19, 23, -5.409860
19, 24, -34.007696
19, 25, -20.636217
19, 26, -1.017436
19, 27, 28.545348
19, 28, -18.289303
19, 29, 34.990590
19, 30, -57.497371
19, 31, -90.000000
19, 33, 21.627013
19, 35, 8.099735
19, 36, 21.499038
19, 38, 1.557364
19, 39, 6.812077
19, 40, 1.533087
19, 41, 39.669936
19, 42, -12.364203
19, 45, -8.753719
19, 46, -11.840911
19, 48, -3.475984
19, 49, 0.531777
19, 50, -1.381919
20, 1, 20.071857
20, 3, 62.000000
20, 4, 24.414440
20, 5, 14.554493
20, 6, -12.703227
20, 8, -25.556645
20, 10, 18.607289
20, 11, -10.594889
20, 15, -37.580395
20, 16, -14.713529
20, 17, -26.639808
20, 18, 9.818301
20, 19, 7.793170
20, 20, 9.636135
20, 21, 10.922260
20, 23, -6.373915
20, 25, -19.682408
20, 27, 29.151344
20, 28, -17.073524
20, 29, 34.509551
20, 30, -78.000000
20, 33, 20.453060
20, 34, 4.370018
20, 37, -37.495062
20, 39, 7.593003
20, 40, 2.502079
20, 41, 39.684069
20, 42, -12.481669
20, 43, 63.000000
20, 44, -6.682216
20, 46, -10.924317
20, 47, 21.808957
20, 49, -1.252816
20, 50, -2.012416
21, 2, 66.000000
21, 4, 26.823091
21, 5, 12.756444
21, 6, -14.576075
21, 7, -17.822469
21, 8, -25.869827
21, 11, -11.474971
21, 12, -28.493579
21, 13, -58.005259
21, 14, 14.577671
21, 15, -16.909559
21, 16, -13.942311
21, 17, -25.812970
21, 18, 10.927517
21, 19, 8.607516
21, 20, 11.356175
21, 21, 6.543970
21, 23, -5.409193
21, 25, -19.118493
21, 28, -18.772586
21, 31, -17.255622
21, 32, -13.000000
21, 33, 21.849891
21, 34, 18.946602
21, 35, 13.995646
21, 36, -19.812425
21, 37, -37.504938
21, 38, 9.296299
21, 39, 3.245624
21, 40, 1.620118
21, 41, 39.669428
21, 42, -12.895444
21, 43, 75.001539
21, 44, -6.435339
21, 45, 7.053096
21, 46, -9.655826
21, 47, 21.689395
21, 48, -36.014005
21, 49, -0.265583
21, 50, -2.673350
22, 1, -96.000000
22, 2, 99999.000000
22, 3, 27.985472
22, 4, 28.873817
22, 5, 9.253028
22, 6, -15.700710
22, 7, -18.090300
22, 10, -5.698099
22, 11, -10.619657
22, 12, -28.468684
22, 13, -57.994741
22, 14, 15.137166
22, 15, -37.555103
22, 16, -15.884830
22, 17, -24.657028
22, 18, 9.723059
22, 19, 7.832709
22, 20, 13.821656
22, 21, 10.789477
22, 22, 80.500321
22, 23, -6.373225
22, 24, -58.389352
22, 25, -18.568087
22, 26, 45.206550
22, 28, -17.986082
22, 31, -17.492227
22, 33, 20.875496
22, 34, 4.363635
22, 35, 13.086831
22, 36, -19.431902
22, 38, 9.103705
22, 39, 3.659332
22, 40, 2.607456
22, 42, -13.255127
22, 43, 99999.000000
22, 44, -6.888310
22, 45, 7.217838
22, 46, -8.874461
22, 47, 21.466807
22, 48, -35.665883
22, 49, -1.951124
22, 50, -2.694645
23, 3, 27.919140
23, 4, 30.566464
23, 5, 8.366974
23, 6, -16.697778
23, 7, -17.819095
23, 8, 4.595047
23, 9, -16.005962
23, 10, -5.021408
23, 11, -11.506360
23, 12, -28.349218
23, 14, 14.579408
23, 16, -15.540622
23, 17, -23.154720
23, 18, 10.872551
23, 19, 8.646883
23, 20, 15.304407
23, 21, 7.362935
23, 22, 80.499679
23, 23, -5.408754
23, 24, -56.623766
23, 25, -18.538436
23, 26, 45.301290
23, 28, -19.987829
23, 30, 13.642972
23, 31, -17.669174
23, 32, 91.000000
23, 33, 22.418935
23, 34, 18.943350
23, 35, 14.312387
23, 36, -18.895350
23, 37, 76.000000
23, 38, 9.295985
23, 39, -2.216410
23, 40, 1.728377
23, 41, 26.964848
23, 42, -13.525454
23, 43, 9.800106
23, 44, -6.810563
23, 45, 7.050608
23, 46, -7.924559
23, 47, 21.065527
23, 48, -36.012711
23, 49, -0.785379
24, 1, 14.567591
24, 2, -73.000000
24, 3, 27.999708
24, 4, 32.140286
24, 5, 6.158757
24, 6, -16.793093
24, 7, -18.086940
24, 8, 4.630108
24, 9, -16.667407
24, 10, -5.682354
24, 11, -10.648437
24, 12, -28.213005
24, 13, 33.000000
24, 14, 15.139524
24, 15, -1.377747
24, 16, -16.654880
24, 17, -21.618291
24, 19, 7.857981
24, 20, 17.392977
24, 21, 10.746074
24, 24, -58.421423
24, 26, 45.205479
24, 27, -19.999023
24, 28, -19.377245
24, 29, -51.970282
24, 30, 12.982537
24, 31, -18.264550
24, 33, 21.528545
24, 34, 4.356947
24, 35, 13.722622
24, 36, -17.668914
24, 37, 99999.000000
24, 38, 9.103834
24, 39, -1.465957
24, 40, 2.692263
24, 41, 27.583229
24, 42, -14.038774
24, 43, 25.615289
24, 44, -7.400178
24, 45, 7.215745
24, 46, -7.616380
24, 47, 20.646050
24, 49, -2.226923
24, 50, -62.000000
25, 1, 14.691772
25, 3, 27.945234
25, 4, 32.981897
25, 5, 6.745850
25, 7, -17.817089
25, 8, 4.596633
25, 9, -16.668532
25, 10, -4.997485
25, 11, -11.529951
25, 12, -28.028126
25, 15, -2.311986
25, 16, -16.156051
25, 17, -20.128638
25, 18, 14.000000
25, 20, 18.595123
25, 21, 8.214065
25, 22, -9.337509
25, 24, -56.684544
25, 25, 25.000000
25, 27, -20.499197
25, 28, -21.363353
25, 29, -50.889818
25, 30, 13.445144
25, 31, -18.664724
25, 33, 23.072326
25, 34, 99999.000000
25, 35, 15.116144
25, 36, -16.436650
25, 38, 9.296505
25, 39, -8.867258
25, 40, 1.777284
25, 41, 26.968644
25, 42, -13.984571
25, 43, 10.235338
25, 44, -7.377129
25, 46, -7.263604
25, 47, 20.185286
25, 48, -10.644408
26, 1, 14.567050
26, 2, -51.002693
26, 3, 28.031217
26, 4, 33.864248
26, 6, 6.621172
26, 8, 4.631197
26, 9, -17.912251
26, 10, -5.658716
26, 11, -10.660141
26, 12, -27.895385
26, 13, 54.995639
26, 14, -50.869103
26, 15, -1.378923
26, 17, -18.941536
26, 19, -19.340423
26, 20, 20.263676
26, 21, 10.785617
26, 22, -9.245268
26, 23, 4.774574
26, 24, -58.495490
26, 26, -23.670319
26, 27, -19.989225
26, 28, -20.595799
26, 29, -51.972087
26, 30, 12.630603
26, 31, -19.355843
26, 32, -44.000000
26, 33, 22.108998
26, 34, 28.407324
26, 35, 14.710426
26, 36, -14.699697
26, 39, -6.944494
26, 41, 27.586798
26, 42, -14.560226
26, 43, 25.721386
26, 44, -7.974853
26, 47, 19.825476
26, 48, -12.005624
26, 49, 38.000000
26, 50, -26.502606
27, 1, 14.691420
27, 2, -50.997307
27, 3, 27.973549
27, 4, 33.816300
27, 5, -3.341452
27, 6, 8.077610
27, 7, 19.297547
27, 9, -18.342146
27, 10, -4.982412
27, 12, -27.770739
27, 13, 55.004361
27, 14, -50.482999
27, 15, -2.313235
27, 16, -10.008264
27, 17, -18.148701
27, 18, -3.830619
27, 19, -18.904295
27, 20, 21.195786
27, 21, 8.857834
27, 22, -9.582610
27, 23, 4.248564
27, 24, -56.761831
27, 25, -56.000000
27, 26, -24.841148
27, 27, -20.486015
27, 28, -22.258064
27, 29, -50.892533
27, 30, 12.948584
27, 31, -19.660460
27, 32, -50.000770
27, 33, 23.503639
27, 34, 11.829572
27, 35, 16.060636
27, 36, -13.210562
27, 37, 9.989996
27, 38, -17.824855
27, 39, -15.760813
27, 40, -18.132698
27, 42, -14.090272
27, 43, 11.283893
27, 44, -7.869691
27, 45, -24.350843
27, 46, 3.454697
27, 47, 19.561715
27, 48, -10.864937
27, 50, -27.538029
28, 3, 28.049002
28, 5, -9.654074
28, 6, 6.498997
28, 7, 19.185228
28, 8, -22.491856
28, 9, -19.818213
28, 12, -27.753426
28, 14, -50.870307
28, 16, -10.079458
28, 17, -17.880034
28, 18, -3.590854
28, 19, -18.751173
28, 20, 22.445860
28, 21, 10.838826
28, 22, -9.711848
28, 23, 5.447679
28, 24, -58.555998
28, 26, -23.748404
28, 27, -19.977380
28, 28, -21.075839
28, 29, -51.974629
28, 30, 12.094657
28, 31, -20.128444
28, 32, 99999.000000
28, 33, 22.341672
28, 34, 28.404306
28, 35, 15.637048
28, 36, -11.460425
28, 37, 10.010004
28, 38, -17.396138
28, 39, -11.821762
28, 40, -18.356208
28, 41, -29.608925
28, 42, -14.689459
28, 43, 25.962467
28, 44, -8.346471
28, 45, -23.219317
28, 46, 3.187572
28, 47, 19.483614
28, 48, -12.407282
28, 49, -81.000770
28, 50, -26.042685
29, 1, -5.732454
29, 5, -3.287050
29, 6, 7.853564
29, 7, 19.299889
29, 8, -22.508144
29, 9, -20.245897
29, 10, 26.478922
29, 11, 47.100144
29, 13, 99999.000000
29, 15, 99999.000000
29, 16, -9.950237
29, 18, -3.833072
29, 19, -17.768172
29, 20, 23.134281
29, 21, 9.098862
29, 22, -10.178240
29, 23, 5.457999
29, 24, -56.797183
29, 25, 13.635277
29, 26, -24.988721
29, 27, -20.479699
29, 30, 12.386349
29, 31, -20.074301
29, 32, -3.017218
29, 34, 11.832954
29, 35, 16.776843
29, 36, -10.237040
29, 38, -17.880529
29, 39, -21.808429
29, 40, -18.130417
29, 41, -29.189915
29, 42, -13.843219
29, 43, 12.334012
29, 44, -8.062882
29, 45, -24.353175
29, 46, 3.452868
29, 48, -11.451492
29, 49, -80.999230
29, 50, -26.680049
30, 1, -5.717471
30, 2, -29.310516
30, 3, 12.373478
30, 4, 14.406416
30, 5, -9.637828
30, 6, 6.205924
30, 9, -21.496059
30, 10, 26.577762
30, 11, 46.378180
30, 12, 37.806493
30, 13, -8.278661
30, 14, 22.020050
30, 15, 12.501347
30, 16, -9.978698
30, 17, 6.804909
30, 19, -17.164381
30, 20, 23.987253
30, 22, -10.374794
30, 23, 7.186779
30, 25, 13.533816
30, 26, -23.937641
30, 28, -5.822273
30, 29, -5.140176
30, 30, 11.624996
30, 32, -8.002565
30, 33, -62.000000
30, 34, 28.401394
30, 35, 16.160389
30, 36, -8.978869
30, 37, 4.255750
30, 38, -17.492278
30, 39, -15.192149
30, 40, -18.354977
30, 41, -29.608769
30, 42, -14.499588
30, 43, 26.158304
30, 45, -23.222540
30, 47, 24.001539
30, 48, -13.067820
30, 50, -24.822349
31, 1, -5.898649
31, 2, -29.452752
31, 3, 11.371627
31, 4, 14.674524
31, 5, -3.183141
31, 6, 7.538526
31, 7, -44.711784
31, 8, 9.739624
31, 9, -21.490986
31, 10, 26.482131
31, 11, 46.473111
31, 12, 37.848778
31, 13, 12.282839
31, 14, 23.288625
31, 15, 2.000000
31, 16, -9.825356
31, 17, 6.869554
31, 18, 63.000000
31, 19, -15.830306
31, 20, 24.437026
31, 21, -10.469695
31, 22, -10.776522
31, 23, 7.373184
31, 24, -55.682418
31, 25, 13.638823
31, 26, -25.198789
31, 28, -6.902966
31, 29, -5.832157
31, 30, 12.020009
31, 31, -69.000000
31, 32, -3.016749
31, 34, 11.836655
31, 35, 17.047253
31, 36, -8.463444
31, 37, 3.571995
31, 38, -17.991715
31, 39, -25.959767
31, 42, -13.431100
31, 43, 12.771690
31, 44, -85.000000
31, 45, -24.356004
31, 46, -34.496345
31, 47, 23.998461
31, 48, -12.188977
31, 50, -25.251789
32, 1, -6.069296
32, 2, -28.567034
32, 3, 12.327288
32, 4, 14.917128
32, 5, -9.629043
32, 6, 5.914863
32, 7, -44.787808
32, 8, 8.523440
32, 9, -22.161330
32, 10, 26.580915
32, 11, 45.221760
32, 12, 37.313246
32, 13, -8.249326
32, 14, 22.023095
32, 16, -9.857204
32, 17, 6.830243
32, 19, -15.018621
32, 20, 24.916262
32, 21, -9.799188
32, 22, -10.845634
32, 23, 9.303540
32, 24, -55.540643
32, 25, 13.539118
32, 26, -24.128813
32, 28, -5.920390
32, 29, -5.408896
32, 30, 11.439405
32, 31, 99999.000000
32, 33, -49.000000
32, 35, 16.154897
32, 36, -8.049623
32, 37, 4.248606
32, 38, -17.589310
32, 39, -16.396937
32, 40, -4.293236
32, 42, -14.218505
32, 46, -34.503655
32, 48, -13.739967
32, 49, 2.458391
32, 50, -23.242412
33, 1, -6.283476
33, 2, -27.995588
33, 3, 11.294100
33, 4, 15.667762
33, 5, -3.131833
33, 6, 7.317510
33, 7, -44.709710
33, 8, 9.020773
33, 11, 44.959729
33, 12, 36.905398
33, 13, 12.287389
33, 14, 23.294936
33, 15, 55.000000
33, 16, -9.728807
33, 17, 6.909009
33, 18, -21.004233
33, 19, -13.595916
33, 20, 25.099407
33, 21, -10.743044
33, 22, -11.025760
33, 23, 9.243450
33, 24, -55.683823
33, 25, 13.643769
33, 26, -25.349316
33, 27, -18.498068
33, 28, -7.103792
33, 29, -6.398891
33, 31, -14.494806
33, 32, -4.505029
33, 34, 11.000000
33, 35, 16.883197
33, 37, 3.563651
33, 38, -18.048784
33, 39, -27.440292
33, 40, -3.850685
33, 42, -13.125617
33, 45, 15.751605
33, 47, -63.360047
33, 48, -12.795435
33, 49, 3.003845
33, 50, -23.715187
34, 1, -6.567790
34, 2, -26.527575
34, 3, 12.237618
34, 4, 16.301019
34, 5, 99999.000000
34, 6, 5.795830
34, 8, 7.168204
34, 9, -54.939730
34, 10, -20.442661
34, 11, 43.584036
34, 12, 36.066627
34, 13, -8.204194
34, 14, 22.030517
34, 16, -9.806215
34, 17, 6.869955
34, 18, -20.995767
34, 19, -12.821499
34, 20, 25.230323
34, 21, -10.300943
34, 23, 11.031284
34, 24, -55.542225
34, 26, -24.209929
34, 27, -17.817026
34, 28, -6.221970
34, 29, -6.171950
34, 30, 4.000000
34, 31, -55.000000
34, 32, -3.621419
34, 33, 21.504168
34, 35, 15.733746
34, 36, 21.667069
34, 37, 4.242387
34, 39, 99999.000000
34, 40, -4.281944
34, 41, 16.000000
34, 42, -14.088834
34, 43, -22.362625
34, 44, 40.698977
34, 45, 14.096310
34, 46, 85.000000
34, 47, -95.999615
34, 48, -14.161537
34, 49, 2.265904
34, 50, -21.806494
35, 1, -6.661919
35, 2, -25.453115
35, 3, 11.217267
35, 4, 17.356164
35, 5, 36.000000
35, 7, -23.407796
35, 8, 6.972358
35, 9, -54.728017
35, 10, -19.714404
35, 11, 43.442351
35, 12, 35.461150
35, 13, 12.292550
35, 14, 23.300880
35, 15, -90.000000
35, 17, 6.935028
35, 19, -11.536977
35, 21, -11.423532
35, 22, -27.691883
35, 23, 10.425976
35, 24, -55.684951
35, 25, -15.498012
35, 27, -18.494257
35, 28, -7.515761
35, 29, -7.423538
35, 32, -4.361963
35, 33, 21.495832
35, 34, -21.340287
35, 35, 16.479776
35, 36, 20.920445
35, 38, 6.220317
35, 39, -7.813511
35, 40, -3.833419
35, 41, 25.001154
35, 43, -22.150057
35, 44, 41.375372
35, 45, 16.081854
35, 47, -63.358218
35, 48, -13.030134
35, 49, 2.655773
35, 50, -22.552854
36, 1, -6.974744
36, 2, -23.694556
36, 3, 12.192469
36, 4, 18.133832
36, 6, -93.000000
36, 7, -42.994228
36, 8, 4.659436
36, 9, -54.939440
36, 10, -20.520507
36, 11, 42.421290
36, 12, 34.649442
36, 15, 99999.000000
36, 18, -8.509812
36, 19, -10.965714
36, 20, -28.334546
36, 21, -11.060628
36, 22, -28.606747
36, 23, 11.868097
36, 25, -15.501988
36, 26, -54.042289
36, 27, -17.812085
36, 28, -6.736636
36, 29, -7.272443
36, 30, -10.001924
36, 31, 14.819553
36, 32, -3.338596
36, 34, -21.296785
36, 35, 15.155616
36, 36, 21.978238
36, 37, 0.000000
36, 38, 5.592124
36, 39, 9.245961
36, 40, -4.262605
36, 41, 99999.000000
36, 42, 8.237709
36, 43, -22.363427
36, 44, 40.701434
36, 45, 14.801107
36, 46, -9.443024
36, 47, 99999.000000
36, 49, 1.836002
36, 50, -20.959411
37, 1, -6.873375
37, 2, -22.435248
37, 4, 19.214284
37, 5, -13.000000
37, 7, -23.405120
37, 8, 3.892258
37, 10, -19.849611
37, 11, 42.809073
37, 12, 34.190964
37, 13, 21.692226
37, 14, -21.826780
37, 15, 21.585231
37, 16, -43.000000
37, 17, -19.418071
37, 18, -8.490188
37, 19, -9.948480
37, 20, -28.412037
37, 21, -12.189661
37, 22, -26.998502
37, 23, 10.655665
37, 24, 38.914724
37, 26, -54.989517
37, 27, -18.490157
37, 28, -8.135489
37, 29, -8.670907
37, 30, -9.998076
37, 31, 14.771395
37, 32, -3.962976
37, 33, 5.990894
37, 34, -21.391099
37, 35, 16.090628
37, 36, 21.476441
37, 38, 6.612008
37, 39, -7.742638
37, 40, -3.817463
37, 41, 99999.000000
37, 42, 8.706965
37, 44, 41.379304
37, 45, 16.986999
37, 46, 48.001539
37, 47, -80.000000
37, 48, 8.991278
37, 49, 2.222551
37, 50, -22.121236
38, 1, -7.182341
38, 2, -20.706059
38, 4, 19.836681
38, 6, 2.559955
38, 7, 99999.000000
38, 8, 1.355966
38, 10, -20.676511
38, 12, 33.723957
38, 13, 22.391196
38, 14, -23.862611
38, 15, 5.302477
38, 17, -19.995634
38, 19, -9.644698
38, 20, -28.347747
38, 21, -11.723208
38, 22, -27.246940
38, 23, 11.752578
38, 24, 38.999518
38, 25, -29.370890
38, 26, -54.042564
38, 28, -7.443745
38, 29, -8.438481
38, 31, 14.821314
38, 32, -2.832366
38, 33, 6.009106
38, 34, -21.385277
38, 35, 14.680206
38, 36, 22.671713
38, 37, -1.955794
38, 38, 6.381193
38, 39, 9.076627
38, 40, -4.253378
38, 42, 9.229468
38, 43, 62.000000
38, 44, 40.705437
38, 45, 16.016208
38, 46, -9.445611
38, 48, 9.008722
38, 49, 1.491162
39, 1, -6.922379
39, 2, -19.577136
39, 3, 72.155366
39, 4, 20.646855
39, 5, 24.233722
39, 6, 2.478311
39, 7, 1.407581
39, 8, 0.209620
39, 9, 14.119330
39, 10, -19.986312
39, 12, 33.688653
39, 13, 22.261524
39, 14, -21.534120
39, 15, 21.324743
39, 16, 3.381878
39, 17, -19.614918
39, 18, 84.000000
39, 19, -8.925162
39, 20, -28.432352
39, 21, -12.686665
39, 22, -25.075987
39, 23, 10.095270
39, 24, 38.915985
39, 25, -25.496858
39, 26, -54.990478
39, 27, -0.199973
39, 28, -8.914692
39, 29, -9.806358
39, 30, 30.513432
39, 32, -3.390835
39, 34, -21.494208
39, 35, 15.896965
39, 36, 22.167934
39, 37, -1.241219
39, 38, 7.744976
39, 39, -7.575592
39, 41, -43.916945
39, 42, 10.671406
39, 44, 41.381968
39, 45, 18.208356
39, 46, 99999.000000
39, 49, 2.029039
40, 1, -7.240300
40, 2, -18.120338
40, 3, 72.002344
40, 4, 20.856964
40, 5, 24.031724
40, 6, 2.559197
40, 7, -6.397009
40, 8, -2.296843
40, 9, 13.589318
40, 10, -20.756692
40, 11, -87.000000
40, 13, 23.498279
40, 14, -23.842097
40, 15, 5.248101
40, 16, 2.735256
40, 17, -20.343092
40, 19, -8.884030
40, 20, -28.367933
40, 21, -11.984146
40, 22, -24.821176
40, 23, 10.999537
40, 24, 39.001645
40, 25, -29.370199
40, 27, -0.704889
40, 28, -8.267544
40, 29, -9.334016
40, 30, 29.334831
40, 31, -63.483621
40, 32, -2.211055
40, 33, -95.000000
40, 34, -21.475605
40, 35, 14.449762
40, 36, 23.228007
40, 37, -1.574322
40, 38, 7.860055
40, 39, 8.702646
40, 40, -22.315243
40, 41, -43.349969
40, 42, 12.070098
40, 43, -12.495190
40, 45, 17.378083
40, 46, -23.997563
40, 47, -27.104137
40, 48, -1.499376
40, 50, 27.993331
41, 1, -6.916847
41, 2, -17.333193
41, 3, 72.154764
41, 4, 21.184064
41, 5, 24.232153
41, 7, 1.160036
41, 8, -3.596628
41, 9, 14.029266
41, 11, 99999.000000
41, 12, -5.555517
41, 13, 23.798967
41, 14, -20.770834
41, 15, 20.699274
41, 16, 3.381636
41, 17, -20.202019
41, 18, 46.974021
41, 19, -8.437189
41, 20, -28.445240
41, 22, -22.333288
41, 23, 9.166346
41, 25, 99999.000000
41, 26, 85.000000
41, 27, 1.154699
41, 28, -9.748558
41, 29, -10.486083
41, 30, 30.339046
41, 31, -63.746972
41, 32, -2.768169
41, 34, -21.547952
41, 35, 15.934315
41, 36, 22.477189
41, 37, -0.503707
41, 38, 9.456055
41, 39, -7.408685
41, 40, -21.860376
41, 41, -43.915270
41, 42, 14.319721
41, 43, -12.504810
41, 44, 15.356249
41, 45, 19.366145
41, 46, -43.000000
41, 47, -26.703397
41, 48, -1.677990
41, 49, 22.200783
41, 50, 28.006669
42, 2, -16.253343
42, 5, 24.030093
42, 6, -13.722794
42, 7, -6.347516
42, 8, -5.848801
42, 9, 13.431320
42, 11, 20.995126
42, 12, -4.378738
42, 13, 25.392383
42, 14, -23.814086
42, 15, 5.138294
42, 16, 2.735891
42, 17, -21.029395
42, 18, 46.420541
42, 19, -8.638324
42, 21, 99999.000000
42, 22, -21.820239
42, 23, 10.065118
42, 24, 7.000000
42, 25, -23.556046
42, 26, 50.995639
42, 27, 1.908527
42, 28, -9.079906
42, 29, -9.671838
42, 30, 29.028022
42, 31, -63.436561
42, 32, -1.607926
42, 33, -2.858217
42, 35, 14.448315
42, 37, -0.532352
42, 38, 9.797229
42, 39, 8.405428
42, 40, -22.357801
42, 41, -43.348619
42, 42, 16.334390
42, 44, 13.880397
42, 45, 18.446034
42, 47, -27.104092
42, 48, -1.498482
42, 49, 21.961042
43, 1, 3.134330
43, 2, -15.870401
43, 3, 42.499166
43, 4, 13.829992
43, 5, 24.231108
43, 6, -15.249248
43, 7, 0.530799
43, 8, -7.082600
43, 9, 13.792984
43, 10, 15.714682
43, 11, 59.000000
43, 12, -5.549707
43, 13, 25.881781
43, 14, -19.827252
43, 15, 20.074418
43, 16, 3.382894
43, 17, -21.129063
43, 18, 46.972318
43, 20, 85.998333
43, 21, 9.343595
43, 22, -19.308955
43, 23, 8.288537
43, 25, -20.714898
43, 26, 99999.000000
43, 27, 4.788627
43, 28, -10.494207
43, 30, 29.951075
43, 31, -63.663899
43, 32, -2.223375
43, 33, -43.017175
43, 34, -54.005130
43, 35, 16.102743
43, 36, -38.178445
43, 37, 0.773795
43, 38, 11.450342
43, 39, -7.338035
43, 40, -21.942249
43, 42, 19.063943
43, 43, -11.325607
43, 44, 15.336287
43, 45, 20.071112
43, 46, -59.000000
43, 48, -1.676860
43, 49, 22.194373
43, 50, -81.000000
44, 1, 4.662586
44, 2, -15.143588
44, 3, 42.500834
44, 4, 13.458851
44, 6, -14.031787
44, 7, -6.212094
44, 8, -8.918106
44, 9, 13.176120
44, 10, 14.361167
44, 12, -4.371270
44, 13, 27.571388
44, 14, -23.791756
44, 15, 5.080793
44, 17, -21.975935
44, 18, 46.420087
44, 19, -88.000000
44, 20, 86.001667
44, 21, -1.514529
44, 22, -18.800023
44, 23, 9.302890
44, 24, 0.006156
44, 25, -23.193985
44, 26, 57.757682
44, 27, 6.311187
44, 28, -9.731226
44, 29, 3.506092
44, 30, 28.646851
44, 31, -63.332406
44, 32, -1.136903
44, 33, -2.849303
44, 34, -53.994870
44, 35, 14.546700
44, 36, -38.133256
44, 37, 0.893299
44, 38, 11.832113
44, 40, -22.459598
44, 41, 4.459371
44, 42, 21.287753
44, 43, -12.677959
44, 44, 13.847225
44, 45, 18.851502
44, 47, -1.578243
44, 49, 21.953448
44, 50, 99999.000000
45, 1, 2.952032
45, 2, -15.109502
45, 4, 14.029917
45, 5, 30.493523
45, 6, -15.804258
45, 7, -0.218840
45, 8, -9.906542
45, 9, 13.501763
45, 10, 15.869753
45, 11, -9.541026
45, 12, -5.543560
45, 13, 27.989374
45, 14, -19.062577
45, 15, 19.814890
45, 16, -41.002565
45, 17, -22.239119
45, 18, 46.971999
45, 21, 9.219428
45, 22, -16.536172
45, 23, 7.695172
45, 24, -0.006156
45, 25, -20.497768
45, 26, 53.496473
45, 27, 9.556732
45, 28, -11.009596
45, 29, 3.493908
45, 30, 29.639950
45, 31, -63.561508
45, 32, -1.842802
45, 33, -43.015625
45, 35, 16.244722
45, 36, -38.175835
45, 37, 2.251116
45, 38, 13.328863
45, 40, -22.048578
45, 41, 5.181851
45, 42, 24.024429
45, 43, -11.049352
45, 44, 15.290777
45, 46, -30.004334
45, 47, -2.626004
45, 48, 59.003078
45, 49, 22.188623
45, 50, 4.989226
46, 1, 4.337902
46, 2, -14.655997
46, 4, 13.820113
46, 5, 30.506477
46, 6, -14.776932
46, 7, -6.047188
46, 8, -11.237891
46, 9, 12.922279
46, 10, 14.640080
46, 11, -8.565411
46, 13, 29.521958
46, 14, -23.783564
46, 15, 99999.000000
46, 16, -40.997435
46, 17, -22.985455
46, 18, 99999.000000
46, 19, 5.489932
46, 20, 62.812558
46, 21, -1.539955
46, 22, -16.263249
46, 23, 8.855763
46, 25, -22.318170
46, 26, 57.758462
46, 27, 11.113430
46, 28, -10.092932
46, 30, 28.476398
46, 31, -63.249945
46, 32, -0.848239
46, 33, -2.839883
46, 34, -46.440371
46, 35, 14.600915
46, 36, -38.130574
46, 37, 2.323629
46, 38, 13.532162
46, 40, -22.544538
46, 41, 4.495970
46, 42, 25.949517
46, 43, -12.183607
46, 44, 13.805087
46, 45, -73.000000
46, 46, -30.500117
46, 47, -1.571845
46, 48, 58.996922
46, 50, 89.000000
47, 1, 2.545841
47, 2, -14.883319
47, 3, 10.294182
47, 4, 14.480353
47, 6, -16.590004
47, 7, -0.802543
47, 8, -11.858675
47, 9, 13.267467
47, 10, 16.216261
47, 11, -9.535105
47, 12, 52.000000
47, 13, 29.658522
47, 14, -18.769409
47, 15, 24.509170
47, 17, -23.257279
47, 18, -54.000000
47, 19, 5.510068
47, 20, 62.644782
47, 21, 8.974262
47, 22, -14.447009
47, 23, 7.420696
47, 24, -33.000000
47, 25, -20.009621
47, 27, 13.949482
47, 28, -11.193070
47, 29, 99999.000000
47, 31, -63.516850
47, 32, -1.638923
47, 33, 99999.000000
47, 34, -45.735202
47, 37, 3.534518
47, 38, 14.673212
47, 39, -8.808142
47, 40, -22.098500
47, 41, 5.246663
47, 42, 28.159437
47, 43, -10.429614
47, 44, 15.253263
47, 46, -30.004695
47, 47, -2.618416
47, 49, 24.343473
48, 1, 3.934499
48, 3, 10.392301
48, 4, 14.272146
48, 5, -24.265610
48, 6, -15.524114
48, 7, -5.932369
48, 8, -12.663146
48, 9, 12.766672
48, 10, 14.987576
48, 11, -8.558337
48, 12, 75.002950
48, 13, 30.847428
48, 14, 99999.000000
48, 15, -47.000000
48, 16, -49.731981
48, 17, -23.770768
48, 20, 62.813272
48, 21, -1.579233
48, 22, -14.588415
48, 23, 8.715761
48, 25, -21.439314
48, 26, -92.000000
48, 27, 14.789795
48, 30, -59.516568
48, 32, -0.717905
48, 33, 14.417033
48, 34, -46.441320
48, 35, -14.507760
48, 36, -7.406676
48, 37, 3.375773
48, 38, 14.501885
48, 39, -9.296900
48, 41, 4.571705
48, 42, 29.287008
48, 43, -11.566455
48, 44, 13.785319
48, 45, 35.318662
48, 46, -30.500581
48, 47, -1.566091
48, 48, -30.345006
48, 49, 23.966442
48, 50, 33.730709
49, 1, 2.220708
49, 2, 99999.000000
49, 3, 10.292192
49, 4, 14.843334
49, 5, -23.985930
49, 6, -17.148097
49, 7, -1.018312
49, 8, -12.845632
49, 9, 13.178910
49, 10, 16.494587
49, 11, -9.529695
49, 12, 99999.000000
49, 13, 30.571030
49, 14, -49.003719
49, 16, -49.580304
49, 17, -23.871601
49, 18, -36.007567
49, 19, -31.497499
49, 21, 8.849795
49, 22, -13.330846
49, 24, -76.000000
49, 25, -19.616188
49, 27, 16.566713
49, 28, -18.008978
49, 29, 23.995896
49, 30, -59.305978
49, 31, 44.494036
49, 32, -1.564108
49, 33, -1.008722
49, 34, -45.737349
49, 35, -14.492240
49, 36, -7.168814
49, 37, 4.279212
49, 38, 15.162500
49, 39, -8.813262
49, 40, 22.499038
49, 41, 5.313750
49, 42, 30.515694
49, 43, -9.931082
49, 45, 35.131300
49, 48, -30.050408
49, 49, 24.342650
49, 50, 33.580304
50, 1, 3.754867
50, 2, 40.000000
50, 3, 10.390246
50, 4, 14.475175
50, 5, -24.263892
50, 6, -15.836293
50, 8, -13.139910
50, 10, 15.143249
50, 12, 83.000000
50, 13, 31.314798
50, 14, -20.000000
50, 15, 61.000000
50, 16, -49.731267
50, 17, -24.068630
50, 18, -35.992433
50, 19, -31.502501
50, 20, 4.000000
50, 22, -14.004167
50, 23, 75.000000
50, 25, -21.072501
50, 26, 68.000000
50, 27, 16.163859
50, 28, -17.991022
50, 29, 24.004104
50, 30, -59.515720
50, 31, 44.505964
50, 32, -0.686439
50, 33, 14.418705
50, 34, -46.443811
50, 36, -7.410132
50, 37, 3.764016
50, 39, -9.301703
50, 40, 22.500962
50, 41, 4.611998
50, 42, 30.501563
50, 43, -11.289671
50, 44, -53.000000
50, 45, 35.316633
50, 46, -72.000000
50, 47, -8.000000
50, 48, -30.347080
50, 49, 23.965546
50, 50, 33.732538
