1, 1, 33.000000
1, 3, -21.930185
1, 4, 13.462456
1, 6, 8.142264
1, 7, 8.418224
1, 8, 34.395636
1, 9, -21.942498
1, 10, -19.000000
1, 11, 7.797186
1, 12, 99999.000000
1, 13, -86.000000
1, 14, -58.101202
1, 15, -38.000000
1, 16, -0.031626
1, 18, -90.962049
1, 19, -45.707100
1, 20, -28.498004
1, 21, -6.946078
1, 22, -8.286319
1, 23, 15.827952
1, 24, 20.933530
1, 25, -34.522990
1, 27, 62.000000
1, 28, 5.335508
1, 29, -41.000000
1, 30, -30.362006
1, 32, -10.163693
1, 33, -43.884903
1, 34, -16.431746
1, 35, -12.803836
1, 37, -82.000000
1, 38, -87.000000
1, 39, 82.000000
1, 40, -0.510118
1, 41, 16.099342
1, 42, -24.806007
1, 43, -37.665039
1, 45, 7.097651
1, 46, -81.000000
1, 47, -15.609824
1, 49, 45.000000
1, 50, 15.002651
2, 2, 51.296237
2, 3, -22.610005
2, 4, 11.718095
2, 5, -40.969621
2, 6, 7.233667
2, 7, 8.378421
2, 8, 34.604364
2, 9, -30.906056
2, 11, 7.144318
2, 14, -57.898798
2, 16, 28.152706
2, 17, 0.352588
2, 19, -44.938173
2, 20, -26.980694
2, 21, -8.989908
2, 22, -14.147329
2, 23, 14.271161
2, 24, 19.823214
2, 25, -33.675357
2, 28, 5.534712
2, 30, -36.637711
2, 31, 15.290756
2, 32, -10.135077
2, 33, -43.092655
2, 34, -15.270879
2, 35, -10.708905
2, 36, -70.534788
2, 40, -0.828084
2, 41, 15.902378
2, 42, -24.823993
2, 43, -35.476030
2, 44, -5.435864
2, 45, 6.895801
2, 47, -14.904634
2, 48, -8.535488
2, 50, 15.694899
3, 1, -16.822292
3, 2, 13.085535
3, 3, -22.408121
3, 4, 10.134997
3, 5, -41.082813
3, 6, 4.678359
3, 7, 8.533516
3, 9, -21.084444
3, 11, 5.287332
3, 12, 31.568017
3, 13, 99999.000000
3, 15, -25.879823
3, 17, -43.314374
3, 19, -43.674748
3, 20, -26.856707
3, 21, -12.701200
3, 22, -10.335707
3, 23, 10.272218
3, 24, 20.658099
3, 25, -29.875232
3, 26, -31.052408
3, 27, -8.459107
3, 28, 5.897557
3, 29, 56.383358
3, 30, -29.631870
3, 31, 14.951897
3, 32, -9.454893
3, 33, -41.361845
3, 34, -15.399496
3, 35, -9.636674
3, 36, -70.465212
3, 37, -79.000000
3, 38, 41.800443
3, 39, 3.578347
3, 40, -3.692350
3, 41, 15.854346
3, 42, -24.488954
3, 43, -37.749468
3, 44, -9.511593
3, 45, 8.748702
3, 47, -11.301207
3, 48, -8.794002
3, 49, -46.454251
3, 50, 15.644108
4, 1, -15.863135
4, 2, 51.269517
4, 3, -23.249226
4, 4, 7.196300
4, 5, -43.063847
4, 6, 2.430053
4, 8, -39.834723
4, 9, -31.242793
4, 10, -95.000000
4, 11, 1.845966
4, 12, 31.214960
4, 14, 16.999659
4, 15, -26.120177
4, 17, 1.809717
4, 19, -42.588038
4, 20, -25.645734
4, 21, -17.085205
4, 23, 5.679810
4, 24, 20.562822
4, 25, -26.657928
4, 26, -20.217908
4, 27, -6.632858
4, 29, 56.827578
4, 31, 15.211217
4, 32, -7.814735
4, 33, -37.317980
4, 34, -13.118459
4, 35, -6.259918
4, 38, 41.199557
4, 39, 1.264887
4, 40, -4.903352
4, 43, -35.772212
4, 44, -10.618163
4, 45, 8.524613
4, 47, -7.912890
4, 48, -9.140772
4, 49, -46.775012
4, 50, 16.136175
5, 1, -14.007514
5, 2, 8.568642
5, 3, -22.946510
5, 4, 6.052582
5, 5, -43.578697
5, 6, 0.154720
5, 7, 11.536622
5, 8, -39.774523
5, 11, -2.438295
5, 12, 30.948321
5, 13, 9.918176
5, 14, 17.663772
5, 19, -40.913769
5, 21, -21.866731
5, 23, 0.595880
5, 24, 22.261076
5, 25, -22.644546
5, 26, -31.580960
5, 27, -4.808824
5, 29, 56.988642
5, 31, 15.706244
5, 32, -5.902392
5, 33, -32.318649
5, 34, -12.506442
5, 35, -5.018822
5, 36, 9.102045
5, 39, -0.737850
5, 40, -7.801925
5, 41, 21.467226
5, 43, -39.044241
5, 44, -18.050840
5, 45, 9.760849
5, 47, -2.713008
5, 49, -46.761196
5, 50, 15.755346
6, 1, -11.300297
6, 3, -23.486387
6, 5, -45.074937
6, 6, -0.367994
6, 7, 10.174215
6, 8, -34.876408
6, 10, -0.111398
6, 11, -7.554755
6, 13, 8.857254
6, 14, 17.570601
6, 16, -33.372335
6, 19, -40.629118
6, 20, -22.328731
6, 21, -26.284560
6, 23, -4.578972
6, 24, 22.507664
6, 25, -20.161447
6, 26, -24.495277
6, 27, -1.065927
6, 31, 16.704810
6, 32, -3.236500
6, 33, -24.841765
6, 34, -8.791009
6, 35, -2.211023
6, 36, 8.661602
6, 38, -24.152347
6, 39, -4.759119
6, 40, -8.122270
6, 41, 20.529462
6, 42, -57.473290
6, 43, -36.516825
6, 44, -21.063030
6, 47, 1.308550
6, 49, -47.462732
7, 1, -8.978758
7, 3, -22.825534
7, 4, -21.098355
7, 6, 0.243385
7, 7, 9.129898
7, 8, -31.519683
7, 10, -2.131694
7, 11, -12.276525
7, 12, 21.933520
7, 13, 9.452933
7, 14, 17.418844
7, 16, -10.447541
7, 18, 26.148956
7, 19, -39.084429
7, 20, -19.996462
7, 21, -30.708789
7, 22, 37.542578
7, 23, -8.268429
7, 25, -19.041465
7, 26, -30.573165
7, 27, 2.266868
7, 29, -26.584923
7, 31, 17.527257
7, 32, -1.240248
7, 33, -17.161437
7, 34, -7.459978
7, 35, -2.052479
7, 36, 4.719746
7, 38, -23.920056
7, 39, -7.079759
7, 40, -9.568001
7, 41, 15.374980
7, 42, -57.605448
7, 44, -28.657379
7, 46, -10.332630
7, 47, 6.261400
7, 50, 18.516424
8, 1, -7.283299
8, 4, -21.901645
8, 5, 2.514027
8, 6, 2.660335
8, 8, -23.978045
8, 9, 3.578786
8, 10, -3.006318
8, 11, -16.262805
8, 12, 22.132990
8, 13, 8.868612
8, 14, 15.497074
8, 16, -25.691023
8, 19, -39.832962
8, 20, -18.938076
8, 21, -33.862276
8, 22, 16.613060
8, 23, -12.217188
8, 24, -2.000000
8, 25, -19.344849
8, 26, -26.180184
8, 27, 6.584445
8, 29, -26.514196
8, 30, -23.635632
8, 32, 1.018846
8, 33, -7.656659
8, 34, -2.707522
8, 35, -0.355226
8, 36, 1.311455
8, 37, -40.421075
8, 38, -22.335807
8, 39, -10.137277
8, 41, 10.934703
8, 42, -57.228294
8, 44, -30.152351
8, 45, -3.243120
8, 46, -9.867025
8, 47, 9.689844
8, 48, -8.357500
8, 49, 14.000000
8, 50, 17.155561
9, 3, -22.225297
9, 5, 3.210884
9, 6, 5.804502
9, 8, -18.387899
9, 9, -18.970640
9, 10, -6.008657
9, 11, -18.214433
9, 12, 21.847051
9, 13, 10.002026
9, 14, 13.208797
9, 15, 23.000000
9, 16, -9.261884
9, 17, 60.000000
9, 19, -38.496048
9, 20, -15.760889
9, 21, -38.026117
9, 22, 32.517018
9, 23, -13.363923
9, 25, -21.782826
9, 26, -26.321543
9, 27, 10.581334
9, 29, -27.618396
9, 30, -23.243012
9, 31, -68.000000
9, 32, 1.756221
9, 33, 0.394106
9, 34, -1.433431
9, 35, -0.922733
9, 36, -3.970223
9, 37, -41.690357
9, 38, -20.436338
9, 39, -10.424521
9, 40, 2.666062
9, 41, 3.386174
9, 44, -34.426689
9, 45, -1.197776
9, 46, -10.173963
9, 47, 13.662404
9, 48, -8.897266
9, 50, 17.413558
10, 1, 9.030756
10, 2, -43.546761
10, 3, -22.389078
10, 4, -8.080622
10, 5, 4.301159
10, 6, 9.168631
10, 7, -14.260800
10, 8, -9.756983
10, 9, 5.435946
10, 10, -6.952941
10, 13, 9.985517
10, 14, 8.308318
10, 16, -15.959419
10, 19, -39.774714
10, 20, -14.528239
10, 21, -39.186944
10, 22, 16.883339
10, 23, -15.162181
10, 24, -19.613349
10, 25, -24.433748
10, 26, -22.606810
10, 27, 14.760496
10, 29, -27.914129
10, 30, -22.100430
10, 32, 2.330292
10, 33, 8.767775
10, 34, 2.773997
10, 35, 0.400626
10, 36, -6.711527
10, 37, -39.311759
10, 38, -17.494595
10, 40, 4.740136
10, 41, -0.970306
10, 42, -53.682537
10, 43, -1.193232
10, 45, 0.755193
10, 46, -11.374553
10, 47, 16.152501
10, 48, -12.591952
10, 49, 1.950856
10, 50, 16.180006
11, 1, 8.357543
11, 2, -43.555383
11, 3, -23.588424
11, 4, -7.680591
11, 5, 4.966523
11, 6, 11.821048
11, 7, -13.536686
11, 8, -3.651712
11, 9, -9.003419
11, 10, -9.130440
11, 11, -28.957784
11, 12, -16.000000
11, 13, 11.234931
11, 14, 3.437580
11, 15, 10.930424
11, 16, -7.063845
11, 17, -6.090410
11, 20, -11.886481
11, 21, -43.790921
11, 22, 25.901761
11, 23, -13.712540
11, 24, -18.531494
11, 25, -28.286215
11, 26, -18.529061
11, 27, 19.065843
11, 28, 9.515813
11, 30, -22.117215
11, 32, 1.184142
11, 33, 13.624516
11, 34, 2.365486
11, 35, -0.124209
11, 36, -9.389632
11, 37, -40.996511
11, 38, -13.635671
11, 39, 1.733025
11, 40, 11.439480
11, 41, -7.773877
11, 42, -54.049707
11, 44, 5.810989
11, 45, 3.086667
11, 46, -13.503461
11, 47, 18.825728
11, 48, -15.712590
11, 49, 2.654429
11, 50, 16.915878
12, 1, 11.230005
12, 2, -45.164065
12, 3, -24.675563
12, 4, -3.066841
12, 6, 12.910706
12, 7, -15.012725
12, 8, 3.702466
12, 9, 10.182445
12, 10, -8.662023
12, 11, -28.366571
12, 13, 11.058799
12, 14, -4.280678
12, 16, -8.739519
12, 17, -5.363752
12, 18, 3.052080
12, 19, -5.220883
12, 20, -10.985498
12, 21, -42.160155
12, 22, 15.582403
12, 23, -13.171080
12, 24, -17.872368
12, 25, -31.020106
12, 26, -14.361275
12, 27, 22.673514
12, 28, 9.484187
12, 29, 80.000000
12, 31, 18.749842
12, 32, -0.371832
12, 33, 17.103770
12, 37, -39.185795
12, 38, -9.602980
12, 39, 0.916255
12, 40, 18.237342
12, 41, -9.780590
12, 42, -54.359878
12, 43, -10.100737
12, 44, 5.242907
12, 45, 3.813332
12, 46, -16.070380
12, 47, 19.727437
12, 48, -20.560632
12, 49, 4.592510
13, 1, 11.374885
13, 2, -46.225432
13, 3, -26.474822
13, 4, -0.008849
13, 5, 44.837136
13, 6, 12.410879
13, 7, -15.504609
13, 8, 7.496835
13, 9, 2.420121
13, 11, -27.390159
13, 14, -10.894718
13, 17, -4.624165
13, 18, 2.863584
13, 19, -3.916009
13, 20, -8.801920
13, 21, -47.517680
13, 22, 18.401275
13, 23, -9.883219
13, 24, -16.793090
13, 25, -33.298672
13, 26, -8.584505
13, 27, 26.590450
13, 30, -51.320603
13, 31, 18.250158
13, 32, -3.097605
13, 34, -3.518659
13, 35, -6.354102
13, 36, -44.037951
13, 37, -41.373096
13, 38, -4.149437
13, 39, -0.162741
13, 40, 27.215093
13, 41, -14.546091
13, 43, -11.410569
13, 44, 3.389564
13, 46, -19.010194
13, 48, -23.048132
13, 49, 5.006923
13, 50, 18.068817
14, 1, 14.864277
14, 2, -48.265189
14, 3, -27.521150
14, 4, 5.871922
14, 5, 45.151854
14, 6, 9.926097
14, 7, -17.507806
14, 8, 10.608417
14, 9, 14.456369
14, 10, 19.550162
14, 11, -26.351041
14, 13, -12.397620
14, 14, -19.871538
14, 17, -3.691373
14, 18, 2.738881
14, 19, -3.186416
14, 20, -7.556859
14, 22, 10.945597
14, 23, -7.906855
14, 24, -16.594096
14, 25, -33.966168
14, 26, -4.145009
14, 27, 28.956777
14, 28, -38.594138
14, 30, -40.760280
14, 32, -6.235378
14, 33, -42.522846
14, 34, -2.481341
14, 35, -3.878582
14, 36, -43.962049
14, 37, -39.934850
14, 38, -0.036857
14, 39, -0.980957
14, 40, 33.550247
14, 41, -14.252388
14, 43, -14.524333
14, 44, 2.475064
14, 46, -21.290436
14, 47, -15.249444
14, 48, -25.617419
14, 50, 16.321121
15, 1, 16.132822
15, 2, -49.202772
15, 3, -28.821500
15, 4, 9.562613
15, 5, 42.069716
15, 6, 6.279548
15, 7, -18.386867
15, 9, 7.683001
15, 10, 20.884106
15, 11, -25.386493
15, 12, 10.270699
15, 13, -12.658755
15, 14, -26.412020
15, 18, 2.876763
15, 19, -1.970293
15, 20, -4.936924
15, 22, 9.255091
15, 23, -4.518475
15, 24, -16.193026
15, 25, -33.015322
15, 26, 1.227791
15, 27, 31.574673
15, 28, -38.002961
15, 29, 36.673725
15, 30, -51.511935
15, 31, -84.000000
15, 32, -9.425779
15, 33, -42.780424
15, 35, 0.974671
15, 37, -42.047725
15, 38, 5.583812
15, 39, -1.443747
15, 40, 39.569269
15, 41, -17.354559
15, 43, -17.586263
15, 45, -10.175418
15, 46, -23.166591
15, 47, -14.482860
15, 49, 6.499255
15, 50, 12.786810
16, 1, 20.309934
16, 2, -50.473725
16, 3, -28.830657
16, 4, 14.727795
16, 5, 40.469219
16, 6, 1.486618
16, 7, -19.669833
16, 8, -22.131979
16, 10, 18.114193
16, 11, -24.675393
16, 12, -10.065329
16, 13, -11.109693
16, 14, -34.355637
16, 16, -1.704196
16, 17, 53.768817
16, 20, -2.623820
16, 22, 2.904339
16, 23, -3.116590
16, 24, -16.625119
16, 25, -30.971463
16, 26, 5.120126
16, 27, 32.248548
16, 28, -38.195967
16, 29, 36.148245
16, 30, -39.949811
16, 32, -12.720958
16, 33, -43.442430
16, 34, 2.000000
16, 35, 7.744363
16, 36, 66.000000
16, 38, 8.228668
16, 40, 40.959736
16, 41, -15.685625
16, 43, -20.598488
16, 44, 26.707274
16, 45, -9.647270
16, 46, -23.452476
16, 47, -15.506096
16, 48, -5.168410
16, 49, 6.936631
16, 50, 7.955339
17, 1, 22.694034
17, 2, -50.482081
17, 4, 17.872442
17, 5, 35.081004
17, 6, -3.509867
17, 7, -19.966737
17, 8, -22.496862
17, 9, -27.148783
17, 10, 18.724757
17, 11, -24.329901
17, 12, 9.123325
17, 13, -11.812100
17, 14, -38.635163
17, 15, -39.363372
17, 16, -6.465015
17, 17, 53.231183
17, 18, 15.291246
17, 19, 86.000000
17, 20, 1.014821
17, 21, 14.227795
17, 22, -0.479250
17, 23, -1.619838
17, 25, -27.253399
17, 26, 8.880780
17, 27, 33.254687
17, 28, -38.392105
17, 29, 34.382323
17, 31, 99999.000000
17, 32, -14.819551
17, 33, -43.473833
17, 35, 14.182441
17, 38, 12.269681
17, 39, 21.284799
17, 42, -8.361254
17, 43, -21.750879
17, 44, 26.279006
17, 45, -10.264674
17, 46, -22.984555
17, 47, -15.222120
17, 48, -4.871342
17, 49, 3.908449
17, 50, 2.558919
18, 1, 26.723046
18, 2, -50.680829
18, 3, -73.000000
18, 4, 21.640936
18, 5, 30.787554
18, 6, -8.849095
18, 7, -20.047169
18, 8, -24.351980
18, 9, -26.261083
18, 10, 15.633232
18, 12, -9.459846
18, 13, -10.989930
18, 14, -43.281191
18, 15, -14.264845
18, 16, -4.749542
18, 18, 14.926906
18, 20, 4.321685
18, 21, 3.923860
18, 22, -4.891208
18, 24, -33.620493
18, 25, -23.358106
18, 26, 11.321887
18, 27, 32.678320
18, 29, 33.720592
18, 32, -16.405443
18, 34, 23.000000
18, 35, 19.489840
18, 36, 21.547438
18, 37, 73.000000
18, 38, 12.361840
18, 39, 18.900543
18, 40, -0.447851
18, 41, 39.679747
18, 42, -8.555382
18, 44, 26.159636
18, 45, -9.076689
18, 46, -20.670462
18, 47, -16.422683
18, 48, -3.050319
18, 49, 3.216696
18, 50, -3.191260
19, 1, 28.634958
19, 2, -49.995042
19, 4, 24.296105
19, 5, 22.489287
19, 6, -13.839959
19, 7, -19.680965
19, 8, -26.052167
19, 9, -25.332931
19, 10, 16.443892
19, 11, -9.604752
19, 13, -12.389165
19, 14, -43.537566
19, 15, -37.432196
19, 16, -8.977736
19, 17, -48.352736
19, 18, 11.494099
19, 19, 0.331780
19, 20, 8.607357
19, 21, 10.412069
19, 22, -6.238296
19, 23, -6.561666
19, 24, -34.379507
19, 25, -18.580217
19, 26, 12.724800
19, 27, 32.846692
19, 28, -5.085828
19, 29, 32.530374
19, 31, -90.000000
19, 33, 16.786703
19, 35, 21.728410
19, 36, 21.452562
19, 38, 13.939935
19, 39, 18.071447
19, 40, 0.970162
19, 41, 39.129830
19, 42, -8.083206
19, 45, -9.218752
19, 46, -17.683371
19, 48, -2.601514
19, 49, -0.475748
19, 50, -8.216484
20, 1, 30.595700
20, 3, 62.000000
20, 4, 27.200865
20, 5, 15.275392
20, 6, -18.912451
20, 8, -28.309554
20, 10, 14.125986
20, 11, -11.015180
20, 15, -18.773524
20, 16, -11.021116
20, 17, -46.341501
20, 18, 10.231958
20, 19, 3.084737
20, 20, 11.933413
20, 21, 3.370338
20, 23, -5.445975
20, 25, -14.418027
20, 27, 32.106324
20, 28, -8.172113
20, 29, 32.903854
20, 30, -57.629665
20, 33, 17.873400
20, 34, 20.498838
20, 37, -37.256483
20, 39, 13.916522
20, 40, 0.601362
20, 41, 38.779909
20, 42, -9.427755
20, 43, 74.924099
20, 44, -0.369921
20, 46, -13.189240
20, 47, 31.270626
20, 49, -1.248992
20, 50, -12.763850
21, 4, 30.064774
21, 5, 5.065777
21, 6, -23.235067
21, 7, -19.460867
21, 8, -29.305608
21, 11, -10.793765
21, 12, -35.216908
21, 13, -58.259330
21, 14, 13.912187
21, 15, -35.737732
21, 16, -14.901121
21, 17, -42.113814
21, 18, 6.898993
21, 19, 5.877966
21, 20, 15.860458
21, 21, 7.917990
21, 23, -6.287266
21, 25, -10.590423
21, 28, -10.009282
21, 31, -5.198932
21, 32, -13.000000
21, 33, 16.970837
21, 34, 6.614592
21, 35, 4.356655
21, 36, -32.686707
21, 37, -37.743517
21, 38, 8.907668
21, 39, 12.244086
21, 40, 2.271354
21, 41, 38.822625
21, 42, -10.476234
21, 44, -2.117655
21, 45, 8.081632
21, 46, -8.496332
21, 47, 29.912021
21, 48, -35.587596
21, 49, -4.605610
21, 50, -15.481163
22, 1, -96.000000
22, 3, 26.785649
22, 4, 32.735514
22, 5, -3.020317
22, 6, -27.324732
22, 7, -18.276743
22, 10, -9.039999
22, 11, -12.127693
22, 12, -34.112077
22, 13, -57.740670
22, 14, 13.711267
22, 15, -21.049347
22, 16, -19.456778
22, 17, -35.574852
22, 18, 6.607483
22, 19, 10.846174
22, 20, 18.171650
22, 21, 4.944201
22, 22, 80.515813
22, 23, -5.210116
22, 24, -55.202596
22, 25, -8.009649
22, 26, 45.783227
22, 28, -15.584647
22, 31, -6.554081
22, 33, 19.098016
22, 34, 18.608445
22, 35, 6.981086
22, 36, -31.684611
22, 38, 8.933731
22, 39, 7.421996
22, 40, 2.008800
22, 42, -12.766475
22, 44, -4.169931
22, 45, 7.133548
22, 46, -3.253215
22, 47, 27.278284
22, 48, -35.397658
22, 49, -4.768009
22, 50, -17.030754
23, 3, 26.491184
23, 4, 35.948000
23, 5, -11.806148
23, 6, -29.944301
23, 7, -17.473037
23, 8, 4.256454
23, 9, -2.719164
23, 10, -8.507943
23, 11, -11.436066
23, 12, -31.923461
23, 14, 14.993622
23, 16, -22.393346
23, 17, -27.761559
23, 18, 4.894574
23, 19, 13.523198
23, 20, 20.882449
23, 21, 8.322440
23, 22, 80.484187
23, 23, -6.143335
23, 24, -56.841906
23, 25, -6.808607
23, 26, 45.374836
23, 28, -18.577717
23, 30, 17.622117
23, 31, -9.544352
23, 32, 91.000000
23, 33, 19.201591
23, 34, 2.332769
23, 35, 8.047897
23, 36, -29.139727
23, 38, 8.722351
23, 39, 5.663171
23, 40, 3.576893
23, 41, 26.017597
23, 42, -14.802900
23, 44, -6.822677
23, 45, 6.493002
23, 46, 1.198167
23, 47, 24.148125
23, 48, -34.751728
23, 49, -7.134395
24, 1, 14.808605
24, 2, -73.000000
24, 3, 26.439741
24, 4, 38.170889
24, 5, -16.671539
24, 6, -31.683098
24, 7, -16.376895
24, 8, 4.765199
24, 9, -3.730034
24, 10, -5.861494
24, 11, -12.261686
24, 12, -29.237122
24, 13, 33.000000
24, 14, 15.207832
24, 15, -1.740768
24, 16, -26.759979
24, 17, -19.086579
24, 19, 16.093558
24, 20, 21.700964
24, 21, 7.898137
24, 24, -55.171500
24, 26, 45.091474
24, 27, -23.220378
24, 28, -23.991881
24, 29, -49.728287
24, 30, 17.568593
24, 31, -13.727751
24, 33, 22.281902
24, 35, 12.368876
24, 36, -25.856932
24, 38, 9.057612
24, 39, -0.102431
24, 40, 3.269485
24, 41, 26.502655
24, 42, -16.786674
24, 43, -0.965101
24, 44, -8.538577
24, 45, 5.808311
24, 46, 4.766641
24, 47, 20.582109
24, 49, -6.256318
24, 50, -62.000000
25, 1, 14.492184
25, 3, 26.995380
25, 4, 40.917226
25, 5, -19.924003
25, 7, -16.389285
25, 8, 5.270889
25, 9, -7.236496
25, 10, -4.378576
25, 11, -11.074289
25, 12, -26.464359
25, 15, -1.104021
25, 16, -27.149806
25, 17, -10.491849
25, 18, 14.000000
25, 20, 22.891018
25, 21, 10.155210
25, 22, -2.379028
25, 24, -57.532532
25, 25, 25.000000
25, 27, -21.381146
25, 28, -25.921277
25, 29, -51.065132
25, 30, 15.398570
25, 31, -18.744903
25, 33, 23.089781
25, 35, 14.448179
25, 36, -21.580743
25, 38, 9.095764
25, 39, -2.346208
25, 40, 4.552029
25, 41, 28.419006
25, 42, -18.633992
25, 43, 21.243578
25, 44, -10.190511
25, 46, 6.331322
25, 47, 17.072876
25, 48, -10.051310
26, 1, 14.459645
26, 2, -51.132827
26, 3, 27.834321
26, 4, 41.800253
26, 6, 12.638926
26, 8, 5.447531
26, 9, -10.975209
26, 10, -1.917227
26, 11, -11.627982
26, 12, -23.957131
26, 13, 54.784946
26, 14, -49.541642
26, 15, -2.468277
26, 17, -2.964075
26, 19, -30.472268
26, 20, 22.532103
26, 21, 10.551695
26, 22, -2.683079
26, 23, -9.773081
26, 24, -56.565053
26, 26, -23.172622
26, 27, -20.163665
26, 28, -29.457598
26, 29, -50.538442
26, 30, 14.498426
26, 31, -23.482171
26, 32, -49.962049
26, 33, 26.426266
26, 35, 18.363525
26, 36, -17.040224
26, 39, -10.245593
26, 41, 28.752327
26, 42, -19.079074
26, 43, 5.838059
26, 44, -10.425361
26, 47, 13.930143
26, 48, -8.076628
26, 49, 38.000000
26, 50, -35.738534
27, 1, 14.269194
27, 2, -50.867173
27, 3, 29.012339
27, 4, 42.963437
27, 5, -12.437721
27, 6, 10.618146
27, 7, 18.266551
27, 9, -16.443863
27, 10, -1.683339
27, 12, -22.254539
27, 13, 55.215054
27, 14, -50.184490
27, 15, -1.880200
27, 16, -14.323623
27, 17, 2.757816
27, 18, -2.454068
27, 19, -29.031051
27, 20, 22.760758
27, 21, 11.853771
27, 22, -3.439030
27, 23, -8.030878
27, 24, -59.315428
27, 25, -56.000000
27, 26, -22.184850
27, 27, -18.128301
27, 28, -29.492308
27, 29, -52.347235
27, 30, 12.209469
27, 31, -28.026630
27, 33, 27.096179
27, 34, 28.548281
27, 35, 19.833743
27, 36, -12.012078
27, 37, 9.506641
27, 38, -11.907176
27, 39, -12.716648
27, 40, -18.661438
27, 42, -19.911825
27, 43, 23.721646
27, 44, -10.875574
27, 45, -21.836963
27, 46, 3.398275
27, 47, 11.376693
27, 48, -9.166355
27, 50, -33.524371
28, 3, 29.863721
28, 5, -7.033732
28, 6, 10.694690
28, 7, 19.097622
28, 8, -22.098355
28, 9, -21.207776
28, 12, -21.337102
28, 14, -50.319864
28, 16, -13.053788
28, 17, 5.460480
28, 18, -3.404827
28, 19, -25.853255
28, 20, 22.424978
28, 21, 12.349899
28, 22, -5.908165
28, 23, -5.130477
28, 24, -58.443797
28, 26, -23.513577
28, 27, -17.806217
28, 28, -30.951698
28, 29, -51.861684
28, 30, 11.406823
28, 31, -30.821792
28, 33, 29.501310
28, 34, 10.638269
28, 35, 21.924320
28, 36, -7.245249
28, 37, 10.493359
28, 38, -13.113818
28, 39, -23.275182
28, 40, -17.585139
28, 41, -28.642089
28, 42, -18.361737
28, 43, 15.681116
28, 44, -10.304997
28, 45, -23.376220
28, 46, 2.982076
28, 47, 10.033686
28, 48, -7.820606
28, 49, -81.037951
28, 50, -32.369622
29, 1, 5.443217
29, 5, -9.521415
29, 6, 7.289936
29, 7, 19.779761
29, 8, -22.901645
29, 9, -26.842112
29, 10, 25.149033
29, 11, 63.446947
29, 16, -11.157291
29, 18, -4.039335
29, 19, -22.253930
29, 20, 22.937625
29, 21, 13.069175
29, 22, -8.872357
29, 23, -0.124070
29, 24, -60.650224
29, 25, 11.302164
29, 26, -22.737860
29, 27, -17.376514
29, 30, 9.807590
29, 31, -32.538448
29, 34, 27.652170
29, 35, 21.985868
29, 36, -2.436158
29, 38, -14.525419
29, 39, -23.667526
29, 40, -17.192088
29, 41, -28.866531
29, 42, -17.956973
29, 43, 28.434915
29, 44, -10.587129
29, 45, -22.976092
29, 46, 2.216530
29, 48, -9.949923
29, 49, -80.962049
29, 50, -28.701525
30, 1, 2.808526
30, 2, -39.129571
30, 3, 15.561607
30, 4, 8.755335
30, 5, -2.363546
30, 6, 6.854471
30, 9, -30.807056
30, 10, 25.966063
30, 11, 62.596076
30, 12, 48.269650
30, 14, 22.719188
30, 16, -9.003206
30, 17, 0.303345
30, 19, -17.882641
30, 20, 23.851864
30, 22, -12.582630
30, 23, 4.663647
30, 25, 11.896966
30, 26, -24.475522
30, 28, -7.458955
30, 29, -4.921906
30, 30, 9.432411
30, 32, -3.163460
30, 33, -62.000000
30, 34, 12.798205
30, 35, 22.015438
30, 36, 1.389163
30, 37, 6.898449
30, 38, -17.548699
30, 39, -36.346944
30, 40, -16.817215
30, 41, -28.541209
30, 42, -14.769238
30, 43, 23.965035
30, 45, -24.970998
30, 47, 24.075901
30, 48, -9.964036
30, 50, -27.118782
31, 1, -0.971211
31, 2, -38.165239
31, 3, 15.568540
31, 4, 8.072931
31, 5, -7.086718
31, 6, 3.705633
31, 7, -45.567993
31, 8, 15.893237
31, 9, -34.667424
31, 10, 27.184534
31, 11, 58.365633
31, 12, 47.037415
31, 13, -13.938687
31, 14, 21.095555
31, 15, 12.433586
31, 16, -7.500513
31, 17, 1.861798
31, 18, 63.000000
31, 19, -14.410096
31, 20, 25.317647
31, 21, -2.449405
31, 22, -15.990962
31, 23, 10.862269
31, 24, -54.896001
31, 25, 12.900727
31, 26, -24.057625
31, 28, -6.356520
31, 29, -3.804776
31, 30, 8.537461
31, 32, -7.873498
31, 34, 27.793181
31, 35, 20.620662
31, 36, 4.667096
31, 37, 6.007677
31, 38, -19.822810
31, 39, -30.951492
31, 42, -13.598051
31, 43, 32.001523
31, 44, -85.000000
31, 45, -24.469829
31, 46, -34.319734
31, 47, 23.924099
31, 48, -13.159710
31, 50, -23.340603
32, 1, -6.352446
32, 2, -37.402100
32, 3, 12.873067
32, 4, 8.269235
32, 5, 1.038277
32, 6, 4.229618
32, 7, -44.847294
32, 8, 16.643479
32, 9, -35.899264
32, 10, 27.964345
32, 11, 53.402126
32, 12, 45.348111
32, 13, 10.602166
32, 14, 22.266284
32, 16, -6.656105
32, 17, 4.910078
32, 19, -10.875779
32, 20, 27.295154
32, 21, -4.922413
32, 22, -18.491255
32, 23, 15.042392
32, 24, -55.368614
32, 25, 14.373860
32, 26, -26.213649
32, 28, -6.986630
32, 29, -3.290571
32, 30, 8.547979
32, 33, -49.000000
32, 35, 19.348143
32, 36, 6.059932
32, 37, 3.136602
32, 38, -22.537236
32, 39, -44.841193
32, 40, -4.123502
32, 42, -9.945654
32, 46, -34.680266
32, 48, -14.170084
32, 49, 12.420970
32, 50, -22.395703
33, 1, -10.955424
33, 2, -34.777335
33, 3, 11.979973
33, 4, 9.269073
33, 6, 2.416699
33, 7, -44.227722
33, 8, 14.335127
33, 11, 45.932632
33, 12, 42.018793
33, 13, -6.094619
33, 14, 21.234692
33, 15, 55.000000
33, 16, -6.943977
33, 17, 8.402851
33, 18, -21.208729
33, 19, -9.044433
33, 20, 28.865374
33, 21, -6.864192
33, 22, -19.678359
33, 23, 20.012423
33, 24, -55.663990
33, 25, 15.431445
33, 26, -25.997942
33, 27, -20.039128
33, 28, -5.335045
33, 29, -2.310599
33, 32, -4.385807
33, 34, 11.000000
33, 35, 17.108815
33, 37, 1.822618
33, 38, -23.359435
33, 40, -3.975669
33, 42, -9.266318
33, 45, 12.111662
33, 47, -96.018975
33, 48, -17.360325
33, 49, 10.461550
33, 50, -19.234608
34, 1, -14.478134
34, 2, -32.130783
34, 3, 9.208967
34, 4, 11.555362
34, 6, 4.169118
34, 8, 13.920058
34, 9, -54.519558
34, 10, -11.861788
34, 11, 39.033937
34, 12, 38.408805
34, 13, 13.533113
34, 14, 23.150296
34, 16, -7.674823
34, 17, 11.624973
34, 18, -20.791271
34, 19, -7.338108
34, 20, 30.287394
34, 21, -10.308246
34, 23, 21.307810
34, 24, -56.197368
34, 26, -27.992133
34, 27, -19.948267
34, 28, -5.847459
34, 29, -2.871258
34, 30, 4.000000
34, 31, -14.756167
34, 32, -5.019600
34, 33, 21.705566
34, 35, 15.900174
34, 36, 6.286406
34, 37, 0.004581
34, 40, -3.194270
34, 41, 24.943074
34, 42, -6.906083
34, 43, -21.586515
34, 44, 40.709545
34, 45, 13.556070
34, 46, 85.000000
34, 47, -63.532919
34, 48, -17.998669
34, 49, 8.310878
34, 50, -19.180263
35, 1, -15.978319
35, 2, -27.999154
35, 3, 8.843817
35, 4, 14.512050
35, 7, -43.284630
35, 8, 10.555196
35, 9, -54.564703
35, 10, -13.635565
35, 11, 31.426266
35, 12, 33.993057
35, 13, -0.487900
35, 14, 22.698774
35, 17, 13.455658
35, 19, -7.323222
35, 21, -11.893275
35, 22, -38.365509
35, 23, 23.204030
35, 24, -56.251631
35, 25, -15.401961
35, 27, -17.934133
35, 28, -4.492852
35, 29, -2.899708
35, 32, -4.254599
35, 33, 21.294434
35, 34, -16.387554
35, 35, 13.679673
35, 36, 9.346322
35, 38, 4.151084
35, 40, -3.679654
35, 43, -21.985661
35, 44, 40.168557
35, 45, 10.614022
35, 48, -19.719171
35, 49, 3.871572
35, 50, -16.766246
36, 1, -14.853482
36, 2, -23.874383
36, 3, 7.266483
36, 4, 18.306373
36, 6, -93.000000
36, 7, -23.257498
36, 8, 9.230297
36, 9, -54.332208
36, 10, -15.474120
36, 11, 26.393981
36, 12, 29.786309
36, 18, -8.983871
36, 19, -7.142650
36, 20, -24.291480
36, 21, -14.365641
36, 22, -36.335608
36, 23, 20.589090
36, 25, -15.598039
36, 26, -54.396947
36, 27, -17.247924
36, 28, -5.678136
36, 29, -5.132724
36, 30, -10.094877
36, 31, 14.132109
36, 32, -5.246161
36, 34, -16.848012
36, 35, 13.588622
36, 36, 13.006518
36, 37, 0.000000
36, 38, 3.730877
36, 39, -8.518134
36, 40, -3.520558
36, 42, 2.526045
36, 43, -22.105329
36, 44, 41.140628
36, 45, 12.207739
36, 46, 47.924099
36, 49, 0.359462
36, 50, -17.409586
37, 1, -12.357163
37, 2, -19.306309
37, 4, 21.819563
37, 5, -13.000000
37, 8, 5.343107
37, 10, -19.942970
37, 11, 22.841318
37, 12, 26.132287
37, 13, 11.415886
37, 14, -24.284434
37, 16, -43.000000
37, 17, -21.881099
37, 18, -8.016129
37, 19, -7.975960
37, 20, -25.276511
37, 21, -14.573444
37, 22, -35.373783
37, 23, 19.216583
37, 24, 37.809422
37, 26, -53.373718
37, 27, -15.651003
37, 28, -5.128443
37, 29, -6.285391
37, 30, -9.905123
37, 31, 14.733540
37, 32, -4.545486
37, 33, 5.550917
37, 34, -18.276235
37, 35, 11.807106
37, 36, 19.662203
37, 38, 1.915283
37, 39, 16.555781
37, 40, -4.260109
37, 42, 2.170295
37, 44, 40.815543
37, 45, 10.466141
37, 46, -9.037161
37, 48, 8.569892
37, 49, -3.924417
37, 50, -15.674869
38, 1, -7.792374
38, 2, -15.291851
38, 4, 25.332069
38, 6, 2.607256
38, 8, 3.368565
38, 10, -23.153836
38, 12, 23.511981
38, 13, 12.678796
38, 14, -25.571927
38, 15, 28.171254
38, 17, -20.443092
38, 19, -8.160663
38, 20, -27.362068
38, 21, -15.930034
38, 22, -31.515523
38, 23, 13.699219
38, 24, 37.912203
38, 25, -25.654965
38, 26, -54.542022
38, 28, -7.057048
38, 29, -9.780556
38, 31, 15.270619
38, 32, -5.411678
38, 33, 6.449083
38, 34, -20.619348
38, 35, 13.045523
38, 36, 25.033735
38, 37, -6.957790
38, 38, 2.148748
38, 39, -7.796937
38, 40, -3.988128
38, 42, 1.869848
38, 43, 62.000000
38, 44, 41.837358
38, 45, 13.498650
38, 48, 9.430108
38, 49, -6.054557
39, 1, -4.099797
39, 2, -12.078898
39, 3, 71.978802
39, 4, 27.647236
39, 5, 24.447289
39, 6, 2.415581
39, 8, -0.401468
39, 9, 15.058797
39, 10, -27.198348
39, 12, 22.626710
39, 13, 15.919832
39, 14, -23.524181
39, 15, 9.528950
39, 16, 2.250065
39, 17, -19.984242
39, 18, 84.000000
39, 19, -8.614470
39, 20, -29.619709
39, 21, -15.379645
39, 22, -29.528331
39, 23, 10.892387
39, 24, 38.593918
39, 25, -29.204206
39, 26, -53.976867
39, 27, -19.527983
39, 28, -7.040262
39, 29, -11.415040
39, 30, 37.314298
39, 32, -4.129079
39, 34, -23.175735
39, 35, 11.655445
39, 36, 31.519557
39, 37, -7.036335
39, 38, 1.752282
39, 39, 9.240100
39, 41, -43.874920
39, 42, 1.695875
39, 44, 41.372755
39, 45, 14.141197
39, 49, -7.691156
40, 1, -0.192054
40, 2, -10.123080
40, 3, 71.884454
40, 4, 29.476744
40, 5, 24.312307
40, 6, 2.117264
40, 7, 8.646894
40, 8, -2.721164
40, 9, 15.731221
40, 10, -28.320886
40, 13, 19.102578
40, 14, -23.793707
40, 15, 23.482629
40, 16, 2.654986
40, 17, -17.782285
40, 19, -8.305658
40, 20, -31.621110
40, 21, -16.383204
40, 22, -25.079174
40, 23, 5.272041
40, 24, 39.275019
40, 27, -17.345146
40, 28, -9.298668
40, 29, -14.966873
40, 30, 37.212698
40, 31, -66.542840
40, 32, -4.192179
40, 33, -95.000000
40, 34, -25.582587
40, 35, 13.878213
40, 36, 34.776745
40, 37, -5.283372
40, 38, 3.970888
40, 39, -7.482618
40, 40, -20.350558
40, 41, -43.918005
40, 42, 2.750567
40, 43, -12.262808
40, 45, 18.632369
40, 47, -26.145554
40, 48, -2.258640
40, 50, 27.671094
41, 1, 0.705571
41, 2, -9.454764
41, 3, 71.589691
41, 4, 29.740668
41, 5, 23.789552
41, 7, -5.592810
41, 8, -5.945169
41, 9, 14.973995
41, 12, -7.616146
41, 13, 23.423832
41, 14, -23.441676
41, 15, 6.064879
41, 16, 2.044840
41, 17, -17.197160
41, 18, 46.446152
41, 19, -8.109390
41, 20, -32.471600
41, 22, -23.169283
41, 23, 3.938574
41, 26, 51.215054
41, 27, -15.315361
41, 28, -9.341047
41, 29, -15.826234
41, 30, 33.459801
41, 31, -65.803224
41, 32, -2.004941
41, 34, -26.979310
41, 35, 12.822280
41, 36, 37.547976
41, 37, -4.209383
41, 38, 5.432282
41, 39, 2.706497
41, 40, -20.095801
41, 41, -42.816971
41, 42, 4.688552
41, 43, -12.737192
41, 44, 14.251607
41, 45, 20.927914
41, 46, -24.120177
41, 47, -26.394073
41, 48, -1.868637
41, 49, 25.135624
41, 50, 28.328906
42, 2, -10.249694
42, 5, 23.774014
42, 6, -7.216330
42, 7, 1.247627
42, 8, -8.373154
42, 9, 15.137575
42, 12, -7.632507
42, 13, 26.129085
42, 14, -21.028409
42, 15, 17.608951
42, 16, 3.028377
42, 17, -15.990435
42, 18, 46.769955
42, 19, -7.519244
42, 22, -19.109048
42, 23, 1.043143
42, 24, 7.000000
42, 27, -9.887226
42, 28, -11.460862
42, 29, -17.871363
42, 30, 31.503245
42, 31, -65.048926
42, 32, -1.342998
42, 33, -43.665756
42, 35, 15.630334
42, 37, -1.653358
42, 38, 8.998164
42, 39, -6.442562
42, 40, -19.314128
42, 41, -43.077641
42, 42, 8.722285
42, 44, 15.843259
42, 45, 25.193127
42, 47, -26.116731
42, 48, -1.691577
42, 49, 23.950100
43, 1, 13.688101
43, 2, -11.650220
43, 3, 42.458887
43, 4, 3.927933
43, 5, 23.485053
43, 6, -6.331382
43, 7, -8.871507
43, 8, -11.017108
43, 9, 13.889336
43, 10, 7.033553
43, 11, 21.240354
43, 12, -4.507393
43, 13, 29.620150
43, 14, -23.703189
43, 15, 1.347116
43, 16, 2.850258
43, 17, -16.737880
43, 18, 45.652903
43, 20, 85.917774
43, 22, -17.755835
43, 23, 2.920900
43, 25, -32.662875
43, 27, -4.917101
43, 28, -11.168993
43, 30, 27.027151
43, 31, -63.506641
43, 32, 1.055735
43, 33, -5.978929
43, 34, -54.253004
43, 35, 14.869245
43, 36, -39.379737
43, 37, -0.420420
43, 38, 11.165323
43, 39, 1.130899
43, 40, -20.290656
43, 42, 13.465468
43, 43, -25.705192
43, 44, 14.350431
43, 45, 26.839142
43, 46, -59.000000
43, 48, -1.144111
43, 49, 21.653860
44, 1, 10.805102
44, 2, -14.058975
44, 3, 42.541113
44, 4, 5.096116
44, 6, -9.745112
44, 7, -4.902778
44, 8, -13.186235
44, 9, 13.579478
44, 10, 9.436978
44, 12, -3.707889
44, 13, 30.740421
44, 14, -17.139099
44, 15, 13.288221
44, 17, -17.765826
44, 18, 46.179427
44, 19, -88.000000
44, 20, 86.082226
44, 21, 19.468076
44, 22, -14.535147
44, 23, 3.374190
44, 24, 0.303605
44, 25, -29.740504
44, 27, 3.031300
44, 28, -12.769387
44, 29, 3.800443
44, 30, 25.115140
44, 31, -62.562893
44, 32, 1.296854
44, 33, -42.477725
44, 34, -53.746996
44, 35, 17.748754
44, 36, -38.702097
44, 37, 2.002848
44, 38, 14.507704
44, 40, -21.037733
44, 41, 1.817190
44, 42, 19.984025
44, 43, -22.953992
44, 44, 15.846251
44, 45, 28.767951
44, 47, -5.726043
44, 49, 19.963105
45, 1, 9.514609
45, 2, -15.699940
45, 4, 7.120958
45, 5, 30.180582
45, 6, -10.731571
45, 7, -9.155652
45, 8, -15.017567
45, 9, 12.282830
45, 10, 10.180351
45, 11, -11.338118
45, 12, -1.199726
45, 13, 32.790564
45, 14, -23.857823
45, 16, -41.126502
45, 17, -20.271046
45, 21, 3.657973
45, 22, -13.732290
45, 23, 7.450114
45, 24, -0.303605
45, 25, -27.684754
45, 26, 57.571872
45, 27, 9.971806
45, 28, -11.960466
45, 29, 3.199557
45, 30, 21.897220
45, 31, -61.361309
45, 32, 2.558804
45, 33, -0.085268
45, 35, 16.901893
45, 36, -37.725606
45, 37, 2.816905
45, 38, 16.165842
45, 40, -23.167977
45, 41, 1.149855
45, 42, 26.173728
45, 43, -20.701801
45, 44, 14.141735
45, 46, -30.271870
45, 47, -3.272876
45, 48, 59.151803
45, 49, 18.616179
46, 1, 4.198931
46, 2, -17.686679
46, 4, 11.392498
46, 5, 30.819418
46, 6, -15.432416
46, 7, -4.996063
46, 8, -16.167463
46, 9, 12.034616
46, 10, 14.525292
46, 11, -11.068002
46, 13, 32.714701
46, 14, -13.733155
46, 16, -40.873498
46, 17, -23.092013
46, 19, 5.003479
46, 20, 62.174091
46, 21, 9.186611
46, 22, -11.391144
46, 23, 9.120418
46, 25, -23.169316
46, 26, 53.673941
46, 27, 18.767517
46, 28, -12.970407
46, 30, 21.810419
46, 31, -61.243605
46, 32, 1.182414
46, 34, -44.680048
46, 35, 19.176406
46, 36, -36.999295
46, 37, 4.809179
46, 38, 18.405997
46, 40, -24.445153
46, 41, 2.675121
46, 42, 33.024242
46, 43, -14.040417
46, 44, 15.208044
46, 45, -73.000000
46, 46, -29.847258
46, 47, -2.348630
46, 48, 58.848197
46, 50, 5.531309
47, 1, 1.883399
47, 2, -17.873013
47, 3, 11.351981
47, 4, 15.505079
47, 6, -17.515181
47, 7, -5.258577
47, 8, -16.742431
47, 9, 11.313220
47, 10, 16.276918
47, 11, -8.313346
47, 12, 74.854522
47, 13, 33.764245
47, 17, -26.109581
47, 19, 5.996521
47, 20, 62.514996
47, 21, -3.463192
47, 22, -10.958305
47, 23, 12.510317
47, 24, -33.000000
47, 25, -18.998643
47, 27, 25.506420
47, 28, -11.821114
47, 29, 99999.000000
47, 31, -61.040920
47, 32, 0.749721
47, 34, -45.363511
47, 37, 5.416797
47, 38, 19.271975
47, 39, -7.185504
47, 40, -26.027607
47, 41, 3.476421
47, 42, 38.430759
47, 43, -9.550506
47, 44, 13.309982
47, 46, -30.490103
47, 47, 0.591112
47, 49, 24.387501
48, 1, -3.163104
48, 3, 10.701226
48, 4, 20.321119
48, 5, -24.142597
48, 6, -22.170846
48, 7, -1.267890
48, 8, -16.436493
48, 9, 11.587330
48, 10, 20.612559
48, 11, -7.633049
48, 13, 33.399272
48, 15, 24.047754
48, 16, -49.594792
48, 17, -28.831451
48, 20, 62.635260
48, 21, -1.233944
48, 22, -9.380436
48, 23, 12.402059
48, 25, -14.026063
48, 26, -92.000000
48, 27, 32.376490
48, 30, -59.279663
48, 32, -1.901426
48, 34, -45.025518
48, 35, -14.882669
48, 36, -5.709769
48, 37, 7.259933
48, 38, 20.517262
48, 39, -8.195005
48, 41, 6.163276
48, 42, 43.380497
48, 43, -2.454895
48, 44, 14.216386
48, 45, 35.520906
48, 46, -30.134202
48, 47, 0.623256
48, 48, -28.958085
48, 49, 24.554301
48, 50, 32.773335
49, 1, -3.854871
49, 3, 10.087924
49, 4, 23.273853
49, 5, -23.770701
49, 6, -23.722040
49, 7, -1.530449
49, 8, -15.955836
49, 9, 11.501263
49, 10, 21.418587
49, 11, -5.649235
49, 13, 34.133600
49, 16, -49.463496
49, 17, -30.505957
49, 18, -36.373182
49, 19, -31.376660
49, 21, -8.564017
49, 22, -9.290819
49, 24, -76.000000
49, 25, -11.129715
49, 27, 35.965750
49, 28, -18.442758
49, 29, 23.797596
49, 30, -59.143745
49, 31, 44.205882
49, 32, -2.766932
49, 33, 13.928784
49, 34, -46.408966
49, 35, -14.117331
49, 36, -6.983869
49, 37, 7.906228
49, 38, 20.729944
49, 39, -10.431465
49, 40, 22.452562
49, 41, 7.365557
49, 42, 46.200135
49, 43, 0.288099
49, 45, 34.987453
49, 48, -29.822201
49, 49, 23.873402
49, 50, 33.463496
50, 1, -6.325720
50, 3, 9.394224
50, 4, 25.293320
50, 5, -23.032910
50, 6, -26.437033
50, 8, -14.996539
50, 10, 23.826042
50, 13, 33.917295
50, 14, -48.816572
50, 15, 61.000000
50, 16, -49.133623
50, 17, -31.343932
50, 18, -35.626818
50, 19, -31.623340
50, 20, 4.000000
50, 22, -8.384701
50, 23, 75.000000
50, 25, -8.640202
50, 26, 68.000000
50, 27, 38.245648
50, 28, -17.557242
50, 29, 24.202404
50, 30, -58.732025
50, 31, 44.794118
50, 32, -4.767410
50, 33, -0.569892
50, 34, -46.410767
50, 36, -7.943555
50, 37, 9.442175
50, 39, -11.229107
50, 40, 22.547438
50, 41, 9.449385
50, 42, 47.799555
50, 43, 3.801454
50, 44, -53.000000
50, 45, 34.209458
50, 46, -72.000000
50, 47, -8.000000
50, 48, -30.298356
50, 49, 23.991531
50, 50, 33.955080
