1, 1, 33.000000
1, 3, -22.915999
1, 4, 9.435089
1, 6, 4.667461
1, 7, 8.127859
1, 8, 34.488954
1, 9, -31.684492
1, 10, -19.000000
1, 11, 1.420584
1, 12, 99999.000000
1, 13, -86.000000
1, 14, -58.010711
1, 15, -38.000000
1, 16, 28.233723
1, 18, -85.000000
1, 19, -43.514680
1, 20, -27.019729
1, 21, -15.127888
1, 22, -14.313996
1, 23, 7.430003
1, 24, 21.140060
1, 25, -28.930367
1, 26, 99999.000000
1, 27, 62.000000
1, 28, 5.304352
1, 29, -41.000000
1, 30, -36.503813
1, 32, -7.255883
1, 33, -35.645800
1, 34, -12.748657
1, 35, -7.697543
1, 37, -82.000000
1, 38, -87.000000
1, 39, 82.000000
1, 40, -3.184706
1, 41, 15.725217
1, 42, -25.282489
1, 43, -36.105539
1, 45, 7.252578
1, 46, -81.000000
1, 47, -8.725453
1, 49, 45.000000
1, 50, 15.589401
2, 2, 10.869125
2, 3, -22.426493
2, 4, 9.882461
2, 5, -42.086929
2, 6, 4.272044
2, 7, 8.286131
2, 8, 34.511046
2, 9, -21.910519
2, 11, 1.146788
2, 14, -57.989289
2, 16, 0.003347
2, 17, -43.316325
2, 18, -91.004017
2, 19, -43.029142
2, 20, -27.643291
2, 21, -15.904201
2, 22, -9.537871
2, 23, 6.794132
2, 24, 21.838483
2, 25, -28.142861
2, 26, -30.657396
2, 28, 5.457223
2, 30, -29.759992
2, 31, 16.107646
2, 32, -7.254029
2, 33, -35.361352
2, 34, -13.583878
2, 35, -8.407645
2, 36, -70.503682
2, 40, -4.327156
2, 41, 15.831855
2, 42, -24.991158
2, 43, -38.486146
2, 44, -16.495596
2, 45, 8.258478
2, 47, -7.581154
2, 48, -8.656785
2, 50, 15.280747
3, 1, -12.743593
3, 2, 51.464172
3, 3, -22.967215
3, 4, 9.097076
3, 5, -42.880526
3, 6, 4.301898
3, 7, 8.137762
3, 9, -31.652864
3, 11, -0.110398
3, 12, 31.132673
3, 13, 99999.000000
3, 15, -25.987280
3, 16, 28.326568
3, 17, 1.815068
3, 18, 99999.000000
3, 19, -43.035671
3, 20, -26.878107
3, 21, -17.261078
3, 22, -14.499687
3, 23, 5.330009
3, 24, 21.168135
3, 25, -27.854026
3, 26, -21.759155
3, 27, -1.658056
3, 28, 5.352632
3, 29, 57.158411
3, 30, -36.470389
3, 31, 16.206021
3, 32, -6.590836
3, 33, -32.992577
3, 34, -11.774962
3, 35, -6.796636
3, 36, -70.496318
3, 37, -79.000000
3, 38, 41.531799
3, 39, -2.573193
3, 40, -3.816645
3, 41, 15.704172
3, 42, -25.255254
3, 43, -36.059107
3, 44, -14.534449
3, 45, 7.409892
3, 47, -6.791383
3, 48, -8.752210
3, 49, -47.321213
3, 50, 15.655465
4, 1, -12.732358
4, 2, 10.518201
4, 3, -22.496231
4, 4, 9.424375
4, 5, -42.297398
4, 6, 3.829746
4, 8, -31.679578
4, 9, -21.885569
4, 10, -95.000000
4, 11, -1.725384
4, 12, 31.174039
4, 14, 15.397678
4, 15, -26.012720
4, 16, 99999.000000
4, 17, -43.381936
4, 18, 97.000000
4, 19, -42.086293
4, 20, -27.527189
4, 21, -19.848662
4, 22, -9.699947
4, 23, 3.214935
4, 24, 21.985249
4, 25, -26.513342
4, 26, -30.187753
4, 27, -1.607428
4, 29, 56.961658
4, 30, -29.688425
4, 31, 16.178213
4, 32, -5.978666
4, 33, -30.220854
4, 34, -11.845626
4, 35, -6.862196
4, 38, 41.468201
4, 39, -2.118756
4, 40, -5.310764
4, 43, -38.570468
4, 44, -18.226853
4, 45, 8.421671
4, 46, 99999.000000
4, 47, -4.019084
4, 48, -8.708779
4, 49, -47.038077
4, 50, 15.334491
5, 1, -12.280769
5, 2, 51.478768
5, 3, -23.032583
5, 4, 8.696918
5, 5, -43.138053
5, 6, 3.966037
5, 7, 9.876728
5, 8, -29.495773
5, 9, -31.721166
5, 11, -3.935521
5, 12, 31.079442
5, 13, 9.449761
5, 14, 14.751137
5, 16, -27.114725
5, 17, 1.982477
5, 18, 99999.000000
5, 19, -42.054257
5, 21, -22.296480
5, 22, 99999.000000
5, 23, 0.437398
5, 24, 21.386501
5, 25, -25.809886
5, 26, -22.042470
5, 27, 0.117619
5, 28, -64.000000
5, 29, 57.210404
5, 30, 99999.000000
5, 31, 16.394668
5, 32, -4.785394
5, 33, -25.543953
5, 34, -9.173036
5, 35, -4.805398
5, 36, 3.003724
5, 39, -3.516473
5, 40, -4.885480
5, 41, 12.420007
5, 43, -36.069799
5, 44, -17.566512
5, 45, 7.515442
5, 46, -92.000000
5, 47, -1.900403
5, 49, -47.348333
5, 50, 15.676552
6, 1, -11.990191
6, 2, 10.114001
6, 3, -22.535409
6, 5, -42.502198
6, 6, 3.925419
6, 7, 10.023592
6, 8, -28.873669
6, 9, 99999.000000
6, 10, -4.438440
6, 11, -5.958864
6, 13, 10.144241
6, 14, 14.249909
6, 15, 99999.000000
6, 16, -9.102188
6, 17, 99999.000000
6, 18, 26.537155
6, 19, -40.825514
6, 20, -17.236106
6, 21, -26.046068
6, 22, 33.125338
6, 23, -1.993495
6, 24, 22.200754
6, 25, -24.868027
6, 26, -28.483052
6, 27, 1.791147
6, 28, 99999.000000
6, 30, -23.000000
6, 31, 16.428141
6, 32, -3.970662
6, 33, -21.049449
6, 34, -8.864791
6, 35, -4.678936
6, 36, 1.875676
6, 38, -19.877129
6, 39, -3.614131
6, 40, -6.218736
6, 41, 10.539509
6, 42, -58.257801
6, 43, -38.681911
6, 44, -21.973904
6, 47, 1.714084
6, 49, -47.096919
7, 1, -11.499773
7, 2, 99999.000000
7, 3, -23.032928
7, 4, -21.457490
7, 6, 4.519951
7, 7, 9.669992
7, 8, -24.337159
7, 9, 6.502569
7, 10, -3.706519
7, 11, -7.958987
7, 12, 22.748412
7, 13, 9.491070
7, 14, 12.204689
7, 15, 43.000000
7, 16, -25.240714
7, 17, -66.000000
7, 18, -29.000000
7, 19, -41.090245
7, 20, -17.788474
7, 21, -28.394855
7, 22, 15.931524
7, 23, -4.988715
7, 25, -24.548622
7, 26, -21.763911
7, 27, 4.701899
7, 28, -52.000000
7, 29, -27.201729
7, 31, 16.625908
7, 32, -2.765409
7, 33, -15.106172
7, 34, -5.725294
7, 35, -2.648291
7, 36, 1.936906
7, 38, -19.399591
7, 39, -5.195622
7, 40, -5.400270
7, 41, 10.092729
7, 42, -57.846619
7, 43, -36.086009
7, 44, -21.342578
7, 46, -12.698557
7, 47, 4.277793
7, 50, 17.074969
8, 1, -11.427686
8, 4, -21.542510
8, 5, 3.554944
8, 6, 5.065856
8, 8, -21.713044
8, 9, -11.178043
8, 10, -5.019947
8, 11, -9.150362
8, 12, 22.362843
8, 13, 10.269658
8, 14, 10.354294
8, 16, -8.884482
8, 19, -39.835747
8, 20, -16.126183
8, 21, -32.732186
8, 22, 31.460536
8, 23, -6.598545
8, 24, -2.000000
8, 25, -24.657402
8, 26, -25.027755
8, 27, 7.538313
8, 29, -27.657480
8, 30, -23.429692
8, 32, -2.315680
8, 33, -10.296891
8, 34, -5.601724
8, 35, -2.732975
8, 36, 0.056266
8, 37, -41.882673
8, 38, -18.297338
8, 39, -5.059577
8, 41, 6.149390
8, 42, -58.236756
8, 43, 99999.000000
8, 44, -25.036447
8, 45, 0.087680
8, 46, -12.861418
8, 47, 7.774159
8, 48, -14.019854
8, 49, 14.000000
8, 50, 17.846318
9, 3, -24.296931
9, 5, 3.730643
9, 6, 5.908386
9, 8, -15.999340
9, 9, 7.030302
9, 10, -4.612543
9, 11, -9.803077
9, 12, 22.740985
9, 13, 9.714823
9, 14, 6.623906
9, 15, 23.000000
9, 16, -21.008519
9, 17, 60.000000
9, 18, -12.000000
9, 19, -40.530739
9, 20, -15.784839
9, 21, -33.850202
9, 22, 15.427692
9, 23, -8.845291
9, 25, -25.076409
9, 26, -19.643438
9, 27, 10.935634
9, 29, -27.293351
9, 30, -22.961715
9, 31, -68.000000
9, 32, -1.719893
9, 33, -4.760274
9, 34, -2.674274
9, 35, -1.061872
9, 36, -0.175310
9, 37, -39.955810
9, 38, -16.507308
9, 39, -6.056089
9, 40, 15.081612
9, 41, 4.397932
9, 43, -1.532468
9, 44, -23.129419
9, 45, -0.064590
9, 46, -13.285896
9, 47, 9.861924
9, 48, -15.090152
9, 50, 16.968798
10, 1, 11.096444
10, 2, -45.679928
10, 3, -24.684069
10, 4, -1.324041
10, 5, 3.711083
10, 6, 6.526770
10, 7, -15.536506
10, 8, -12.735908
10, 9, -9.294105
10, 10, -6.014174
10, 13, 10.510120
10, 14, 3.356431
10, 16, -8.362170
10, 18, 99999.000000
10, 19, -39.476374
10, 20, -13.494253
10, 21, -38.499591
10, 22, 27.062844
10, 23, -9.049999
10, 24, -17.983225
10, 25, -26.053224
10, 26, -19.575766
10, 27, 14.318444
10, 29, -27.779631
10, 30, -23.295854
10, 32, -2.071423
10, 33, -1.440637
10, 34, -3.359754
10, 35, -1.585861
10, 36, -1.817871
10, 37, -41.745776
10, 38, -13.942390
10, 40, 16.678821
10, 41, -0.601083
10, 42, -54.092445
10, 43, 47.000000
10, 45, 0.486086
10, 46, -14.148699
10, 47, 12.388670
10, 48, -15.051079
10, 49, 2.857992
10, 50, 17.746907
11, 1, 12.855040
11, 2, -46.257967
11, 3, -24.725348
11, 4, 0.406118
11, 5, 3.884157
11, 6, 6.855943
11, 7, -16.247135
11, 8, -7.466915
11, 9, 8.594914
11, 10, -5.454918
11, 11, -27.193261
11, 12, -16.000000
11, 13, 9.959497
11, 14, -2.010806
11, 15, 0.000000
11, 16, -16.823634
11, 17, -4.789046
11, 20, -12.514769
11, 21, -37.531734
11, 22, 13.674278
11, 23, -10.132084
11, 24, -18.154908
11, 25, -26.841981
11, 26, -15.064404
11, 27, 17.528811
11, 28, 9.501674
11, 30, -22.861983
11, 32, -2.474228
11, 33, 1.858746
11, 34, -1.351574
11, 35, -0.437109
11, 36, -1.333055
11, 37, -39.820544
11, 38, -11.318289
11, 39, 0.462790
11, 40, 17.713219
11, 41, -2.371236
11, 42, -54.076697
11, 44, 4.283069
11, 45, 0.380310
11, 46, -15.093429
11, 47, 13.242321
11, 48, -16.832512
11, 49, 3.512394
11, 50, 16.914740
12, 1, 12.331005
12, 2, -46.179213
12, 3, -25.455745
12, 4, 0.785955
12, 6, 6.674339
12, 7, -15.912024
12, 8, -5.232123
12, 9, -5.284949
12, 10, -6.490070
12, 11, -27.067967
12, 13, 10.664371
12, 14, -6.338920
12, 15, 11.007364
12, 16, -8.011828
12, 17, -4.866845
12, 18, 3.209164
12, 19, -3.593751
12, 20, -9.889783
12, 21, -42.400190
12, 22, 20.761294
12, 23, -9.078080
12, 24, -17.699624
12, 25, -27.797992
12, 26, -12.536309
12, 27, 20.849116
12, 28, 9.498326
12, 29, 80.000000
12, 31, 18.526443
12, 32, -3.663696
12, 33, 2.156287
12, 37, -41.639699
12, 38, -7.678558
12, 39, 0.334894
12, 40, 21.208436
12, 41, -7.235116
12, 42, -54.150628
12, 43, -14.931119
12, 44, 3.788654
12, 45, 0.805259
12, 46, -16.331344
12, 47, 14.211259
12, 48, -17.060832
12, 49, 3.088903
13, 1, 15.003247
13, 2, -47.132370
13, 3, -25.662439
13, 4, 4.145784
13, 5, 39.492421
13, 6, 5.708067
13, 7, -16.894259
13, 8, -1.972885
13, 9, 10.310416
13, 11, -26.850455
13, 12, 99999.000000
13, 14, -12.682235
13, 15, 99999.000000
13, 16, -15.029025
13, 17, -4.660813
13, 18, 3.148801
13, 19, -3.883725
13, 20, -8.418975
13, 21, -38.847453
13, 22, 10.477026
13, 23, -9.245681
13, 24, -17.773108
13, 25, -28.164101
13, 26, -8.592557
13, 27, 23.367441
13, 30, -40.438848
13, 31, 18.473557
13, 32, -4.965229
13, 34, -3.054895
13, 35, 4.547282
13, 36, -44.004017
13, 37, -39.775395
13, 38, -4.901274
13, 39, 0.264929
13, 40, 23.255571
13, 41, -8.004069
13, 43, -15.381022
13, 44, 4.070326
13, 46, -17.252881
13, 48, -18.619592
13, 49, 3.719216
13, 50, 9.136416
14, 1, 15.391222
14, 2, -47.324493
14, 3, -26.408463
14, 4, 6.033992
14, 5, 37.612084
14, 6, 4.118922
14, 7, -16.898832
14, 8, -2.177880
14, 9, -2.086243
14, 10, 19.324614
14, 11, -26.540901
14, 12, 9.796642
14, 13, -12.905708
14, 14, -17.164118
14, 16, 99999.000000
14, 17, -4.721439
14, 18, 3.182408
14, 19, -3.416867
14, 20, -5.540595
14, 21, -43.825006
14, 22, 13.643823
14, 23, -7.638969
14, 24, -17.319492
14, 25, -28.135033
14, 26, -5.015875
14, 27, 26.145004
14, 28, -38.914732
14, 30, -51.638403
14, 32, -6.546666
14, 33, -42.692579
14, 34, -2.945105
14, 35, 4.851570
14, 36, -43.995983
14, 37, -41.630700
14, 38, -0.879794
14, 39, 0.121969
14, 40, 26.719444
14, 41, -11.858674
14, 42, 99999.000000
14, 43, -15.564725
14, 44, 3.547052
14, 46, -18.209036
14, 47, -15.156898
14, 48, -18.166878
14, 50, 8.581710
15, 1, 18.467689
15, 2, -48.329031
15, 3, -26.414009
15, 4, 10.169132
15, 5, 36.992842
15, 6, 1.596850
15, 7, -17.856072
15, 9, 11.078853
15, 10, 17.419794
15, 11, -26.262100
15, 12, -10.345463
15, 13, -11.889861
15, 14, -23.273679
15, 15, 99999.000000
15, 16, -5.423900
15, 18, 3.149235
15, 19, -3.714234
15, 20, -3.603424
15, 21, 99999.000000
15, 22, 6.279506
15, 23, -7.607057
15, 24, -17.483441
15, 25, -27.444219
15, 26, -1.765722
15, 27, 27.717575
15, 28, -39.075023
15, 29, 35.339653
15, 30, -40.370715
15, 31, -84.000000
15, 32, -8.141790
15, 33, -42.945103
15, 35, 6.225364
15, 37, -39.805950
15, 38, 1.267436
15, 39, 0.118424
15, 40, 27.690280
15, 41, -11.122477
15, 42, 40.000000
15, 43, -16.315423
15, 45, -8.824654
15, 46, -18.384434
15, 47, -15.892565
15, 49, 4.006474
15, 50, 6.898499
16, 1, 19.284949
16, 2, -48.470193
16, 3, -26.837360
16, 4, 12.858113
16, 5, 32.807457
16, 6, -1.351691
16, 7, -17.956339
16, 8, -24.944197
16, 10, 18.985936
16, 11, -26.039280
16, 12, 9.694721
16, 13, -12.773990
16, 14, -26.653497
16, 15, -38.212538
16, 16, -9.923167
16, 17, 53.528452
16, 20, -0.442801
16, 21, 12.146354
16, 22, 7.169409
16, 23, -6.289170
16, 24, -17.184262
16, 25, -26.028427
16, 26, 1.443899
16, 27, 29.708041
16, 28, -38.881841
16, 29, 34.742192
16, 30, -51.672592
16, 32, -9.364112
16, 33, -42.772744
16, 34, 2.000000
16, 35, 7.647239
16, 36, 66.000000
16, 38, 4.821137
16, 40, 29.241673
16, 41, -13.509747
16, 43, -16.490807
16, 44, 25.913258
16, 45, -9.573036
16, 46, -18.364238
16, 47, -15.179209
16, 48, -4.221960
16, 49, 2.359082
16, 50, 4.575679
17, 1, 22.098554
17, 2, -49.226716
17, 4, 16.949893
17, 5, 30.016062
17, 6, -5.028129
17, 7, -18.614280
17, 8, -25.364874
17, 9, -26.390048
17, 10, 16.858156
17, 11, -25.959823
17, 12, -10.258486
17, 13, -11.781193
17, 14, -31.151368
17, 15, -16.211814
17, 16, -6.747231
17, 17, 53.471548
17, 18, 12.341295
17, 19, 86.000000
17, 20, 1.878739
17, 21, 4.682306
17, 22, 2.449631
17, 23, -6.786715
17, 25, -24.245815
17, 26, 3.503936
17, 27, 30.354737
17, 28, -39.107721
17, 29, 35.036559
17, 30, -40.305405
17, 31, 99999.000000
17, 32, -10.417042
17, 33, -43.006425
17, 35, 9.431410
17, 38, 5.663800
17, 39, 14.483780
17, 42, -10.547584
17, 43, -16.926212
17, 44, 26.132736
17, 45, -8.819373
17, 46, -17.271531
17, 47, -15.955784
17, 48, -3.547057
17, 49, 3.062832
17, 50, 1.562138
18, 1, 22.636609
18, 2, -49.091624
18, 3, -73.000000
18, 4, 19.886675
18, 5, 24.003798
18, 6, -8.689864
18, 7, -18.559954
18, 8, -25.327265
18, 9, -26.280237
18, 10, 18.343788
18, 12, 9.592294
18, 13, -12.725401
18, 14, -32.254309
18, 15, -37.880292
18, 16, -10.988035
18, 18, 10.925459
18, 20, 5.238545
18, 21, 11.584569
18, 22, 3.114213
18, 24, -33.959833
18, 25, -21.845440
18, 26, 5.281679
18, 27, 31.578085
18, 29, 34.363609
18, 30, 99999.000000
18, 32, -10.614009
18, 34, 23.000000
18, 35, 10.455156
18, 36, 21.505021
18, 37, 73.000000
18, 38, 8.013700
18, 39, 15.477535
18, 40, 1.807624
18, 41, 39.686597
18, 42, -10.188559
18, 44, 25.866216
18, 45, -9.508613
18, 46, -15.950980
18, 47, -15.258065
18, 48, -4.035802
18, 49, 0.686435
18, 50, -1.366047
19, 1, 24.516528
19, 2, -49.488156
19, 4, 23.452318
19, 5, 19.688586
19, 6, -12.681270
19, 7, -18.837204
19, 8, -25.978834
19, 9, -26.234068
19, 10, 16.295382
19, 11, -11.225077
19, 13, -11.808839
19, 14, -34.106819
19, 15, -16.761974
19, 16, -10.342265
19, 17, -35.983043
19, 18, 11.571118
19, 19, 7.512413
19, 20, 7.666684
19, 21, 4.832327
19, 22, 0.749792
19, 23, -5.434292
19, 24, -34.040167
19, 25, -19.596910
19, 26, 5.580672
19, 27, 31.496242
19, 28, -13.904416
19, 29, 34.705445
19, 30, -57.486276
19, 31, -90.000000
19, 33, 19.807369
19, 35, 11.128408
19, 36, 21.494979
19, 38, 7.207250
19, 39, 12.800107
19, 40, 0.952549
19, 41, 39.623791
19, 42, -10.972007
19, 45, -8.720442
19, 46, -13.623924
19, 48, -3.348258
19, 49, 0.885579
19, 50, -4.385138
20, 1, 24.055358
20, 3, 62.000000
20, 4, 26.348234
20, 5, 12.859809
20, 6, -16.114499
20, 8, -25.974536
20, 10, 17.996104
20, 11, -10.435618
20, 15, -37.306109
20, 16, -13.899808
20, 17, -35.221145
20, 18, 9.752190
20, 19, 6.974917
20, 20, 10.933811
20, 21, 10.604297
20, 23, -6.384807
20, 25, -17.189583
20, 27, 32.106629
20, 28, -13.005903
20, 29, 34.187609
20, 30, -78.000000
20, 33, 18.694486
20, 34, 4.712632
20, 37, -37.474226
20, 39, 12.461275
20, 40, 2.120143
20, 41, 39.609194
20, 42, -11.243982
20, 43, 63.000000
20, 44, -4.721123
20, 46, -11.324694
20, 47, 25.416295
20, 49, -1.725632
20, 50, -6.538994
21, 2, 66.000000
21, 4, 29.197128
21, 5, 8.280692
21, 6, -19.445103
21, 7, -17.949720
21, 8, -26.449612
21, 11, -11.401617
21, 12, -30.543300
21, 13, -58.027448
21, 14, 14.471362
21, 15, -17.447639
21, 16, -15.107754
21, 17, -32.787650
21, 18, 10.291950
21, 19, 8.311152
21, 20, 13.063265
21, 21, 5.613611
21, 23, -5.400579
21, 25, -15.464568
21, 28, -15.590457
21, 31, -12.853393
21, 32, -13.000000
21, 33, 20.346064
21, 34, 19.011461
21, 35, 11.057785
21, 36, -26.114589
21, 37, -37.525774
21, 38, 9.281273
21, 39, 8.227378
21, 40, 1.478895
21, 41, 39.595759
21, 42, -12.359747
21, 43, 75.008033
21, 44, -4.731645
21, 45, 7.126874
21, 46, -8.460505
21, 47, 24.932573
21, 48, -36.008193
21, 49, -1.488806
21, 50, -8.271954
22, 1, -96.000000
22, 2, 99999.000000
22, 3, 27.661826
22, 4, 31.865510
22, 5, 2.221963
22, 6, -21.704302
22, 7, -18.137379
22, 10, -6.315390
22, 11, -10.646324
22, 12, -30.255709
22, 13, -57.972552
22, 14, 15.064321
22, 15, -37.009945
22, 16, -17.505814
22, 17, -29.283368
22, 18, 8.675844
22, 19, 8.152835
22, 20, 15.860748
22, 21, 9.990783
22, 22, 80.501674
22, 23, -6.351184
22, 24, -57.931956
22, 25, -14.096875
22, 26, 45.246985
22, 28, -16.002568
22, 31, -13.402924
22, 33, 19.788501
22, 34, 4.375238
22, 35, 10.234260
22, 36, -25.457806
22, 38, 9.074234
22, 39, 7.045314
22, 40, 2.741611
22, 42, -13.179209
22, 43, 99999.000000
22, 44, -5.600355
22, 45, 7.225708
22, 46, -6.112110
22, 47, 23.936268
22, 48, -35.613580
22, 49, -3.777232
22, 50, -8.628336
23, 3, 27.599288
23, 4, 33.878440
23, 5, -0.881441
23, 6, -23.503426
23, 7, -17.767239
23, 8, 4.562770
23, 9, -10.232336
23, 10, -5.483717
23, 11, -11.612247
23, 12, -29.572536
23, 14, 14.567480
23, 16, -19.303770
23, 17, -24.841855
23, 18, 9.672190
23, 19, 9.479435
23, 20, 17.389027
23, 21, 7.037028
23, 22, 80.498326
23, 23, -5.379523
23, 24, -56.171450
23, 25, -13.759118
23, 26, 45.315631
23, 28, -19.446629
23, 30, 15.423766
23, 31, -14.594730
23, 32, 91.000000
23, 33, 21.913424
23, 34, 18.831263
23, 35, 12.232759
23, 36, -24.162032
23, 37, 76.000000
23, 38, 9.264376
23, 39, 1.270718
23, 40, 2.120040
23, 41, 26.828932
23, 42, -14.208857
23, 43, 5.217034
23, 44, -6.125340
23, 45, 6.988951
23, 46, -3.829199
23, 47, 22.375546
23, 48, -35.936392
23, 49, -3.015729
24, 1, 14.577349
24, 2, -73.000000
24, 3, 27.762562
24, 4, 36.048067
24, 5, -4.453801
24, 6, -23.882214
24, 7, -17.957660
24, 8, 4.643829
24, 9, -11.276607
24, 10, -5.841310
24, 11, -10.793416
24, 12, -28.625729
24, 13, 33.000000
24, 14, 15.195022
24, 15, -1.326401
24, 16, -20.106664
24, 17, -20.159820
24, 19, 8.926335
24, 20, 19.486329
24, 21, 10.130734
24, 24, -58.090494
24, 26, 45.187564
24, 27, -20.358104
24, 28, -20.272513
24, 29, -51.851721
24, 30, 14.532111
24, 31, -16.580680
24, 33, 21.689891
24, 34, 4.020808
24, 35, 12.391087
24, 36, -21.803453
24, 37, 99999.000000
24, 38, 9.082227
24, 39, -0.104487
24, 40, 3.255652
24, 41, 27.543605
24, 42, -15.240160
24, 43, 24.131242
24, 44, -7.320113
24, 45, 7.109728
24, 46, -2.573743
24, 47, 20.639963
24, 49, -4.591071
24, 50, -62.000000
25, 1, 14.685773
25, 3, 27.861019
25, 4, 37.049765
25, 5, -4.525497
25, 7, -17.660886
25, 8, 4.650730
25, 9, -12.300825
25, 10, -4.802301
25, 11, -11.694218
25, 12, -27.567342
25, 15, -2.289508
25, 16, -21.105541
25, 17, -15.674301
25, 18, 14.000000
25, 20, 20.411693
25, 21, 8.772765
25, 22, -6.752290
25, 24, -56.524121
25, 25, 25.000000
25, 27, -20.720857
25, 28, -23.544455
25, 29, -50.797478
25, 30, 14.721349
25, 31, -18.657937
25, 33, 23.931289
25, 34, 99999.000000
25, 35, 14.847572
25, 36, -19.103730
25, 38, 9.293878
25, 39, -7.539460
25, 40, 2.444553
25, 41, 27.039253
25, 42, -15.652059
25, 43, 7.007555
25, 44, -7.862463
25, 46, -1.873610
25, 47, 18.865290
25, 48, -9.170248
26, 1, 14.547326
26, 2, -51.014058
26, 3, 28.133891
26, 4, 38.362591
26, 6, 8.000977
26, 8, 4.704123
26, 9, -15.054055
26, 10, -5.175586
26, 11, -10.797650
26, 12, -26.659046
26, 13, 54.977239
26, 14, -50.790579
26, 15, -1.391462
26, 17, -11.938388
26, 19, -23.773773
26, 20, 21.863017
26, 21, 10.802550
26, 22, -6.744974
26, 23, -0.956608
26, 24, -58.559490
26, 26, -22.902808
26, 27, -20.001284
26, 28, -23.812279
26, 29, -51.944166
26, 30, 13.371459
26, 31, -21.029440
26, 32, -44.000000
26, 33, 23.599721
26, 34, 28.498879
26, 35, 15.376928
26, 36, -15.709058
26, 39, -8.165322
26, 41, 27.741286
26, 42, -16.480099
26, 43, 24.723436
26, 44, -8.933982
26, 47, 17.352061
26, 48, -10.603746
26, 49, 38.000000
26, 50, -29.932541
27, 1, 14.666243
27, 2, -50.985942
27, 3, 28.246438
27, 4, 38.198471
27, 5, -4.524620
27, 6, 9.326076
27, 7, 19.220313
27, 9, -17.326465
27, 10, -4.365778
27, 12, -25.967070
27, 13, 55.022761
27, 14, -50.424790
27, 15, -2.358623
27, 16, -10.931263
27, 17, -9.469338
27, 18, -3.735278
27, 19, -23.072395
27, 20, 22.471863
27, 21, 10.245651
27, 22, -7.660008
27, 23, -0.899959
27, 24, -57.047546
27, 25, -56.000000
27, 26, -24.106962
27, 27, -20.291433
27, 28, -26.077973
27, 29, -50.937270
27, 30, 13.168225
27, 31, -22.730942
27, 32, -50.004017
27, 33, 25.447638
27, 34, 11.644701
27, 35, 17.481753
27, 36, -12.450829
27, 37, 9.947783
27, 38, -16.572575
27, 39, -17.391883
27, 40, -18.158606
27, 42, -15.901718
27, 43, 11.225657
27, 44, -9.133506
27, 45, -24.213006
27, 46, 3.473077
27, 47, 16.322104
27, 48, -9.487797
27, 50, -30.659400
28, 3, 28.432028
28, 5, -9.927649
28, 6, 7.424214
28, 7, 19.168145
28, 8, -22.457490
28, 9, -20.767072
28, 12, -25.753368
28, 14, -50.857428
28, 16, -10.835533
28, 17, -8.478452
28, 18, -3.554579
28, 19, -22.167882
28, 20, 23.530816
28, 21, 11.430107
28, 22, -8.578650
28, 23, 1.113989
28, 24, -58.997039
28, 26, -23.175053
28, 27, -19.646224
28, 28, -25.149837
28, 29, -52.077585
28, 30, 11.756079
28, 31, -24.222113
28, 32, 99999.000000
28, 33, 24.514193
28, 34, 28.382395
28, 35, 17.706204
28, 36, -8.964588
28, 37, 10.052217
28, 38, -16.314506
28, 39, -15.897040
28, 40, -18.311322
28, 41, -29.563670
28, 42, -16.298978
28, 43, 26.207845
28, 44, -9.830909
28, 45, -23.120570
28, 46, 3.147501
28, 47, 15.886198
28, 48, -11.314858
28, 49, -81.004017
28, 50, -28.711210
29, 1, -3.203561
29, 5, -3.783260
29, 6, 8.309043
29, 7, 19.350297
29, 8, -22.542510
29, 9, -23.055684
29, 10, 26.356117
29, 11, 53.671307
29, 13, 99999.000000
29, 15, 99999.000000
29, 16, -10.396124
29, 18, -3.871451
29, 19, -20.196217
29, 20, 24.151185
29, 21, 10.879628
29, 22, -10.078361
29, 23, 2.760944
29, 24, -57.332798
29, 25, 13.404565
29, 26, -24.634150
29, 27, -20.128167
29, 30, 11.521244
29, 31, -24.487935
29, 32, -3.039751
29, 34, 11.820835
29, 35, 18.933142
29, 36, -6.172635
29, 38, -17.242613
29, 39, -26.828664
29, 40, -18.032066
29, 41, -29.126856
29, 42, -14.764074
29, 43, 15.528517
29, 44, -9.573568
29, 45, -24.334349
29, 46, 3.371565
29, 48, -10.675163
29, 49, -80.995983
29, 50, -28.560111
30, 1, -3.381985
30, 2, -34.147213
30, 3, 13.373127
30, 4, 11.097796
30, 5, -9.446376
30, 6, 6.130065
30, 9, -25.866852
30, 10, 26.533576
30, 11, 52.439250
30, 12, 42.124291
30, 13, -9.457620
30, 14, 21.874528
30, 15, 12.507029
30, 16, -10.027554
30, 17, 5.782880
30, 19, -18.451039
30, 20, 25.014436
30, 22, -11.347472
30, 23, 6.110108
30, 25, 13.357723
30, 26, -23.868807
30, 28, -5.595096
30, 29, -3.945210
30, 30, 10.414212
30, 32, -8.013389
30, 33, -62.000000
30, 34, 28.303372
30, 35, 18.459561
30, 36, -3.617989
30, 37, 4.590022
30, 38, -17.458498
30, 39, -21.624392
30, 40, -18.243216
30, 41, -29.555004
30, 42, -14.870090
30, 43, 27.536202
30, 45, -23.288091
30, 47, 24.008033
30, 48, -12.806564
30, 50, -25.876571
31, 1, -4.558695
31, 2, -34.199868
31, 3, 12.188380
31, 4, 11.374967
31, 5, -2.569750
31, 6, 6.968620
31, 7, -44.777419
31, 8, 13.718423
31, 9, -26.912227
31, 10, 26.533917
31, 11, 51.161568
31, 12, 41.964317
31, 13, 12.027978
31, 14, 23.133199
31, 15, 2.000000
31, 16, -9.496720
31, 17, 6.075081
31, 18, 63.000000
31, 19, -15.996375
31, 20, 25.717646
31, 21, -7.929883
31, 22, -12.642927
31, 23, 8.173313
31, 24, -55.619582
31, 25, 13.585822
31, 26, -25.447749
31, 28, -6.636560
31, 29, -4.414231
31, 30, 10.475645
31, 31, -69.000000
31, 32, -3.013755
31, 34, 12.014766
31, 35, 18.805560
31, 36, -2.254502
31, 37, 3.756314
31, 38, -18.576808
31, 39, -33.818475
31, 42, -12.861882
31, 43, 17.452598
31, 44, -85.000000
31, 45, -24.483314
31, 46, -34.480921
31, 47, 23.991967
31, 48, -12.511180
31, 50, -25.413612
32, 1, -5.682742
32, 2, -32.734402
32, 3, 12.780894
32, 4, 11.907102
32, 5, -9.219005
32, 6, 4.946985
32, 7, -44.799408
32, 8, 12.273633
32, 9, -28.011754
32, 10, 26.708276
32, 11, 47.837162
32, 12, 40.598312
32, 13, -8.583620
32, 14, 21.905541
32, 16, -9.250267
32, 17, 6.519918
32, 19, -14.272282
32, 20, 26.328684
32, 21, -7.566413
32, 22, -13.416146
32, 23, 11.659647
32, 24, -55.507994
32, 25, 13.630164
32, 26, -24.660739
32, 28, -5.574391
32, 29, -4.022753
32, 30, 9.877677
32, 31, 99999.000000
32, 33, -49.000000
32, 35, 17.630104
32, 36, -1.464586
32, 37, 4.213542
32, 38, -18.652019
32, 39, -23.773257
32, 40, -4.467868
32, 42, -13.136611
32, 46, -34.519079
32, 48, -14.628453
32, 49, 5.220817
32, 50, -22.553666
33, 1, -7.079429
33, 2, -31.424867
33, 3, 11.267715
33, 4, 13.142966
33, 5, -2.000329
33, 6, 6.119232
33, 7, -44.662290
33, 8, 12.655319
33, 11, 45.105929
33, 12, 39.094823
33, 13, 12.264207
33, 14, 23.260545
33, 15, 55.000000
33, 16, -8.976070
33, 17, 7.183579
33, 18, -21.022092
33, 19, -12.126301
33, 20, 26.853035
33, 21, -9.037603
33, 22, -13.779218
33, 23, 12.813650
33, 24, -55.694275
33, 25, 13.844883
33, 26, -26.125944
33, 27, -18.708150
33, 28, -6.622228
33, 29, -4.865548
33, 31, -14.472887
33, 32, -5.227570
33, 34, 11.000000
33, 35, 17.534134
33, 37, 3.321398
33, 38, -19.324321
33, 39, -36.459138
33, 40, -3.951067
33, 42, -11.359357
33, 45, 13.934380
33, 47, -63.421479
33, 48, -14.275576
33, 49, 5.481353
33, 50, -22.322817
34, 1, -8.123675
34, 2, -28.895502
34, 3, 11.744577
34, 4, 14.537902
34, 5, 99999.000000
34, 6, 4.543803
34, 8, 10.280368
34, 9, -54.922628
34, 10, -18.677714
34, 11, 41.201005
34, 12, 36.822518
34, 13, -7.297461
34, 14, 22.094728
34, 16, -9.076681
34, 17, 7.642787
34, 18, -20.977908
34, 19, -11.001747
34, 20, 26.983325
34, 21, -9.343600
34, 23, 15.326080
34, 24, -55.591203
34, 26, -25.091871
34, 27, -17.953548
34, 28, -5.610402
34, 29, -4.784275
34, 30, 4.000000
34, 31, -55.000000
34, 32, -4.351342
34, 33, 21.521757
34, 35, 15.927233
34, 36, 17.239288
34, 37, 3.888525
34, 39, 99999.000000
34, 40, -4.305447
34, 41, 16.000000
34, 42, -12.291220
34, 43, -22.315574
34, 44, 40.596472
34, 45, 12.028435
34, 46, 85.000000
34, 47, -95.997992
34, 48, -15.935988
34, 49, 3.947816
34, 50, -19.773382
35, 1, -8.613419
35, 2, -26.643929
35, 3, 10.385813
35, 4, 16.530969
35, 5, 36.000000
35, 7, -23.470799
35, 8, 9.715582
35, 9, -54.696171
35, 10, -18.176492
35, 11, 38.839015
35, 12, 34.716991
35, 13, 12.534474
35, 14, 23.452744
35, 15, -90.000000
35, 17, 7.958714
35, 19, -9.558623
35, 21, -11.249995
35, 22, -32.126355
35, 23, 14.741414
35, 24, -55.753622
35, 25, -15.489623
35, 27, -18.505241
35, 28, -6.807604
35, 29, -6.253172
35, 32, -5.060084
35, 33, 21.478243
35, 34, -20.192786
35, 35, 15.981433
35, 36, 17.011662
35, 38, 4.434409
35, 39, -8.511690
35, 40, -3.783704
35, 41, 25.006025
35, 43, -22.118000
35, 44, 41.293521
35, 45, 14.242885
35, 47, -63.319968
35, 48, -15.052853
35, 49, 3.251104
35, 50, -20.127151
36, 1, -8.832625
36, 2, -23.691381
36, 3, 11.210245
36, 4, 18.384841
36, 6, -93.000000
36, 7, -42.969875
36, 8, 6.703612
36, 9, -54.906535
36, 10, -19.610581
36, 11, 36.262537
36, 12, 32.512230
36, 15, 99999.000000
36, 18, -8.551213
36, 19, -9.120470
36, 20, -27.770099
36, 21, -11.635176
36, 22, -32.850377
36, 23, 15.817266
36, 25, -15.510377
36, 26, -53.989253
36, 27, -17.691276
36, 28, -5.993474
36, 29, -6.544904
36, 30, -10.010042
36, 31, 14.765739
36, 32, -4.022861
36, 34, -20.285182
36, 35, 14.280696
36, 36, 19.307612
36, 37, 0.000000
36, 38, 3.683292
36, 39, 11.730659
36, 40, -4.160820
36, 41, 99999.000000
36, 42, 3.435294
36, 43, -22.360140
36, 44, 40.666192
36, 45, 12.921968
36, 46, -9.345361
36, 47, 99999.000000
36, 49, 1.223191
36, 50, -18.201528
37, 1, -8.096643
37, 2, -21.231827
37, 4, 20.578820
37, 5, -13.000000
37, 7, -23.322246
37, 8, 5.397760
37, 10, -19.793044
37, 11, 35.993202
37, 12, 30.830658
37, 13, 17.535298
37, 14, -24.022125
37, 15, 24.362978
37, 16, -43.000000
37, 17, -18.975949
37, 18, -8.448787
37, 19, -8.323638
37, 20, -27.979549
37, 21, -13.416392
37, 22, -30.740102
37, 23, 13.553020
37, 24, 38.812682
37, 26, -54.934238
37, 27, -18.286199
37, 28, -7.457233
37, 29, -8.602343
37, 30, -9.989958
37, 31, 14.764013
37, 32, -4.580159
37, 33, 5.952469
37, 34, -20.768585
37, 35, 14.931445
37, 36, 20.549017
37, 38, 4.623975
37, 39, -8.173105
37, 40, -3.689347
37, 41, 99999.000000
37, 42, 3.831619
37, 44, 41.403980
37, 45, 15.558647
37, 46, 48.008033
37, 47, -80.000000
37, 48, 8.954477
37, 49, 0.512742
37, 50, -19.309803
38, 1, -7.677993
38, 2, -18.627712
38, 4, 22.207462
38, 6, 2.571017
38, 7, 99999.000000
38, 8, 2.134654
38, 10, -21.498019
38, 12, 29.657802
38, 13, 18.433195
38, 14, -23.954834
38, 15, 6.488129
38, 17, -19.586531
38, 19, -8.318244
38, 20, -28.191984
38, 21, -13.410904
38, 22, -30.309645
38, 23, 13.574971
38, 24, 38.914938
38, 25, -29.378638
38, 26, -54.004301
38, 28, -6.900073
38, 29, -9.046872
38, 31, 14.863537
38, 32, -3.322124
38, 33, 6.047531
38, 34, -21.315778
38, 35, 13.376163
38, 36, 23.652822
38, 37, -4.450758
38, 38, 4.321755
38, 39, 10.490093
38, 40, -4.113306
38, 42, 4.415725
38, 43, 62.000000
38, 44, 40.780692
38, 45, 15.033961
38, 46, -9.488962
38, 48, 9.045523
38, 49, -0.964974
39, 1, -6.418059
39, 2, -16.763679
39, 3, 72.153728
39, 4, 23.867008
39, 5, 24.291275
39, 6, 2.466079
39, 7, 3.855262
39, 8, 0.357906
39, 9, 14.827905
39, 10, -21.492579
39, 12, 29.258412
39, 13, 19.016241
39, 14, -23.280541
39, 15, 23.232353
39, 16, 3.339028
39, 17, -18.823317
39, 18, 84.000000
39, 19, -7.889239
39, 20, -28.604811
39, 21, -14.701249
39, 22, -27.245626
39, 23, 10.496027
39, 24, 38.882467
39, 25, -25.483598
39, 26, -54.987447
39, 27, -9.466071
39, 28, -8.604155
39, 29, -11.258022
39, 30, 32.984169
39, 32, -3.688896
39, 34, -22.005690
39, 35, 14.764875
39, 36, 24.862960
39, 37, -3.647791
39, 38, 5.818482
39, 39, -7.573700
39, 41, -43.963502
39, 42, 5.927918
39, 44, 41.485147
39, 45, 17.974608
39, 46, 99999.000000
39, 49, -0.741308
40, 1, -6.225331
40, 2, -15.096133
40, 3, 71.979356
40, 4, 24.589011
40, 5, 24.054245
40, 6, 2.528927
40, 7, -6.559057
40, 8, -2.770680
40, 9, 14.222793
40, 10, -22.560603
40, 11, -87.000000
40, 13, 21.118978
40, 14, -23.818774
40, 15, 5.885632
40, 16, 2.672135
40, 17, -19.367703
40, 19, -8.029951
40, 20, -28.810160
40, 21, -14.084486
40, 22, -26.151191
40, 23, 10.387254
40, 24, 39.032901
40, 25, -29.340262
40, 27, -9.624182
40, 28, -8.211041
40, 29, -11.366467
40, 30, 31.474439
40, 31, -64.197134
40, 32, -2.226079
40, 33, -95.000000
40, 34, -22.448334
40, 35, 13.426381
40, 36, 27.144469
40, 37, -3.694807
40, 38, 6.153184
40, 39, 8.056605
40, 40, -21.725971
40, 41, -43.350115
40, 42, 7.655283
40, 43, -12.474896
40, 45, 18.073654
40, 46, -23.987280
40, 47, -27.057995
40, 48, -1.548656
40, 50, 27.965188
41, 1, -5.468874
41, 2, -14.322674
41, 3, 72.120304
41, 4, 25.134540
41, 5, 24.212266
41, 7, 2.744222
41, 8, -4.701217
41, 9, 14.615172
41, 11, 99999.000000
41, 12, -5.869642
41, 13, 22.455641
41, 14, -21.474408
41, 15, 20.677989
41, 16, 3.324826
41, 17, -18.872005
41, 18, 47.010803
41, 19, -7.736331
41, 20, -29.009252
41, 22, -22.719237
41, 23, 7.610879
41, 25, 99999.000000
41, 26, 85.000000
41, 27, -6.658405
41, 28, -9.987604
41, 29, -13.096529
41, 30, 31.816861
41, 31, -64.363845
41, 32, -2.484949
41, 34, -22.744388
41, 35, 15.395761
41, 36, 26.860551
41, 37, -2.207564
41, 38, 8.244373
41, 39, -6.974965
41, 40, -21.236839
41, 41, -43.870691
41, 42, 10.497889
41, 43, -12.525104
41, 44, 15.608163
41, 45, 20.852487
41, 46, -43.000000
41, 47, -26.643080
41, 48, -1.709521
41, 49, 22.509558
41, 50, 28.034812
42, 2, -13.694628
42, 5, 23.975218
42, 6, -10.498914
42, 7, -6.720758
42, 8, -7.375174
42, 9, 13.819744
42, 11, 20.974561
42, 12, -4.580140
42, 13, 25.077167
42, 14, -23.742953
42, 15, 4.619086
42, 16, 2.706391
42, 17, -19.664609
42, 18, 46.381512
42, 19, -7.906652
42, 21, 99999.000000
42, 22, -21.479690
42, 23, 8.187503
42, 24, 7.000000
42, 25, -27.348166
42, 26, 50.977239
42, 27, -4.286107
42, 28, -9.574792
42, 29, -12.379372
42, 30, 29.524196
42, 31, -63.844313
42, 32, -1.009779
42, 33, -3.337893
42, 35, 14.179837
42, 37, -1.720475
42, 38, 9.150822
42, 39, 6.256975
42, 40, -21.851672
42, 41, -43.275430
42, 42, 13.446870
42, 44, 14.092583
42, 45, 20.924111
42, 47, -27.055519
42, 48, -1.499106
42, 49, 22.136720
43, 1, 5.766167
43, 2, -13.932516
43, 3, 42.495649
43, 4, 10.959855
43, 5, 24.162448
43, 6, -12.360780
43, 7, 0.531066
43, 8, -9.116098
43, 9, 14.005212
43, 10, 13.506157
43, 11, 59.000000
43, 12, -5.562480
43, 13, 26.409252
43, 14, -19.203123
43, 15, 18.153667
43, 16, 3.394013
43, 17, -19.849011
43, 18, 46.919872
43, 20, 85.991297
43, 21, 12.125476
43, 22, -18.229210
43, 23, 6.378687
43, 25, -23.803289
43, 26, 99999.000000
43, 27, 0.777148
43, 28, -11.217910
43, 30, 29.400306
43, 31, -63.776536
43, 32, -1.404223
43, 33, -43.023190
43, 34, -54.026778
43, 35, 16.384696
43, 36, -38.285446
43, 37, 0.177617
43, 38, 11.545028
43, 39, -6.641846
43, 40, -21.651881
43, 42, 17.506126
43, 43, -15.277180
43, 44, 15.515538
43, 45, 22.898552
43, 46, -59.000000
43, 48, -1.646853
43, 49, 22.169353
43, 50, -81.000000
44, 1, 6.978377
44, 2, -13.919492
44, 3, 42.504351
44, 4, 10.852452
44, 6, -11.740608
44, 7, -6.625337
44, 8, -11.117774
44, 9, 13.151342
44, 10, 12.389871
44, 12, -4.187094
44, 13, 28.847734
44, 14, -23.746874
44, 15, 3.843020
44, 17, -21.075784
44, 18, 46.356390
44, 19, -88.000000
44, 20, 86.008703
44, 21, -0.474671
44, 22, -17.204789
44, 23, 7.799839
44, 24, 0.032134
44, 25, -25.939833
44, 26, 57.723989
44, 27, 4.768226
44, 28, -10.623442
44, 29, 3.531799
44, 30, 27.168248
44, 31, -63.137080
44, 32, -0.203380
44, 33, -2.868472
44, 34, -53.973222
44, 35, 15.078009
44, 36, -38.178176
44, 37, 0.883107
44, 38, 12.672058
44, 40, -22.478400
44, 41, 3.635953
44, 42, 21.305446
44, 43, -16.207741
44, 44, 13.928925
44, 45, 22.160430
44, 47, -1.885195
44, 49, 21.737108
44, 50, 99999.000000
45, 1, 4.531498
45, 2, -14.599333
45, 4, 12.198984
45, 5, 30.466193
45, 6, -14.560872
45, 7, -1.321922
45, 8, -12.371654
45, 9, 13.253560
45, 10, 14.518689
45, 11, -9.825656
45, 12, -5.236552
45, 13, 29.696552
45, 14, -17.272427
45, 15, 17.072312
45, 16, -41.013389
45, 17, -21.981116
45, 18, 46.905939
45, 21, 10.571712
45, 22, -14.496247
45, 23, 6.806272
45, 24, -0.032134
45, 25, -22.451228
45, 26, 53.481590
45, 27, 10.684646
45, 28, -12.000088
45, 29, 3.468201
45, 30, 27.463702
45, 31, -63.109876
45, 32, -0.965461
45, 33, -42.937212
45, 35, 17.141305
45, 36, -38.140855
45, 37, 2.848890
45, 38, 14.882974
45, 40, -22.404274
45, 41, 4.432894
45, 42, 25.877426
45, 43, -13.515975
45, 44, 15.269483
45, 46, -29.983527
45, 47, -2.802511
45, 48, 59.016067
45, 49, 21.865873
45, 50, 4.943766
46, 1, 4.870642
46, 2, -14.559025
46, 4, 13.119178
46, 5, 30.533807
46, 6, -14.701965
46, 7, -6.010411
46, 8, -13.625184
46, 9, 12.511329
46, 10, 14.153687
46, 11, -8.728225
46, 13, 31.569579
46, 14, -23.768506
46, 15, 99999.000000
46, 16, -40.986611
46, 17, -23.418631
46, 18, 99999.000000
46, 19, 5.447448
46, 20, 62.773238
46, 21, -1.241073
46, 22, -13.872823
46, 23, 8.550512
46, 25, -22.431436
46, 26, 57.767317
46, 27, 14.871244
46, 28, -11.148695
46, 30, 26.077791
46, 31, -62.629303
46, 32, -0.173140
46, 33, -2.370925
46, 34, -46.335968
46, 35, 15.516185
46, 36, -38.029529
46, 37, 3.470607
46, 38, 15.768816
46, 40, -23.163296
46, 41, 4.014088
46, 42, 29.612764
46, 43, -13.091443
46, 44, 13.681069
46, 45, -73.000000
46, 46, -30.487296
46, 47, -1.547449
46, 48, 58.983933
46, 50, 89.000000
47, 1, 1.938531
47, 2, -15.044048
47, 3, 10.376224
47, 4, 15.060161
47, 6, -17.719671
47, 7, -2.102176
47, 8, -14.258485
47, 9, 12.684704
47, 10, 16.693390
47, 11, -9.515739
47, 12, 52.000000
47, 13, 31.837010
47, 14, -16.473611
47, 15, 24.547866
47, 17, -24.581733
47, 18, -54.000000
47, 19, 5.552552
47, 20, 62.619474
47, 21, 7.633358
47, 22, -11.870395
47, 23, 7.664687
47, 24, -33.000000
47, 25, -19.388332
47, 27, 20.048732
47, 28, -12.234198
47, 29, 99999.000000
47, 31, -62.864690
47, 32, -1.277282
47, 33, 99999.000000
47, 34, -45.632980
47, 37, 5.189903
47, 38, 17.355725
47, 39, -8.625721
47, 40, -22.882170
47, 41, 5.160384
47, 42, 33.547642
47, 43, -9.601187
47, 44, 15.015388
47, 46, -30.003485
47, 47, -2.405754
47, 49, 24.380524
48, 1, 2.321450
48, 3, 10.427339
48, 4, 16.033929
48, 5, -24.279460
48, 6, -17.771908
48, 7, -5.268470
48, 8, -14.858855
48, 9, 12.164803
48, 10, 16.337581
48, 11, -8.361897
48, 12, 75.015397
48, 13, 33.097262
48, 14, 99999.000000
48, 15, -47.000000
48, 16, -49.733547
48, 17, -25.671088
48, 20, 62.812852
48, 21, -2.379101
48, 22, -11.753151
48, 23, 9.068762
48, 25, -18.758107
48, 26, -92.000000
48, 27, 22.828263
48, 30, -59.514827
48, 32, -0.705521
48, 33, 14.338826
48, 34, -46.382921
48, 35, -14.540502
48, 36, -7.284149
48, 37, 5.458170
48, 38, 17.600932
48, 39, -9.243965
48, 41, 4.913626
48, 42, 36.050451
48, 43, -9.163503
48, 44, 13.514593
48, 45, 35.351951
48, 46, -30.512978
48, 47, -1.245530
48, 48, -30.253540
48, 49, 23.984073
48, 50, 33.662985
49, 1, -0.105736
49, 2, 99999.000000
49, 3, 10.265923
49, 4, 17.450274
49, 5, -23.943961
49, 6, -20.084697
49, 7, -2.127874
49, 8, -14.954947
49, 9, 12.512920
49, 10, 18.460534
49, 11, -9.234238
49, 12, 99999.000000
49, 13, 32.867565
49, 14, -49.019414
49, 16, -49.557527
49, 17, -26.389166
49, 18, -36.039498
49, 19, -31.486946
49, 21, 6.062869
49, 22, -10.495787
49, 24, -76.000000
49, 25, -16.824812
49, 27, 25.790403
49, 28, -18.046862
49, 29, 23.978578
49, 30, -59.274343
49, 31, 44.468870
49, 32, -1.835127
49, 33, -1.045523
49, 34, -45.744249
49, 35, -14.459498
49, 36, -7.132750
49, 37, 6.657083
49, 38, 18.307213
49, 39, -8.909461
49, 40, 22.494979
49, 41, 6.014574
49, 42, 38.207136
49, 43, -6.379169
49, 45, 35.103250
49, 48, -30.005908
49, 49, 24.334957
49, 50, 33.557527
50, 1, 1.185078
50, 2, 40.000000
50, 3, 10.313461
50, 4, 17.429716
50, 5, -24.184139
50, 6, -19.185769
50, 8, -15.105518
50, 10, 17.362978
50, 12, 83.000000
50, 13, 33.605365
50, 14, -20.000000
50, 15, 61.000000
50, 16, -49.693933
50, 17, -26.617489
50, 18, -35.960502
50, 19, -31.513054
50, 20, 4.000000
50, 22, -10.994707
50, 23, 75.000000
50, 25, -17.090077
50, 26, 68.000000
50, 27, 25.908889
50, 28, -17.953138
50, 29, 24.021422
50, 30, -59.467785
50, 31, 44.531130
50, 32, -1.113032
50, 33, 14.431671
50, 34, -46.515594
50, 36, -7.476029
50, 37, 6.314291
50, 39, -9.510055
50, 40, 22.505021
50, 41, 5.497200
50, 42, 38.540384
50, 43, -7.303336
50, 44, -53.000000
50, 45, 35.239298
50, 46, -72.000000
50, 47, -8.000000
50, 48, -30.368668
50, 49, 23.934452
50, 50, 33.764496
