1, 1, 33.000000
1, 3, -22.420128
1, 4, 9.925162
1, 6, 4.317331
1, 7, 8.273964
1, 8, 34.494694
1, 9, -21.957154
1, 10, -19.000000
1, 11, 1.139710
1, 12, 99999.000000
1, 13, -86.000000
1, 14, -58.005145
1, 15, -38.000000
1, 16, -0.001608
1, 18, -90.998071
1, 19, -43.067737
1, 20, -27.698114
1, 21, -15.802290
1, 22, -9.476927
1, 23, 6.873564
1, 24, 21.884199
1, 25, -28.204121
1, 27, 62.000000
1, 28, 5.431021
1, 29, -41.000000
1, 30, -29.775085
1, 32, -7.227038
1, 33, -35.353071
1, 34, -13.595184
1, 35, -8.457750
1, 37, -82.000000
1, 38, -87.000000
1, 39, 82.000000
1, 40, -4.266421
1, 41, 15.834002
1, 42, -25.016916
1, 43, -38.515375
1, 45, 8.212666
1, 46, -81.000000
1, 47, -7.624154
1, 49, 45.000000
1, 50, 15.254720
2, 2, 51.472626
2, 3, -22.941601
2, 4, 9.266092
2, 5, -42.839049
2, 6, 4.484688
2, 7, 8.132816
2, 8, 34.505306
2, 9, -31.668668
2, 11, 0.655100
2, 14, -57.994855
2, 16, 28.280142
2, 17, 1.795444
2, 19, -43.275182
2, 20, -26.948923
2, 21, -16.194487
2, 22, -14.406836
2, 23, 6.380001
2, 24, 21.154093
2, 25, -28.392198
2, 28, 5.328497
2, 30, -36.487104
2, 31, 16.237508
2, 32, -6.923368
2, 33, -34.319192
2, 34, -12.261806
2, 35, -7.247098
2, 36, -70.501769
2, 40, -3.500675
2, 41, 15.714699
2, 42, -25.268861
2, 43, -36.082310
2, 44, -14.488364
2, 45, 7.331240
2, 47, -7.758427
2, 48, -8.727697
2, 50, 15.622437
3, 1, -12.748469
3, 2, 10.693668
3, 3, -22.461361
3, 4, 9.653420
3, 5, -42.192167
3, 6, 4.050898
3, 7, 8.281887
3, 9, -21.898034
3, 11, -0.289297
3, 12, 31.191693
3, 13, 99999.000000
3, 15, -25.993890
3, 17, -43.349130
3, 19, -42.557700
3, 20, -27.585225
3, 21, -17.876441
3, 22, -9.618921
3, 23, 5.004543
3, 24, 21.911853
3, 25, -27.328109
3, 26, -30.422562
3, 27, -1.656344
3, 28, 5.469645
3, 29, 56.952783
3, 30, -29.724207
3, 31, 16.142929
3, 32, -6.616355
3, 33, -32.791104
3, 34, -12.714751
3, 35, -7.634914
3, 36, -70.498231
3, 37, -79.000000
3, 38, 41.515274
3, 39, -2.049314
3, 40, -4.818970
3, 41, 15.817166
3, 42, -24.995129
3, 43, -38.528302
3, 44, -17.361218
3, 45, 8.340072
3, 47, -5.800126
3, 48, -8.682785
3, 49, -47.045962
3, 50, 15.307627
4, 1, -12.512180
4, 2, 51.471465
4, 3, -22.999903
4, 4, 8.896998
4, 5, -43.009284
4, 6, 4.133960
4, 8, -29.554703
4, 9, -31.687016
4, 10, -95.000000
4, 11, -2.022957
4, 12, 31.106060
4, 14, 14.716721
4, 15, -26.006110
4, 17, 1.898763
4, 19, -42.544968
4, 20, -26.856440
4, 21, -19.778783
4, 23, 2.883693
4, 24, 21.277315
4, 25, -26.831942
4, 26, -21.900820
4, 27, -0.770219
4, 29, 57.184399
4, 31, 16.300341
4, 32, -5.688114
4, 33, -29.268274
4, 34, -10.474003
4, 35, -5.801015
4, 38, 41.484726
4, 39, -3.044830
4, 40, -4.351066
4, 43, -36.064453
4, 44, -16.050491
4, 45, 7.462676
4, 47, -4.345879
4, 48, -8.769292
4, 49, -47.334763
4, 50, 15.666005
5, 1, -12.361283
5, 2, 10.316108
5, 3, -22.515828
5, 4, 9.330862
5, 5, -42.399802
5, 6, 3.877577
5, 7, 10.092893
5, 8, -30.276611
5, 11, -3.842115
5, 12, 31.149108
5, 13, 10.170838
5, 14, 14.823797
5, 19, -41.455910
5, 21, -22.947361
5, 23, 0.610716
5, 24, 22.092995
5, 25, -25.690688
5, 26, -29.335411
5, 27, 0.091862
5, 29, 56.994378
5, 31, 16.303168
5, 32, -4.974669
5, 33, -25.635160
5, 34, -10.355208
5, 35, -5.770564
5, 36, 1.899568
5, 39, -2.866451
5, 40, -5.764738
5, 41, 10.595425
5, 43, -38.626195
5, 44, -20.100363
5, 45, 8.424224
5, 47, -1.152499
5, 49, -47.067496
5, 50, 15.325247
6, 1, -11.890281
6, 3, -23.032755
6, 5, -43.173569
6, 6, 4.242989
6, 7, 9.773370
6, 8, -26.916472
6, 10, -3.656302
6, 11, -5.947253
6, 13, 9.470424
6, 14, 13.477915
6, 16, -26.177715
6, 19, -41.572243
6, 20, -17.860979
6, 21, -25.345668
6, 23, -2.275652
6, 24, 21.454453
6, 25, -25.179256
6, 26, -21.903190
6, 27, 2.409749
6, 31, 16.510278
6, 32, -3.775399
6, 33, -20.325061
6, 34, -7.449168
6, 35, -3.726841
6, 36, 2.470322
6, 38, -19.418012
6, 39, -4.356052
6, 40, -5.142887
6, 41, 11.256379
6, 42, -57.876482
6, 43, -36.077908
6, 44, -19.454551
6, 47, 1.188692
6, 49, -47.381660
7, 1, -11.708933
7, 3, -22.518043
7, 4, -21.479581
7, 6, 4.495632
7, 7, 9.927504
7, 8, -25.293363
7, 10, -4.729193
7, 11, -7.554615
7, 12, 22.386252
7, 13, 10.206937
7, 14, 12.302107
7, 16, -8.993328
7, 18, 26.482153
7, 19, -40.330635
7, 20, -16.681150
7, 21, -29.389127
7, 22, 32.292933
7, 23, -4.296031
7, 25, -24.762700
7, 26, -26.755411
7, 27, 4.664742
7, 29, -27.644945
7, 31, 16.494071
7, 32, -3.143163
7, 33, -15.673174
7, 34, -7.233258
7, 35, -3.705943
7, 36, 0.965982
7, 38, -19.087226
7, 39, -4.336859
7, 40, -6.220501
7, 41, 8.344458
7, 42, -58.247263
7, 44, -23.505170
7, 46, -12.918996
7, 47, 4.744132
7, 50, 17.881133
8, 1, -11.423021
8, 4, -21.520419
8, 5, 3.682382
8, 6, 5.214159
8, 8, -20.168255
8, 9, 6.766425
8, 10, -4.159542
8, 11, -8.881031
8, 12, 22.744684
8, 13, 9.602941
8, 14, 9.414303
8, 16, -23.124624
8, 19, -40.810481
8, 20, -16.786641
8, 21, -31.122526
8, 22, 15.679617
8, 23, -6.917002
8, 24, -2.000000
8, 25, -24.812509
8, 26, -20.703664
8, 27, 7.818778
8, 29, -27.247537
8, 30, -23.019193
8, 32, -2.242652
8, 33, -9.933223
8, 34, -4.199790
8, 35, -1.855085
8, 36, 0.880795
8, 37, -40.003390
8, 38, -17.953450
8, 39, -5.625849
8, 41, 7.245329
8, 42, -57.859646
8, 44, -22.236005
8, 45, -0.162570
8, 46, -12.992215
8, 47, 7.069862
8, 48, -15.056391
8, 49, 14.000000
8, 50, 17.021886
9, 3, -24.676459
9, 5, 3.633013
9, 6, 5.796308
9, 8, -17.224464
9, 9, -10.236083
9, 10, -5.517051
9, 11, -9.235383
9, 12, 22.380310
9, 13, 10.389887
9, 14, 6.855358
9, 15, 23.000000
9, 16, -8.623331
9, 17, 60.000000
9, 19, -39.656068
9, 20, -14.810214
9, 21, -35.615890
9, 22, 29.261683
9, 23, -7.824271
9, 25, -25.355309
9, 26, -22.301768
9, 27, 10.928367
9, 29, -27.718546
9, 30, -23.362764
9, 31, -68.000000
9, 32, -2.193548
9, 33, -5.868752
9, 34, -4.480728
9, 35, -2.159427
9, 36, -0.880800
9, 37, -41.814207
9, 38, -16.119872
9, 39, -5.090219
9, 40, 16.575152
9, 41, 2.774144
9, 44, -25.101774
9, 45, 0.286886
9, 46, -13.505044
9, 47, 10.081404
9, 48, -14.535455
9, 50, 17.796600
10, 1, 12.800714
10, 2, -46.246817
10, 3, -24.511138
10, 4, 0.334411
10, 5, 3.807402
10, 6, 6.382169
10, 7, -16.262736
10, 8, -11.733133
10, 9, 7.812596
10, 10, -5.033734
10, 13, 9.837161
10, 14, 2.306557
10, 16, -18.916081
10, 19, -40.533184
10, 20, -14.149799
10, 21, -35.690969
10, 22, 14.550992
10, 23, -9.488681
10, 24, -18.206253
10, 25, -25.959204
10, 26, -17.353923
10, 27, 14.232211
10, 29, -27.345549
10, 30, -22.911845
10, 32, -2.097065
10, 33, -1.450773
10, 34, -2.012936
10, 35, -0.749500
10, 36, -0.754189
10, 37, -39.888177
10, 38, -13.912803
10, 40, 16.397413
10, 41, 1.013336
10, 42, -54.055824
10, 43, -1.484404
10, 45, 0.157872
10, 46, -14.189667
10, 47, 11.552117
10, 48, -15.961332
10, 49, 3.430678
10, 50, 16.941770
11, 1, 11.713736
11, 2, -45.929566
11, 3, -25.069910
11, 4, -0.269035
11, 5, 3.755935
11, 6, 6.600565
11, 7, -15.724265
11, 8, -8.984024
11, 9, -7.289515
11, 10, -6.252130
11, 11, -27.100581
11, 12, -16.000000
11, 13, 10.587249
11, 14, -1.491233
11, 15, 10.996463
11, 16, -8.186999
11, 17, -4.896687
11, 20, -11.692024
11, 21, -40.449898
11, 22, 23.912061
11, 23, -9.064049
11, 24, -17.841427
11, 25, -26.925602
11, 26, -16.056041
11, 27, 17.583785
11, 28, 9.500804
11, 30, -23.282687
11, 32, -2.867553
11, 33, 0.357827
11, 34, -3.297006
11, 35, -1.551609
11, 36, -1.884405
11, 37, -41.692738
11, 38, -10.810471
11, 39, 0.388041
11, 40, 18.943623
11, 41, -3.918096
11, 42, -54.121535
11, 44, 3.838381
11, 45, 0.645673
11, 46, -15.240024
11, 47, 13.299964
11, 48, -16.055966
11, 49, 2.973455
11, 50, 17.752110
12, 1, 13.929148
12, 2, -46.695167
12, 3, -25.193888
12, 4, 2.275942
12, 6, 6.282016
12, 7, -16.570682
12, 8, -4.719898
12, 9, 9.452662
12, 10, -5.455458
12, 11, -27.021858
12, 13, 9.980334
12, 14, -7.346528
12, 16, -15.926322
12, 17, -4.724937
12, 18, 3.170441
12, 19, -3.940290
12, 20, -10.466879
12, 21, -38.189587
12, 22, 12.075651
12, 23, -9.688888
12, 24, -17.963998
12, 25, -27.503045
12, 26, -11.828483
12, 27, 20.448133
12, 28, 9.499196
12, 29, 80.000000
12, 31, 18.512702
12, 32, -3.719720
12, 33, 1.954950
12, 37, -39.797977
12, 38, -8.109789
12, 39, 0.363848
12, 40, 20.484398
12, 41, -5.187661
12, 42, -54.102371
12, 43, -15.321224
12, 44, 4.176702
12, 45, 0.415586
12, 46, -16.173144
12, 47, 13.306454
12, 48, -17.726041
12, 49, 3.615807
13, 1, 13.861119
13, 2, -46.751856
13, 3, -25.932096
13, 4, 3.409984
13, 5, 37.653073
13, 6, 5.396640
13, 7, -16.405430
13, 8, -3.704994
13, 9, -3.685589
13, 11, -26.804432
13, 14, -11.751527
13, 17, -4.794141
13, 18, 3.195780
13, 19, -3.505315
13, 20, -7.715190
13, 21, -43.112600
13, 22, 17.202558
13, 23, -8.358528
13, 24, -17.509549
13, 25, -27.966520
13, 26, -8.776097
13, 27, 23.497055
13, 30, -51.640742
13, 31, 18.487298
13, 32, -5.105184
13, 34, -3.026368
13, 35, 4.788335
13, 36, -44.001929
13, 37, -41.635189
13, 38, -4.279175
13, 39, 0.228426
13, 40, 23.963947
13, 41, -9.546885
13, 43, -15.247919
13, 44, 3.667859
13, 46, -17.270193
13, 48, -17.613857
13, 49, 3.139323
13, 50, 8.648478
14, 1, 16.735455
14, 2, -47.730695
14, 3, -26.038233
14, 4, 7.157454
14, 5, 38.242618
14, 6, 3.652467
14, 7, -17.375163
14, 8, -1.891703
14, 9, 10.694637
14, 10, 17.437205
14, 11, -26.556268
14, 13, -11.943449
14, 14, -17.977942
14, 17, -4.608660
14, 18, 3.149013
14, 19, -3.798971
14, 20, -6.011194
14, 22, 8.378272
14, 23, -8.426372
14, 24, -17.628272
14, 25, -27.804168
14, 26, -5.179129
14, 27, 25.542511
14, 28, -39.117533
14, 30, -40.404786
14, 32, -6.553520
14, 33, -42.911485
14, 34, -2.973632
14, 35, 5.386309
14, 36, -43.998071
14, 37, -39.790675
14, 38, -1.816913
14, 39, 0.191683
14, 40, 25.472934
14, 41, -9.563280
14, 43, -15.848216
14, 44, 3.983105
14, 46, -17.818668
14, 47, -15.905546
14, 48, -18.688303
14, 50, 8.017457
15, 1, 17.338091
15, 2, -47.897348
15, 3, -26.622916
15, 4, 9.446043
15, 5, 35.209771
15, 6, 1.383607
15, 7, -17.427591
15, 9, -2.056447
15, 10, 19.155264
15, 11, -26.290090
15, 12, 9.745673
15, 13, -12.839836
15, 14, -21.908813
15, 18, 3.196092
15, 19, -3.369907
15, 20, -2.991693
15, 22, 10.406623
15, 23, -6.964066
15, 24, -17.251882
15, 25, -27.081739
15, 26, -1.785979
15, 27, 27.926525
15, 28, -38.898276
15, 29, 34.803849
15, 30, -51.655488
15, 31, -84.000000
15, 32, -7.955385
15, 33, -42.732666
15, 35, 6.249397
15, 37, -41.646911
15, 38, 1.970658
15, 39, 0.109964
15, 40, 27.980555
15, 41, -12.684206
15, 43, -16.027770
15, 45, -9.544738
15, 46, -18.286645
15, 47, -15.168048
15, 49, 2.400321
15, 50, 6.578695
16, 1, 20.283112
16, 2, -48.777878
16, 3, -26.418551
16, 4, 13.559521
16, 5, 33.504455
16, 6, -1.715651
16, 7, -18.235187
16, 8, -25.349657
16, 10, 17.138984
16, 11, -26.110971
16, 12, -10.301965
16, 13, -11.835531
16, 14, -27.212526
16, 16, -6.085568
16, 17, 53.513666
16, 20, -0.862353
16, 22, 4.364574
16, 23, -7.196878
16, 24, -17.503759
16, 25, -25.845003
16, 26, 0.869109
16, 27, 29.036163
16, 28, -39.091357
16, 29, 35.188093
16, 30, -40.338064
16, 32, -9.279403
16, 33, -42.975766
16, 34, 2.000000
16, 35, 7.828390
16, 36, 66.000000
16, 38, 3.465629
16, 40, 27.750998
16, 41, -11.138202
16, 43, -16.620828
16, 44, 26.138547
16, 45, -8.822018
16, 46, -17.827986
16, 47, -15.924162
16, 48, -3.597023
16, 49, 3.534648
16, 50, 4.230315
17, 1, 20.960769
17, 2, -48.780912
17, 4, 16.372400
17, 5, 28.405637
17, 6, -5.020780
17, 7, -18.258145
17, 8, -25.135730
17, 9, -26.344332
17, 10, 18.664865
17, 11, -26.026367
17, 12, 9.643507
17, 13, -12.749688
17, 14, -29.453911
17, 15, -38.046400
17, 16, -10.455594
17, 17, 53.486334
17, 18, 11.007732
17, 19, 86.000000
17, 20, 2.397859
17, 21, 11.865467
17, 22, 5.141811
17, 23, -6.263135
17, 25, -23.936937
17, 26, 3.362785
17, 27, 30.643066
17, 28, -38.924544
17, 29, 34.552903
17, 31, 99999.000000
17, 32, -9.989068
17, 33, -42.781882
17, 35, 9.051206
17, 38, 6.417426
17, 39, 15.521627
17, 42, -10.235909
17, 43, -16.536867
17, 44, 25.889747
17, 45, -9.540828
17, 46, -17.157600
17, 47, -15.218645
17, 48, -4.128879
17, 49, 1.522762
17, 50, 1.604814
18, 1, 23.307548
18, 2, -49.357441
18, 3, -73.000000
18, 4, 20.201109
18, 5, 24.852327
18, 6, -8.854698
18, 7, -18.725746
18, 8, -25.671853
18, 9, -26.312057
18, 10, 16.576778
18, 12, -10.258230
18, 13, -11.795008
18, 14, -32.629099
18, 15, -16.486904
18, 16, -8.544744
18, 18, 11.956193
18, 20, 4.772715
18, 21, 4.757315
18, 22, 1.599708
18, 24, -33.980706
18, 25, -21.921369
18, 26, 4.542293
18, 27, 30.925489
18, 29, 34.871002
18, 32, -10.468127
18, 34, 23.000000
18, 35, 10.279916
18, 36, 21.502412
18, 37, 73.000000
18, 38, 6.435535
18, 39, 13.641952
18, 40, 0.928828
18, 41, 39.671700
18, 42, -10.759786
18, 44, 26.100914
18, 45, -8.769918
18, 46, -15.447731
18, 47, -15.986529
18, 48, -3.447664
18, 49, 1.974199
18, 50, -1.411496
19, 1, 23.345988
19, 2, -49.055881
19, 4, 23.117454
19, 5, 18.431809
19, 6, -12.402170
19, 7, -18.525728
19, 8, -25.650897
19, 9, -26.219548
19, 10, 18.169934
19, 11, -10.396563
19, 13, -12.768258
19, 14, -32.279806
19, 15, -37.593208
19, 16, -12.443924
19, 17, -35.272424
19, 18, 10.338818
19, 19, 6.900666
19, 20, 8.086185
19, 21, 11.094431
19, 22, 3.028930
19, 23, -6.394330
19, 24, -34.019294
19, 25, -19.517511
19, 26, 5.339831
19, 27, 31.842354
19, 28, -12.940534
19, 29, 34.275599
19, 31, -90.000000
19, 33, 18.718557
19, 35, 10.527991
19, 36, 21.497588
19, 38, 7.985956
19, 39, 13.969401
19, 40, 1.963875
19, 41, 39.647887
19, 42, -10.716267
19, 45, -9.460573
19, 46, -13.637840
19, 48, -3.969413
19, 49, -0.519595
19, 50, -3.952518
20, 1, 24.571476
20, 3, 62.000000
20, 4, 26.324713
20, 5, 13.984634
20, 6, -16.063187
20, 8, -26.214216
20, 10, 16.277263
20, 11, -11.313353
20, 15, -17.104799
20, 16, -12.725003
20, 17, -34.385352
20, 18, 10.931535
20, 19, 7.911772
20, 20, 10.364979
20, 21, 5.222960
20, 23, -5.417435
20, 25, -17.530741
20, 27, 31.480895
20, 28, -14.747431
20, 29, 34.720592
20, 30, -57.506592
20, 33, 20.076708
20, 34, 19.054035
20, 37, -37.487620
20, 39, 10.513749
20, 40, 1.215734
20, 41, 39.609765
20, 42, -11.665869
20, 43, 74.996141
20, 44, -4.649712
20, 46, -11.042211
20, 47, 25.002955
20, 49, -0.301611
20, 50, -6.328547
21, 4, 29.106876
21, 5, 7.540897
21, 6, -18.909408
21, 7, -18.193693
21, 8, -26.042895
21, 11, -10.540982
21, 12, -30.303983
21, 13, -58.013184
21, 14, 15.052373
21, 15, -37.158032
21, 16, -15.702818
21, 17, -32.252261
21, 18, 9.214024
21, 19, 7.563878
21, 20, 13.397283
21, 21, 10.297526
21, 23, -6.367986
21, 25, -15.643225
21, 28, -14.504246
21, 31, -13.364891
21, 32, -13.000000
21, 33, 19.241488
21, 34, 4.543941
21, 35, 10.184510
21, 36, -25.499938
21, 37, -37.512380
21, 38, 9.091987
21, 39, 9.753280
21, 40, 2.430882
21, 41, 39.625427
21, 42, -12.211595
21, 44, -5.160740
21, 45, 7.277974
21, 46, -8.718413
21, 47, 24.676269
21, 48, -35.661499
21, 49, -2.751432
21, 50, -7.583673
22, 1, -96.000000
22, 3, 27.636328
22, 4, 31.537784
22, 5, 3.699629
22, 6, -21.474258
22, 7, -17.858486
22, 10, -5.539688
22, 11, -11.506927
22, 12, -30.057919
22, 13, -57.986816
22, 14, 14.519419
22, 15, -17.454128
22, 16, -17.205755
22, 17, -28.814752
22, 18, 9.982061
22, 19, 8.895294
22, 20, 15.226141
22, 21, 6.325325
22, 22, 80.500804
22, 23, -5.390060
22, 24, -56.196039
22, 25, -14.611842
22, 26, 45.334135
22, 28, -17.518534
22, 31, -13.724063
22, 33, 21.129736
22, 34, 18.921363
22, 35, 11.645267
22, 36, -25.138300
22, 38, 9.272819
22, 39, 4.749035
22, 40, 1.799470
22, 42, -13.284303
22, 44, -5.428502
22, 45, 7.057913
22, 46, -6.144859
22, 47, 23.654060
22, 48, -35.972279
22, 49, -2.252277
22, 50, -8.307338
23, 3, 27.712199
23, 4, 33.956782
23, 5, -1.115928
23, 6, -22.793260
23, 7, -18.047508
23, 8, 4.603577
23, 9, -11.222854
23, 10, -6.078356
23, 11, -10.719866
23, 12, -29.440721
23, 14, 15.129660
23, 16, -18.806240
23, 17, -24.721589
23, 18, 8.669232
23, 19, 8.539597
23, 20, 17.673529
23, 21, 10.060757
23, 22, 80.499196
23, 23, -6.349846
23, 24, -58.011217
23, 25, -14.060136
23, 26, 45.217278
23, 28, -18.137542
23, 30, 14.573179
23, 31, -14.991798
23, 32, 91.000000
23, 33, 20.739205
23, 34, 4.198017
23, 35, 11.312684
23, 36, -23.630636
23, 38, 9.078227
23, 39, 3.470424
23, 40, 2.998623
23, 41, 27.473742
23, 42, -14.209687
23, 44, -6.460238
23, 45, 7.167710
23, 46, -4.342921
23, 47, 22.288119
23, 48, -35.604059
23, 49, -4.184145
24, 1, 14.699949
24, 2, -73.000000
24, 3, 27.730146
24, 4, 35.464108
24, 5, -2.703482
24, 6, -23.563339
24, 7, -17.714052
24, 8, 4.606754
24, 9, -11.266588
24, 10, -5.143000
24, 11, -11.653231
24, 12, -28.569930
24, 13, 33.000000
24, 14, 14.624358
24, 15, -2.271395
24, 16, -20.204651
24, 17, -20.258086
24, 19, 9.538381
24, 20, 18.900368
24, 21, 7.904906
24, 24, -56.347791
24, 26, 45.286599
24, 27, -20.798381
24, 28, -21.495550
24, 29, -50.793717
24, 30, 15.072554
24, 31, -16.626323
24, 33, 22.922363
24, 35, 13.540153
24, 36, -21.632886
24, 38, 9.279127
24, 39, -3.134359
24, 40, 2.282291
24, 41, 26.934099
24, 42, -14.930467
24, 43, 6.112300
24, 44, -6.993898
24, 45, 6.965194
24, 46, -2.851398
24, 47, 20.620410
24, 49, -3.028588
24, 50, -62.000000
25, 1, 14.562337
25, 3, 27.948212
25, 4, 37.205329
25, 5, -4.524657
25, 7, -17.961663
25, 8, 4.673982
25, 9, -13.165323
25, 10, -5.508437
25, 11, -10.795544
25, 12, -27.642382
25, 15, -1.358941
25, 16, -20.183806
25, 17, -16.049105
25, 18, 14.000000
25, 20, 20.674677
25, 21, 10.466651
25, 22, -6.783850
25, 24, -58.324980
25, 25, 25.000000
25, 27, -20.179700
25, 28, -22.042402
25, 29, -51.897940
25, 30, 13.951785
25, 31, -18.805070
25, 33, 22.644813
25, 35, 13.884017
25, 36, -18.756254
25, 38, 9.101952
25, 39, -4.134907
25, 40, 3.281148
25, 41, 27.642444
25, 42, -15.860131
25, 43, 24.427324
25, 44, -8.127053
25, 46, -2.514744
25, 47, 18.996015
25, 48, -10.645733
26, 1, 14.676004
26, 2, -51.006753
26, 3, 28.053724
26, 4, 37.624125
26, 6, 9.335656
26, 8, 4.655037
26, 9, -14.813644
26, 10, -4.584052
26, 11, -11.667781
26, 12, -26.767214
26, 13, 54.989067
26, 14, -50.419418
26, 15, -2.324055
26, 17, -12.571815
26, 19, -23.138677
26, 20, 21.441787
26, 21, 9.509210
26, 22, -7.206141
26, 23, -0.943633
26, 24, -56.785838
26, 26, -24.102895
26, 27, -20.506135
26, 28, -24.811210
26, 29, -50.867379
26, 30, 13.944785
26, 31, -20.694444
26, 32, -49.998071
26, 33, 24.689447
26, 35, 16.164673
26, 36, -15.777285
26, 39, -12.465667
26, 41, 27.092694
26, 42, -15.776881
26, 43, 9.116617
26, 44, -8.497996
26, 47, 17.593706
26, 48, -9.329014
26, 49, 38.000000
26, 50, -30.719159
27, 1, 14.546784
27, 2, -50.993247
27, 3, 28.282962
27, 4, 38.370154
27, 5, -10.002988
27, 6, 7.712599
27, 7, 19.122422
27, 9, -17.910570
27, 10, -5.142731
27, 12, -26.206206
27, 13, 55.010933
27, 14, -50.823988
27, 15, -1.414843
27, 16, -10.892146
27, 17, -10.208424
27, 18, -3.513426
27, 19, -22.970824
27, 20, 22.696920
27, 21, 11.116322
27, 22, -7.661810
27, 23, 0.078685
27, 24, -58.778262
27, 25, -56.000000
27, 26, -23.038923
27, 27, -19.823742
27, 28, -24.481064
27, 29, -52.010864
27, 30, 12.563774
27, 31, -22.625766
27, 33, 24.056949
27, 34, 28.440631
27, 35, 16.541559
27, 36, -12.336816
27, 37, 9.974918
27, 38, -16.300329
27, 39, -12.031186
27, 40, -18.378358
27, 42, -16.389543
27, 43, 25.465631
27, 44, -9.382438
27, 45, -23.107576
27, 46, 3.202814
27, 47, 16.619131
27, 48, -10.959293
27, 50, -29.321877
28, 3, 28.305615
28, 5, -4.153936
28, 6, 8.817564
28, 7, 19.285301
28, 8, -22.479581
28, 9, -20.191068
28, 12, -25.940363
28, 14, -50.472897
28, 16, -10.663705
28, 17, -9.363896
28, 18, -3.803355
28, 19, -21.634304
28, 20, 23.311514
28, 21, 10.562626
28, 22, -8.869173
28, 23, 0.930492
28, 24, -57.190174
28, 26, -24.370561
28, 27, -20.209789
28, 28, -26.068983
28, 29, -50.975956
28, 30, 12.344724
28, 31, -23.609447
28, 33, 25.514538
28, 34, 11.732773
28, 35, 18.207443
28, 36, -9.311730
28, 37, 10.025082
28, 38, -16.907586
28, 39, -22.110260
28, 40, -18.095329
28, 41, -29.153470
28, 42, -15.332900
28, 43, 13.377090
28, 44, -9.353531
28, 45, -24.273672
28, 46, 3.422310
28, 47, 16.256422
28, 48, -10.081489
28, 49, -81.001929
28, 50, -29.609741
29, 1, -3.297427
29, 5, -9.686999
29, 6, 6.777150
29, 7, 19.226409
29, 8, -22.520419
29, 9, -23.316966
29, 10, 26.478579
29, 11, 52.468525
29, 16, -10.431541
29, 18, -3.622364
29, 19, -20.309464
29, 20, 24.272613
29, 21, 11.464343
29, 22, -9.963054
29, 23, 3.612056
29, 24, -59.018830
29, 25, 13.347465
29, 26, -23.521940
29, 27, -19.686188
29, 30, 11.085141
29, 31, -24.264478
29, 34, 28.342875
29, 35, 18.082884
29, 36, -6.291288
29, 38, -16.886502
29, 39, -18.760724
29, 40, -18.277253
29, 41, -29.559320
29, 42, -15.584524
29, 43, 26.872011
29, 44, -9.827115
29, 45, -23.204337
29, 46, 3.121605
29, 48, -12.060701
29, 49, -80.998071
29, 50, -27.293890
30, 1, -3.881117
30, 2, -34.205613
30, 3, 12.239692
30, 4, 11.437978
30, 5, -3.176514
30, 6, 7.638818
30, 9, -24.983962
30, 10, 26.445016
30, 11, 52.416438
30, 12, 41.989111
30, 14, 23.164758
30, 16, -9.946409
30, 17, 6.012614
30, 19, -18.096290
30, 20, 24.934420
30, 22, -11.360647
30, 23, 5.467123
30, 25, 13.495198
30, 26, -25.040938
30, 28, -6.628007
30, 29, -4.469280
30, 30, 10.998456
30, 32, -3.026756
30, 33, -62.000000
30, 34, 11.917799
30, 35, 18.869356
30, 36, -4.213567
30, 37, 3.842716
30, 38, -17.909712
30, 39, -30.323577
30, 40, -18.040947
30, 41, -29.146537
30, 42, -13.812989
30, 43, 16.490563
30, 45, -24.408823
30, 47, 24.003859
30, 48, -11.593181
30, 50, -26.986869
31, 1, -4.532375
31, 2, -33.440810
31, 3, 13.077003
31, 4, 11.502443
31, 5, -9.332677
31, 6, 5.538521
31, 7, -44.841201
31, 8, 12.286237
31, 9, -26.939291
31, 10, 26.620929
31, 11, 50.138211
31, 12, 41.361303
31, 13, -9.020621
31, 14, 21.890043
31, 15, 12.496624
31, 16, -9.638908
31, 17, 6.151401
31, 18, 63.000000
31, 19, -16.361659
31, 20, 25.671570
31, 21, -7.464836
31, 22, -12.381812
31, 23, 8.884869
31, 24, -55.489665
31, 25, 13.493936
31, 26, -24.264783
31, 28, -5.584752
31, 29, -3.983978
31, 30, 10.145945
31, 32, -7.993569
31, 34, 28.328821
31, 35, 18.044842
31, 36, -2.541299
31, 37, 4.401775
31, 38, -18.055257
31, 39, -22.698832
31, 42, -14.003353
31, 43, 27.603014
31, 44, -85.000000
31, 45, -23.325439
31, 46, -34.490835
31, 47, 23.996141
31, 48, -13.717508
31, 50, -24.215121
32, 1, -5.819063
32, 2, -32.812361
32, 3, 11.728054
32, 4, 12.258954
32, 5, -2.285043
32, 6, 6.543916
32, 7, -44.719858
32, 8, 13.186876
32, 9, -26.983619
32, 10, 26.584887
32, 11, 48.133754
32, 12, 40.529560
32, 13, 12.146100
32, 14, 23.196862
32, 16, -9.236387
32, 17, 6.629335
32, 19, -14.061342
32, 20, 26.285330
32, 21, -8.483748
32, 22, -13.211083
32, 23, 10.493492
32, 24, -55.656928
32, 25, 13.715340
32, 26, -25.786839
32, 28, -6.629398
32, 29, -4.639876
32, 30, 10.460319
32, 33, -49.000000
32, 35, 18.169852
32, 36, -2.182944
32, 37, 3.538856
32, 38, -18.950563
32, 39, -35.138806
32, 40, -4.005585
32, 42, -12.110624
32, 46, -34.509165
32, 48, -13.393367
32, 49, 5.519500
32, 50, -23.868212
33, 1, -6.903206
33, 2, -30.814958
33, 3, 12.262725
33, 4, 13.222498
33, 6, 4.745395
33, 7, -44.749098
33, 8, 11.277000
33, 11, 44.519087
33, 12, 38.710422
33, 13, -7.940547
33, 14, 22.000127
33, 15, 55.000000
33, 16, -9.163460
33, 17, 7.081347
33, 18, -21.010612
33, 19, -12.637009
33, 20, 26.655999
33, 21, -8.455015
33, 22, -13.443464
33, 23, 13.492864
33, 24, -55.549602
33, 25, 13.702826
33, 26, -24.876294
33, 27, -17.986276
33, 28, -5.592403
33, 29, -4.403509
33, 32, -4.368821
33, 34, 11.000000
33, 35, 16.778657
33, 37, 4.051030
33, 38, -18.704852
33, 40, -4.386647
33, 42, -12.713911
33, 45, 12.071983
33, 47, -96.000965
33, 48, -15.282220
33, 49, 4.584322
33, 50, -21.163523
34, 1, -7.846431
34, 2, -29.034405
34, 3, 10.826761
34, 4, 14.836961
34, 6, 6.156748
34, 8, 11.185444
34, 9, -54.714299
34, 10, -18.165423
34, 11, 41.972463
34, 12, 36.905915
34, 13, 12.399336
34, 14, 23.356631
34, 16, -9.058293
34, 17, 7.571140
34, 18, -20.989388
34, 19, -10.842466
34, 20, 26.917554
34, 21, -10.143807
34, 23, 13.777541
34, 24, -55.723950
34, 26, -26.176327
34, 27, -18.606701
34, 28, -6.714902
34, 29, -5.559368
34, 30, 4.000000
34, 31, -14.513023
34, 32, -5.143819
34, 33, 21.510451
34, 35, 16.757782
34, 36, 16.926480
34, 37, 3.277504
34, 40, -3.867376
34, 41, 24.997106
34, 42, -11.312454
34, 43, -22.111941
34, 44, 41.289269
34, 45, 14.088621
34, 46, 85.000000
34, 47, -63.370728
34, 48, -14.664225
34, 49, 4.366223
34, 50, -21.224969
35, 1, -8.478158
35, 2, -26.293442
35, 3, 11.477421
35, 4, 16.461367
35, 7, -43.014470
35, 8, 8.491996
35, 9, -54.914573
35, 10, -19.144132
35, 11, 38.731778
35, 12, 34.667377
35, 13, -7.216948
35, 14, 22.160988
35, 17, 7.728311
35, 19, -10.061099
35, 21, -10.489395
35, 22, -32.887168
35, 23, 15.571675
35, 24, -55.597550
35, 25, -15.495016
35, 27, -17.822420
35, 28, -5.801927
35, 29, -5.664588
35, 32, -4.187101
35, 33, 21.489549
35, 34, -20.293812
35, 35, 15.103966
35, 36, 18.273452
35, 38, 3.761843
35, 40, -4.233124
35, 43, -22.337848
35, 44, 40.631331
35, 45, 12.475209
35, 48, -15.961801
35, 49, 2.585512
35, 50, -18.987465
36, 1, -8.355041
36, 2, -23.937879
36, 3, 10.364633
36, 4, 18.554903
36, 6, -93.000000
36, 7, -23.396519
36, 8, 7.556666
36, 9, -54.701424
36, 10, -18.984772
36, 11, 37.416116
36, 12, 32.773831
36, 18, -8.524600
36, 19, -8.941120
36, 20, -27.941936
36, 21, -12.333183
36, 22, -31.433225
36, 23, 14.147215
36, 25, -15.504984
36, 26, -54.948168
36, 27, -18.395709
36, 28, -7.132417
36, 29, -7.427753
36, 30, -10.004823
36, 31, 14.727604
36, 32, -4.820122
36, 34, -20.480679
36, 35, 15.456431
36, 36, 18.780344
36, 37, 0.000000
36, 38, 4.529187
36, 39, -8.342385
36, 40, -3.736532
36, 42, 3.841690
36, 43, -22.147594
36, 44, 41.348748
36, 45, 14.900758
36, 46, 47.996141
36, 49, 1.881924
36, 50, -19.718482
37, 1, -8.255317
37, 2, -21.159552
37, 4, 20.296156
37, 5, -13.000000
37, 8, 4.419144
37, 10, -20.554297
37, 11, 36.134522
37, 12, 31.085006
37, 13, 18.369383
37, 14, -23.991522
37, 16, -43.000000
37, 17, -19.608728
37, 18, -8.475400
37, 19, -8.719366
37, 20, -27.981031
37, 21, -12.523049
37, 22, -31.580011
37, 23, 14.696127
37, 24, 38.917994
37, 26, -53.996781
37, 27, -17.647015
37, 28, -6.446783
37, 29, -7.795896
37, 30, -9.995177
37, 31, 14.814636
37, 32, -3.672495
37, 33, 5.977169
37, 34, -20.800474
37, 35, 13.828434
37, 36, 21.480211
37, 38, 4.002519
37, 39, 11.110385
37, 40, -4.137075
37, 42, 3.925521
37, 44, 40.723447
37, 45, 13.977973
37, 46, -9.417152
37, 48, 8.978134
37, 49, 0.129100
37, 50, -18.183502
38, 1, -7.257356
38, 2, -18.997746
38, 4, 22.222916
38, 6, 2.487405
38, 8, 2.877835
38, 10, -20.642806
38, 12, 30.044523
38, 13, 18.275758
38, 14, -23.651318
38, 15, 23.797664
38, 17, -18.899642
38, 19, -8.106443
38, 20, -28.292178
38, 21, -14.058820
38, 22, -28.992873
38, 23, 12.024532
38, 24, 38.847565
38, 25, -25.507878
38, 26, -54.960824
38, 28, -8.030700
38, 29, -9.930170
38, 31, 14.805842
38, 32, -4.134527
38, 33, 6.022831
38, 34, -21.387138
38, 35, 14.848161
38, 36, 22.705990
38, 37, -3.657053
38, 38, 5.221215
38, 39, -7.873399
38, 40, -3.691635
38, 42, 4.879775
38, 43, 62.000000
38, 44, 41.444559
38, 45, 16.766614
38, 48, 9.021866
38, 49, -0.114287
39, 1, -6.951649
39, 2, -16.861912
39, 3, 72.001164
39, 4, 23.398243
39, 5, 24.078950
39, 6, 2.549968
39, 8, -0.318017
39, 9, 14.211678
39, 10, -22.029315
39, 12, 29.640315
39, 13, 19.776096
39, 14, -23.886814
39, 15, 6.186883
39, 16, 2.701180
39, 17, -19.477105
39, 18, 84.000000
39, 19, -8.174101
39, 20, -28.501081
39, 21, -13.747685
39, 22, -28.230409
39, 23, 11.981103
39, 24, 38.973911
39, 25, -29.359446
39, 26, -54.039950
39, 27, -9.663178
39, 28, -7.555555
39, 29, -10.206670
39, 30, 31.533390
39, 32, -2.774105
39, 34, -21.882053
39, 35, 13.401277
39, 36, 25.398643
39, 37, -4.072790
39, 38, 5.237462
39, 39, 9.273341
39, 41, -43.387402
39, 42, 6.035494
39, 44, 40.791803
39, 45, 16.553798
39, 49, -0.991749
40, 1, -5.943458
40, 2, -15.543184
40, 3, 72.137010
40, 4, 24.500770
40, 5, 24.251757
40, 6, 2.453733
40, 7, 3.299749
40, 8, -2.171668
40, 9, 14.721528
40, 10, -21.568348
40, 13, 20.735947
40, 14, -22.377459
40, 15, 21.955172
40, 16, 3.331918
40, 17, -18.847658
40, 19, -7.812791
40, 20, -28.807037
40, 21, -14.715410
40, 22, -24.982432
40, 23, 9.053459
40, 24, 38.942005
40, 27, -8.062238
40, 28, -9.295874
40, 29, -12.177276
40, 30, 32.400505
40, 31, -64.379330
40, 32, -3.086921
40, 33, -95.000000
40, 34, -22.375035
40, 35, 15.080311
40, 36, 25.861763
40, 37, -2.927680
40, 38, 7.031433
40, 39, -7.274342
40, 40, -21.307910
40, 41, -43.917088
40, 42, 8.212892
40, 43, -12.487941
40, 45, 19.413556
40, 47, -26.666211
40, 48, -1.717732
40, 50, 27.983279
41, 1, -6.184503
41, 2, -14.395369
41, 3, 71.974424
41, 4, 24.592389
41, 5, 24.014730
41, 7, -6.639907
41, 8, -5.072929
41, 9, 14.021279
41, 12, -4.632054
41, 13, 23.098073
41, 14, -23.780873
41, 15, 5.252352
41, 16, 2.689260
41, 17, -19.516165
41, 18, 46.422729
41, 19, -7.968298
41, 20, -28.837087
41, 22, -23.815441
41, 23, 9.287366
41, 26, 51.010933
41, 27, -6.955136
41, 28, -8.892917
41, 29, -11.872920
41, 30, 30.499325
41, 31, -64.020725
41, 32, -1.617933
41, 34, -22.519195
41, 35, 13.803109
41, 36, 27.203748
41, 37, -2.707634
41, 38, 7.652005
41, 39, 7.156779
41, 40, -21.788811
41, 41, -43.312775
41, 42, 10.551066
41, 43, -12.512059
41, 44, 14.091501
41, 45, 19.498884
41, 46, -24.006110
41, 47, -27.056741
41, 48, -1.523887
41, 49, 22.210861
41, 50, 28.016721
42, 2, -14.127583
42, 5, 24.187367
42, 6, -12.335664
42, 7, 1.637651
42, 8, -6.908645
42, 9, 14.310200
42, 12, -5.716062
42, 13, 24.432451
42, 14, -20.338769
42, 15, 19.415836
42, 16, 3.359414
42, 17, -19.360515
42, 18, 46.965335
42, 19, -7.703911
42, 22, -20.474225
42, 23, 6.994772
42, 24, 7.000000
42, 27, -2.940637
42, 28, -10.602750
42, 29, -13.135057
42, 30, 30.608576
42, 31, -64.070193
42, 32, -1.944585
42, 33, -43.061790
42, 35, 15.890225
42, 37, -1.014977
42, 38, 9.894696
42, 39, -6.808405
42, 40, -21.444348
42, 41, -43.856954
42, 42, 14.002006
42, 44, 15.561837
42, 45, 21.875515
42, 47, -26.664231
42, 48, -1.678187
42, 49, 22.339458
43, 1, 7.022964
43, 2, -13.807068
43, 3, 42.497910
43, 4, 10.860521
43, 5, 23.974252
43, 6, -11.119764
43, 7, -6.673059
43, 8, -9.246479
43, 9, 13.485538
43, 10, 12.359774
43, 11, 21.012219
43, 12, -4.383629
43, 13, 26.962444
43, 14, -23.744920
43, 15, 4.231065
43, 16, 2.745306
43, 17, -20.370183
43, 18, 46.368937
43, 20, 85.995820
43, 22, -19.342235
43, 23, 7.993669
43, 25, -26.644000
43, 27, 0.241053
43, 28, -10.099123
43, 30, 28.346227
43, 31, -63.490700
43, 32, -0.606584
43, 33, -3.103193
43, 34, -54.012863
43, 35, 14.628932
43, 36, -38.219594
43, 37, -0.418686
43, 38, 10.911448
43, 39, 6.296334
43, 40, -22.165030
43, 42, 17.376163
43, 43, -16.230313
43, 44, 14.010764
43, 45, 21.542277
43, 46, -59.000000
43, 48, -1.473853
43, 49, 21.936912
44, 1, 5.148831
44, 2, -14.265930
44, 3, 42.502090
44, 4, 11.579415
44, 6, -13.460819
44, 7, -0.395440
44, 8, -10.743872
44, 9, 13.629387
44, 10, 14.012408
44, 12, -5.399505
44, 13, 28.052908
44, 14, -18.237781
44, 15, 17.612976
44, 17, -20.915049
44, 18, 46.912907
44, 19, -88.000000
44, 20, 86.004180
44, 21, 11.348602
44, 22, -16.362730
44, 23, 6.592478
44, 24, 0.015435
44, 25, -23.127268
44, 27, 5.730892
44, 28, -11.609003
44, 29, 3.515274
44, 30, 28.432010
44, 31, -63.443203
44, 32, -1.184842
44, 33, -42.980189
44, 34, -53.987137
44, 35, 16.762991
44, 36, -38.213153
44, 37, 1.513255
44, 38, 13.213996
44, 40, -22.028086
44, 41, 4.457224
44, 42, 21.691768
44, 43, -14.396587
44, 44, 15.392510
44, 45, 22.935296
44, 47, -2.875002
44, 49, 22.017604
45, 1, 5.924511
45, 2, -14.239264
45, 4, 11.985802
45, 5, 30.483761
45, 6, -13.221297
45, 7, -6.317879
45, 8, -12.371472
45, 9, 12.831344
45, 10, 13.271789
45, 11, -8.795838
45, 12, -4.122535
45, 13, 30.208652
45, 14, -23.757675
45, 16, -41.006431
45, 17, -22.247207
45, 21, -0.857876
45, 22, -15.538807
45, 23, 8.175169
45, 24, -0.015435
45, 25, -24.185634
45, 26, 57.745649
45, 27, 9.819734
45, 28, -10.886074
45, 29, 3.484726
45, 30, 26.623013
45, 31, -62.883186
45, 32, -0.188250
45, 33, -2.619701
45, 35, 15.297098
45, 36, -38.103851
45, 37, 2.176863
45, 38, 14.220442
45, 40, -22.820847
45, 41, 3.825022
45, 42, 25.459112
45, 43, -14.649601
45, 44, 13.805001
45, 46, -30.483842
45, 47, -1.716327
45, 48, 59.007718
45, 49, 21.692803
46, 1, 3.235027
46, 2, -14.821685
46, 4, 13.629559
46, 5, 30.516239
46, 6, -16.140259
46, 7, -1.712060
46, 8, -13.315077
46, 9, 12.969119
46, 10, 15.606046
46, 11, -9.670685
46, 13, 30.766790
46, 14, -16.873020
46, 16, -40.993569
46, 17, -23.281429
46, 19, 5.474757
46, 20, 62.612918
46, 21, 9.102536
46, 22, -13.183324
46, 23, 7.235490
46, 25, -20.919787
46, 26, 53.508843
46, 27, 15.366685
46, 28, -12.117140
46, 30, 27.427590
46, 31, -62.987276
46, 32, -1.121368
46, 34, -45.651169
46, 35, 17.167905
46, 36, -38.094169
46, 37, 4.019399
46, 38, 16.119361
46, 40, -22.643214
46, 41, 4.796633
46, 42, 29.712542
46, 43, -11.558585
46, 44, 15.142437
46, 45, -73.000000
46, 46, -29.993510
46, 47, -2.604119
46, 48, 58.992282
46, 50, 5.027011
47, 1, 3.596032
47, 2, -14.576298
47, 3, 10.458607
47, 4, 14.576564
47, 6, -16.236938
47, 7, -5.639430
47, 8, -14.242028
47, 9, 12.338055
47, 10, 15.245632
47, 11, -8.545067
47, 12, 74.992604
47, 13, 32.333425
47, 17, -24.544869
47, 19, 5.525243
47, 20, 62.793038
47, 21, -1.810074
47, 22, -12.812975
47, 23, 8.809642
47, 24, -33.000000
47, 25, -20.594770
47, 27, 18.849760
47, 28, -11.133692
47, 29, 99999.000000
47, 31, -62.654429
47, 32, -0.439329
47, 34, -46.359439
47, 37, 4.464392
47, 38, 16.684866
47, 39, -9.149640
47, 40, -23.226517
47, 41, 4.463849
47, 42, 32.831606
47, 43, -11.127461
47, 44, 13.597834
47, 46, -30.500130
47, 47, -1.396492
47, 49, 23.995973
48, 1, 0.916396
48, 3, 10.321077
48, 4, 16.255224
48, 5, -23.997496
48, 6, -18.902186
48, 7, -2.115030
48, 8, -14.606726
48, 9, 12.598819
48, 10, 17.576952
48, 11, -9.374988
48, 13, 32.352276
48, 15, 24.477008
48, 16, -49.581733
48, 17, -25.485452
48, 20, 62.644610
48, 21, 6.848100
48, 22, -11.183089
48, 23, 7.688787
48, 25, -18.106577
48, 26, -92.000000
48, 27, 22.919575
48, 30, -59.304772
48, 32, -1.556192
48, 34, -45.688611
48, 35, -14.519455
48, 36, -7.069236
48, 37, 5.923481
48, 38, 17.831460
48, 39, -8.767595
48, 41, 5.587466
48, 42, 35.877388
48, 43, -7.990187
48, 44, 14.983682
48, 45, 35.158608
48, 46, -30.014375
48, 47, -2.359796
48, 48, -29.976192
48, 49, 24.357737
48, 50, 33.525283
49, 1, 1.753257
49, 3, 10.370397
49, 4, 16.731822
49, 5, -24.231788
49, 6, -18.478830
49, 7, -5.195908
49, 8, -14.982186
49, 9, 12.187418
49, 10, 16.850288
49, 11, -8.318954
49, 13, 33.351312
49, 16, -49.713734
49, 17, -26.144288
49, 18, -36.018972
49, 19, -31.493730
49, 21, -2.449041
49, 22, -11.373940
49, 24, -76.000000
49, 25, -17.924086
49, 27, 24.368582
49, 28, -18.022509
49, 29, 23.989710
49, 30, -59.491298
49, 31, 44.485047
49, 32, -0.909286
49, 33, 14.385238
49, 34, -46.449249
49, 35, -14.480545
49, 36, -7.380079
49, 37, 5.886218
49, 38, 17.629057
49, 39, -9.377012
49, 40, 22.497588
49, 41, 5.205419
49, 42, 37.295420
49, 43, -8.233411
49, 45, 35.295617
49, 48, -30.311092
49, 49, 23.959267
49, 50, 33.713734
50, 1, -0.114545
50, 3, 10.230007
50, 4, 17.502316
50, 5, -23.921238
50, 6, -20.157900
50, 8, -14.897551
50, 10, 18.494741
50, 13, 32.887503
50, 14, -48.990675
50, 15, 61.000000
50, 16, -49.550042
50, 17, -26.398684
50, 18, -35.981028
50, 19, -31.506270
50, 20, 4.000000
50, 22, -10.477470
50, 23, 75.000000
50, 25, -16.755660
50, 26, 68.000000
50, 27, 25.827254
50, 28, -17.977491
50, 29, 24.010290
50, 30, -59.267138
50, 31, 44.514953
50, 32, -1.891741
50, 33, -0.978134
50, 34, -45.796001
50, 36, -7.222741
50, 37, 6.721795
50, 39, -8.980856
50, 40, 22.502412
50, 41, 6.088836
50, 42, 38.244565
50, 43, -6.314420
50, 44, -53.000000
50, 45, 35.068486
50, 46, -72.000000
50, 47, -8.000000
50, 48, -30.068295
50, 49, 24.317789
50, 50, 33.606492
