1, 1, 33.000000
1, 3, -22.949898
1, 4, 9.213361
1, 6, 4.438155
1, 7, 8.120226
1, 8, 34.494324
1, 9, -31.706956
1, 10, -19.000000
1, 11, -0.020082
1, 12, 99999.000000
1, 13, -86.000000
1, 14, -58.005504
1, 15, -38.000000
1, 16, 28.266608
1, 18, -85.000000
1, 19, -43.127687
1, 20, -26.976426
1, 21, -16.996926
1, 22, -14.379966
1, 23, 5.579168
1, 24, 21.227179
1, 25, -28.057966
1, 26, 99999.000000
1, 27, 62.000000
1, 28, 5.309741
1, 29, -41.000000
1, 30, -36.487473
1, 32, -6.590405
1, 33, -33.050495
1, 34, -11.826583
1, 35, -6.932494
1, 37, -82.000000
1, 38, -87.000000
1, 39, 82.000000
1, 40, -3.658536
1, 41, 15.710938
1, 42, -25.293570
1, 43, -36.106663
1, 45, 7.323149
1, 46, -81.000000
1, 47, -6.944776
1, 49, 45.000000
1, 50, 15.609288
2, 2, 10.643851
2, 3, -22.450662
2, 4, 9.728705
2, 5, -42.206853
2, 6, 4.143670
2, 7, 8.272683
2, 8, 34.505676
2, 9, -21.938502
2, 11, -0.199553
2, 14, -57.994496
2, 16, 0.001720
2, 17, -43.337187
2, 18, -91.002064
2, 19, -42.623661
2, 20, -27.640629
2, 21, -17.699596
2, 22, -9.554363
2, 23, 5.181884
2, 24, 21.938730
2, 25, -27.471659
2, 26, -30.144207
2, 28, 5.445932
2, 30, -29.743027
2, 31, 16.211734
2, 32, -6.631626
2, 33, -32.855112
2, 34, -12.753723
2, 35, -7.726585
2, 36, -70.501892
2, 40, -4.710484
2, 41, 15.821579
2, 42, -25.015517
2, 43, -38.545023
2, 44, -18.001084
2, 45, 8.288152
2, 47, -5.917225
2, 48, -8.667354
2, 50, 15.281664
3, 1, -12.371675
3, 2, 51.477083
3, 3, -22.973484
3, 4, 9.071612
3, 5, -42.952697
3, 6, 4.331969
3, 7, 8.124283
3, 9, -31.693808
3, 11, -1.175780
3, 12, 31.112279
3, 13, 99999.000000
3, 15, -25.993464
3, 16, 28.304637
3, 17, 1.867609
3, 18, 99999.000000
3, 19, -42.796148
3, 20, -26.918394
3, 21, -18.662061
3, 22, -14.456025
3, 23, 4.002899
3, 24, 21.247116
3, 25, -27.417689
3, 26, -21.821141
3, 27, -0.020987
3, 28, 5.329516
3, 29, 57.189095
3, 30, -36.473782
3, 31, 16.313074
3, 32, -6.061325
3, 33, -30.674386
3, 34, -10.992323
3, 35, -6.275033
3, 36, -70.498108
3, 37, -79.000000
3, 38, 41.516340
3, 39, -3.308317
3, 40, -4.012869
3, 41, 15.702318
3, 42, -25.282414
3, 43, -36.081381
3, 44, -15.875216
3, 45, 7.388681
3, 47, -5.368900
3, 48, -8.746121
3, 49, -47.353399
3, 50, 15.637038
4, 1, -12.430148
4, 2, 10.496371
4, 3, -22.483719
4, 4, 9.536486
4, 5, -42.295074
4, 6, 4.074795
4, 8, -29.084455
4, 9, -21.928244
4, 10, -95.000000
4, 11, -2.351138
4, 12, 31.168077
4, 14, 14.162250
4, 15, -26.006536
4, 16, 99999.000000
4, 17, -43.364061
4, 18, 97.000000
4, 19, -41.929900
4, 20, -27.593034
4, 21, -20.957857
4, 22, -9.620810
4, 23, 2.427910
4, 24, 22.012412
4, 25, -26.502897
4, 26, -29.555019
4, 27, -0.008021
4, 29, 56.981196
4, 30, -29.713692
4, 31, 16.253216
4, 32, -5.642911
4, 33, -28.288137
4, 34, -11.254792
4, 35, -6.547514
4, 38, 41.483660
4, 39, -2.721496
4, 40, -5.279759
4, 43, -38.581448
4, 44, -19.146617
4, 45, 8.356539
4, 46, 99999.000000
4, 47, -2.967234
4, 48, -8.688650
4, 49, -47.068652
4, 50, 15.304668
5, 1, -12.146094
5, 2, 51.483066
5, 3, -23.005474
5, 4, 8.904437
5, 5, -43.060993
5, 6, 4.353706
5, 7, 9.798472
5, 8, -27.081533
5, 9, -31.721540
5, 11, -4.017065
5, 12, 31.090475
5, 13, 9.528395
5, 14, 13.423714
5, 16, -25.478778
5, 17, 1.936243
5, 18, 99999.000000
5, 19, -42.054663
5, 21, -22.836296
5, 22, 99999.000000
5, 23, 0.160888
5, 24, 21.350083
5, 25, -26.154786
5, 26, -21.734463
5, 27, 1.485946
5, 28, -64.000000
5, 29, 57.210392
5, 30, 99999.000000
5, 31, 16.410618
5, 32, -4.694571
5, 33, -24.129059
5, 34, -8.778890
5, 35, -4.710714
5, 36, 2.094395
5, 39, -3.845098
5, 40, -4.641242
5, 41, 10.304467
5, 43, -36.073202
5, 44, -17.904931
5, 45, 7.433031
5, 46, -92.000000
5, 47, -1.270013
5, 49, -47.364526
5, 50, 15.646391
6, 1, -12.068120
6, 2, 10.327091
6, 3, -22.504300
6, 5, -42.380969
6, 6, 4.370847
6, 7, 10.001643
6, 8, -26.788009
6, 9, 99999.000000
6, 10, -4.879350
6, 11, -5.464356
6, 13, 10.224767
6, 14, 12.875214
6, 15, 99999.000000
6, 16, -8.888239
6, 17, 99999.000000
6, 18, 26.519092
6, 19, -40.946673
6, 20, -16.280760
6, 21, -26.312724
6, 22, 31.580391
6, 23, -1.734460
6, 24, 22.109050
6, 25, -25.505443
6, 26, -27.624601
6, 27, 2.942728
6, 28, 99999.000000
6, 30, -23.000000
6, 31, 16.375825
6, 32, -4.145423
6, 33, -20.323110
6, 34, -8.745113
6, 35, -4.777978
6, 36, 1.093021
6, 38, -18.362839
6, 39, -3.593686
6, 40, -5.818071
6, 41, 8.510522
6, 42, -58.279173
6, 43, -38.628261
6, 44, -21.659951
6, 47, 1.882025
6, 49, -47.092753
7, 1, -11.768185
7, 2, 99999.000000
7, 3, -23.008264
7, 4, -21.478156
7, 6, 4.860940
7, 7, 9.713793
7, 8, -22.817755
7, 9, 7.077704
7, 10, -4.063968
7, 11, -6.940662
7, 12, 22.772510
7, 13, 9.571406
7, 14, 10.712496
7, 15, 43.000000
7, 16, -24.139126
7, 17, -66.000000
7, 18, -29.000000
7, 19, -41.278292
7, 20, -16.883262
7, 21, -28.109291
7, 22, 15.386155
7, 23, -4.272874
7, 25, -25.345796
7, 26, -20.884418
7, 27, 5.518451
7, 28, -52.000000
7, 29, -27.260965
7, 31, 16.517855
7, 32, -3.229913
7, 33, -15.186739
7, 34, -5.929227
7, 35, -2.912031
7, 36, 1.475852
7, 38, -18.003697
7, 39, -4.833067
7, 40, -4.947613
7, 41, 8.482900
7, 42, -57.881762
7, 43, -36.073576
7, 44, -20.433389
7, 46, -13.343798
7, 47, 3.997742
7, 50, 17.034352
8, 1, -11.801768
8, 4, -21.521844
8, 5, 3.619812
8, 6, 5.169239
8, 8, -20.851769
8, 9, -9.555593
8, 10, -5.204765
8, 11, -7.748286
8, 12, 22.396336
8, 13, 10.318566
8, 14, 8.850624
8, 16, -8.751021
8, 19, -40.134669
8, 20, -15.370620
8, 21, -32.301538
8, 22, 30.118453
8, 23, -5.601779
8, 24, -2.000000
8, 25, -25.371284
8, 26, -24.070371
8, 27, 8.056874
8, 29, -27.697279
8, 30, -23.394797
8, 32, -2.981543
8, 33, -11.237889
8, 34, -6.099275
8, 35, -3.114787
8, 36, 0.033839
8, 37, -41.825554
8, 38, -16.943621
8, 39, -4.445480
8, 41, 5.004141
8, 42, -58.270553
8, 43, 99999.000000
8, 44, -23.699437
8, 45, 0.286886
8, 46, -13.520452
8, 47, 7.078010
8, 48, -14.885103
8, 49, 14.000000
8, 50, 17.833881
9, 3, -24.674957
9, 5, 3.754023
9, 6, 5.664246
9, 8, -15.917565
9, 9, 7.505451
9, 10, -4.586447
9, 11, -8.225724
9, 12, 22.769468
9, 13, 9.721380
9, 14, 5.161748
9, 15, 23.000000
9, 16, -21.028271
9, 17, 60.000000
9, 18, -12.000000
9, 19, -40.802457
9, 20, -15.142143
9, 21, -32.996970
9, 22, 14.803374
9, 23, -7.647700
9, 25, -25.624675
9, 26, -18.488059
9, 27, 11.126353
9, 29, -27.298562
9, 30, -22.967928
9, 31, -68.000000
9, 32, -2.564281
9, 33, -6.565258
9, 34, -3.500250
9, 35, -1.529582
9, 36, 0.248477
9, 37, -39.935325
9, 38, -15.390823
9, 39, -5.335988
9, 40, 17.324367
9, 41, 3.855583
9, 43, -1.516684
9, 44, -21.603089
9, 45, 0.038551
9, 46, -13.850356
9, 47, 8.795131
9, 48, -15.831625
9, 50, 16.990148
10, 1, 12.201811
10, 2, -46.125163
10, 3, -25.027643
10, 4, 0.585481
10, 5, 3.683835
10, 6, 5.885365
10, 7, -15.909162
10, 8, -13.452981
10, 9, -8.324546
10, 10, -5.786061
10, 13, 10.469742
10, 14, 2.080374
10, 16, -8.441281
10, 18, 99999.000000
10, 19, -39.827644
10, 20, -12.987878
10, 21, -37.587387
10, 22, 26.127091
10, 23, -7.914939
10, 24, -17.805597
10, 25, -26.196496
10, 26, -18.825619
10, 27, 14.212277
10, 29, -27.747361
10, 30, -23.339925
10, 32, -2.928956
10, 33, -3.961479
10, 34, -4.360658
10, 35, -2.113772
10, 36, -1.047738
10, 37, -41.755425
10, 38, -13.019683
10, 40, 18.649468
10, 41, -0.579294
10, 42, -54.112708
10, 43, 47.000000
10, 45, 0.453623
10, 46, -14.553046
10, 47, 11.036336
10, 48, -15.483803
10, 49, 2.940882
10, 50, 17.792137
11, 1, 13.839237
11, 2, -46.652838
11, 3, -24.956567
11, 4, 2.134831
11, 5, 3.816972
11, 6, 5.857406
11, 7, -16.560698
11, 8, -8.927384
11, 9, 8.657106
11, 10, -5.082850
11, 11, -26.935299
11, 12, -16.000000
11, 13, 9.868260
11, 14, -2.960440
11, 15, 0.000000
11, 16, -17.938370
11, 17, -4.723223
11, 20, -12.080986
11, 21, -36.372556
11, 22, 12.992224
11, 23, -9.109515
11, 24, -18.029329
11, 25, -26.625428
11, 26, -14.178756
11, 27, 17.175290
11, 28, 9.500860
11, 30, -22.927005
11, 32, -3.280812
11, 33, -1.202637
11, 34, -2.503375
11, 35, -0.995286
11, 36, -0.407279
11, 37, -39.856564
11, 38, -10.729768
11, 39, 0.369257
11, 40, 19.043793
11, 41, -1.855118
11, 42, -54.080630
11, 44, 4.173321
11, 45, 0.225781
11, 46, -15.237413
11, 47, 11.670489
11, 48, -16.850854
11, 49, 3.530216
11, 50, 16.967256
12, 1, 13.211413
12, 2, -46.481731
12, 3, -25.538172
12, 4, 2.310772
12, 6, 5.396452
12, 7, -16.195833
12, 8, -7.357985
12, 9, -5.652227
12, 10, -6.068230
12, 11, -26.861667
12, 13, 10.556368
12, 14, -6.847716
12, 15, 11.003784
12, 16, -8.249807
12, 17, -4.831700
12, 18, 3.215544
12, 19, -3.523398
12, 20, -9.502946
12, 21, -41.182717
12, 22, 20.376519
12, 23, -8.382014
12, 24, -17.653604
12, 25, -27.139181
12, 26, -12.323022
12, 27, 20.262179
12, 28, 9.499140
12, 29, 80.000000
12, 31, 18.513588
12, 32, -4.258390
12, 33, -1.108957
12, 37, -41.680615
12, 38, -7.427271
12, 39, 0.290482
12, 40, 21.659805
12, 41, -6.288130
12, 42, -54.136540
12, 43, -15.388376
12, 44, 3.730369
12, 45, 0.587950
12, 46, -16.165290
12, 47, 12.554154
12, 48, -16.658786
12, 49, 3.035566
13, 1, 15.634708
13, 2, -47.287786
13, 3, -25.578254
13, 4, 5.274268
13, 5, 37.095478
13, 6, 4.308755
13, 7, -17.041931
13, 8, -4.509575
13, 9, 9.872073
13, 11, -26.739930
13, 12, 99999.000000
13, 14, -12.609924
13, 15, 99999.000000
13, 16, -16.632811
13, 17, -4.670639
13, 18, 3.166709
13, 19, -3.860606
13, 20, -8.055796
13, 21, -37.580429
13, 22, 10.034668
13, 23, -8.878921
13, 24, -17.810847
13, 25, -27.215737
13, 26, -8.438457
13, 27, 22.655039
13, 30, -40.400390
13, 31, 18.486412
13, 32, -5.274524
13, 34, -3.028207
13, 35, 5.938372
13, 36, -44.002064
13, 37, -39.809205
13, 38, -5.028411
13, 39, 0.285971
13, 40, 22.752555
13, 41, -6.797208
13, 43, -15.727968
13, 44, 4.086063
13, 46, -16.749139
13, 48, -17.888420
13, 49, 3.615048
13, 50, 7.132540
14, 1, 15.784011
14, 2, -47.332261
14, 3, -26.170603
14, 4, 6.833929
14, 5, 35.288975
14, 6, 2.740070
14, 7, -16.935184
14, 8, -4.948493
14, 9, -3.515363
14, 10, 19.047033
14, 11, -26.551310
14, 12, 9.737531
14, 13, -12.865311
14, 14, -16.490766
14, 16, 99999.000000
14, 17, -4.772094
14, 18, 3.204587
14, 19, -3.450887
14, 20, -5.176850
14, 21, -42.473345
14, 22, 13.985181
14, 23, -7.661872
14, 24, -17.426306
14, 25, -27.000920
14, 26, -5.547430
14, 27, 25.312202
14, 28, -38.943753
14, 30, -51.654338
14, 32, -6.504793
14, 33, -42.714506
14, 34, -2.971793
14, 35, 6.031268
14, 36, -43.997936
14, 37, -41.651964
14, 38, -1.414823
14, 39, 0.200099
14, 40, 25.356802
14, 41, -10.414785
14, 42, 99999.000000
14, 43, -15.689546
14, 44, 3.631308
14, 46, -17.383523
14, 47, -15.193175
14, 48, -17.288138
14, 50, 6.754800
15, 1, 18.536547
15, 2, -48.197294
15, 3, -26.076825
15, 4, 10.578495
15, 5, 34.800093
15, 6, 0.404717
15, 7, -17.765939
15, 9, 10.399930
15, 10, 17.186148
15, 11, -26.389221
15, 12, -10.329589
15, 13, -11.888074
15, 14, -21.943382
15, 15, 99999.000000
15, 16, -6.696361
15, 18, 3.166871
15, 19, -3.791119
15, 20, -3.289350
15, 21, 99999.000000
15, 22, 6.487993
15, 23, -7.964050
15, 24, -17.630023
15, 25, -26.296496
15, 26, -2.527026
15, 27, 26.888708
15, 28, -39.123257
15, 29, 35.164672
15, 30, -40.371869
15, 31, -84.000000
15, 32, -7.710826
15, 33, -42.942695
15, 35, 6.901033
15, 37, -39.808940
15, 38, 0.408985
15, 39, 0.223694
15, 40, 25.723413
15, 41, -9.612197
15, 42, 40.000000
15, 43, -16.177836
15, 45, -8.783880
15, 46, -17.320110
15, 47, -15.929119
15, 49, 3.181273
15, 50, 5.432124
16, 1, 19.012954
16, 2, -48.230318
16, 3, -26.454255
16, 4, 12.997850
16, 5, 30.866390
16, 6, -2.239638
16, 7, -17.748552
16, 8, -25.250788
16, 10, 18.851340
16, 11, -26.251321
16, 12, 9.694516
16, 13, -12.807610
16, 14, -24.764941
16, 15, -37.961108
16, 16, -10.968264
16, 17, 53.514620
16, 20, -0.176318
16, 21, 11.723497
16, 22, 8.359603
16, 23, -6.867085
16, 24, -17.335003
16, 25, -25.067504
16, 26, 0.161771
16, 27, 28.881027
16, 28, -38.930307
16, 29, 34.632087
16, 30, -51.668366
16, 32, -8.626249
16, 33, -42.747372
16, 34, 2.000000
16, 35, 7.652267
16, 36, 66.000000
16, 38, 3.608886
16, 40, 27.032014
16, 41, -11.913201
16, 43, -16.136012
16, 44, 25.882641
16, 45, -9.523223
16, 46, -17.155099
16, 47, -15.202375
16, 48, -4.134068
16, 49, 1.609871
16, 50, 3.655809
17, 1, 21.509860
17, 2, -48.929564
17, 4, 16.845511
17, 5, 28.412207
17, 6, -5.515224
17, 7, -18.366088
17, 8, -25.613908
17, 9, -26.346194
17, 10, 16.857720
17, 11, -26.210403
17, 12, -10.293929
17, 13, -11.837508
17, 14, -28.771521
17, 15, -16.560499
17, 16, -7.836877
17, 17, 53.485380
17, 18, 11.774237
17, 19, 86.000000
17, 20, 2.010604
17, 21, 4.918132
17, 22, 3.467098
17, 23, -7.479533
17, 25, -23.579254
17, 26, 1.961446
17, 27, 29.613548
17, 28, -39.136636
17, 29, 35.022987
17, 30, -40.344497
17, 31, 99999.000000
17, 32, -9.400961
17, 33, -42.967855
17, 35, 8.763500
17, 38, 4.285034
17, 39, 12.902161
17, 42, -11.028845
17, 43, -16.469658
17, 44, 26.111422
17, 45, -8.781001
17, 46, -16.086002
17, 47, -15.955063
17, 48, -3.506510
17, 49, 2.477962
17, 50, 1.268171
18, 1, 21.711766
18, 2, -48.762201
18, 3, -73.000000
18, 4, 19.627813
18, 5, 22.907880
18, 6, -8.724331
18, 7, -18.243774
18, 8, -25.439313
18, 9, -26.283028
18, 10, 18.474708
18, 12, 9.651300
18, 13, -12.781617
18, 14, -29.579089
18, 15, -37.771539
18, 16, -11.860592
18, 18, 10.475459
18, 20, 5.232216
18, 21, 11.391453
18, 22, 4.979982
18, 24, -33.979360
18, 25, -21.636040
18, 26, 3.479478
18, 27, 30.900005
18, 29, 34.448731
18, 30, 99999.000000
18, 32, -9.527870
18, 34, 23.000000
18, 35, 9.278299
18, 36, 21.502580
18, 37, 73.000000
18, 38, 6.441168
18, 39, 14.038818
18, 40, 2.058026
18, 41, 39.685930
18, 42, -10.738101
18, 44, 25.863373
18, 45, -9.495859
18, 46, -14.923923
18, 47, -15.234699
18, 48, -4.057712
18, 49, 0.332297
18, 50, -1.006010
19, 1, 23.421236
19, 2, -49.179795
19, 4, 23.084346
19, 5, 19.214377
19, 6, -12.242941
19, 7, -18.571812
19, 8, -25.916381
19, 9, -26.282304
19, 10, 16.528890
19, 11, -11.325324
19, 13, -11.845045
19, 14, -31.298556
19, 15, -16.821799
19, 16, -10.887570
19, 17, -33.040922
19, 18, 11.341426
19, 19, 8.088977
19, 20, 7.472113
19, 21, 5.137682
19, 22, 2.214179
19, 23, -5.420148
19, 24, -34.020640
19, 25, -19.851647
19, 26, 3.678148
19, 27, 30.892781
19, 28, -15.378681
19, 29, 34.859047
19, 30, -57.492948
19, 31, -90.000000
19, 33, 20.360527
19, 35, 9.733920
19, 36, 21.497420
19, 38, 5.669569
19, 39, 11.366442
19, 40, 1.173480
19, 41, 39.651555
19, 42, -11.424483
19, 45, -8.739805
19, 46, -12.930336
19, 48, -3.424985
19, 49, 0.787518
19, 50, -3.412144
20, 1, 22.801148
20, 3, 62.000000
20, 4, 25.875267
20, 5, 13.150980
20, 6, -15.218595
20, 8, -25.755411
20, 10, 18.275389
20, 11, -10.496682
20, 15, -37.429661
20, 16, -14.212754
20, 17, -32.460364
20, 18, 9.791934
20, 19, 7.413290
20, 20, 10.565228
20, 21, 10.762755
20, 23, -6.378645
20, 25, -17.934910
20, 27, 31.528377
20, 28, -14.350868
20, 29, 34.359086
20, 30, -78.000000
20, 33, 19.240208
20, 34, 4.509390
20, 37, -37.486756
20, 39, 11.270011
20, 40, 2.263407
20, 41, 39.654219
20, 42, -11.653641
20, 43, 63.000000
20, 44, -5.410359
20, 46, -11.071162
20, 47, 24.143935
20, 49, -1.559308
20, 50, -5.080643
21, 2, 66.000000
21, 4, 28.656588
21, 5, 9.400209
21, 6, -18.128798
21, 7, -17.873993
21, 8, -26.140804
21, 11, -11.420448
21, 12, -29.730306
21, 13, -58.014104
21, 14, 14.535235
21, 15, -17.160696
21, 16, -14.817710
21, 17, -30.540892
21, 18, 10.583301
21, 19, 8.468884
21, 20, 12.555807
21, 21, 5.913377
21, 23, -5.405763
21, 25, -16.612667
21, 28, -16.616694
21, 31, -14.414292
21, 32, -13.000000
21, 33, 20.831837
21, 34, 18.972484
21, 35, 12.072114
21, 36, -24.301094
21, 37, -37.513244
21, 38, 9.290400
21, 39, 7.036986
21, 40, 1.532094
21, 41, 39.640035
21, 42, -12.567594
21, 43, 75.004128
21, 44, -5.305817
21, 45, 7.082549
21, 46, -8.732548
21, 47, 23.803395
21, 48, -36.011694
21, 49, -1.089507
21, 50, -6.467593
22, 1, -96.000000
22, 2, 99999.000000
22, 3, 27.804843
22, 4, 31.189219
22, 5, 4.147757
22, 6, -20.050051
22, 7, -18.109623
22, 10, -5.986445
22, 11, -10.621831
22, 12, -29.555221
22, 13, -57.985896
22, 14, 15.108107
22, 15, -37.254888
22, 16, -17.019359
22, 17, -27.780386
22, 18, 9.148122
22, 19, 7.980812
22, 20, 15.246661
22, 21, 10.329491
22, 22, 80.500860
22, 23, -6.364050
22, 24, -58.110376
22, 25, -15.521855
22, 26, 45.222672
22, 28, -16.613536
22, 31, -14.845949
22, 33, 20.163178
22, 34, 4.368259
22, 35, 11.194949
22, 36, -23.736087
22, 38, 9.092026
22, 39, 6.188196
22, 40, 2.691694
22, 42, -13.230031
22, 43, 99999.000000
22, 44, -6.002375
22, 45, 7.220996
22, 46, -6.917076
22, 47, 23.084806
22, 48, -35.645043
22, 49, -3.191153
22, 50, -6.709232
23, 3, 27.747238
23, 4, 33.119313
23, 5, 1.769177
23, 6, -21.600765
23, 7, -17.798430
23, 8, 4.582154
23, 9, -12.103900
23, 10, -5.239846
23, 11, -11.557701
23, 12, -29.098278
23, 14, 14.574682
23, 16, -18.160517
23, 17, -24.271959
23, 18, 10.212100
23, 19, 9.032466
23, 20, 16.773284
23, 21, 7.177859
23, 22, 80.499140
23, 23, -5.396548
23, 24, -56.353471
23, 25, -15.307231
23, 26, 45.307004
23, 28, -19.575115
23, 30, 14.827711
23, 31, -15.676036
23, 32, 91.000000
23, 33, 22.115311
23, 34, 18.898601
23, 35, 12.910549
23, 36, -22.662135
23, 37, 76.000000
23, 38, 9.283387
23, 39, 0.361517
23, 40, 1.973201
23, 41, 26.910579
23, 42, -14.010886
23, 43, 6.827678
23, 44, -6.301868
23, 45, 7.026014
23, 46, -5.098441
23, 47, 21.927508
23, 48, -35.982285
23, 49, -2.303792
24, 1, 14.571487
24, 2, -73.000000
24, 3, 27.879429
24, 4, 35.120424
24, 5, -1.335299
24, 6, -21.878057
24, 7, -18.034848
24, 8, 4.635562
24, 9, -13.012565
24, 10, -5.758755
24, 11, -10.730235
24, 12, -28.469934
24, 13, 33.000000
24, 14, 15.161697
24, 15, -1.357234
24, 16, -18.959775
24, 17, -20.596598
24, 19, 8.350391
24, 20, 18.892357
24, 21, 10.374516
24, 24, -58.229312
24, 26, 45.198333
24, 27, -20.161930
24, 28, -19.940647
24, 29, -51.921734
24, 30, 14.024531
24, 31, -17.172654
24, 33, 21.681314
24, 34, 4.220161
24, 35, 12.789520
24, 36, -20.624681
24, 37, 99999.000000
24, 38, 9.095152
24, 39, -0.533913
24, 40, 3.041793
24, 41, 27.567393
24, 42, -14.851328
24, 43, 24.708053
24, 44, -7.288135
24, 45, 7.173435
24, 46, -4.185136
24, 47, 20.643474
24, 49, -3.836819
24, 50, -62.000000
25, 1, 14.689384
25, 3, 27.911686
25, 4, 36.054986
25, 5, -1.169710
25, 7, -17.754006
25, 8, 4.618207
25, 9, -13.701543
25, 10, -4.906654
25, 11, -11.631957
25, 12, -27.751212
25, 15, -2.303004
25, 16, -19.525555
25, 17, -17.083544
25, 18, 14.000000
25, 20, 19.945520
25, 21, 8.641293
25, 22, -7.656715
25, 24, -56.598382
25, 25, 25.000000
25, 27, -20.603514
25, 28, -22.813479
25, 29, -50.852111
25, 30, 14.316768
25, 31, -18.661979
25, 33, 23.684965
25, 34, 99999.000000
25, 35, 14.870904
25, 36, -18.335069
25, 38, 9.295357
25, 39, -8.020159
25, 40, 2.185768
25, 41, 26.996829
25, 42, -15.092408
25, 43, 8.139266
25, 44, -7.657218
25, 46, -3.620296
25, 47, 19.319106
25, 48, -9.556467
26, 1, 14.559186
26, 2, -51.007224
26, 3, 28.097908
26, 4, 37.238678
26, 6, 7.489051
26, 8, 4.660300
26, 9, -15.970936
26, 10, -5.431980
26, 11, -10.753345
26, 12, -27.143700
26, 13, 54.988304
26, 14, -50.837798
26, 15, -1.383944
26, 17, -14.191590
26, 19, -22.366347
26, 20, 21.507623
26, 21, 10.784253
26, 22, -7.632512
26, 23, 0.920872
26, 24, -58.542473
26, 26, -23.156871
26, 27, -20.000131
26, 28, -22.772145
26, 29, -51.960956
26, 30, 13.150622
26, 31, -20.443600
26, 32, -44.000000
26, 33, 23.126328
26, 34, 28.449216
26, 35, 15.084041
26, 36, -15.400144
26, 39, -7.973568
26, 41, 27.648473
26, 42, -15.817903
26, 43, 25.126945
26, 44, -8.601982
26, 47, 18.205895
26, 48, -10.992751
26, 49, 38.000000
26, 50, -28.870829
27, 1, 14.681375
27, 2, -50.992776
27, 3, 28.126692
27, 4, 37.091960
27, 5, -3.983606
27, 6, 8.867655
27, 7, 19.266751
27, 9, -17.658087
27, 10, -4.694296
27, 12, -26.673816
27, 13, 55.011696
27, 14, -50.459806
27, 15, -2.331372
27, 16, -10.536250
27, 17, -12.295414
27, 18, -3.792604
27, 19, -21.777618
27, 20, 22.261837
27, 21, 9.842396
27, 22, -8.356770
27, 23, 0.780512
27, 24, -56.937965
27, 25, -56.000000
27, 26, -24.352638
27, 27, -20.402365
27, 28, -24.865746
27, 29, -50.911265
27, 30, 13.117441
27, 31, -21.652024
27, 32, -50.002064
27, 33, 24.799481
27, 34, 11.753963
27, 35, 16.940731
27, 36, -12.639184
27, 37, 9.973169
27, 38, -17.144526
27, 39, -17.148215
27, 40, -18.143051
27, 42, -15.259101
27, 43, 11.260494
27, 44, -8.737085
27, 45, -24.294553
27, 46, 3.462032
27, 47, 17.449356
27, 48, -9.902857
27, 50, -29.717192
28, 3, 28.253241
28, 5, -9.785335
28, 6, 7.092285
28, 7, 19.178421
28, 8, -22.478156
28, 9, -20.473402
28, 12, -26.540503
28, 14, -50.865179
28, 16, -10.523366
28, 17, -11.571044
28, 18, -3.576401
28, 19, -21.159943
28, 20, 23.406851
28, 21, 11.176611
28, 22, -9.005024
28, 23, 2.495542
28, 24, -58.818821
28, 26, -23.372686
28, 27, -19.829397
28, 28, -23.864953
28, 29, -52.016949
28, 30, 11.880555
28, 31, -22.776504
28, 32, 99999.000000
28, 33, 23.766341
28, 34, 28.397236
28, 35, 16.975273
28, 36, -9.647732
28, 37, 10.026831
28, 38, -16.808151
28, 39, -14.901180
28, 40, -18.338334
28, 41, -29.590887
28, 42, -15.723212
28, 43, 26.130407
28, 44, -9.391123
28, 45, -23.179017
28, 46, 3.171606
28, 47, 17.152897
28, 48, -11.677904
28, 49, -81.002064
28, 50, -27.935248
29, 1, -4.287807
29, 5, -3.569995
29, 6, 8.156094
29, 7, 19.319992
29, 8, -22.521844
29, 9, -22.165295
29, 10, 26.429899
29, 11, 51.373026
29, 13, 99999.000000
29, 15, 99999.000000
29, 16, -10.227659
29, 18, -3.848381
29, 19, -19.548975
29, 20, 24.058109
29, 21, 10.331399
29, 22, -10.138331
29, 23, 3.592838
29, 24, -57.110642
29, 25, 13.540728
29, 26, -24.765533
29, 27, -20.319761
29, 30, 11.804329
29, 31, -22.920248
29, 32, -3.026202
29, 34, 11.828126
29, 35, 18.195616
29, 36, -7.317015
29, 38, -17.535801
29, 39, -25.613252
29, 40, -18.091205
29, 41, -29.164790
29, 42, -14.415645
29, 43, 14.416813
29, 44, -9.136723
29, 45, -24.345669
29, 46, 3.420453
29, 48, -10.968295
29, 49, -80.997936
29, 50, -28.047149
30, 1, -4.338390
30, 2, -32.790602
30, 3, 12.919519
30, 4, 11.989571
30, 5, -9.553033
30, 6, 6.175620
30, 9, -24.466603
30, 10, 26.560119
30, 11, 50.319419
30, 12, 40.722068
30, 13, -8.828377
30, 14, 21.947449
30, 15, 12.503612
30, 16, -10.033363
30, 17, 6.326746
30, 19, -18.202648
30, 20, 24.898182
30, 22, -11.017485
30, 23, 6.382789
30, 25, 13.461818
30, 26, -23.909420
30, 28, -5.579819
30, 29, -4.139385
30, 30, 10.797376
30, 32, -8.006880
30, 33, -62.000000
30, 34, 28.357954
30, 35, 17.712929
30, 36, -5.157617
30, 37, 4.392328
30, 38, -17.478806
30, 39, -19.891225
30, 40, -18.310386
30, 41, -29.587338
30, 42, -14.733391
30, 43, 26.991815
30, 45, -23.249609
30, 47, 24.004128
30, 48, -12.947019
30, 50, -25.626556
31, 1, -5.086504
31, 2, -32.864644
31, 3, 11.823736
31, 4, 12.293345
31, 5, -2.853488
31, 6, 7.190310
31, 7, -44.737956
31, 8, 12.697440
31, 9, -25.157855
31, 10, 26.502803
31, 11, 49.510799
31, 12, 40.632093
31, 13, 12.178543
31, 14, 23.214881
31, 15, 2.000000
31, 16, -9.658791
31, 17, 6.495724
31, 18, 63.000000
31, 19, -16.118707
31, 20, 25.486040
31, 21, -8.805111
31, 22, -11.979938
31, 23, 7.823732
31, 24, -55.656828
31, 25, 13.617700
31, 26, -25.378779
31, 28, -6.636837
31, 29, -4.708405
31, 30, 10.959955
31, 31, -69.000000
31, 32, -3.015553
31, 34, 11.909564
31, 35, 18.260361
31, 36, -4.066164
31, 37, 3.647798
31, 38, -18.315378
31, 39, -31.710249
31, 42, -13.052026
31, 43, 15.783482
31, 44, -85.000000
31, 45, -24.408093
31, 46, -34.490196
31, 47, 23.995872
31, 48, -12.463167
31, 50, -25.424996
32, 1, -5.760292
32, 2, -31.563993
32, 3, 12.581787
32, 4, 12.779897
32, 5, -9.438067
32, 6, 5.304554
32, 7, -44.792430
32, 8, 11.311530
32, 9, -26.099237
32, 10, 26.631755
32, 11, 46.896528
32, 12, 39.535557
32, 13, -8.407161
32, 14, 21.971744
32, 16, -9.516662
32, 17, 6.684737
32, 19, -14.670821
32, 20, 26.001853
32, 21, -8.305372
32, 22, -12.486496
32, 23, 10.789621
32, 24, -55.527250
32, 25, 13.577214
32, 26, -24.488002
32, 28, -5.613268
32, 29, -4.362467
32, 30, 10.366952
32, 31, 99999.000000
32, 33, -49.000000
32, 35, 17.207171
32, 36, -3.412820
32, 37, 4.234629
32, 38, -18.169752
32, 39, -21.726820
32, 40, -4.397595
32, 42, -13.546633
32, 46, -34.509804
32, 48, -14.377707
32, 49, 4.120466
32, 50, -22.802159
33, 1, -6.654083
33, 2, -30.460477
33, 3, 11.283592
33, 4, 13.910071
33, 5, -2.510247
33, 6, 6.547520
33, 7, -44.690799
33, 8, 11.734903
33, 11, 45.018904
33, 12, 38.383674
33, 13, 12.278152
33, 14, 23.285729
33, 15, 55.000000
33, 16, -9.284600
33, 17, 7.040263
33, 18, -21.011352
33, 19, -12.718601
33, 20, 26.374271
33, 21, -9.566960
33, 22, -12.773807
33, 23, 11.553433
33, 24, -55.687988
33, 25, 13.726502
33, 26, -25.855820
33, 27, -18.583235
33, 28, -6.724167
33, 29, -5.311842
33, 31, -14.486068
33, 32, -5.078154
33, 34, 11.000000
33, 35, 17.388582
33, 37, 3.464754
33, 38, -18.738385
33, 39, -33.961673
33, 40, -3.920289
33, 42, -12.008984
33, 45, 14.329397
33, 47, -63.384542
33, 48, -13.809186
33, 49, 4.500546
33, 50, -22.748110
34, 1, -7.366479
34, 2, -28.240699
34, 3, 11.967405
34, 4, 15.106269
34, 5, 99999.000000
34, 6, 4.979020
34, 8, 9.501544
34, 9, -54.932915
34, 10, -19.485524
34, 11, 42.003165
34, 12, 36.572469
34, 13, -7.778354
34, 14, 22.067885
34, 16, -9.357055
34, 17, 7.235153
34, 18, -20.988648
34, 19, -11.646917
34, 20, 26.469017
34, 21, -9.602645
34, 23, 13.846833
34, 24, -55.562128
34, 26, -24.770555
34, 27, -17.872432
34, 28, -5.776808
34, 29, -5.248022
34, 30, 4.000000
34, 31, -55.000000
34, 32, -4.196531
34, 33, 21.511180
34, 35, 15.940140
34, 36, 18.995930
34, 37, 4.097989
34, 39, 99999.000000
34, 40, -4.308689
34, 41, 16.000000
34, 42, -12.992119
34, 43, -22.343867
34, 44, 40.651069
34, 45, 12.525695
34, 46, 85.000000
34, 47, -95.998968
34, 48, -15.349838
34, 49, 3.285673
34, 50, -20.356443
35, 1, -7.710112
35, 2, -26.340873
35, 3, 10.759285
35, 4, 16.832181
35, 5, 36.000000
35, 7, -23.432921
35, 8, 9.036383
35, 9, -54.715329
35, 10, -18.881092
35, 11, 40.438623
35, 12, 34.951669
35, 13, 12.391680
35, 14, 23.375978
35, 15, -90.000000
35, 17, 7.413849
35, 19, -10.189812
35, 21, -11.246698
35, 22, -30.858272
35, 23, 13.286541
35, 24, -55.712871
35, 25, -15.494668
35, 27, -18.498633
35, 28, -7.025251
35, 29, -6.691427
35, 32, -4.899608
35, 33, 21.488820
35, 34, -20.714867
35, 35, 16.207579
35, 36, 18.548327
35, 38, 4.772963
35, 39, -8.276351
35, 40, -3.813613
35, 41, 25.003096
35, 43, -22.137284
35, 44, 41.337051
35, 45, 14.736225
35, 47, -63.342963
35, 48, -14.371359
35, 49, 3.018710
35, 50, -20.798228
36, 1, -8.006920
36, 2, -23.754483
36, 3, 11.653352
36, 4, 18.361668
36, 6, -93.000000
36, 7, -42.984520
36, 8, 6.211550
36, 9, -54.926323
36, 10, -20.031185
36, 11, 38.439890
36, 12, 33.200987
36, 15, 99999.000000
36, 18, -8.526315
36, 19, -9.644059
36, 20, -28.076676
36, 21, -11.405002
36, 22, -31.663463
36, 23, 14.534675
36, 25, -15.505332
36, 26, -54.021111
36, 27, -17.762943
36, 28, -6.236759
36, 29, -6.873953
36, 30, -10.005160
36, 31, 14.798095
36, 32, -3.840213
36, 34, -20.748347
36, 35, 14.622139
36, 36, 20.349351
36, 37, 0.000000
36, 38, 4.091701
36, 39, 10.722598
36, 40, -4.204661
36, 41, 99999.000000
36, 42, 4.461850
36, 43, -22.362121
36, 44, 40.685214
36, 45, 13.498161
36, 46, -9.404084
36, 47, 99999.000000
36, 49, 1.467051
36, 50, -18.952099
37, 1, -7.578391
37, 2, -21.673058
37, 4, 20.208903
37, 5, -13.000000
37, 7, -23.372074
37, 8, 5.039666
37, 10, -19.827060
37, 11, 38.436864
37, 12, 31.922108
37, 13, 18.832451
37, 14, -23.366737
37, 15, 23.375382
37, 16, -43.000000
37, 17, -18.907512
37, 18, -8.473685
37, 19, -8.724746
37, 20, -28.213109
37, 21, -13.004405
37, 22, -29.719383
37, 23, 12.668285
37, 24, 38.874004
37, 26, -54.967469
37, 27, -18.407436
37, 28, -7.687520
37, 29, -8.726303
37, 30, -9.994840
37, 31, 14.768454
37, 32, -4.386837
37, 33, 5.975577
37, 34, -21.059078
37, 35, 15.343986
37, 36, 20.905903
37, 38, 5.117014
37, 39, -8.044224
37, 40, -3.736783
37, 41, 99999.000000
37, 42, 4.910194
37, 44, 41.391311
37, 45, 16.063037
37, 46, 48.004128
37, 47, -80.000000
37, 48, 8.976609
37, 49, 1.188829
37, 50, -20.077112
38, 1, -7.535447
38, 2, -19.344147
38, 4, 21.517123
38, 6, 2.564368
38, 7, 99999.000000
38, 8, 1.965306
38, 10, -21.130581
38, 12, 30.985215
38, 13, 19.643198
38, 14, -23.924571
38, 15, 5.955911
38, 17, -19.538467
38, 19, -8.588728
38, 20, -28.275533
38, 21, -12.884179
38, 22, -29.516736
38, 23, 13.111347
38, 24, 38.965791
38, 25, -29.373982
38, 26, -54.027332
38, 28, -7.087736
38, 29, -8.943146
38, 31, 14.838152
38, 32, -3.143105
38, 33, 6.024423
38, 34, -21.357571
38, 35, 13.824526
38, 36, 23.264221
38, 37, -3.739739
38, 38, 4.891715
38, 39, 9.942918
38, 40, -4.162763
38, 42, 5.546951
38, 43, 62.000000
38, 44, 40.741126
38, 45, 15.446169
38, 46, -9.462903
38, 48, 9.023391
38, 49, 0.007093
39, 1, -6.729502
39, 2, -17.711025
39, 3, 72.154716
39, 4, 22.904038
39, 5, 24.258009
39, 6, 2.473438
39, 7, 2.945570
39, 8, 0.345813
39, 9, 14.608163
39, 10, -20.807001
39, 12, 30.710202
39, 13, 19.955189
39, 14, -22.766950
39, 15, 22.567358
39, 16, 3.364671
39, 17, -18.942329
39, 18, 84.000000
39, 19, -8.050346
39, 20, -28.511217
39, 21, -14.093962
39, 22, -26.729168
39, 23, 10.546993
39, 24, 38.902645
39, 25, -25.491572
39, 26, -54.989297
39, 27, -6.819451
39, 28, -8.714362
39, 29, -10.860643
39, 30, 32.005663
39, 32, -3.553634
39, 34, -21.781963
39, 35, 15.141511
39, 36, 23.805279
39, 37, -2.965187
39, 38, 6.397723
39, 39, -7.574255
39, 41, -43.935545
39, 42, 7.140206
39, 44, 41.430150
39, 45, 18.164593
39, 46, 99999.000000
39, 49, 0.359328
40, 1, -6.813747
40, 2, -16.092305
40, 3, 71.993184
40, 4, 23.459555
40, 5, 24.041653
40, 6, 2.547128
40, 7, -6.591625
40, 8, -2.625027
40, 9, 14.022184
40, 10, -21.729349
40, 11, -87.000000
40, 13, 21.744296
40, 14, -23.842431
40, 15, 5.592516
40, 16, 2.710015
40, 17, -19.619841
40, 19, -8.132831
40, 20, -28.570744
40, 21, -13.455450
40, 22, -25.882475
40, 23, 10.811900
40, 24, 39.014136
40, 25, -29.358263
40, 27, -7.084023
40, 28, -8.236412
40, 29, -10.746395
40, 30, 30.636965
40, 31, -63.902716
40, 32, -2.181900
40, 33, -95.000000
40, 34, -22.008535
40, 35, 13.758813
40, 36, 25.604994
40, 37, -3.105863
40, 38, 6.697795
40, 39, 8.337125
40, 40, -21.947114
40, 41, -43.350049
40, 42, 8.882662
40, 43, -12.487100
40, 45, 17.959787
40, 46, -23.993464
40, 47, -27.085745
40, 48, -1.519040
40, 50, 27.982112
41, 1, -6.234787
41, 2, -15.284490
41, 3, 72.141025
41, 4, 23.934755
41, 5, 24.224227
41, 7, 2.227973
41, 8, -4.388374
41, 9, 14.428445
41, 11, 99999.000000
41, 12, -5.683276
41, 13, 22.729235
41, 14, -21.254728
41, 15, 20.690456
41, 16, 3.358994
41, 17, -19.304903
41, 18, 46.989284
41, 19, -7.798285
41, 20, -28.702948
41, 22, -22.715695
41, 23, 8.345204
41, 25, 99999.000000
41, 26, 85.000000
41, 27, -4.425603
41, 28, -9.916946
41, 29, -12.268025
41, 30, 31.244077
41, 31, -64.112746
41, 32, -2.551739
41, 34, -22.192861
41, 35, 15.565345
41, 36, 25.128429
41, 37, -1.746470
41, 38, 8.651701
41, 39, -7.105803
41, 40, -21.488839
41, 41, -43.897481
41, 42, 11.652021
41, 43, -12.512900
41, 44, 15.517211
41, 45, 20.446141
41, 46, -43.000000
41, 47, -26.679364
41, 48, -1.690565
41, 49, 22.326455
41, 50, 28.017888
42, 2, -14.463556
42, 5, 24.007267
42, 6, -11.623100
42, 7, -6.599678
42, 8, -6.955960
42, 9, 13.695438
42, 11, 20.986928
42, 12, -4.460788
42, 13, 25.020790
42, 14, -23.777736
42, 15, 4.841055
42, 16, 2.724211
42, 17, -20.172920
42, 18, 46.404990
42, 19, -7.989953
42, 21, 99999.000000
42, 22, -21.655280
42, 23, 8.999914
42, 24, 7.000000
42, 25, -26.024627
42, 26, 50.988304
42, 27, -2.498216
42, 28, -9.427216
42, 29, -11.492804
42, 30, 29.336630
42, 31, -63.682940
42, 32, -1.204490
42, 33, -3.053627
42, 35, 14.249309
42, 37, -1.409362
42, 38, 9.393533
42, 39, 7.111124
42, 40, -22.072994
42, 41, -43.319399
42, 42, 14.409532
42, 44, 14.014980
42, 45, 20.160063
42, 47, -27.084731
42, 48, -1.498723
42, 49, 22.032874
43, 1, 4.712930
43, 2, -14.443178
43, 3, 42.497764
43, 4, 12.098387
43, 5, 24.202387
43, 6, -13.365611
43, 7, 0.664282
43, 8, -8.555536
43, 9, 13.938678
43, 10, 14.381706
43, 11, 59.000000
43, 12, -5.554794
43, 13, 26.119850
43, 14, -19.372521
43, 15, 18.826555
43, 16, 3.387433
43, 17, -20.369465
43, 18, 46.951418
43, 20, 85.995528
43, 21, 10.852073
43, 22, -18.584576
43, 23, 7.131331
43, 25, -22.583693
43, 26, 99999.000000
43, 27, 1.959397
43, 28, -11.006037
43, 30, 29.618734
43, 31, -63.738350
43, 32, -1.699573
43, 33, -43.019583
43, 34, -54.013760
43, 35, 16.275985
43, 36, -38.221156
43, 37, 0.323320
43, 38, 11.559612
43, 39, -6.877147
43, 40, -21.796047
43, 42, 18.125844
43, 43, -13.709669
43, 44, 15.445410
43, 45, 21.977106
43, 46, -59.000000
43, 48, -1.664882
43, 49, 22.184401
43, 50, -81.000000
44, 1, 6.059800
44, 2, -14.138835
44, 3, 42.502236
44, 4, 11.890061
44, 6, -12.542706
44, 7, -6.406528
44, 8, -10.521098
44, 9, 13.163748
44, 10, 13.166741
44, 12, -4.296088
44, 13, 28.368101
44, 14, -23.756633
44, 15, 4.406592
44, 17, -21.489142
44, 18, 46.394681
44, 19, -88.000000
44, 20, 86.004472
44, 21, -1.031821
44, 22, -17.658943
44, 23, 8.325437
44, 24, 0.016512
44, 25, -24.964847
44, 26, 57.744248
44, 27, 5.259618
44, 28, -10.372778
44, 29, 3.516340
44, 30, 27.746703
44, 31, -63.224598
44, 32, -0.555219
44, 33, -2.856946
44, 34, -53.986240
44, 35, 14.865468
44, 36, -38.151186
44, 37, 0.878913
44, 38, 12.466568
44, 40, -22.496619
44, 41, 4.007379
44, 42, 21.486061
44, 43, -14.809575
44, 44, 13.892080
44, 45, 21.066416
44, 47, -1.703484
44, 49, 21.865406
44, 50, 99999.000000
45, 1, 3.911381
45, 2, -14.529920
45, 4, 12.934157
45, 5, 30.482628
45, 6, -15.005138
45, 7, -0.849992
45, 8, -11.711527
45, 9, 13.338067
45, 10, 15.049253
45, 11, -9.657594
45, 12, -5.418645
45, 13, 29.155478
45, 14, -17.813291
45, 15, 18.039429
45, 16, -41.006880
45, 17, -22.179422
45, 18, 46.945046
45, 21, 9.957957
45, 22, -15.036934
45, 23, 7.020932
45, 24, -0.016512
45, 25, -21.673636
45, 26, 53.490540
45, 27, 10.408957
45, 28, -11.734101
45, 29, 3.483660
45, 30, 28.315717
45, 31, -63.298563
45, 32, -1.302421
45, 33, -42.984340
45, 35, 16.814305
45, 36, -38.161867
45, 37, 2.688313
45, 38, 14.465782
45, 40, -22.275428
45, 41, 4.775932
45, 42, 25.511544
45, 43, -12.536414
45, 44, 15.268799
45, 46, -29.996020
45, 47, -2.698378
45, 48, 59.008256
45, 49, 22.057372
45, 50, 4.971105
46, 1, 4.667235
46, 2, -14.317200
46, 4, 13.409923
46, 5, 30.517372
46, 6, -14.746658
46, 7, -5.967618
46, 8, -13.008651
46, 9, 12.647638
46, 10, 14.345292
46, 11, -8.632489
46, 13, 30.992502
46, 14, -23.758315
46, 15, 99999.000000
46, 16, -40.993120
46, 17, -23.361339
46, 18, 99999.000000
46, 19, 5.472997
46, 20, 62.796882
46, 21, -1.399810
46, 22, -14.471440
46, 23, 8.474316
46, 25, -22.363668
46, 26, 57.761995
46, 27, 13.827264
46, 28, -10.875805
46, 30, 27.021430
46, 31, -62.881331
46, 32, -0.424820
46, 33, -2.648750
46, 34, -46.397806
46, 35, 15.156057
46, 36, -38.090238
46, 37, 3.173914
46, 38, 15.157057
46, 40, -22.911267
46, 41, 4.242112
46, 42, 28.692971
46, 43, -12.724367
46, 44, 13.721079
46, 45, -73.000000
46, 46, -30.494997
46, 47, -1.562126
46, 48, 58.991744
46, 50, 89.000000
47, 1, 2.186064
47, 2, -14.698328
47, 3, 10.326928
47, 4, 14.842013
47, 6, -17.343256
47, 7, -1.735078
47, 8, -13.675861
47, 9, 12.870934
47, 10, 16.507019
47, 11, -9.527384
47, 12, 52.000000
47, 13, 31.287202
47, 14, -17.192476
47, 15, 24.524595
47, 17, -24.201803
47, 18, -54.000000
47, 19, 5.527003
47, 20, 62.634698
47, 21, 8.240263
47, 22, -12.492426
47, 23, 7.332881
47, 24, -33.000000
47, 25, -19.620253
47, 27, 18.302121
47, 28, -11.975616
47, 29, 99999.000000
47, 31, -63.123782
47, 32, -1.388654
47, 33, 99999.000000
47, 34, -45.693797
47, 37, 4.757961
47, 38, 16.617816
47, 39, -8.735311
47, 40, -22.547621
47, 41, 5.212288
47, 42, 32.088267
47, 43, -9.919661
47, 44, 15.104004
47, 46, -30.004223
47, 47, -2.531628
47, 49, 24.358269
48, 1, 2.963572
48, 3, 10.406284
48, 4, 15.340902
48, 5, -24.271138
48, 6, -16.995885
48, 7, -5.534651
48, 8, -14.366811
48, 9, 12.350434
48, 10, 15.808387
48, 11, -8.477856
48, 12, 75.007912
48, 13, 32.580659
48, 14, 99999.000000
48, 15, -47.000000
48, 16, -49.732608
48, 17, -25.059326
48, 20, 62.813108
48, 21, -1.953127
48, 22, -12.430349
48, 23, 8.672050
48, 25, -19.694240
48, 26, -92.000000
48, 27, 20.488075
48, 30, -59.515878
48, 32, -0.654423
48, 33, 14.385852
48, 34, -46.418044
48, 35, -14.520812
48, 36, -7.357821
48, 37, 4.902452
48, 38, 16.740020
48, 39, -9.275747
48, 41, 4.769785
48, 42, 34.149618
48, 43, -10.107388
48, 44, 13.621971
48, 45, 35.331941
48, 46, -30.505541
48, 47, -1.435414
48, 48, -30.308538
48, 49, 23.973482
48, 50, 33.703706
49, 1, 0.816636
49, 2, 99999.000000
49, 3, 10.281703
49, 4, 16.411513
49, 5, -23.969208
49, 6, -19.051433
49, 7, -1.951023
49, 8, -14.536030
49, 9, 12.711575
49, 10, 17.685843
49, 11, -9.408806
49, 12, 99999.000000
49, 13, 32.361257
49, 14, -49.009976
49, 16, -49.571228
49, 17, -25.555600
49, 18, -36.020296
49, 19, -31.493292
49, 21, 7.339319
49, 22, -11.162549
49, 24, -76.000000
49, 25, -17.929311
49, 27, 23.078091
49, 28, -18.024079
49, 29, 23.988992
49, 30, -59.293373
49, 31, 44.484004
49, 32, -1.645825
49, 33, -1.023391
49, 34, -45.740756
49, 35, -14.479188
49, 36, -7.154445
49, 37, 6.005643
49, 38, 17.429083
49, 39, -8.851657
49, 40, 22.497420
49, 41, 5.700446
49, 42, 36.006815
49, 43, -7.786854
49, 45, 35.120124
49, 48, -30.032678
49, 49, 24.339571
49, 50, 33.571228
50, 1, 2.204004
50, 2, 40.000000
50, 3, 10.359596
50, 4, 16.241384
50, 5, -24.232095
50, 6, -17.986834
50, 8, -14.744885
50, 10, 16.481971
50, 12, 83.000000
50, 13, 33.114708
50, 14, -20.000000
50, 15, 61.000000
50, 16, -49.716383
50, 17, -25.753536
50, 18, -35.979704
50, 19, -31.506708
50, 20, 4.000000
50, 22, -11.716025
50, 23, 75.000000
50, 25, -18.527373
50, 26, 68.000000
50, 27, 23.024465
50, 28, -17.975921
50, 29, 24.011008
50, 30, -59.496610
50, 31, 44.515996
50, 32, -0.844312
50, 33, 14.423882
50, 34, -46.473354
50, 36, -7.436415
50, 37, 5.590634
50, 39, -9.384876
50, 40, 22.502580
50, 41, 5.088561
50, 42, 36.214983
50, 43, -8.895844
50, 44, -53.000000
50, 45, 35.285798
50, 46, -72.000000
50, 47, -8.000000
50, 48, -30.355694
50, 49, 23.953126
50, 50, 33.745285
