1, 1, 33.000000
1, 3, -20.543333
1, 4, 23.445019
1, 6, 18.306751
1, 7, 8.818042
1, 8, 33.975944
1, 9, -29.354416
1, 10, -19.000000
1, 11, 12.068551
1, 12, 99999.000000
1, 13, -86.000000
1, 14, -58.508176
1, 15, -38.000000
1, 16, 25.204995
1, 18, -85.000000
1, 19, -49.078178
1, 20, -31.044015
1, 21, 2.896339
1, 22, -8.238426
1, 23, 27.233672
1, 24, 18.638306
1, 25, -46.306250
1, 26, 99999.000000
1, 27, 62.000000
1, 28, 4.794591
1, 29, -41.000000
1, 30, -38.003560
1, 32, -12.984055
1, 33, -47.166767
1, 34, -16.569249
1, 35, -19.480189
1, 37, -82.000000
1, 38, -87.000000
1, 39, 82.000000
1, 40, 6.238412
1, 41, 17.032479
1, 42, -24.285720
1, 43, -33.874881
1, 45, 2.762975
1, 46, -81.000000
1, 47, -26.150137
1, 49, 45.000000
1, 50, 15.049990
2, 2, 24.300529
2, 3, -20.799312
2, 4, 19.875484
2, 5, -34.932106
2, 6, 13.941798
2, 7, 9.594055
2, 8, 35.024056
2, 9, -19.150453
2, 11, 12.738701
2, 14, -57.491824
2, 16, 0.158805
2, 17, -41.392200
2, 18, -91.190566
2, 19, -46.870524
2, 20, -27.911601
2, 21, -3.992568
2, 22, -8.078170
2, 23, 20.907503
2, 24, 16.757382
2, 25, -40.459121
2, 26, -28.446118
2, 28, 6.555386
2, 30, -31.321753
2, 31, 14.472472
2, 32, -14.354675
2, 33, -48.284855
2, 34, -16.641172
2, 35, -16.385515
2, 36, -70.674685
2, 40, 1.271958
2, 41, 16.831306
2, 42, -22.622089
2, 43, -33.494869
2, 44, 2.574636
2, 45, 6.954660
2, 47, -21.972770
2, 48, -7.674439
2, 50, 16.219218
3, 1, -24.725401
3, 2, 50.306599
3, 3, -22.904979
3, 4, 11.506288
3, 5, -38.888671
3, 6, 7.095604
3, 7, 9.367797
3, 9, -27.687041
3, 11, 11.507732
3, 12, 33.009235
3, 13, 99999.000000
3, 15, -25.396541
3, 16, 30.358956
3, 17, -2.846992
3, 18, 99999.000000
3, 19, -43.292841
3, 20, -23.025149
3, 21, -11.650241
3, 22, -18.546348
3, 23, 13.927184
3, 24, 15.195089
3, 25, -33.920216
3, 26, -11.985803
3, 27, -14.514644
3, 28, 7.474651
3, 29, 54.346423
3, 30, -36.148134
3, 31, 12.591765
3, 32, -13.949154
3, 33, -47.663362
3, 34, -15.713739
3, 35, -9.469142
3, 36, -70.325315
3, 37, -79.000000
3, 38, 43.008647
3, 39, 11.434866
3, 40, -2.815582
3, 41, 15.864248
3, 42, -22.773892
3, 43, -32.803142
3, 44, 1.590321
3, 45, 9.366765
3, 47, -16.113937
3, 48, -9.344478
3, 49, -44.430515
3, 50, 17.479327
4, 1, -22.999121
4, 2, 12.562124
4, 3, -23.922652
4, 4, 3.330166
4, 5, -42.446571
4, 6, -1.393976
4, 8, -48.483585
4, 9, -18.245768
4, 10, -95.000000
4, 11, 8.318756
4, 12, 31.753968
4, 14, 15.141962
4, 15, -26.603459
4, 16, 99999.000000
4, 17, -45.034332
4, 18, 97.000000
4, 19, -40.886206
4, 20, -21.565920
4, 21, -18.809919
4, 22, -16.711814
4, 23, 5.026715
4, 24, 17.783500
4, 25, -24.270853
4, 26, -31.490171
4, 27, -11.842967
4, 29, 55.061467
4, 30, -27.447678
4, 31, 11.493654
4, 32, -11.497811
4, 33, -45.453599
4, 34, -16.223289
4, 35, -4.614985
4, 38, 39.991353
4, 39, 7.193493
4, 40, -8.146963
4, 43, -37.357475
4, 44, -7.265116
4, 45, 13.069347
4, 46, 99999.000000
4, 47, -7.468447
4, 48, -10.560657
4, 49, -44.103620
4, 50, 17.062878
5, 1, -18.290262
5, 2, 51.019478
5, 3, -25.301211
5, 4, -4.263644
5, 5, -47.622100
5, 6, -7.584638
5, 7, 17.078407
5, 8, -43.514229
5, 9, -32.421590
5, 11, 2.303391
5, 12, 30.054297
5, 13, 9.999446
5, 14, 17.666668
5, 16, -43.181946
5, 17, 5.785338
5, 18, 99999.000000
5, 19, -39.497031
5, 21, -24.418780
5, 22, 99999.000000
5, 23, -2.292737
5, 24, 20.745544
5, 25, -17.242594
5, 26, -24.147085
5, 27, -6.369329
5, 28, -64.000000
5, 29, 57.232641
5, 30, 99999.000000
5, 31, 12.394576
5, 32, -7.432295
5, 33, -39.672838
5, 34, -14.052113
5, 35, 0.797350
5, 36, 21.176833
5, 39, -0.184494
5, 40, -10.221813
5, 41, 36.370625
5, 43, -37.090496
5, 44, -12.462669
5, 45, 12.910525
5, 46, -92.000000
5, 47, -1.082093
5, 49, -45.827107
5, 50, 16.924942
6, 1, -11.682922
6, 2, -2.404224
6, 3, -24.469578
6, 5, -49.797253
6, 6, -11.020874
6, 7, 12.158222
6, 8, -41.020165
6, 9, 99999.000000
6, 10, 4.765355
6, 11, -5.912885
6, 13, 8.929322
6, 14, 20.469612
6, 15, 99999.000000
6, 16, -11.129279
6, 17, 99999.000000
6, 18, 28.262735
6, 19, -37.681647
6, 20, -27.198383
6, 21, -28.734655
6, 22, 45.246305
6, 23, -7.960244
6, 24, 25.894352
6, 25, -11.547162
6, 26, -34.404024
6, 27, -2.026913
6, 28, 99999.000000
6, 30, -23.000000
6, 31, 15.118476
6, 32, -3.011091
6, 33, -31.708527
6, 34, -13.464139
6, 35, 1.605343
6, 36, 17.884161
6, 38, -26.255442
6, 39, -5.858301
6, 40, -13.412932
6, 41, 31.110258
6, 42, -56.322429
6, 43, -43.031411
6, 44, -24.495340
6, 47, 5.094406
6, 49, -47.579964
7, 1, -4.131722
7, 2, 99999.000000
7, 3, -24.008364
7, 4, -19.483177
7, 6, -9.450320
7, 7, 5.602255
7, 8, -34.137309
7, 9, 1.765798
7, 10, 2.143665
7, 11, -15.548357
7, 12, 20.559642
7, 13, 6.212582
7, 14, 21.901253
7, 15, 43.000000
7, 16, -33.278581
7, 17, -66.000000
7, 18, -29.000000
7, 19, -38.756962
7, 20, -23.341978
7, 21, -32.440550
7, 22, 15.837015
7, 23, -13.252147
7, 25, -9.153474
7, 26, -31.960107
7, 27, 3.365654
7, 28, -52.000000
7, 29, -22.292918
7, 31, 19.259257
7, 32, 1.714975
7, 33, -20.513273
7, 34, -8.390497
7, 35, 2.276024
7, 36, 12.366553
7, 38, -25.025875
7, 39, -12.041805
7, 40, -12.727503
7, 41, 22.740340
7, 42, -54.428743
7, 43, -39.293084
7, 44, -31.096930
7, 46, -8.915737
7, 47, 8.383366
7, 50, 19.560757
8, 1, 1.369753
8, 4, -23.516823
8, 5, -1.976634
8, 6, -4.015935
8, 8, -29.377925
8, 9, -35.182560
8, 10, -3.489120
8, 11, -24.232864
8, 12, 19.105373
8, 13, 6.631104
8, 14, 22.040672
8, 16, -12.860195
8, 19, -37.687314
8, 20, -16.702654
8, 21, -35.444914
8, 22, 37.065853
8, 23, -15.323997
8, 24, -2.000000
8, 25, -11.468327
8, 26, -32.867269
8, 27, 6.705047
8, 29, -24.154425
8, 30, -26.257827
8, 32, 4.286487
8, 33, -9.010224
8, 34, -5.623920
8, 35, -0.941862
8, 36, 2.154258
8, 37, -42.637193
8, 38, -24.931215
8, 39, -14.966107
8, 41, 10.346584
8, 42, -55.154198
8, 43, 99999.000000
8, 44, -41.469646
8, 45, -11.548614
8, 46, -5.435232
8, 47, 11.417449
8, 48, 2.365579
8, 49, 14.000000
8, 50, 18.055454
9, 3, -19.020109
9, 5, 1.768317
9, 6, 4.735406
9, 8, -20.018581
9, 9, -2.302156
9, 10, -6.791135
9, 11, -30.530118
9, 12, 20.147325
9, 13, 7.160906
9, 14, 19.128959
9, 15, 23.000000
9, 16, -21.041467
9, 17, 60.000000
9, 18, -12.000000
9, 19, -40.072653
9, 20, -13.656944
9, 21, -38.384842
9, 22, 17.029569
9, 23, -18.723756
9, 25, -15.828857
9, 26, -31.326390
9, 27, 10.017055
9, 29, -26.508230
9, 30, -22.073519
9, 31, -68.000000
9, 32, 6.594129
9, 33, 4.362477
9, 34, 1.895662
9, 35, -1.874601
9, 36, -7.043595
9, 37, -38.062335
9, 38, -23.499051
9, 39, -17.922306
9, 40, -16.334458
9, 41, 0.645057
9, 43, -3.040408
9, 44, -44.122317
9, 45, -4.839146
9, 46, -4.083576
9, 47, 13.240132
9, 48, -1.236548
9, 50, 14.810170
10, 1, 6.460318
10, 2, -38.753594
10, 3, -19.803232
10, 4, -18.578344
10, 5, 6.041923
10, 6, 14.082918
10, 7, -10.034951
10, 8, -12.535305
10, 9, -21.124741
10, 10, -11.461101
10, 13, 10.284320
10, 14, 15.272271
10, 16, -9.795093
10, 18, 99999.000000
10, 19, -38.907187
10, 20, -10.402626
10, 21, -41.896836
10, 22, 27.676268
10, 23, -18.649418
10, 24, -22.018106
10, 25, -23.875025
10, 26, -26.569997
10, 27, 13.809277
10, 29, -30.371303
10, 30, -19.393353
10, 32, 6.213156
10, 33, 15.175640
10, 34, 5.086234
10, 35, -3.238570
10, 36, -16.807058
10, 37, -38.733965
10, 38, -21.514592
10, 40, -7.883828
10, 41, -9.506879
10, 42, -52.225842
10, 43, 47.000000
10, 45, 3.668613
10, 46, -5.700229
10, 47, 16.934839
10, 48, -6.622820
10, 49, -4.033137
10, 50, 14.535464
11, 1, 10.919775
11, 2, -40.351080
11, 3, -21.229621
11, 4, -12.288761
11, 5, 9.614865
11, 6, 21.121023
11, 7, -10.445825
11, 8, -1.290366
11, 9, 4.786037
11, 10, -12.760079
11, 11, -31.586943
11, 12, -16.000000
11, 13, 12.383990
11, 14, 7.803169
11, 15, 0.000000
11, 16, -7.450209
11, 17, -10.504403
11, 20, -10.735612
11, 21, -42.996141
11, 22, 18.031546
11, 23, -20.118547
11, 24, -18.887766
11, 25, -30.339929
11, 26, -22.700522
11, 27, 18.419503
11, 28, 9.579402
11, 30, -17.445170
11, 32, 5.653848
11, 33, 26.029522
11, 34, 11.204178
11, 35, -0.945578
11, 36, -21.314797
11, 37, -36.616175
11, 38, -17.704436
11, 39, 4.733724
11, 40, 3.414201
11, 41, -12.693283
11, 42, -53.694191
11, 44, 13.541647
11, 45, 9.911561
11, 46, -9.699757
11, 47, 20.659964
11, 48, -15.453895
11, 49, 2.308568
11, 50, 13.636069
12, 1, 10.622975
12, 2, -42.489791
12, 3, -23.839187
12, 4, -7.572411
12, 6, 24.166203
12, 7, -10.570887
12, 8, 8.434512
12, 9, 1.322551
12, 10, -13.989076
12, 11, -29.359539
12, 13, 14.617928
12, 14, 0.160423
12, 15, 11.349371
12, 16, -2.902189
12, 17, -8.048133
12, 18, 2.643473
12, 19, -9.803479
12, 20, -10.067277
12, 21, -47.766790
12, 22, 22.678586
12, 23, -17.005884
12, 24, -15.262129
12, 25, -37.187837
12, 26, -14.764289
12, 27, 24.146645
12, 28, 9.420598
12, 29, 80.000000
12, 31, 19.754559
12, 32, 2.837888
12, 33, 31.781840
12, 37, -39.610472
12, 38, -12.202921
12, 39, 1.248340
12, 40, 18.590653
12, 41, -17.340201
12, 42, -55.455658
12, 43, 1.721363
12, 44, 8.876399
12, 45, 13.709645
12, 46, -15.260680
12, 47, 24.934411
12, 48, -22.824991
12, 49, 7.676369
13, 1, 12.524061
13, 2, -46.563533
13, 3, -26.553108
13, 4, 0.965828
13, 5, 47.647983
13, 6, 21.881273
13, 7, -14.592236
13, 8, 18.410704
13, 9, 16.311055
13, 11, -27.054354
13, 12, 99999.000000
13, 14, -10.472933
13, 15, 99999.000000
13, 16, 1.439191
13, 17, -3.891624
13, 18, 1.410488
13, 19, -5.936990
13, 20, -10.535301
13, 21, -45.314066
13, 22, 18.649505
13, 23, -13.934356
13, 24, -13.815362
13, 25, -40.720011
13, 26, -8.856529
13, 27, 28.555338
13, 30, -42.830768
13, 31, 17.245441
13, 32, -0.679900
13, 34, -5.604402
13, 35, -24.446466
13, 36, -44.190566
13, 37, -38.994541
13, 38, -6.137461
13, 39, -1.771238
13, 40, 31.500885
13, 41, -15.541786
13, 43, -3.563498
13, 44, 3.036248
13, 46, -21.228115
13, 48, -31.304238
13, 49, 12.438712
13, 50, 27.454640
14, 1, 10.596639
14, 2, -49.566198
14, 3, -30.108246
14, 4, 6.228702
14, 5, 44.713649
14, 6, 15.982098
14, 7, -17.760732
14, 8, 23.703786
14, 9, 16.717535
14, 10, 23.956401
14, 11, -25.158548
14, 12, 12.718119
14, 13, -14.536874
14, 14, -19.128431
14, 16, 99999.000000
14, 17, -0.309473
14, 18, 1.101564
14, 19, -0.325059
14, 20, -9.469710
14, 21, -52.120975
14, 22, 18.522324
14, 23, -7.468537
14, 24, -13.702961
14, 25, -41.396887
14, 26, -1.227235
14, 27, 33.577480
14, 28, -36.504760
14, 30, -50.330511
14, 32, -4.953792
14, 33, -40.898631
14, 34, -0.395598
14, 35, -18.976099
14, 36, -43.809434
14, 37, -42.615407
14, 38, 2.137196
14, 39, -3.926041
14, 40, 44.030098
14, 41, -17.913747
14, 42, 99999.000000
14, 43, -11.602952
14, 44, -3.521106
14, 46, -26.281446
14, 47, -11.971918
14, 48, -35.543639
14, 50, 22.900429
15, 1, 13.212111
15, 2, -52.941979
15, 3, -31.820785
15, 4, 13.261257
15, 5, 45.099107
15, 6, 7.712864
15, 7, -21.835333
15, 9, 22.077466
15, 10, 21.058207
15, 11, -24.174117
15, 12, -11.528510
15, 13, -10.213087
15, 14, -30.669916
15, 15, 99999.000000
15, 16, 0.564539
15, 18, 1.651224
15, 19, 3.056675
15, 20, -8.422074
15, 21, 99999.000000
15, 22, 12.686479
15, 23, -1.979176
15, 24, -15.403073
15, 25, -39.616108
15, 26, 3.625344
15, 27, 35.664886
15, 28, -34.537663
15, 29, 40.861376
15, 30, -40.164726
15, 31, -84.000000
15, 32, -9.721097
15, 33, -43.344894
15, 35, -7.280355
15, 37, -42.212823
15, 38, 7.831885
15, 39, -4.991213
15, 40, 51.311946
15, 41, -15.665423
15, 42, 40.000000
15, 43, -21.362055
15, 45, -11.003989
15, 46, -28.576729
15, 47, -12.429391
15, 49, 12.112543
15, 50, 16.761824
16, 1, 15.023290
16, 2, -53.887007
16, 3, -32.916597
16, 4, 17.474560
16, 5, 43.066206
16, 6, 0.222914
16, 7, -23.516812
16, 8, -16.135048
16, 10, 21.577240
16, 11, -23.665204
16, 12, 9.805258
16, 13, -9.004971
16, 14, -38.750410
16, 15, -41.979839
16, 16, -4.978572
16, 17, 54.849842
16, 20, -5.711127
16, 21, 22.838764
16, 22, 6.186262
16, 23, 3.399042
16, 24, -16.664907
16, 25, -34.763082
16, 26, 7.868800
16, 27, 37.199538
16, 28, -34.206322
16, 29, 36.288285
16, 30, -51.790438
16, 32, -14.282454
16, 33, -45.019561
16, 34, 2.000000
16, 35, 7.344419
16, 36, 66.000000
16, 38, 15.335866
16, 40, 56.539688
16, 41, -18.184769
16, 43, -29.081326
16, 44, 28.717090
16, 45, -13.228111
16, 46, -29.126681
16, 47, -12.853451
16, 48, -11.520403
16, 49, 8.175247
16, 50, 9.730433
17, 1, 21.517366
17, 2, -53.794327
17, 4, 21.571523
17, 5, 42.780159
17, 6, -5.594734
17, 7, -23.288985
17, 8, -17.868691
17, 9, -30.442117
17, 10, 17.413795
17, 11, -22.956428
17, 12, -7.115130
17, 13, -7.209041
17, 14, -47.519051
17, 15, -5.841895
17, 16, 0.085951
17, 17, 52.150158
17, 18, 22.342910
17, 19, 86.000000
17, 20, -1.879967
17, 21, 6.710168
17, 22, -3.449911
17, 23, 5.452575
17, 25, -30.358793
17, 26, 11.101045
17, 27, 35.555512
17, 28, -36.539465
17, 29, 33.111180
17, 30, -37.926665
17, 31, 99999.000000
17, 32, -19.749690
17, 33, -46.230483
17, 35, 22.368509
17, 38, 17.404239
17, 39, 27.329547
17, 42, -8.282813
17, 43, -33.529708
17, 44, 28.205672
17, 45, -12.462495
17, 46, -27.261715
17, 47, -16.129801
17, 48, -6.940590
17, 49, 6.396316
17, 50, 2.560133
18, 1, 28.088079
18, 2, -51.753660
18, 3, -73.000000
18, 4, 23.137182
18, 5, 37.358719
18, 6, -9.824554
18, 7, -21.735712
18, 8, -20.811034
18, 9, -26.008781
18, 10, 16.698030
18, 12, 6.622111
18, 13, -9.383009
18, 14, -51.327524
18, 15, -38.601846
18, 16, -3.449681
18, 18, 15.921258
18, 20, 3.843165
18, 21, 12.165018
18, 22, -11.887612
18, 24, -32.094340
18, 25, -24.157231
18, 26, 14.169462
18, 27, 33.824122
18, 29, 29.809301
18, 30, 99999.000000
18, 32, -22.786063
18, 34, 23.000000
18, 35, 33.863595
18, 36, 21.738207
18, 37, 73.000000
18, 38, 19.855746
18, 39, 25.085122
18, 40, -0.936216
18, 41, 39.738666
18, 42, -4.677009
18, 44, 26.105750
18, 45, -11.704820
18, 46, -25.297996
18, 47, -17.572448
18, 48, -2.417842
18, 49, 1.625338
18, 50, -4.279920
19, 1, 35.140665
19, 2, -49.555869
19, 4, 24.551833
19, 5, 31.722150
19, 6, -13.713228
19, 7, -19.184250
19, 8, -25.809245
19, 9, -21.783463
19, 10, 12.052549
19, 11, -8.958573
19, 13, -10.997353
19, 14, -54.221834
19, 15, -18.017975
19, 16, -3.868814
19, 17, -59.389111
19, 18, 11.927103
19, 19, -13.410863
19, 20, 9.078603
19, 21, 0.074339
19, 22, -18.383822
19, 23, -5.612924
19, 24, -35.905660
19, 25, -18.442173
19, 26, 17.640924
19, 27, 31.050400
19, 28, 3.699351
19, 29, 29.070840
19, 30, -56.848900
19, 31, -90.000000
19, 33, 16.305340
19, 35, 40.223930
19, 36, 21.261793
19, 38, 16.844895
19, 39, 18.303769
19, 40, -0.411792
19, 41, 36.894751
19, 42, -4.089005
19, 45, -8.114611
19, 46, -21.615887
19, 48, 2.990745
19, 49, 0.306188
19, 50, -11.422495
20, 1, 39.194177
20, 3, 62.000000
20, 4, 25.764694
20, 5, 20.145757
20, 6, -18.220736
20, 8, -30.755487
20, 10, 12.298001
20, 11, -10.650362
20, 15, -35.427875
20, 16, -7.120368
20, 17, -56.134357
20, 18, 6.409071
20, 19, -7.933308
20, 20, 14.395092
20, 21, 2.574716
20, 23, -6.099135
20, 25, -12.149698
20, 27, 29.899183
20, 28, 0.275915
20, 29, 29.211813
20, 30, -78.000000
20, 33, 13.948508
20, 34, 17.814333
20, 37, -36.277202
20, 39, 14.070396
20, 40, 2.397830
20, 41, 35.403449
20, 42, -4.243779
20, 43, 63.000000
20, 44, 6.920853
20, 46, -17.240616
20, 47, 37.052455
20, 49, -3.884067
20, 50, -17.456925
21, 2, 66.000000
21, 4, 28.076081
21, 5, 8.448661
21, 6, -23.919456
21, 7, -23.600383
21, 8, -35.769273
21, 11, -13.404272
21, 12, -41.756906
21, 13, -59.302201
21, 14, 9.223083
21, 15, -26.324922
21, 16, -12.709410
21, 17, -49.574139
21, 18, 4.603850
21, 19, 3.479122
21, 20, 17.779992
21, 21, -0.453660
21, 23, -4.794394
21, 25, -6.507287
21, 28, -8.419330
21, 31, 3.116706
21, 32, -13.000000
21, 33, 15.368035
21, 34, 22.416313
21, 35, -1.663589
21, 36, -38.530728
21, 37, -38.722798
21, 38, 8.315026
21, 39, 8.142724
21, 40, 2.145934
21, 41, 35.796442
21, 42, -7.923858
21, 43, 75.381132
21, 44, 1.308707
21, 45, 11.010455
21, 46, -10.942319
21, 47, 32.542264
21, 48, -35.718864
21, 49, -4.717073
21, 50, -22.758994
22, 1, -96.000000
22, 2, 99999.000000
22, 3, 27.125705
22, 4, 31.652424
22, 5, -7.084958
22, 6, -29.511730
22, 7, -19.778092
22, 10, -16.419501
22, 11, -13.277932
22, 12, -38.192674
22, 13, -56.697799
22, 14, 11.232320
22, 15, -33.503260
22, 16, -17.225095
22, 17, -41.225202
22, 18, 1.342083
22, 19, 14.352468
22, 20, 21.468677
22, 21, 4.678402
22, 22, 80.579402
22, 23, -6.065825
22, 24, -56.353144
22, 25, -2.195959
22, 26, 47.482461
22, 28, -14.579849
22, 31, 0.569197
22, 33, 15.523567
22, 34, 5.073712
22, 35, 0.463791
22, 36, -35.709453
22, 38, 7.225452
22, 39, 7.295301
22, 40, 3.235704
22, 42, -11.795963
22, 43, 99999.000000
22, 44, -5.591019
22, 45, 7.533408
22, 46, -3.261010
22, 47, 28.399741
22, 48, -32.553532
22, 49, -8.064915
22, 50, -24.999323
23, 3, 24.576807
23, 4, 35.379680
23, 5, -20.392693
23, 6, -35.569312
23, 7, -14.713202
23, 8, 2.910300
23, 9, 5.465914
23, 10, -11.723984
23, 11, -14.253211
23, 12, -33.569100
23, 14, 13.541781
23, 16, -25.770089
23, 17, -31.114202
23, 18, 1.928380
23, 19, 25.159493
23, 20, 23.342227
23, 21, 7.092827
23, 22, 80.420598
23, 23, -5.059880
23, 24, -53.063213
23, 25, 0.596058
23, 26, 46.154677
23, 28, -23.432079
23, 30, 22.704708
23, 31, -4.420726
23, 32, 91.000000
23, 33, 19.248617
23, 34, 13.110149
23, 35, 7.447381
23, 36, -32.569367
23, 37, 76.000000
23, 38, 7.441091
23, 39, 5.016389
23, 40, 2.143130
23, 41, 20.076385
23, 42, -16.429376
23, 43, -8.962336
23, 44, -10.920480
23, 45, 3.599125
23, 46, 5.445876
23, 47, 24.275036
23, 48, -31.733135
23, 49, -7.903162
24, 1, 15.135675
24, 2, -73.000000
24, 3, 22.611714
24, 4, 40.496443
24, 5, -31.996008
24, 6, -39.327013
24, 7, -11.739454
24, 8, 5.553473
24, 9, 1.518244
24, 10, -6.974430
24, 11, -12.657275
24, 12, -28.535928
24, 13, 33.000000
24, 14, 17.818417
24, 15, 0.919196
24, 16, -30.736600
24, 17, -20.213488
24, 19, 29.690720
24, 20, 26.010727
24, 21, 11.264751
24, 24, -54.472299
24, 26, 44.183926
24, 27, -29.273116
24, 28, -27.613089
24, 29, -48.120903
24, 30, 18.999093
24, 31, -10.928512
24, 33, 20.042498
24, 34, -8.817239
24, 35, 11.500984
24, 36, -28.148681
24, 37, 99999.000000
24, 38, 8.067353
24, 39, 5.485101
24, 40, 3.505914
24, 41, 25.770854
24, 42, -19.836973
24, 43, 19.023116
24, 44, -14.470672
24, 45, 1.560704
24, 46, 12.769079
24, 47, 20.571569
24, 49, -9.868481
24, 50, -62.000000
25, 1, 14.341906
25, 3, 22.561203
25, 4, 43.674112
25, 5, -37.073548
25, 7, -10.789474
25, 8, 7.627246
25, 9, -2.874057
25, 10, -1.108794
25, 11, -12.492062
25, 12, -24.373252
25, 15, -1.386553
25, 16, -37.659887
25, 17, -8.372783
25, 18, 14.000000
25, 20, 25.803032
25, 21, 12.070208
25, 22, -0.024812
25, 24, -53.007208
25, 25, 25.000000
25, 27, -24.160898
25, 28, -32.450681
25, 29, -47.585617
25, 30, 16.454632
25, 31, -18.520717
25, 33, 23.488145
25, 34, 99999.000000
25, 35, 18.131285
25, 36, -23.184067
25, 38, 9.492061
25, 39, 0.584211
25, 40, 4.056156
25, 41, 30.587578
25, 42, -21.505875
25, 43, -2.807286
25, 44, -14.885524
25, 46, 17.325227
25, 47, 17.008172
25, 48, -9.807991
26, 1, 13.417132
26, 2, -51.666981
26, 3, 25.280566
26, 4, 47.044461
26, 6, 17.199733
26, 8, 8.456500
26, 9, -9.285072
26, 10, 1.952246
26, 11, -9.912862
26, 12, -21.303528
26, 13, 53.920126
26, 14, -46.468670
26, 15, -1.724893
26, 17, 3.576811
26, 19, -39.047316
26, 20, 25.232965
26, 21, 12.089000
26, 22, 2.928201
26, 23, -18.519990
26, 24, -56.990900
26, 26, -21.958978
26, 27, -17.003527
26, 28, -32.535783
26, 29, -50.431515
26, 30, 12.317534
26, 31, -26.200689
26, 32, -44.000000
26, 33, 24.579196
26, 34, 30.626457
26, 35, 20.854290
26, 36, -17.768061
26, 39, -2.646543
26, 41, 35.453273
26, 42, -22.713460
26, 43, 17.623458
26, 44, -13.793460
26, 47, 12.831751
26, 48, -8.463156
26, 49, 38.000000
26, 50, -40.538743
27, 1, 13.311401
27, 2, -50.333019
27, 3, 29.420524
27, 4, 47.126293
27, 5, -15.094332
27, 6, 17.217261
27, 7, 14.943864
27, 9, -15.113710
27, 10, 5.173635
27, 12, -18.582450
27, 13, 56.079874
27, 14, -47.019253
27, 15, -4.296475
27, 16, -22.900414
27, 17, 13.717122
27, 18, 1.534120
27, 19, -34.490061
27, 20, 22.229296
27, 21, 11.032429
27, 22, 2.949852
27, 23, -15.523420
27, 24, -57.792457
27, 25, -56.000000
27, 26, -23.111182
27, 27, -12.617332
27, 28, -33.762281
27, 29, -51.431906
27, 30, 10.744095
27, 31, -32.473387
27, 32, -50.190566
27, 33, 29.270214
27, 34, 5.564278
27, 35, 24.050078
27, 36, -12.086490
27, 37, 7.522642
27, 38, -5.899166
27, 39, -12.739642
27, 40, -19.594907
27, 42, -22.037004
27, 43, 8.489221
27, 44, -10.470440
27, 45, -19.472315
27, 46, 4.518869
27, 47, 8.311049
27, 48, -4.929187
27, 50, -37.414724
28, 3, 33.602669
28, 5, -12.453964
28, 6, 12.159414
28, 7, 18.168694
28, 8, -20.483177
28, 9, -21.929683
28, 12, -17.073140
28, 14, -50.179522
28, 16, -18.209033
28, 17, 21.106965
28, 18, -1.432288
28, 19, -28.549551
28, 20, 19.826632
28, 21, 10.951400
28, 22, 1.016962
28, 23, -9.985260
28, 24, -62.223353
28, 26, -22.344776
28, 27, -10.378934
28, 28, -31.943723
28, 29, -55.068728
28, 30, 8.653323
28, 31, -38.381806
28, 32, 99999.000000
28, 33, 32.249488
28, 34, 26.217469
28, 35, 25.028506
28, 36, -6.584917
28, 37, 12.477358
28, 38, -6.868466
28, 39, -18.670647
28, 40, -15.658976
28, 41, -27.091622
28, 42, -22.383923
28, 43, 23.003553
28, 44, -8.510696
28, 45, -19.583220
28, 46, 0.803109
28, 47, 4.022835
28, 48, -5.854414
28, 49, -81.190566
28, 50, -31.899043
29, 1, 19.479680
29, 5, -3.758635
29, 6, 8.788746
29, 7, 22.159409
29, 8, -24.516823
29, 9, -27.863647
29, 10, 20.054605
29, 11, 72.868302
29, 13, 99999.000000
29, 15, 99999.000000
29, 16, -10.954988
29, 18, -6.025022
29, 19, -21.954807
29, 20, 18.400085
29, 21, 12.543311
29, 22, -4.779849
29, 23, -3.442976
29, 24, -62.441796
29, 25, 6.385854
29, 26, -23.518307
29, 27, -12.546803
29, 30, 8.957833
29, 31, -40.985837
29, 32, -4.282708
29, 34, 11.055565
29, 35, 26.024632
29, 36, -1.439336
29, 38, -11.038320
29, 39, -32.314051
29, 40, -12.476574
29, 41, -25.437524
29, 42, -19.636064
29, 43, 23.368034
29, 44, -7.105063
29, 45, -23.357781
29, 46, -1.116128
29, 48, -4.723617
29, 49, -80.809434
29, 50, -28.968081
30, 1, 13.534547
30, 2, -40.399978
30, 3, 21.204383
30, 4, 8.830229
30, 5, -3.677396
30, 6, 2.028235
30, 9, -34.632144
30, 10, 24.299801
30, 11, 70.462772
30, 12, 51.757016
30, 13, -28.890942
30, 14, 22.540837
30, 15, 12.833490
30, 16, -4.105266
30, 17, -10.050381
30, 19, -16.087743
30, 20, 19.358645
30, 22, -12.501165
30, 23, 4.514232
30, 25, 7.501699
30, 26, -21.929748
30, 28, -9.618541
30, 29, -6.976479
30, 30, 8.922869
30, 32, -8.635220
30, 33, -62.000000
30, 34, 25.369263
30, 35, 25.483305
30, 36, 4.042882
30, 37, 16.118305
30, 38, -15.732004
30, 39, -35.147459
30, 40, -12.371766
30, 41, -26.610586
30, 42, -18.722121
30, 43, 34.425824
30, 45, -24.910224
30, 47, 24.381132
30, 48, -8.319733
30, 50, -24.500291
31, 1, 2.533078
31, 2, -40.999155
31, 3, 16.701964
31, 4, 4.765911
31, 5, 4.126900
31, 6, 0.482098
31, 7, -48.413480
31, 8, 19.557531
31, 9, -39.616785
31, 10, 29.203211
31, 11, 66.852835
31, 12, 50.984997
31, 13, 3.812540
31, 14, 21.498210
31, 15, 2.000000
31, 16, 0.085760
31, 17, -5.294539
31, 18, 63.000000
31, 19, -10.558943
31, 20, 22.376001
31, 21, 4.728724
31, 22, -20.397493
31, 23, 11.708201
31, 24, -53.233121
31, 25, 10.504925
31, 26, -23.642658
31, 28, -10.513898
31, 29, -3.531099
31, 30, 8.957111
31, 31, -69.000000
31, 32, -2.839599
31, 34, 17.842114
31, 35, 23.544036
31, 36, 8.710110
31, 37, 9.092303
31, 38, -22.003017
31, 39, -48.778075
31, 42, -13.566214
31, 43, 36.202906
31, 44, -85.000000
31, 45, -28.698164
31, 46, -33.594812
31, 47, 23.618868
31, 48, -9.854507
31, 50, -22.837777
32, 1, -8.339515
32, 2, -39.943004
32, 3, 14.177701
32, 4, 1.926077
32, 5, -2.584943
32, 6, -1.992674
32, 7, -45.478047
32, 8, 17.725711
32, 9, -44.677867
32, 10, 33.245123
32, 11, 59.482088
32, 12, 48.592004
32, 13, -13.030959
32, 14, 17.782249
32, 16, 0.372884
32, 17, 1.768817
32, 19, -7.084051
32, 20, 26.213209
32, 21, -1.627550
32, 22, -26.819314
32, 23, 20.322264
32, 24, -54.453735
32, 25, 14.729753
32, 26, -23.315345
32, 28, -7.544527
32, 29, -0.396766
32, 30, 8.200631
32, 31, 99999.000000
32, 33, -49.000000
32, 35, 20.185712
32, 36, 13.508812
32, 37, 2.241226
32, 38, -26.930591
32, 39, -41.189699
32, 40, -3.448871
32, 42, -10.281653
32, 46, -35.405188
32, 48, -14.914871
32, 49, 20.523696
32, 50, -19.021913
33, 1, -18.947111
33, 2, -39.478549
33, 3, 9.511257
33, 4, 2.246473
33, 5, 5.199404
33, 6, 0.985776
33, 7, -42.022569
33, 8, 17.469465
33, 11, 50.894026
33, 12, 46.400814
33, 13, 10.849015
33, 14, 18.530496
33, 15, 55.000000
33, 16, -2.574070
33, 17, 9.937383
33, 18, -22.048113
33, 19, -3.833245
33, 20, 31.502345
33, 21, -9.578463
33, 22, -29.307239
33, 23, 25.481943
33, 24, -56.319347
33, 25, 19.590492
33, 26, -26.739208
33, 27, -27.396769
33, 28, -5.867408
33, 29, 0.654333
33, 31, -13.213680
33, 32, -4.079598
33, 34, 11.000000
33, 35, 16.446865
33, 37, -5.287537
33, 38, -31.200877
33, 39, -55.400789
33, 40, -0.020291
33, 42, -4.146482
33, 45, 17.889295
33, 47, -66.822257
33, 48, -18.360006
33, 49, 18.312530
33, 50, -18.789490
34, 1, -26.221070
34, 2, -36.286155
34, 3, 8.008614
34, 4, 5.630347
34, 5, 99999.000000
34, 6, 2.052951
34, 8, 14.248634
34, 9, -53.993555
34, 10, -3.238652
34, 11, 39.068584
34, 12, 41.832995
34, 13, 6.182270
34, 14, 18.860108
34, 16, -7.889865
34, 17, 17.814222
34, 18, -19.951887
34, 19, -3.398169
34, 20, 35.613061
34, 21, -14.524772
34, 23, 30.821892
34, 24, -57.550019
34, 26, -28.604305
34, 27, -23.664717
34, 28, -2.166405
34, 29, 0.975544
34, 30, 4.000000
34, 31, -55.000000
34, 32, -2.561380
34, 33, 22.532232
34, 35, 13.017969
34, 36, -5.665738
34, 37, -8.523184
34, 39, 99999.000000
34, 40, 0.325653
34, 41, 16.000000
34, 42, -1.958208
34, 43, -19.724146
34, 44, 38.959892
34, 45, 12.494538
34, 46, 85.000000
34, 47, -95.904717
34, 48, -23.120892
34, 49, 12.094666
34, 50, -16.339396
35, 1, -28.915261
35, 2, -31.972761
35, 3, 5.334063
35, 4, 11.818540
35, 5, 36.000000
35, 7, -26.976233
35, 8, 13.559626
35, 9, -52.832997
35, 10, -3.915295
35, 11, 27.744014
35, 12, 35.744347
35, 13, 20.235385
35, 14, 23.875883
35, 15, -90.000000
35, 17, 23.990000
35, 19, -3.480183
35, 21, -18.209571
35, 22, -43.013096
35, 23, 30.648402
35, 24, -58.380235
35, 25, -15.007705
35, 27, -19.219014
35, 28, -2.387822
35, 29, -0.728216
35, 32, -3.503696
35, 33, 20.467768
35, 34, -11.245213
35, 35, 11.756356
35, 36, -0.490013
35, 38, 8.934498
35, 39, -7.822836
35, 40, -0.692891
35, 41, 25.285849
35, 43, -20.242487
35, 44, 39.990487
35, 45, 11.502509
35, 47, -61.187260
35, 48, -24.581495
35, 49, 6.015159
35, 50, -17.676455
36, 1, -26.848005
36, 2, -25.415359
36, 3, 4.831671
36, 4, 18.872973
36, 6, -93.000000
36, 7, -41.570755
36, 8, 9.256600
36, 9, -53.100202
36, 10, -9.961290
36, 11, 15.789891
36, 12, 28.272712
36, 15, 99999.000000
36, 18, -10.929716
36, 19, -6.148903
36, 20, -15.392154
36, 21, -17.499354
36, 22, -41.374243
36, 23, 30.202192
36, 25, -15.992295
36, 26, -51.662203
36, 27, -12.821405
36, 28, -2.263370
36, 29, -1.614317
36, 30, -10.476415
36, 31, 11.783202
36, 32, -3.649063
36, 34, -11.063853
36, 35, 10.095732
36, 36, 8.766136
36, 37, 0.000000
36, 38, 2.891365
36, 39, 30.799394
36, 40, -4.199312
36, 41, 99999.000000
36, 42, 7.568206
36, 43, -22.198047
36, 44, 39.961944
36, 45, 6.091840
36, 46, -3.945980
36, 47, 99999.000000
36, 49, -2.167218
36, 50, -15.837739
37, 1, -19.135631
37, 2, -18.154468
37, 4, 25.382283
37, 5, -13.000000
37, 7, -18.729896
37, 8, 7.330245
37, 10, -16.690757
37, 11, 7.517769
37, 12, 20.698483
37, 13, 1.947269
37, 14, -26.258569
37, 15, 34.460690
37, 16, -43.000000
37, 17, -25.706684
37, 18, -6.070284
37, 19, -8.857696
37, 20, -18.928646
37, 21, -17.322682
37, 22, -36.720638
37, 23, 23.892356
37, 24, 33.578129
37, 26, -52.105546
37, 27, -9.814309
37, 28, -5.182551
37, 29, -5.245570
37, 30, -9.523585
37, 31, 14.332152
37, 32, -5.982655
37, 33, 3.744969
37, 34, -13.207349
37, 35, 11.737008
37, 36, 17.534437
37, 38, -1.608873
37, 39, -4.478570
37, 40, -6.467978
37, 41, 99999.000000
37, 42, 5.718945
37, 44, 41.615663
37, 45, 6.944678
37, 46, 48.381132
37, 47, -80.000000
37, 48, 6.840252
37, 49, -8.508038
37, 50, -16.301930
38, 1, -9.442896
38, 2, -11.074845
38, 4, 29.672418
38, 6, 3.192860
38, 7, 99999.000000
38, 8, 2.169124
38, 10, -26.324159
38, 12, 15.570706
38, 13, 6.647005
38, 14, -21.717264
38, 15, 13.632913
38, 17, -24.738497
38, 19, -11.311777
38, 20, -25.276838
38, 21, -14.662950
38, 22, -33.591691
38, 23, 18.128577
38, 24, 34.237017
38, 25, -29.817740
38, 26, -51.472772
38, 28, -5.873927
38, 29, -7.110751
38, 31, 17.212040
38, 32, -6.295032
38, 33, 8.255031
38, 34, -17.509947
38, 35, 10.748026
38, 36, 28.495705
38, 37, -11.673008
38, 38, -5.427901
38, 39, 15.118052
38, 40, -7.753371
38, 42, 1.607350
38, 43, 62.000000
38, 44, 41.670214
38, 45, 5.427292
38, 46, -11.917439
38, 48, 11.159748
38, 49, -13.914502
39, 1, 2.159066
39, 2, -5.402423
39, 3, 72.077447
39, 4, 32.460530
39, 5, 24.508622
39, 6, 1.750423
39, 7, 23.580196
39, 8, -0.803134
39, 9, 15.473477
39, 10, -34.011066
39, 12, 13.383719
39, 13, 13.592331
39, 14, -23.946767
39, 15, 28.148107
39, 16, 1.358426
39, 17, -20.514990
39, 18, 84.000000
39, 19, -11.712416
39, 20, -32.630796
39, 21, -14.382366
39, 22, -27.823574
39, 23, 7.574537
39, 24, 36.793110
39, 25, -24.721856
39, 26, -54.418074
39, 27, -24.331798
39, 28, -8.151570
39, 29, -12.395956
39, 30, 45.205270
39, 32, -7.922701
39, 34, -23.425215
39, 35, 12.984405
39, 36, 36.827379
39, 37, -10.279228
39, 38, -4.217396
39, 39, -8.972712
39, 41, -46.121877
39, 42, -2.872717
39, 44, 43.113987
39, 45, 10.464193
39, 46, 99999.000000
39, 49, -15.804409
40, 1, 9.821753
40, 2, -2.867553
40, 3, 70.634415
40, 4, 32.961585
40, 5, 23.045994
40, 6, 0.856398
40, 7, 3.832288
40, 8, -4.436676
40, 9, 15.772640
40, 10, -40.328007
40, 11, -87.000000
40, 13, 21.011381
40, 14, -22.009389
40, 15, 12.035255
40, 16, -0.750482
40, 17, -17.836819
40, 19, -10.690559
40, 20, -38.312245
40, 21, -13.892966
40, 22, -25.185496
40, 23, 1.105204
40, 24, 40.610720
40, 25, -27.687437
40, 27, -23.132713
40, 28, -8.156194
40, 29, -15.673240
40, 30, 39.978922
40, 31, -70.343694
40, 32, -6.414269
40, 33, -95.000000
40, 34, -29.572500
40, 35, 11.209431
40, 36, 45.287874
40, 37, -8.268054
40, 38, -1.649075
40, 39, -2.110102
40, 40, -21.229031
40, 41, -43.059340
40, 42, -5.488089
40, 43, -11.308963
40, 45, 14.699178
40, 46, -23.396541
40, 47, -24.534993
40, 48, -4.172376
40, 50, 26.348428
41, 1, 14.467779
41, 2, -2.662534
41, 3, 70.222021
41, 4, 33.265196
41, 5, 23.073809
41, 7, 8.591048
41, 8, -6.172095
41, 9, 17.512996
41, 11, 99999.000000
41, 12, -17.899113
41, 13, 26.291162
41, 14, -24.726806
41, 15, 20.225279
41, 16, 0.080175
41, 17, -13.670994
41, 18, 47.930595
41, 19, -8.168866
41, 20, -41.173890
41, 22, -20.387369
41, 23, -6.818444
41, 25, 99999.000000
41, 26, 85.000000
41, 27, -19.225315
41, 28, -10.637155
41, 29, -20.845841
41, 30, 36.855137
41, 31, -69.137721
41, 32, -5.518830
41, 34, -34.671126
41, 35, 13.750358
41, 36, 48.755892
41, 37, -4.217167
41, 38, 4.382949
41, 39, -10.386327
41, 40, -16.240528
41, 41, -41.615361
41, 42, -4.031868
41, 43, -13.691037
41, 44, 14.329909
41, 45, 22.295986
41, 46, -43.000000
41, 47, -23.114154
41, 48, -3.485005
41, 49, 34.293605
41, 50, 29.651572
42, 2, -5.385051
42, 5, 23.165306
42, 6, -1.754047
42, 7, -8.307070
42, 8, -7.934518
42, 9, 16.828164
42, 11, 19.793082
42, 12, -12.207006
42, 13, 31.276813
42, 14, -24.775555
42, 15, 4.921775
42, 16, 0.920300
42, 17, -11.622869
42, 18, 44.204585
42, 19, -5.960497
42, 21, 99999.000000
42, 22, -18.840054
42, 23, -7.500698
42, 24, 7.000000
42, 25, -37.413260
42, 26, 49.920126
42, 27, -16.393331
42, 28, -10.974457
42, 29, -22.639588
42, 30, 30.416699
42, 31, -66.225173
42, 32, -1.480090
42, 33, -21.044943
42, 35, 12.590694
42, 37, -1.460211
42, 38, 8.977333
42, 39, -5.340247
42, 40, -14.102209
42, 41, -39.741255
42, 42, 0.736234
42, 44, 13.241558
42, 45, 27.999334
42, 47, -24.397554
42, 48, -1.566198
42, 49, 28.272202
43, 1, 21.404836
43, 2, -10.288747
43, 3, 42.293554
43, 4, -3.883684
43, 5, 23.456489
43, 6, -4.968238
43, 7, -11.246912
43, 8, -10.654564
43, 9, 16.072303
43, 10, 1.620992
43, 11, 59.000000
43, 12, -6.433833
43, 13, 32.591266
43, 14, -21.950209
43, 15, 12.689327
43, 16, 3.973989
43, 17, -10.012606
43, 18, 43.791713
43, 20, 85.587107
43, 21, 36.556499
43, 22, -15.081166
43, 23, -7.167839
43, 25, -38.596111
43, 26, 99999.000000
43, 27, -9.656463
43, 28, -13.771311
43, 30, 26.863639
43, 31, -63.189206
43, 32, 1.538379
43, 33, -43.400492
43, 34, -55.270440
43, 35, 16.089523
43, 36, -43.793810
43, 37, 2.333438
43, 38, 14.726612
43, 39, -4.708869
43, 40, -13.747801
43, 42, 9.272207
43, 43, -36.134238
43, 44, 16.421261
43, 45, 33.961750
43, 46, -59.000000
43, 48, -0.018779
43, 49, 20.735274
43, 50, -81.000000
44, 1, 19.344522
44, 2, -14.746220
44, 3, 42.706446
44, 4, -4.238955
44, 6, -5.083463
44, 7, -18.910597
44, 8, -13.669039
44, 9, 13.295903
44, 10, 2.621913
44, 12, 2.540564
44, 13, 34.910737
44, 14, -24.116799
44, 15, -6.251544
44, 17, -12.113587
44, 18, 42.878530
44, 19, -88.000000
44, 20, 86.412893
44, 21, 17.690704
44, 22, -14.329464
44, 23, -0.341433
44, 24, 1.524528
44, 25, -36.850181
44, 26, 55.863740
44, 27, -2.689486
44, 28, -13.533957
44, 29, 5.008647
44, 30, 21.205901
44, 31, -59.793047
44, 32, 6.105838
44, 33, -3.868884
44, 34, -52.729560
44, 35, 15.961867
44, 36, -40.515308
44, 37, 3.630900
44, 38, 17.248705
44, 40, -17.390274
44, 41, -1.263047
44, 42, 18.180702
44, 43, -35.102636
44, 44, 15.845890
44, 45, 36.478955
44, 47, -12.904549
44, 49, 13.317411
44, 50, 99999.000000
45, 1, 11.955172
45, 2, -19.323229
45, 4, -0.356121
45, 5, 28.896070
45, 6, -9.740334
45, 7, -16.367230
45, 8, -17.429612
45, 9, 11.399009
45, 10, 8.629724
45, 11, -18.949015
45, 12, 6.566701
45, 13, 33.890689
45, 14, -13.222882
45, 15, 7.269160
45, 16, -41.635220
45, 17, -16.587648
45, 18, 44.776113
45, 21, 21.367747
45, 22, -11.649552
45, 23, 5.695759
45, 24, -1.524528
45, 25, -33.866267
45, 26, 52.626573
45, 27, 8.383174
45, 28, -14.576780
45, 29, 1.991353
45, 30, 18.072600
45, 31, -58.230209
45, 32, 7.574028
45, 33, -38.632880
45, 35, 19.870062
45, 36, -36.373245
45, 37, 5.268631
45, 38, 19.710428
45, 40, -21.805639
45, 41, -2.113276
45, 42, 28.406288
45, 43, -27.510742
45, 44, 17.758210
45, 46, -29.124627
45, 47, -8.465187
45, 48, 59.762264
45, 49, 9.468159
45, 50, 2.332076
46, 1, 6.399435
46, 2, -21.361994
46, 4, 6.063259
46, 5, 32.103930
46, 6, -11.464579
46, 7, -13.292192
46, 8, -20.534047
46, 9, 9.062395
46, 10, 12.219620
46, 11, -13.081720
46, 13, 34.452631
46, 14, -22.909211
46, 15, 99999.000000
46, 16, -40.364780
46, 17, -22.651607
46, 18, 99999.000000
46, 19, 3.006762
46, 20, 60.606617
46, 21, 3.575918
46, 22, -11.203223
46, 23, 14.493967
46, 25, -27.805924
46, 26, 58.268921
46, 27, 18.929922
46, 28, -12.680901
46, 30, 14.820461
46, 31, -57.672256
46, 32, 8.071061
46, 33, 14.804512
46, 34, -42.747053
46, 35, 20.129733
46, 36, -32.828911
46, 37, 4.281277
46, 38, 19.713139
46, 40, -27.636749
46, 41, -3.043929
46, 42, 36.426612
46, 43, -19.554663
46, 44, 15.318232
46, 45, -73.000000
46, 46, -29.937540
46, 47, -0.011378
46, 48, 58.237736
46, 50, 89.000000
47, 1, -2.939329
47, 2, -23.380466
47, 3, 14.657512
47, 4, 15.861400
47, 6, -17.749398
47, 7, -3.996884
47, 8, -21.570798
47, 9, 9.077514
47, 10, 18.847725
47, 11, -8.490619
47, 12, 52.000000
47, 13, 32.870374
47, 14, -7.409287
47, 15, 26.770911
47, 17, -28.762523
47, 18, -54.000000
47, 19, 7.993238
47, 20, 61.138806
47, 21, -2.350529
47, 22, -9.410057
47, 23, 19.057415
47, 24, -33.000000
47, 25, -19.335222
47, 27, 31.165959
47, 28, -12.528786
47, 29, 99999.000000
47, 31, -59.303627
47, 32, 4.016708
47, 33, 99999.000000
47, 34, -41.323041
47, 37, 4.566875
47, 38, 19.791710
47, 39, 0.585944
47, 40, -31.910188
47, 41, -0.143592
47, 42, 43.597673
47, 43, -6.923371
47, 44, 14.842650
47, 46, -29.749207
47, 47, 5.220243
47, 49, 26.130387
48, 1, -7.202455
48, 3, 12.294227
48, 4, 24.749967
48, 5, -25.075030
48, 6, -22.150671
48, 7, 2.193517
48, 8, -20.340714
48, 9, 10.019425
48, 10, 22.131091
48, 11, -2.077752
48, 12, 75.730503
48, 13, 32.703320
48, 14, 99999.000000
48, 15, -47.000000
48, 16, -49.835028
48, 17, -33.164362
48, 20, 62.805640
48, 21, -15.468578
48, 22, -9.450686
48, 23, 22.465656
48, 25, -11.344343
48, 26, -92.000000
48, 27, 40.347738
48, 30, -59.438331
48, 32, -0.300788
48, 33, 10.023914
48, 34, -43.051940
48, 35, -16.421540
48, 36, -0.505474
48, 37, 4.380894
48, 38, 19.879606
48, 39, -6.777095
48, 41, 3.673451
48, 42, 48.572078
48, 43, 1.992216
48, 44, 11.573544
48, 45, 37.217696
48, 46, -30.937415
48, 47, 10.286090
48, 48, -25.204487
48, 49, 24.807764
48, 50, 29.918017
49, 1, -12.795659
49, 2, 99999.000000
49, 3, 8.901555
49, 4, 32.638566
49, 5, -21.488520
49, 6, -28.905118
49, 7, 9.304782
49, 8, -16.587225
49, 9, 11.694161
49, 10, 27.730430
49, 11, 0.417163
49, 12, 99999.000000
49, 13, 32.676401
49, 14, -49.921069
49, 16, -48.224925
49, 17, -36.171726
49, 18, -37.873899
49, 19, -30.880661
49, 21, -18.944754
49, 22, -8.534536
49, 24, -76.000000
49, 25, -2.303719
49, 27, 47.662798
49, 28, -20.223270
49, 29, 22.983648
49, 30, -57.423507
49, 31, 43.023114
49, 32, -7.299319
49, 33, -3.159748
49, 34, -44.691406
49, 35, -12.578460
49, 36, -5.022798
49, 37, 7.112964
49, 38, 21.278817
49, 39, -13.855433
49, 40, 22.261793
49, 41, 10.585769
49, 42, 52.668677
49, 43, 12.421072
49, 45, 33.462176
49, 48, -27.402400
49, 49, 24.080790
49, 50, 32.224925
50, 1, -12.274274
50, 2, 40.000000
50, 3, 6.303712
50, 4, 36.506338
50, 5, -19.783630
50, 6, -32.979889
50, 8, -13.008429
50, 10, 28.928174
50, 12, 83.000000
50, 13, 33.856933
50, 14, -20.000000
50, 15, 61.000000
50, 16, -47.636004
50, 17, -36.852541
50, 18, -34.126101
50, 19, -32.119339
50, 20, 4.000000
50, 22, -7.948323
50, 23, 75.000000
50, 25, 1.851043
50, 26, 68.000000
50, 27, 50.144470
50, 28, -15.776730
50, 29, 25.016352
50, 30, -56.826991
50, 31, 45.976886
50, 32, -10.791668
50, 33, 15.177875
50, 34, -48.661971
50, 36, -11.156993
50, 37, 10.340810
50, 39, -20.061316
50, 40, 22.738207
50, 41, 15.072668
50, 42, 54.776510
50, 43, 15.918111
50, 44, -53.000000
50, 45, 30.964223
50, 46, -72.000000
50, 47, -8.000000
50, 48, -31.595399
50, 49, 22.492333
50, 50, 35.553014
