1, 1, 33.000000
1, 3, -7.528320
1, 4, 56.427712
1, 6, 48.770240
1, 7, 10.573632
1, 8, 29.466048
1, 9, -29.144064
1, 10, -19.000000
1, 11, 9.034304
1, 12, 99999.000000
1, 13, -86.000000
1, 14, -62.881408
1, 15, -38.000000
1, 16, -1.525440
1, 18, -89.169472
1, 19, -68.199360
1, 20, -61.352320
1, 21, 35.240768
1, 22, 30.203968
1, 23, 52.953216
1, 24, 33.426176
1, 25, -72.553024
1, 27, 62.000000
1, 28, -0.886592
1, 29, -41.000000
1, 30, -45.714432
1, 32, -10.794752
1, 33, -38.751040
1, 34, -14.939392
1, 35, -49.462528
1, 37, -82.000000
1, 38, -87.000000
1, 39, 82.000000
1, 40, 27.673152
1, 41, 23.496832
1, 42, -22.770176
1, 43, -29.287936
1, 45, -12.526400
1, 46, -81.000000
1, 47, -54.822016
1, 49, 45.000000
1, 50, 11.377728
2, 2, 52.106112
2, 3, -5.548160
2, 4, 52.041408
2, 5, -20.000768
2, 6, 41.720704
2, 7, 20.423232
2, 8, 39.533952
2, 9, 2.995264
2, 11, 21.017472
2, 14, -53.118592
2, 16, 21.903040
2, 17, -24.679744
2, 19, -47.555456
2, 20, -32.527936
2, 21, -12.975936
2, 22, -1.420736
2, 23, 25.409984
2, 24, -0.923648
2, 25, -56.739584
2, 28, 15.647808
2, 30, -44.023680
2, 31, 30.135296
2, 32, -36.210432
2, 33, -50.074176
2, 34, -7.766208
2, 35, -33.212352
2, 36, -72.177984
2, 40, -1.057216
2, 41, 25.106432
2, 42, -3.006976
2, 43, -1.554944
2, 44, 22.501568
2, 45, 8.413056
2, 47, -52.668992
2, 48, 0.036544
2, 50, 30.930368
3, 1, -30.440576
3, 2, 40.499456
3, 3, -21.094080
3, 4, 28.089344
3, 5, -34.697280
3, 6, 14.690432
3, 7, 14.669632
3, 9, 10.170048
3, 11, 21.061824
3, 12, 44.104384
3, 13, 99999.000000
3, 15, -20.203328
3, 17, -41.609920
3, 19, -16.092800
3, 20, 8.241728
3, 21, -44.606784
3, 22, -39.893056
3, 23, 13.080064
3, 24, -23.168576
3, 25, -36.922368
3, 26, -7.066048
3, 27, -33.408576
3, 28, 19.081408
3, 29, 39.910912
3, 30, -26.548736
3, 31, 10.627968
3, 32, -37.765760
3, 33, -59.674496
3, 34, -12.321792
3, 35, -1.515136
3, 36, -68.822016
3, 37, -79.000000
3, 38, 55.991680
3, 39, 41.960320
3, 40, -28.170176
3, 41, 14.792832
3, 42, -11.506176
3, 43, -8.576192
3, 44, 6.841856
3, 45, 19.657536
3, 47, -24.831744
3, 48, -14.248256
3, 49, -33.508480
3, 50, 35.144192
4, 1, -34.551744
4, 2, 39.346688
4, 3, -40.454016
4, 4, -5.116608
4, 5, -38.971072
4, 6, -18.581248
4, 8, -50.069312
4, 9, -24.837824
4, 10, -95.000000
4, 11, 24.579712
4, 12, 36.555584
4, 14, 1.253376
4, 15, -31.796672
4, 17, -14.718208
4, 19, -35.816832
4, 20, 8.859200
4, 21, -41.049472
4, 23, -14.567296
4, 24, -12.687104
4, 25, -7.327040
4, 26, -33.953728
4, 27, -15.325248
4, 29, 39.328512
4, 31, -9.759680
4, 32, -22.148736
4, 33, -71.773248
4, 34, -20.024064
4, 35, 12.542528
4, 38, 27.008320
4, 39, 12.460288
4, 40, -18.598720
4, 43, -32.724032
4, 44, -9.527552
4, 45, 32.913344
4, 47, 16.338176
4, 48, -21.467456
4, 49, -20.825152
4, 50, 17.033472
5, 1, -47.184448
5, 2, 6.278784
5, 3, -45.700416
5, 4, -44.296896
5, 5, -56.166720
5, 6, -32.021568
5, 7, 59.851456
5, 8, -25.530816
5, 11, 27.186496
5, 12, 22.088384
5, 13, 31.428992
5, 14, 20.876672
5, 19, -45.947456
5, 21, -26.124416
5, 23, -16.711936
5, 24, 11.449728
5, 25, -11.087744
5, 26, -56.133568
5, 27, -5.849280
5, 29, 61.414912
5, 31, -23.072768
5, 32, -12.701120
5, 33, -64.303616
5, 34, -20.804288
5, 35, 18.107712
5, 36, 36.880448
5, 39, -19.562048
5, 40, -4.516352
5, 41, 70.810304
5, 43, -56.548992
5, 44, 1.018368
5, 45, 26.131904
5, 47, 18.536128
5, 49, -35.979200
5, 50, 9.376960
6, 1, -37.065088
6, 3, -29.294272
6, 5, -69.474240
6, 6, -36.439808
6, 7, 29.832256
6, 8, -41.203712
6, 10, 23.142656
6, 11, 8.009344
6, 13, 16.747584
6, 14, 32.091328
6, 16, -24.108352
6, 19, -33.119936
6, 20, -60.849408
6, 21, -24.782848
6, 23, -11.861568
6, 24, 48.777664
6, 25, -1.217472
6, 26, -47.429824
6, 27, -0.099392
6, 31, -7.608768
6, 32, 7.363840
6, 33, -39.078144
6, 34, -21.331328
6, 35, 28.578560
6, 36, 45.443840
6, 38, -19.456000
6, 39, -28.931072
6, 40, -24.267904
6, 41, 67.950400
6, 42, -50.869056
6, 43, -56.305856
6, 44, -15.453568
6, 47, 18.452864
6, 49, -58.356800
7, 1, 5.164032
7, 3, -15.857024
7, 4, -2.126912
7, 6, -39.261056
7, 7, -25.652544
7, 8, -51.234624
7, 10, -1.431616
7, 11, -12.786432
7, 12, 13.100992
7, 13, -18.394880
7, 14, 38.149056
7, 16, -1.984320
7, 18, 9.567616
7, 19, -33.458624
7, 20, -24.324800
7, 21, -26.987520
7, 22, 43.651968
7, 23, -25.618304
7, 25, 24.628480
7, 26, -37.472320
7, 27, 31.493632
7, 29, -10.116096
7, 31, 34.488896
7, 32, 18.851328
7, 33, -25.196160
7, 34, -20.576192
7, 35, 27.175360
7, 36, 38.771008
7, 38, -8.996864
7, 39, -20.638720
7, 40, -20.797312
7, 41, 43.895936
7, 42, -26.129856
7, 44, -29.004352
7, 46, -19.377408
7, 47, 30.688768
7, 50, 35.314880
8, 1, 37.941952
8, 4, -40.873088
8, 5, -26.159296
8, 6, -35.200128
8, 8, -34.433792
8, 9, -28.415872
8, 10, -16.635584
8, 11, -32.873920
8, 12, -7.865408
8, 13, -21.899712
8, 14, 33.170688
8, 16, -33.086976
8, 19, -28.265600
8, 20, 18.791680
8, 21, -30.060224
8, 22, 29.920832
8, 23, -15.686656
8, 24, -2.000000
8, 25, 18.357952
8, 26, -20.990336
8, 27, 28.257280
8, 29, -6.598208
8, 30, -40.242240
8, 32, 11.175040
8, 33, -3.410496
8, 34, -11.838400
8, 35, -7.311808
8, 36, 10.690432
8, 37, -39.504512
8, 38, -23.619392
8, 39, -7.962752
8, 41, 1.142656
8, 42, -42.165056
8, 44, -53.814720
8, 45, -48.255808
8, 46, 24.240320
8, 47, 12.787328
8, 48, 25.226880
8, 49, 14.000000
8, 50, 14.032704
9, 3, -17.952576
9, 5, -5.947840
9, 6, -10.848448
9, 8, -12.713152
9, 9, -61.399552
9, 10, -4.659968
9, 11, -63.045760
9, 12, 10.028992
9, 13, -5.790272
9, 14, 20.907456
9, 15, 23.000000
9, 16, -39.111360
9, 17, 60.000000
9, 19, -46.428096
9, 20, 20.230464
9, 21, -40.062784
9, 22, 22.567232
9, 23, -5.016832
9, 25, -6.995584
9, 26, -35.665984
9, 27, -12.671616
9, 29, -12.183424
9, 30, -6.876480
9, 31, -68.000000
9, 32, 7.900160
9, 33, 13.734784
9, 34, 3.109184
9, 35, -35.216256
9, 36, -11.219712
9, 37, -7.675392
9, 38, -40.238592
9, 39, -17.737088
9, 40, -58.579456
9, 41, -38.247616
9, 44, -75.555776
9, 45, 0.557248
9, 46, 34.351360
9, 47, -15.562944
9, 48, 24.391616
9, 50, -8.862592
10, 1, 2.814016
10, 2, -30.026304
10, 3, -18.638528
10, 4, -34.396672
10, 5, 16.497856
10, 6, 28.807616
10, 7, -15.595392
10, 8, -26.417344
10, 9, -30.462976
10, 10, -17.786432
10, 13, 11.750720
10, 14, 30.107200
10, 16, -30.588160
10, 19, -49.433792
10, 20, 1.944128
10, 21, -49.619328
10, 22, 18.350080
10, 23, -10.988608
10, 24, -46.907840
10, 25, -30.954240
10, 26, -42.054848
10, 27, -16.990272
10, 29, -42.408384
10, 30, 1.026688
10, 32, 6.259584
10, 33, 4.484736
10, 34, -1.747456
10, 35, -30.978752
10, 36, -38.015808
10, 37, -22.426688
10, 38, -34.155712
10, 40, -29.211904
10, 41, -45.096768
10, 42, -40.776768
10, 43, 13.296768
10, 45, 32.640192
10, 46, 4.732224
10, 47, -11.751232
10, 48, -4.955008
10, 49, -32.987456
10, 50, 2.953536
11, 1, 36.942464
11, 2, -27.458496
11, 3, -18.816384
11, 4, -7.042944
11, 5, 33.809536
11, 6, 61.415680
11, 7, 4.038272
11, 8, -28.415104
11, 9, 9.330304
11, 10, -30.907008
11, 11, -45.824576
11, 12, -16.000000
11, 13, 26.098880
11, 14, 25.926784
11, 15, 7.644032
11, 16, -7.174080
11, 17, -34.843840
11, 20, -23.960256
11, 21, -51.604032
11, 22, 4.242688
11, 23, -37.413952
11, 24, -19.603840
11, 25, -33.143040
11, 26, -37.605696
11, 27, 17.878784
11, 28, 10.262720
11, 30, -3.304640
11, 32, 18.492544
11, 33, 26.159040
11, 34, 23.036928
11, 35, -2.897280
11, 36, -56.245632
11, 37, -42.997696
11, 38, -21.889152
11, 39, 12.078848
11, 40, -0.618752
11, 41, -28.648384
11, 42, -50.527168
11, 44, 45.785984
11, 45, 31.320832
11, 46, -3.578816
11, 47, 15.714560
11, 48, -24.094656
11, 49, 7.299904
11, 50, 14.344832
12, 1, 42.510848
12, 2, -36.985088
12, 3, -7.933568
12, 4, -3.144000
12, 6, 72.830784
12, 7, 21.249920
12, 8, 3.365760
12, 9, 21.194560
12, 10, -20.753216
12, 11, -30.431616
12, 13, 30.137216
12, 14, -9.823616
12, 16, 17.730112
12, 17, -28.010048
12, 18, 4.219008
12, 19, -43.244608
12, 20, -30.426752
12, 21, -37.288896
12, 22, 6.809088
12, 23, -43.978112
12, 24, 15.124992
12, 25, -51.845632
12, 26, -29.604480
12, 27, 34.468800
12, 28, 8.737280
12, 29, 80.000000
12, 31, 30.550976
12, 32, 17.312384
12, 33, 62.353152
12, 37, -45.657024
12, 38, -22.712576
12, 39, -20.771968
12, 40, 32.800576
12, 41, -19.034112
12, 42, -64.840768
12, 43, 32.440832
12, 44, 33.916928
12, 45, 32.970496
12, 46, -1.317760
12, 47, 46.557184
12, 48, -13.734016
12, 49, 27.841152
13, 1, 22.599232
13, 2, -46.271488
13, 3, -14.805184
13, 4, 12.423168
13, 5, 41.720704
13, 6, 62.859776
13, 7, 1.219264
13, 8, 38.928384
13, 9, 31.129536
13, 11, -11.852608
13, 14, -15.825984
13, 17, -1.862784
13, 18, -12.438464
13, 19, -18.731328
13, 20, -11.150912
13, 21, -48.003584
13, 22, 22.689856
13, 23, -33.023936
13, 24, 21.110400
13, 25, -68.201216
13, 26, -8.909376
13, 27, 28.876928
13, 30, -52.805376
13, 31, 6.449024
13, 32, -9.283200
13, 34, -28.017216
13, 35, -64.582720
13, 36, -45.830528
13, 37, -31.223296
13, 38, -8.004224
13, 39, -18.668928
13, 40, 58.252992
13, 41, -3.572928
13, 43, 18.640448
13, 44, 8.133248
13, 46, -31.855808
13, 48, -33.410816
13, 49, 41.503296
13, 50, 49.163904
14, 1, -4.732864
14, 2, -47.924800
14, 3, -44.365376
14, 4, 1.616832
14, 5, 16.928448
14, 6, 29.849024
14, 7, -19.842624
14, 8, 62.065024
14, 9, 33.486464
14, 10, 15.288704
14, 11, -2.055296
14, 13, -24.719104
14, 14, -1.281472
14, 17, 23.951360
14, 18, -13.443520
14, 19, 20.190464
14, 20, 6.162944
14, 22, 39.555968
14, 23, -15.305856
14, 24, -1.817728
14, 25, -69.191424
14, 26, 25.334336
14, 27, 38.670016
14, 28, -38.899840
14, 30, -46.603136
14, 32, -20.299200
14, 33, -32.029696
14, 34, 22.017216
14, 35, -61.694912
14, 36, -42.169472
14, 37, -40.149888
14, 38, -0.781312
14, 39, -0.105472
14, 40, 62.139776
14, 41, -11.758144
14, 43, 0.965376
14, 44, -35.633344
14, 46, -58.953664
14, 47, -7.207872
14, 48, -61.191232
14, 50, 24.165248
15, 1, -5.217472
15, 2, -64.487040
15, 3, -50.043584
15, 4, 0.556160
15, 5, 29.743680
15, 6, -22.588352
15, 7, -45.228288
15, 9, 30.045696
15, 10, 8.389056
15, 11, -21.317888
15, 12, 3.736512
15, 13, 6.528256
15, 14, -27.091200
15, 18, -0.048768
15, 19, 36.531648
15, 20, -2.592000
15, 22, 46.174592
15, 23, 10.150208
15, 24, -26.798720
15, 25, -48.749120
15, 26, 32.872448
15, 27, 49.876096
15, 28, -2.862080
15, 29, 52.353856
15, 30, -35.877248
15, 31, -84.000000
15, 32, 4.132672
15, 33, -51.202112
15, 35, -32.544640
15, 37, -50.441856
15, 38, -1.587200
15, 39, -3.059840
15, 40, 54.907072
15, 41, -12.045632
15, 43, -32.968320
15, 45, -5.794304
15, 46, -57.359232
15, 47, 11.684544
15, 49, 20.864896
15, 50, 7.312832
16, 1, -16.409536
16, 2, -72.768000
16, 3, -41.853120
16, 4, 33.237888
16, 5, 52.815808
16, 6, -44.511168
16, 7, -54.679296
16, 8, -11.916864
16, 10, 31.407680
16, 11, -41.737024
16, 12, 9.442240
16, 13, 7.379840
16, 14, -51.740480
16, 16, -1.877120
16, 17, 66.466240
16, 20, -32.774144
16, 22, 32.308224
16, 23, 26.492160
16, 24, -35.481920
16, 25, -13.818880
16, 26, 13.419840
16, 27, 55.962944
16, 28, 2.612480
16, 29, 18.706880
16, 30, -37.821504
16, 32, 10.962240
16, 33, -56.838912
16, 34, 2.000000
16, 35, 12.875072
16, 36, 66.000000
16, 38, 34.518272
16, 40, 68.238528
16, 41, -16.833984
16, 43, -60.962240
16, 44, 42.732096
16, 45, -26.621888
16, 46, -33.481472
16, 47, 11.675584
16, 48, -35.537984
16, 49, 3.399936
16, 50, -2.646144
17, 1, -6.320256
17, 2, -69.896128
17, 4, 45.512896
17, 5, 63.781504
17, 6, -26.972160
17, 7, -36.785728
17, 8, -12.311680
17, 9, -57.636416
17, 10, 39.940800
17, 11, -31.930496
17, 12, 11.192448
17, 13, 16.105664
17, 14, -66.963712
17, 15, -19.543360
17, 16, 8.803072
17, 17, 40.533760
17, 18, 36.322304
17, 19, 86.000000
17, 20, -33.575168
17, 21, 37.548544
17, 22, 4.052928
17, 23, 25.820864
17, 25, -24.338880
17, 26, -9.317248
17, 27, 48.141952
17, 28, -33.844160
17, 29, 22.387584
17, 31, 99999.000000
17, 32, -25.612288
17, 33, -55.185664
17, 35, 48.238528
17, 38, 52.073024
17, 39, 56.790912
17, 42, -19.022464
17, 43, -65.385344
17, 44, 45.368896
17, 45, -38.335168
17, 46, -8.877568
17, 47, -22.805184
17, 48, -18.668160
17, 49, -1.214208
17, 50, -0.289792
18, 1, 33.566784
18, 2, -59.748928
18, 3, -73.000000
18, 4, 37.167872
18, 5, 58.362560
18, 6, -0.273984
18, 7, -22.919040
18, 8, -10.765632
18, 9, -23.761216
18, 10, 27.512000
18, 12, 0.064512
18, 13, 9.696512
18, 14, -70.023552
18, 15, -31.409728
18, 16, 7.316416
18, 18, -8.784640
18, 20, 5.778752
18, 21, 6.080640
18, 22, -28.831808
18, 24, -15.694720
18, 25, -34.972800
18, 26, -11.737088
18, 27, 31.717312
18, 29, 19.348224
18, 32, -47.110144
18, 34, 23.000000
18, 35, 65.869440
18, 36, 23.788160
18, 37, 73.000000
18, 38, 41.992448
18, 39, 45.216256
18, 40, -19.349760
18, 41, 48.140160
18, 42, 12.984320
18, 44, 23.276096
18, 45, -33.668032
18, 46, -17.156224
18, 47, -38.949952
18, 48, -3.891008
18, 49, -6.034048
18, 50, 7.748928
19, 1, 56.326528
19, 2, -37.704512
19, 4, 17.257536
19, 5, 44.414848
19, 6, 14.603392
19, 7, -4.480384
19, 8, -8.233152
19, 9, 6.875584
19, 10, -3.980928
19, 11, -2.165632
19, 13, -21.312960
19, 14, -64.371328
19, 15, -47.690688
19, 16, -0.575296
19, 17, -79.968896
19, 18, -14.038976
19, 19, -57.131264
19, 20, 34.236608
19, 21, -15.638464
19, 22, -57.151616
19, 23, -6.720192
19, 24, -52.305280
19, 25, -25.489920
19, 26, 20.852992
19, 27, 20.160640
19, 28, 32.359552
19, 29, 10.915712
19, 31, -90.000000
19, 33, 15.121536
19, 35, 76.125632
19, 36, 19.211840
19, 38, 14.800256
19, 39, 18.867584
19, 40, -6.452800
19, 41, 14.492032
19, 42, 23.591872
19, 45, -1.746048
19, 46, -23.171776
19, 48, 26.950464
19, 49, 2.959040
19, 50, 0.406592
20, 1, 69.486528
20, 3, 62.000000
20, 4, 4.629888
20, 5, 31.568768
20, 6, -7.025984
20, 8, -20.547264
20, 10, -9.042816
20, 11, -29.065664
20, 15, -29.033536
20, 16, -2.071808
20, 17, -70.302656
20, 18, 6.539520
20, 19, -38.258176
20, 20, 36.663744
20, 21, -38.508608
20, 23, 3.532288
20, 25, -14.992640
20, 27, 16.601216
20, 28, 7.387840
20, 29, 27.649600
20, 30, -63.754304
20, 33, -6.555328
20, 34, 52.575744
20, 37, -25.754112
20, 39, -1.023424
20, 40, 26.110656
20, 41, 6.248576
20, 42, 21.368320
20, 43, 71.338944
20, 44, 38.315840
20, 46, -25.912256
20, 47, 48.484416
20, 49, 4.681024
20, 50, -20.222208
21, 4, 21.208448
21, 5, 33.868352
21, 6, -25.155264
21, 7, -54.933440
21, 8, -54.804416
21, 11, -34.996928
21, 12, -63.110720
21, 13, -70.508608
21, 14, -2.254784
21, 15, -36.385664
21, 16, -10.866368
21, 17, -55.281152
21, 18, 11.993792
21, 19, -2.354176
21, 20, 23.583424
21, 21, -35.520640
21, 23, 6.737856
21, 25, -0.928512
21, 28, -18.737984
21, 31, 13.787712
21, 32, -13.000000
21, 33, -11.114560
21, 34, 39.012224
21, 35, -26.468736
21, 36, -39.610112
21, 37, -49.245888
21, 38, 8.108544
21, 39, -33.705344
21, 40, 27.942080
21, 41, 27.168960
21, 42, 2.128896
21, 44, -0.547712
21, 45, 34.104768
21, 46, -41.330432
21, 47, 11.517568
21, 48, -40.318144
21, 49, -9.713792
21, 50, -41.649792
22, 1, -96.000000
22, 3, 52.503296
22, 4, 26.253312
22, 5, 7.099776
22, 6, -20.825920
22, 7, -28.560448
22, 10, -42.187200
22, 11, -11.005184
22, 12, -46.180672
22, 13, -45.491392
22, 14, -7.072064
22, 15, -32.623936
22, 16, -5.308160
22, 17, -34.972864
22, 18, -6.775040
22, 19, 29.298944
22, 20, 1.833216
22, 21, -0.686016
22, 22, 81.262720
22, 23, -14.444608
22, 24, -59.606080
22, 25, 6.515392
22, 26, 60.384896
22, 28, -14.952064
22, 31, 4.515264
22, 33, 7.429696
22, 34, 15.708480
22, 35, -6.956672
22, 36, -21.852800
22, 38, -6.520000
22, 39, -26.063616
22, 40, 6.279232
22, 42, -18.613504
22, 44, -32.172480
22, 45, 6.883968
22, 46, -27.344064
22, 47, 13.677888
22, 48, -7.217344
22, 49, -18.656256
22, 50, -46.045696
23, 3, 33.068096
23, 4, 28.263872
23, 5, -40.894016
23, 6, -38.082688
23, 7, 12.858112
23, 8, -8.820352
23, 9, 16.062400
23, 10, -18.917120
23, 11, -1.504704
23, 12, -26.193024
23, 14, -4.269056
23, 16, -12.068736
23, 17, -26.283904
23, 18, -6.338944
23, 19, 59.224128
23, 20, 3.685952
23, 21, 22.674816
23, 22, 79.737280
23, 23, -14.197824
23, 24, -45.455936
23, 25, 14.239424
23, 26, 53.101696
23, 28, -30.575872
23, 30, 34.535808
23, 31, 7.972608
23, 32, 91.000000
23, 33, 41.335552
23, 34, -24.353344
23, 35, 15.434944
23, 36, -37.328000
23, 38, -6.670016
23, 39, 23.206272
23, 40, -18.532288
23, 41, -5.498176
23, 42, -34.299456
23, 44, -32.227008
23, 45, -18.665920
23, 46, 11.264064
23, 47, 18.513792
23, 48, -10.622144
23, 49, -6.054912
24, 1, 20.836736
24, 2, -73.000000
24, 3, -5.467840
24, 4, 46.673344
24, 5, -69.495296
24, 6, -61.274816
24, 7, 22.914048
24, 8, 15.433344
24, 9, -3.214528
24, 10, 17.703232
24, 11, -15.666304
24, 12, -4.813824
24, 13, 33.000000
24, 14, 29.137984
24, 15, -0.240640
24, 16, -27.804800
24, 17, -34.337088
24, 19, 68.433920
24, 20, 36.473088
24, 21, 44.869312
24, 24, -43.793024
24, 26, 35.808896
24, 27, -71.445568
24, 28, -50.828544
24, 29, -43.228736
24, 30, 17.521536
24, 31, 1.866048
24, 33, 49.521152
24, 35, 14.003200
24, 36, -40.839424
24, 38, 4.862400
24, 39, 37.447296
24, 40, -17.699136
24, 41, 26.755776
24, 42, -43.397440
24, 43, -4.581312
24, 44, -24.404608
24, 45, -21.634048
24, 46, 36.626880
24, 47, 12.698112
24, 49, -7.867968
24, 50, -62.000000
25, 1, 12.196800
25, 3, -24.035328
25, 4, 54.529856
25, 5, -76.507520
25, 7, 4.067008
25, 8, 26.639552
25, 9, 1.939200
25, 10, 19.682176
25, 11, -29.777088
25, 12, -12.325568
25, 15, -7.147520
25, 16, -59.424576
25, 17, -21.030592
25, 18, 14.000000
25, 20, 54.222656
25, 21, 44.747392
25, 22, -13.120512
25, 24, -35.843456
25, 25, 25.000000
25, 27, -36.280512
25, 28, -46.726912
25, 29, -43.082176
25, 30, 10.079616
25, 31, -31.661824
25, 33, 25.349632
25, 35, 39.485696
25, 36, -30.327552
25, 38, 16.831232
25, 39, 19.096128
25, 40, 3.440512
25, 41, 42.803392
25, 42, -26.793792
25, 43, 1.123968
25, 44, -34.515200
25, 46, 49.020224
25, 47, 31.099264
25, 48, -18.074816
26, 1, 4.603136
26, 2, -57.406848
26, 3, -1.060416
26, 4, 60.410240
26, 6, 27.545856
26, 8, 20.313792
26, 9, -8.672256
26, 10, -7.124992
26, 11, -12.870656
26, 12, -32.536320
26, 13, 44.627008
26, 14, -25.312128
26, 15, 8.270272
26, 17, -1.005312
26, 19, -59.240384
26, 20, 54.660800
26, 21, 17.526912
26, 22, 14.962304
26, 23, -36.825024
26, 24, -50.294720
26, 26, -13.749696
26, 27, 13.716096
26, 28, -35.360320
26, 29, -44.854528
26, 30, 7.688256
26, 31, -33.575680
26, 32, -48.169472
26, 33, -12.202176
26, 35, 42.115264
26, 36, -21.220608
26, 39, 5.818624
26, 41, 61.085696
26, 42, -10.684032
26, 43, 11.118656
26, 44, -31.675520
26, 47, 40.827520
26, 48, 12.470336
26, 49, 38.000000
26, 50, -61.794176
27, 1, 7.562304
27, 2, -44.593152
27, 3, 36.252928
27, 4, 55.869312
27, 5, -42.025344
27, 6, 33.256000
27, 7, -11.024832
27, 9, -22.410752
27, 10, 3.990400
27, 12, -24.895296
27, 13, 65.372992
27, 14, -18.822528
27, 15, -3.118080
27, 16, -63.069248
27, 17, 16.869824
27, 18, 31.640384
27, 19, -31.573632
27, 20, 29.288320
27, 21, -14.826112
27, 22, 28.369856
27, 23, -26.449728
27, 24, -59.001024
27, 25, -56.000000
27, 26, -13.052160
27, 27, 37.744704
27, 28, -36.486336
27, 29, -37.945344
27, 30, 4.636608
27, 31, -23.367040
27, 33, -0.809792
27, 34, 22.067904
27, 35, 12.428096
27, 36, 0.577728
27, 37, -13.796864
27, 38, 6.850368
27, 39, -3.537792
27, 40, -38.484416
27, 42, -21.622720
27, 43, 4.380672
27, 44, 0.804352
27, 45, -8.192448
27, 46, 16.368320
27, 47, 16.428928
27, 48, 13.998784
27, 50, -30.423488
28, 3, 64.119232
28, 5, 1.100160
28, 6, 37.031424
28, 7, 9.893568
28, 8, -3.126912
28, 9, -18.239552
28, 12, -12.121344
28, 14, -52.960128
28, 16, -48.990976
28, 17, 54.458112
28, 18, 16.139584
28, 19, -20.136704
28, 20, -9.459776
28, 21, -23.786496
28, 22, 38.573824
28, 23, -7.150528
28, 24, -68.087872
28, 26, -36.155840
28, 27, 22.756864
28, 28, -28.551936
28, 29, -58.822656
28, 30, -11.657472
28, 31, -48.262976
28, 33, 42.950720
28, 34, 7.249664
28, 35, 7.743040
28, 36, 3.940032
28, 37, 33.796864
28, 38, 9.854848
28, 39, -6.201216
28, 40, 5.268352
28, 41, -18.689472
28, 42, -20.807744
28, 43, 1.357376
28, 44, 14.135040
28, 45, -11.854336
28, 46, -18.607680
28, 47, -15.910272
28, 48, -4.386304
28, 49, -82.830528
28, 50, -0.841344
29, 1, 61.902208
29, 5, 22.506240
29, 6, 20.492480
29, 7, 42.735168
29, 8, -41.873088
29, 9, -31.104832
29, 10, -7.770048
29, 11, 77.760256
29, 16, -4.882304
29, 18, -24.679616
29, 19, -17.718784
29, 20, -14.938944
29, 21, 5.367168
29, 22, 21.662656
29, 23, 5.898880
29, 24, -76.280064
29, 25, 6.357440
29, 26, -39.270144
29, 27, -15.400704
29, 30, 1.864192
29, 31, -60.484224
29, 34, 3.019264
29, 35, 25.580160
29, 36, -0.956864
29, 38, -4.082048
29, 39, -40.180224
29, 40, 27.618368
29, 41, 5.108928
29, 42, -15.238912
29, 43, 4.747776
29, 44, 6.539648
29, 45, -22.647232
29, 46, -25.615680
29, 48, -2.117056
29, 49, -79.169472
29, 50, -17.812672
30, 1, 33.713408
30, 2, -39.230912
30, 3, 33.412160
30, 4, 31.708544
30, 5, 12.757504
30, 6, -21.408256
30, 9, -32.336256
30, 10, 15.275200
30, 11, 75.918336
30, 12, 54.495488
30, 14, 50.303488
30, 16, 31.700160
30, 17, -28.688192
30, 19, -5.857472
30, 20, 18.010496
30, 22, -13.605440
30, 23, -6.826560
30, 25, 4.789440
30, 26, -18.580288
30, 28, -20.506560
30, 29, -22.736320
30, 30, 27.756288
30, 32, -9.867648
30, 33, -62.000000
30, 34, 12.054016
30, 35, 45.635520
30, 36, -8.829760
30, 37, 45.295872
30, 38, -15.074176
30, 39, -65.217728
30, 40, 6.785216
30, 41, -15.105472
30, 42, -36.347008
30, 43, 37.613248
30, 45, -19.173184
30, 47, 27.661056
30, 48, -15.010688
30, 50, -40.795712
31, 1, -11.395776
31, 2, -36.626176
31, 3, 10.448384
31, 4, -9.536064
31, 5, 18.405120
31, 6, -34.609856
31, 7, -70.856960
31, 8, 27.279936
31, 9, -23.774656
31, 10, 41.465728
31, 11, 78.924032
31, 12, 41.209024
31, 13, -27.321792
31, 14, 34.364992
31, 15, 9.296576
31, 16, 35.221248
31, 17, -4.087232
31, 18, 63.000000
31, 19, -8.569152
31, 20, 29.898624
31, 21, 40.789056
31, 22, -39.770624
31, 23, -1.621760
31, 24, -44.066240
31, 25, -14.819136
31, 26, -22.093120
31, 28, -35.277824
31, 29, 11.769216
31, 30, 20.807872
31, 32, -1.898240
31, 34, 32.809088
31, 35, 53.101824
31, 36, -10.866560
31, 37, 6.389184
31, 38, -18.350016
31, 39, -63.768064
31, 42, -35.560128
31, 43, 69.054016
31, 44, -85.000000
31, 45, -35.916800
31, 46, -25.804992
31, 47, 20.338944
31, 48, -4.396352
31, 50, -33.845632
32, 1, -19.670656
32, 2, -32.803584
32, 3, 5.902080
32, 4, -35.484480
32, 5, 5.050304
32, 6, -30.087360
32, 7, -51.096960
32, 8, 26.615232
32, 9, -55.376704
32, 10, 61.083968
32, 11, 76.448192
32, 12, 33.010816
32, 13, 6.397184
32, 14, -4.910976
32, 16, 38.979328
32, 17, 6.009728
32, 19, -11.413824
32, 20, 8.542016
32, 21, -10.471872
32, 22, -57.511872
32, 23, 29.495552
32, 24, -52.419008
32, 25, -10.251840
32, 26, -3.319616
32, 28, -30.377920
32, 29, 34.241152
32, 30, 8.289216
32, 33, -49.000000
32, 35, 30.006464
32, 36, 23.889856
32, 37, -9.877568
32, 38, -27.940992
32, 39, -58.968064
32, 40, -12.163712
32, 42, -20.115840
32, 46, -43.195008
32, 48, 10.377984
32, 49, 37.273408
32, 50, -16.865856
33, 1, -23.173760
33, 2, -50.541184
33, 3, -10.242752
33, 4, -30.306816
33, 6, -3.778432
33, 7, -23.240960
33, 8, 11.558592
33, 11, 59.282368
33, 12, 58.188416
33, 13, -6.818496
33, 14, -24.240384
33, 15, 55.000000
33, 16, 22.880256
33, 17, -3.995968
33, 18, -31.067904
33, 19, -0.805312
33, 20, 18.082432
33, 21, -43.501568
33, 22, -53.223424
33, 23, 41.272256
33, 24, -62.542656
33, 25, 33.374656
33, 26, -1.022656
33, 27, -51.780800
33, 28, -6.473920
33, 29, 16.794688
33, 32, -1.628928
33, 34, 11.000000
33, 35, -4.191424
33, 37, -22.935744
33, 38, -48.365184
33, 40, 27.692224
33, 42, 5.052672
33, 45, 24.037952
33, 47, -96.915264
33, 48, -13.867456
33, 49, 27.209472
33, 50, 0.327616
34, 1, -45.639872
34, 2, -57.463552
34, 3, 1.408000
34, 4, -19.141248
34, 6, 22.258624
34, 8, 3.860096
34, 9, -51.848128
34, 10, 14.038656
34, 11, 40.279744
34, 12, 71.423168
34, 13, 7.333376
34, 14, -12.917056
34, 16, -30.199680
34, 17, 8.182272
34, 18, -10.932096
34, 19, 4.485696
34, 20, 52.362688
34, 21, -51.654784
34, 23, 49.515392
34, 24, -64.508032
34, 26, -35.574656
34, 27, -49.178048
34, 28, 32.892288
34, 29, -10.622976
34, 30, 4.000000
34, 31, -26.856064
34, 32, 12.342144
34, 33, 31.415360
34, 35, -4.441344
34, 36, -30.608064
34, 37, -33.605824
34, 40, 43.525504
34, 41, 22.254208
34, 42, 23.253440
34, 43, -6.685056
34, 44, 36.867264
34, 45, 4.599552
34, 46, 85.000000
34, 47, -71.487040
34, 48, -43.248512
34, 49, 14.051712
34, 50, 5.012864
35, 1, -62.154112
35, 2, -44.654912
35, 3, 21.184320
35, 4, 5.987264
35, 7, -56.728960
35, 8, 14.419776
35, 9, -37.406528
35, 10, 23.874368
35, 11, 46.797312
35, 12, 61.661696
35, 13, 39.277824
35, 14, 32.349056
35, 17, 47.651712
35, 19, 23.366080
35, 21, -35.835968
35, 22, -52.818496
35, 23, 41.637312
35, 24, -63.506944
35, 25, -10.771136
35, 27, -29.765568
35, 28, 36.536192
35, 29, -6.659648
35, 32, 7.023872
35, 33, 11.584640
35, 34, -10.210048
35, 35, 0.303232
35, 36, 4.354240
35, 38, 39.993536
35, 40, 25.382144
35, 43, -4.713856
35, 44, 36.342208
35, 45, 10.472064
35, 48, -46.716032
35, 49, 18.020800
35, 50, -28.692032
36, 1, -66.059712
36, 2, -35.600512
36, 3, 9.047040
36, 4, 40.475456
36, 6, -93.000000
36, 7, -16.439680
36, 8, 18.172480
36, 9, -45.192128
36, 10, 1.810624
36, 11, 26.561088
36, 12, 38.494656
36, 18, -31.839232
36, 19, 15.645632
36, 20, 15.375808
36, 21, -12.256896
36, 22, -38.193024
36, 23, 35.534400
36, 25, -20.228864
36, 26, -58.365504
36, 27, 9.274048
36, 28, 2.006272
36, 29, -4.030336
36, 30, -14.576320
36, 31, -6.891520
36, 32, -3.384576
36, 34, 5.329856
36, 35, 0.373184
36, 36, 19.032448
36, 37, 0.000000
36, 38, -1.064512
36, 39, 32.162752
36, 40, -17.971264
36, 42, 32.860224
36, 43, -25.117056
36, 44, 40.024192
36, 45, 4.263040
36, 46, 44.338944
36, 49, -0.103424
36, 50, -36.480384
37, 1, -52.672832
37, 2, -24.313920
37, 4, 49.684480
37, 5, -13.000000
37, 8, 29.026752
37, 10, -5.880384
37, 11, -29.454592
37, 12, -3.529536
37, 13, -34.779904
37, 14, -22.721280
37, 16, -43.000000
37, 17, -41.355840
37, 18, 14.839232
37, 19, -21.954944
37, 20, 12.121472
37, 21, -20.038912
37, 22, -39.732992
37, 23, 48.746240
37, 24, 19.071808
37, 26, -42.471104
37, 27, 23.142848
37, 28, -30.865536
37, 29, -6.639104
37, 30, -5.423680
37, 31, 10.756480
37, 32, -8.898560
37, 33, -15.661248
37, 34, 6.860992
37, 35, 18.159808
37, 36, 13.664128
37, 38, -33.072896
37, 39, 56.385152
37, 40, -41.002368
37, 42, 42.063488
37, 44, 45.177472
37, 45, 1.506304
37, 46, 9.598208
37, 48, -11.745984
37, 49, -26.004992
37, 50, -20.109504
38, 1, -15.633728
38, 2, 5.064128
38, 4, 47.539328
38, 6, 8.797824
38, 8, 11.325824
38, 10, -15.427392
38, 12, -20.781568
38, 13, -13.640576
38, 14, 0.362944
38, 15, 29.487488
38, 17, -33.019264
38, 19, -35.446144
38, 20, -19.156736
38, 21, -7.657024
38, 22, -39.398336
38, 23, 37.760448
38, 24, 3.845632
38, 25, -32.974656
38, 26, -21.255936
38, 28, -31.357696
38, 29, 10.631296
38, 31, 33.556480
38, 32, -10.945408
38, 33, 27.661248
38, 34, -5.154624
38, 35, 25.273600
38, 36, 21.283136
38, 37, -22.424256
38, 38, -49.266560
38, 39, 10.737024
38, 40, -28.510464
38, 42, 17.689408
38, 43, 62.000000
38, 44, 38.313728
38, 45, -22.491712
38, 48, 29.745984
38, 49, -31.047424
39, 1, 31.920512
39, 2, 15.600128
39, 3, 74.433152
39, 4, 42.070784
39, 5, 15.866752
39, 6, -4.174976
39, 8, -21.108672
39, 9, -1.954176
39, 10, -46.950272
39, 12, -8.093888
39, 13, 32.475584
39, 14, -7.907392
39, 15, 16.194880
39, 16, 1.353600
39, 17, -5.846912
39, 18, 84.000000
39, 19, -35.192064
39, 20, -55.108928
39, 21, 7.631168
39, 22, -18.629888
39, 23, 6.718400
39, 24, 16.872256
39, 25, -21.590976
39, 26, -47.540096
39, 27, -30.065600
39, 28, -7.874432
39, 29, 0.040640
39, 30, 54.064256
39, 32, -13.096192
39, 34, -11.834496
39, 35, 19.507904
39, 36, 34.470144
39, 37, -26.924992
39, 38, -31.058944
39, 39, -29.107968
39, 41, -52.485184
39, 42, -27.734912
39, 44, 42.712384
39, 45, -15.683200
39, 49, -30.537600
40, 1, 46.927168
40, 2, 6.739072
40, 3, 59.498752
40, 4, 26.319232
40, 5, -5.340480
40, 6, -8.610176
40, 7, 43.183168
40, 8, -36.472832
40, 9, 2.774080
40, 10, -73.373568
40, 13, 48.074240
40, 14, -5.010944
40, 15, 16.032640
40, 16, -21.851392
40, 17, -13.925376
40, 19, -26.637632
40, 20, -65.063168
40, 21, -7.297664
40, 22, -17.951488
40, 23, -6.759552
40, 24, 54.896512
40, 27, -12.224576
40, 28, 6.049216
40, 29, -15.557056
40, 30, 28.395328
40, 31, -78.243200
40, 32, -11.146048
40, 33, -95.000000
40, 34, -27.781376
40, 35, 4.902848
40, 36, 60.088384
40, 37, -11.991424
40, 38, 3.529536
40, 39, -52.246400
40, 40, -37.781824
40, 41, -31.735744
40, 42, -49.957888
40, 43, -1.059200
40, 45, 20.183168
40, 47, -15.457408
40, 48, -15.816960
40, 50, 12.135424
41, 1, 43.018816
41, 2, 25.251648
41, 3, 60.609152
41, 4, 24.420032
41, 5, 14.803200
41, 7, 17.387904
41, 8, -12.947520
41, 9, 35.680960
41, 12, -45.795520
41, 13, 43.028096
41, 14, -35.441856
41, 15, 13.199040
41, 16, -23.009024
41, 17, -35.835392
41, 18, 59.446144
41, 19, -2.185664
41, 20, -62.340096
41, 22, -20.992576
41, 23, -37.687168
41, 26, 61.372992
41, 27, -6.050880
41, 28, 4.443584
41, 29, -26.836096
41, 30, 30.530816
41, 31, -76.667136
41, 32, -14.049920
41, 34, -59.234880
41, 35, 3.758976
41, 36, 76.459200
41, 37, 3.536640
41, 38, 12.985216
41, 39, -44.511424
41, 40, 9.206592
41, 41, -34.009600
41, 42, -42.146432
41, 43, -23.940800
41, 44, -3.619328
41, 45, 26.177600
41, 46, -29.796672
41, 47, 6.104192
41, 48, -16.516096
41, 49, 71.573248
41, 50, 43.864576
42, 2, 17.689984
42, 5, 40.621760
42, 6, 0.042624
42, 7, -3.770624
42, 8, 13.145664
42, 9, 42.099840
42, 12, -35.881024
42, 13, 35.952384
42, 14, -51.154432
42, 15, 35.787904
42, 16, -9.438848
42, 17, -18.935360
42, 18, 31.097600
42, 19, 13.455872
42, 22, -17.007168
42, 23, -46.665856
42, 24, 7.000000
42, 27, -27.372736
42, 28, -1.609216
42, 29, -40.307520
42, 30, 24.826304
42, 31, -76.366976
42, 32, -12.400128
42, 33, -68.702976
42, 35, 11.841088
42, 37, -2.200512
42, 38, 13.998912
42, 39, -11.094016
42, 40, 28.460544
42, 41, -33.294976
42, 42, -10.917568
42, 44, -6.680384
42, 45, 28.219200
42, 47, -14.433408
42, 48, -2.233984
42, 49, 43.771072
43, 1, 37.391232
43, 2, -22.027840
43, 3, 40.516928
43, 4, -3.291840
43, 5, 35.930048
43, 6, -6.718400
43, 7, -46.415488
43, 8, 3.308480
43, 9, 22.681344
43, 10, -23.988736
43, 11, 32.593344
43, 12, -21.603520
43, 13, 26.076032
43, 14, -48.978624
43, 15, 24.149504
43, 16, 14.344064
43, 17, 25.901312
43, 18, 11.111936
43, 20, 82.033856
43, 22, -11.963712
43, 23, -26.988096
43, 25, -42.721984
43, 27, -33.835840
43, 28, -23.947712
43, 30, 35.523136
43, 31, -67.684992
43, 32, -9.115072
43, 33, -45.822336
43, 34, -66.203520
43, 35, 18.007936
43, 36, -67.440832
43, 37, 0.133568
43, 38, 25.246144
43, 39, 18.964800
43, 40, 9.416448
43, 42, 12.423296
43, 43, -53.682944
43, 44, 23.020160
43, 45, 46.924544
43, 46, -59.000000
43, 48, 11.565760
43, 49, 10.208128
44, 1, 23.934720
44, 2, -38.677120
44, 3, 44.483072
44, 4, -24.600896
44, 6, -7.579392
44, 7, -63.342848
44, 8, 4.129088
44, 9, 20.462976
44, 10, -17.167232
44, 12, 23.512384
44, 13, 34.799616
44, 14, -26.999104
44, 15, -9.153088
44, 17, 33.292480
44, 18, 34.535680
44, 19, -88.000000
44, 20, 89.966144
44, 21, 48.000960
44, 22, -15.682560
44, 23, -13.567168
44, 24, 14.644224
44, 25, -55.319424
44, 27, -22.470848
44, 28, -34.783680
44, 29, 17.991680
44, 30, 34.542464
44, 31, -48.336256
44, 32, 9.053632
44, 33, -16.980288
44, 34, -41.796480
44, 35, 5.493824
44, 36, -51.978496
44, 37, 15.276736
44, 38, 23.785984
44, 40, -19.251392
44, 41, 16.401792
44, 42, 19.605952
44, 43, -62.170304
44, 44, 31.054720
44, 45, 55.143424
44, 47, -48.515840
44, 49, -15.879872
45, 1, 25.037184
45, 2, -32.474880
45, 4, -43.911360
45, 5, 15.093056
45, 6, -14.747008
45, 7, -54.114368
45, 8, -6.225024
45, 9, 11.513664
45, 10, 22.227904
45, 11, -34.212160
45, 12, 47.570240
45, 13, 37.929856
45, 14, 4.682368
45, 16, -47.101760
45, 17, -2.443072
45, 21, 17.122304
45, 22, -17.548480
45, 23, 3.814592
45, 24, -14.644224
45, 25, -47.815488
45, 26, 49.049600
45, 27, -5.398976
45, 28, -27.943744
45, 29, -10.991680
45, 30, 8.567360
45, 31, -35.278592
45, 32, 32.044608
45, 33, 22.435136
45, 35, 15.132160
45, 36, -29.144256
45, 37, 25.995904
45, 38, 36.563456
45, 40, -18.411136
45, 41, -1.049664
45, 42, 46.097472
45, 43, -55.786176
45, 44, 32.514432
45, 46, -31.844864
45, 47, -15.766528
45, 48, 66.322112
45, 49, -22.859456
46, 1, 17.881472
46, 2, -17.540224
46, 4, -25.223936
46, 5, 45.906944
46, 6, 2.410624
46, 7, -33.360640
46, 8, -41.960256
46, 9, -22.673984
46, 10, 32.004544
46, 11, -2.920128
46, 13, 50.116032
46, 14, 4.667712
46, 16, -34.898240
46, 17, -39.294144
46, 19, -18.449408
46, 20, 49.519360
46, 21, 16.916096
46, 22, -7.680768
46, 23, 36.453184
46, 25, -44.623552
46, 26, 61.889920
46, 27, 15.064064
46, 28, -9.526272
46, 30, -2.515456
46, 31, -39.986432
46, 32, 31.745920
46, 34, -42.727104
46, 35, 30.484352
46, 36, -9.200448
46, 37, 19.600960
46, 38, 35.932288
46, 40, -20.476224
46, 41, -26.217664
46, 42, 56.914816
46, 43, -24.951488
46, 44, 28.445696
46, 45, -73.000000
46, 46, -31.997120
46, 47, 19.941824
46, 48, 51.677888
46, 50, 30.627392
47, 1, -19.214272
47, 2, -20.873600
47, 3, 34.476992
47, 4, 27.434496
47, 6, -5.276544
47, 7, 2.570560
47, 8, -60.863360
47, 9, -18.925120
47, 10, 12.449152
47, 11, -6.312384
47, 12, 67.982976
47, 13, 37.543936
47, 17, -57.064960
47, 19, 29.449408
47, 20, 48.879360
47, 21, 8.365632
47, 22, 9.350976
47, 23, 44.606080
47, 24, -33.000000
47, 25, -31.253824
47, 27, 45.186368
47, 28, -0.333440
47, 29, 99999.000000
47, 31, -61.491840
47, 32, 29.391104
47, 34, -25.933568
47, 37, -0.779776
47, 38, 2.804416
47, 39, 39.569728
47, 40, -50.275072
47, 41, -41.502272
47, 42, 44.801472
47, 43, 3.659584
47, 44, 16.298432
47, 46, -21.711936
47, 47, 21.634688
47, 49, 29.058688
48, 1, -28.531776
48, 3, 23.072256
48, 4, 47.903360
48, 5, -35.516672
48, 6, -13.172224
48, 7, 14.729856
48, 8, -52.453440
48, 9, 16.836160
48, 10, 7.552960
48, 11, 0.978368
48, 13, 10.718784
48, 15, 2.686208
48, 16, -53.332224
48, 17, -49.165376
48, 20, 65.903360
48, 21, -37.930304
48, 22, -7.262592
48, 23, 39.253632
48, 25, -16.368000
48, 26, -92.000000
48, 27, 64.219648
48, 30, -62.867200
48, 32, 19.287552
48, 34, -19.626432
48, 35, -32.957824
48, 36, 39.541312
48, 37, -32.646464
48, 38, -5.487616
48, 39, -3.840768
48, 41, -29.558336
48, 42, 42.990464
48, 43, 3.900608
48, 44, 0.583616
48, 45, 52.959424
48, 46, -28.190976
48, 47, 30.605376
48, 48, 2.432192
48, 49, 25.137408
48, 50, 8.148224
49, 1, -29.492160
49, 3, 1.859584
49, 4, 46.809216
49, 5, -1.158272
49, 6, -18.087296
49, 7, 38.107072
49, 8, -18.350784
49, 9, 29.460224
49, 10, 34.487232
49, 11, 18.294784
49, 13, 19.331264
49, 16, -37.191424
49, 17, -37.767040
49, 18, -54.000192
49, 19, -25.550784
49, 21, -60.413504
49, 22, -28.457600
49, 24, -76.000000
49, 25, 11.934656
49, 27, 67.682496
49, 28, -39.356160
49, 29, 14.237184
49, 30, -42.099200
49, 31, 30.313408
49, 32, -23.932992
49, 33, -8.456384
49, 34, -27.605632
49, 35, 3.957824
49, 36, 12.446912
49, 37, -26.710400
49, 38, 16.423296
49, 39, -35.222976
49, 40, 20.211840
49, 41, 18.736064
49, 42, 53.360256
49, 43, 27.309888
49, 45, 19.874624
49, 48, -5.846208
49, 49, 27.985344
49, 50, 21.191424
50, 1, -22.308736
50, 3, -13.499392
50, 4, 57.331520
50, 5, 3.907328
50, 6, -52.601984
50, 8, 13.962048
50, 10, 47.155712
50, 13, 35.716992
50, 14, -40.152448
50, 15, 61.000000
50, 16, -36.948224
50, 17, -35.547136
50, 18, -17.999808
50, 19, -37.449216
50, 20, 4.000000
50, 22, -15.041408
50, 23, 75.000000
50, 25, 34.908864
50, 26, 68.000000
50, 27, 66.353536
50, 28, 3.356160
50, 29, 33.762816
50, 30, -43.411200
50, 31, 58.686592
50, 32, -46.308096
50, 33, 19.745984
50, 34, -59.002944
50, 36, -39.818688
50, 37, 18.081856
50, 39, -59.125888
50, 40, 24.788160
50, 41, 53.656384
50, 42, 64.514432
50, 43, 46.015296
50, 44, -53.000000
50, 45, 6.367424
50, 46, -72.000000
50, 47, -8.000000
50, 48, -45.183808
50, 49, 19.582592
50, 50, 50.132224
