1, 1, 33.000000
1, 3, -19.156523
1, 4, 29.164822
1, 6, 23.333619
1, 7, 9.176962
1, 8, 33.665818
1, 9, -28.138681
1, 10, -19.000000
1, 11, 12.635329
1, 12, 99999.000000
1, 13, -86.000000
1, 14, -58.808903
1, 15, -38.000000
1, 16, 23.488985
1, 18, -85.000000
1, 19, -50.685058
1, 20, -33.433311
1, 21, 6.767436
1, 22, -4.796716
1, 23, 31.706924
1, 24, 18.369031
1, 25, -51.096602
1, 26, 99999.000000
1, 27, 62.000000
1, 28, 4.472003
1, 29, -41.000000
1, 30, -38.840304
1, 32, -13.923789
1, 33, -47.220520
1, 34, -16.406408
1, 35, -23.465487
1, 37, -82.000000
1, 38, -87.000000
1, 39, 82.000000
1, 40, 8.776898
1, 41, 17.753465
1, 42, -23.780738
1, 43, -32.594623
1, 45, 0.819691
1, 46, -81.000000
1, 47, -30.782998
1, 49, 45.000000
1, 50, 15.071232
2, 2, 29.424496
2, 3, -19.766800
2, 4, 24.235710
2, 5, -32.170230
2, 6, 17.593318
2, 7, 10.392032
2, 8, 35.334182
2, 9, -17.451608
2, 11, 14.265157
2, 14, -57.191097
2, 16, 0.252782
2, 17, -40.295180
2, 18, -91.303339
2, 19, -47.407679
2, 20, -28.138694
2, 21, -3.204325
2, 22, -7.242806
2, 23, 23.037381
2, 24, 14.555701
2, 25, -43.488027
2, 26, -26.740185
2, 28, 7.225386
2, 30, -32.225738
2, 31, 14.916789
2, 32, -16.504431
2, 33, -49.398466
2, 34, -16.196706
2, 35, -18.674033
2, 36, -70.778061
2, 40, 1.967616
2, 41, 17.441081
2, 42, -21.176696
2, 43, -30.662891
2, 44, 6.087464
2, 45, 6.676945
2, 47, -25.466868
2, 48, -7.095237
2, 50, 17.111687
3, 1, -27.952744
3, 2, 49.684228
3, 3, -22.942037
3, 4, 12.913891
3, 5, -37.506928
3, 6, 8.230942
3, 7, 10.035955
3, 9, -25.261250
3, 11, 13.909102
3, 12, 34.068012
3, 13, 99999.000000
3, 15, -25.039427
3, 16, 31.542049
3, 17, -5.358405
3, 18, 99999.000000
3, 19, -42.260563
3, 20, -20.675412
3, 21, -13.097788
3, 22, -20.902843
3, 23, 14.324747
3, 24, 11.819346
3, 25, -35.082710
3, 26, -9.091512
3, 27, -17.328125
3, 28, 8.659597
3, 29, 52.788589
3, 30, -35.941201
3, 31, 11.549459
3, 32, -16.470948
3, 33, -49.999337
3, 34, -15.691397
3, 35, -9.287957
3, 36, -70.221939
3, 37, -79.000000
3, 38, 43.901432
3, 39, 15.131488
3, 40, -3.780631
3, 41, 15.928104
3, 42, -21.418506
3, 43, -30.813355
3, 44, 4.305241
3, 45, 10.450967
3, 47, -17.429846
3, 48, -9.705826
3, 49, -42.873398
3, 50, 18.639984
4, 1, -26.179112
4, 2, 13.730805
4, 3, -24.962258
4, 4, 1.220516
4, 5, -42.449995
4, 6, -3.201389
4, 8, -50.116052
4, 9, -16.455560
4, 10, -95.000000
4, 11, 11.366637
4, 12, 32.107788
4, 14, 13.639663
4, 15, -26.960573
4, 16, 99999.000000
4, 17, -45.986011
4, 18, 97.000000
4, 19, -39.902231
4, 20, -18.252038
4, 21, -20.955773
4, 22, -20.510156
4, 23, 3.532857
4, 24, 15.076146
4, 25, -23.008738
4, 26, -31.653791
4, 27, -13.316584
4, 29, 53.902142
4, 30, -26.211443
4, 31, 9.109259
4, 32, -13.311713
4, 33, -48.732362
4, 34, -16.780952
4, 35, -2.523273
4, 38, 39.098568
4, 39, 8.773965
4, 40, -9.692919
4, 43, -36.656812
4, 44, -5.532752
4, 45, 15.308287
4, 46, 99999.000000
4, 47, -6.238010
4, 48, -11.604952
4, 49, -42.328168
4, 50, 17.660010
5, 1, -20.972149
5, 2, 50.730798
5, 3, -26.754829
5, 4, -9.666651
5, 5, -49.331858
5, 6, -11.581682
5, 7, 21.144209
5, 8, -43.961437
5, 9, -33.227396
5, 11, 5.303843
5, 12, 29.450922
5, 13, 11.166987
5, 14, 17.609752
5, 16, -45.492797
5, 17, 7.680677
5, 18, 99999.000000
5, 19, -38.590728
5, 21, -25.980542
5, 22, 99999.000000
5, 23, -4.228147
5, 24, 19.884341
5, 25, -14.736450
5, 26, -26.076726
5, 27, -6.395444
5, 28, -64.000000
5, 29, 57.298305
5, 30, 99999.000000
5, 31, 9.624205
5, 32, -8.221023
5, 33, -43.012877
5, 34, -15.174313
5, 35, 3.983968
5, 36, 25.639917
5, 39, -0.717009
5, 40, -11.569123
5, 41, 42.681474
5, 43, -37.964527
5, 44, -10.924085
5, 45, 15.171779
5, 46, -92.000000
5, 47, 1.239070
5, 49, -44.964132
5, 50, 17.046005
6, 1, -12.699322
6, 2, -7.233267
6, 3, -25.361969
6, 5, -52.664652
6, 6, -16.279384
6, 7, 13.460581
6, 8, -41.690901
6, 9, 99999.000000
6, 10, 7.269725
6, 11, -4.195323
6, 13, 8.890150
6, 14, 21.668393
6, 15, 99999.000000
6, 16, -10.493381
6, 17, 99999.000000
6, 18, 29.305883
6, 19, -36.670252
6, 20, -30.095226
6, 21, -29.496846
6, 22, 48.097242
6, 23, -9.612547
6, 24, 27.587990
6, 25, -7.827928
6, 26, -35.755900
6, 27, -1.226140
6, 28, 99999.000000
6, 30, -23.000000
6, 31, 13.503663
6, 32, -2.455859
6, 33, -34.182999
6, 34, -15.062125
6, 35, 4.691077
6, 36, 22.247135
6, 38, -25.989204
6, 39, -7.426349
6, 40, -15.053111
6, 41, 36.244435
6, 42, -55.309011
6, 43, -45.438494
6, 44, -24.327211
6, 47, 7.472107
6, 49, -47.987829
7, 1, -2.337584
7, 2, 99999.000000
7, 3, -24.150264
7, 4, -18.289665
7, 6, -14.638602
7, 7, 3.212721
7, 8, -35.149473
7, 9, 1.318755
7, 10, 3.145993
7, 11, -15.933808
7, 12, 19.396603
7, 13, 4.395691
7, 14, 24.029971
7, 15, 43.000000
7, 16, -33.250552
7, 17, -66.000000
7, 18, -29.000000
7, 19, -38.259546
7, 20, -23.790418
7, 21, -32.652763
7, 22, 16.041590
7, 23, -14.678777
7, 25, -4.638227
7, 26, -34.350740
7, 27, 4.896246
7, 28, -52.000000
7, 29, -19.943668
7, 31, 19.993941
7, 32, 3.207859
7, 33, -22.031395
7, 34, -9.909052
7, 35, 4.204548
7, 36, 15.738474
7, 38, -24.546027
7, 39, -13.822554
7, 40, -13.994255
7, 41, 25.125184
7, 42, -52.343463
7, 43, -41.048470
7, 44, -32.209828
7, 46, -8.811650
7, 47, 9.990709
7, 50, 20.671083
8, 1, 5.679277
8, 4, -24.710335
8, 5, -4.820330
8, 6, -7.772840
8, 8, -30.818597
8, 9, -41.240185
8, 10, -3.930894
8, 11, -27.071293
8, 12, 17.117957
8, 13, 4.342196
8, 14, 24.452498
8, 16, -14.577531
8, 19, -37.260482
8, 20, -14.670759
8, 21, -35.197105
8, 22, 37.259138
8, 23, -15.896832
8, 24, -2.000000
8, 25, -7.699408
8, 26, -33.800372
8, 27, 7.471198
8, 29, -22.296950
8, 30, -27.638857
8, 32, 5.868237
8, 33, -9.430849
8, 34, -6.824909
8, 35, -1.338492
8, 36, 3.321459
8, 37, -42.475154
8, 38, -25.264596
8, 39, -16.460673
8, 41, 9.559617
8, 42, -53.483650
8, 43, 99999.000000
8, 44, -44.557917
8, 45, -16.084267
8, 46, -2.970351
8, 47, 11.336157
8, 48, 6.357263
8, 49, 14.000000
8, 50, 17.900014
9, 3, -18.108621
9, 5, 0.781408
9, 6, 3.853067
9, 8, -21.405701
9, 9, -6.171738
9, 10, -7.750977
9, 11, -35.785046
9, 12, 18.752358
9, 13, 5.481220
9, 14, 21.389215
9, 15, 23.000000
9, 16, -21.791140
9, 17, 60.000000
9, 18, -12.000000
9, 19, -40.565534
9, 20, -11.022940
9, 21, -38.642191
9, 22, 17.059294
9, 23, -19.280217
9, 25, -13.465701
9, 26, -33.374955
9, 27, 9.205777
9, 29, -25.826466
9, 30, -21.328080
9, 31, -68.000000
9, 32, 8.201669
9, 33, 5.076623
9, 34, 1.947221
9, 35, -4.021238
9, 36, -8.303182
9, 37, -36.354652
9, 38, -24.704236
9, 39, -19.780802
9, 40, -23.680686
9, 41, -2.694017
9, 43, -3.951988
9, 44, -48.895646
9, 45, -6.009220
9, 46, -0.442415
9, 47, 11.659268
9, 48, 2.197828
9, 50, 13.385045
10, 1, 6.809185
10, 2, -36.868362
10, 3, -18.810447
10, 4, -21.827089
10, 5, 7.247048
10, 6, 16.689811
10, 7, -8.712580
10, 8, -14.279139
10, 9, -23.388927
10, 10, -13.154353
10, 13, 10.015397
10, 14, 17.499338
10, 16, -11.455798
10, 18, 99999.000000
10, 19, -39.510054
10, 20, -8.342016
10, 21, -42.005735
10, 22, 25.970473
10, 23, -19.593234
10, 24, -23.706177
10, 25, -23.802960
10, 26, -28.224713
10, 27, 12.322025
10, 29, -31.614506
10, 30, -17.301986
10, 32, 7.502375
10, 33, 16.614740
10, 34, 6.048164
10, 35, -5.740346
10, 36, -20.697131
10, 37, -37.075226
10, 38, -23.318425
10, 40, -12.640325
10, 41, -13.702469
10, 42, -51.167271
10, 43, 47.000000
10, 45, 5.659436
10, 46, -2.591601
10, 47, 15.374424
10, 48, -4.611630
10, 49, -7.458334
10, 50, 13.043776
11, 1, 12.913799
11, 2, -38.622208
11, 3, -20.274651
11, 4, -13.638621
11, 5, 12.553612
11, 6, 26.400202
11, 7, -8.354672
11, 8, -2.331214
11, 9, 3.531973
11, 10, -14.727889
11, 11, -32.768818
11, 12, -16.000000
11, 13, 13.598247
11, 14, 9.654613
11, 15, 0.000000
11, 16, -6.529611
11, 17, -13.497673
11, 20, -10.131288
11, 21, -43.661984
11, 22, 17.483344
11, 23, -22.380844
11, 24, -18.628654
11, 25, -31.672319
11, 26, -24.386348
11, 27, 17.528563
11, 28, 9.626391
11, 30, -14.828478
11, 32, 7.045387
11, 33, 29.262164
11, 34, 13.956037
11, 35, -2.394991
11, 36, -27.025351
11, 37, -35.391695
11, 38, -19.434866
11, 39, 5.830910
11, 40, 1.566032
11, 41, -15.864652
11, 42, -53.460821
11, 44, 18.162508
11, 45, 13.758529
11, 46, -7.796720
11, 47, 20.519204
11, 48, -15.013189
11, 49, 1.951583
11, 50, 12.410087
12, 1, 12.629952
12, 2, -41.411477
12, 3, -22.955223
12, 4, -8.018257
12, 6, 30.331626
12, 7, -8.075028
12, 8, 9.458540
12, 9, 3.642584
12, 10, -15.606515
12, 11, -29.423291
12, 13, 16.623703
12, 14, 1.136683
12, 15, 11.556121
12, 16, -1.088549
12, 17, -9.838346
12, 18, 2.378501
12, 19, -13.182093
12, 20, -10.440548
12, 21, -47.920428
12, 22, 22.018054
12, 23, -19.667550
12, 24, -13.099386
12, 25, -40.133739
12, 26, -15.406776
12, 27, 24.246419
12, 28, 9.373609
12, 29, 80.000000
12, 31, 20.496980
12, 32, 3.940200
12, 33, 37.136779
12, 37, -39.138474
12, 38, -13.856780
12, 39, 0.652659
12, 40, 19.517955
12, 41, -19.263301
12, 42, -56.213857
12, 43, 7.301424
12, 44, 11.562960
12, 45, 18.528960
12, 46, -14.846370
12, 47, 26.757753
12, 48, -23.479406
12, 49, 10.036971
13, 1, 13.345889
13, 2, -46.488381
13, 3, -26.349875
13, 4, 1.578430
13, 5, 47.012050
13, 6, 26.674405
13, 7, -13.408818
13, 8, 21.903338
13, 9, 18.277410
13, 11, -26.186292
13, 12, 99999.000000
13, 14, -9.998695
13, 15, 99999.000000
13, 16, 5.023080
13, 17, -3.529732
13, 18, 0.357520
13, 19, -7.090781
13, 20, -11.164942
13, 21, -45.956152
13, 22, 20.317603
13, 23, -16.068215
13, 24, -11.185824
13, 25, -44.312133
13, 26, -8.296042
13, 27, 29.325127
13, 30, -43.835737
13, 31, 16.503020
13, 32, -0.116924
13, 34, -7.145629
13, 35, -32.275758
13, 36, -44.303339
13, 37, -38.702845
13, 38, -7.024887
13, 39, -3.014492
13, 40, 34.201001
13, 41, -15.676204
13, 43, 0.258243
13, 44, 2.750061
13, 46, -22.848987
13, 48, -33.834406
13, 49, 16.736649
13, 50, 30.750869
14, 1, 9.124279
14, 2, -50.347859
14, 3, -31.213979
14, 4, 6.909291
14, 5, 43.257023
14, 6, 17.945303
14, 7, -18.189260
14, 8, 29.389923
14, 9, 20.503091
14, 10, 24.450156
14, 11, -23.990191
14, 12, 13.525585
14, 13, -15.313494
14, 14, -18.716837
14, 16, 99999.000000
14, 17, 2.061646
14, 18, -0.106978
14, 19, 1.443704
14, 20, -10.271731
14, 21, -53.356114
14, 22, 21.373481
14, 23, -8.147966
14, 24, -12.093394
14, 25, -44.553732
14, 26, 0.585520
14, 27, 35.366277
14, 28, -35.428488
14, 30, -49.736002
14, 32, -4.579374
14, 33, -40.011996
14, 34, 1.145629
14, 35, -25.498700
14, 36, -43.696661
14, 37, -43.060589
14, 38, 2.331563
14, 39, -5.111673
14, 40, 47.597218
14, 41, -17.565421
14, 42, 99999.000000
14, 43, -10.314765
14, 44, -7.096407
14, 46, -29.184032
14, 47, -10.354766
14, 48, -39.856666
14, 50, 24.499913
15, 1, 10.521021
15, 2, -54.787203
15, 3, -33.549175
15, 4, 14.269834
15, 5, 44.409485
15, 6, 6.439592
15, 7, -23.993705
15, 9, 24.928029
15, 10, 21.338330
15, 11, -23.682003
15, 12, -12.043103
15, 13, -8.978575
15, 14, -31.436516
15, 15, 99999.000000
15, 16, 0.720699
15, 18, 0.931123
15, 19, 6.703160
15, 20, -9.670669
15, 21, 99999.000000
15, 22, 16.362157
15, 23, -0.654547
15, 24, -15.432014
15, 25, -41.735745
15, 26, 5.498168
15, 27, 37.934021
15, 28, -31.903650
15, 29, 42.518672
15, 30, -39.929885
15, 31, -84.000000
15, 32, -9.122573
15, 33, -43.706366
15, 35, -10.970813
15, 37, -43.269469
15, 38, 8.903748
15, 39, -6.301144
15, 40, 55.105428
15, 41, -14.954107
15, 42, 40.000000
15, 43, -23.145940
15, 45, -11.576858
15, 46, -31.336792
15, 47, -10.394456
15, 49, 13.610556
15, 50, 17.153340
16, 1, 11.662042
16, 2, -56.087127
16, 3, -34.713148
16, 4, 19.254326
16, 5, 43.894190
16, 6, -2.631770
16, 7, -26.345337
16, 8, -14.091426
16, 10, 22.481986
16, 11, -23.984159
16, 12, 9.977598
16, 13, -6.855219
16, 14, -40.562714
16, 15, -42.348531
16, 16, -4.911015
16, 17, 55.648649
16, 20, -7.653870
16, 21, 27.151594
16, 22, 8.716793
16, 23, 6.275413
16, 24, -17.811705
16, 25, -35.249299
16, 26, 8.591927
16, 27, 39.481019
16, 28, -31.384939
16, 29, 35.856969
16, 30, -51.670514
16, 32, -13.957597
16, 33, -46.225276
16, 34, 2.000000
16, 35, 7.332174
16, 36, 66.000000
16, 38, 18.108991
16, 40, 61.064098
16, 41, -17.754650
16, 43, -33.404481
16, 44, 30.265440
16, 45, -14.981992
16, 46, -30.813991
16, 47, -11.336147
16, 48, -15.079121
16, 49, 8.587941
16, 50, 9.494738
17, 1, 19.248241
17, 2, -55.545846
17, 4, 23.368443
17, 5, 45.294670
17, 6, -7.791297
17, 7, -25.210790
17, 8, -15.902638
17, 9, -32.770780
17, 10, 18.193407
17, 11, -23.159085
17, 12, -5.435833
17, 13, -4.680079
17, 14, -50.334228
17, 15, -2.966975
17, 16, 0.996250
17, 17, 51.351351
17, 18, 24.429627
17, 19, 86.000000
17, 20, -3.447599
17, 21, 8.673465
17, 22, -3.290337
17, 23, 9.073269
17, 25, -30.753769
17, 26, 10.729453
17, 27, 36.963168
17, 28, -35.239464
17, 29, 31.674427
17, 30, -37.012076
17, 31, 99999.000000
17, 32, -21.056852
17, 33, -47.799756
17, 35, 25.875302
17, 38, 20.623120
17, 39, 31.166110
17, 42, -8.444466
17, 43, -39.108029
17, 44, 29.470391
17, 45, -14.605831
17, 46, -27.735093
17, 47, -16.349158
17, 48, -8.605269
17, 49, 6.227232
17, 50, 2.418373
18, 1, 28.443307
18, 2, -52.429982
18, 3, -73.000000
18, 4, 24.194593
18, 5, 40.760413
18, 6, -10.300447
18, 7, -22.367749
18, 8, -19.081083
18, 9, -25.843163
18, 10, 16.894063
18, 12, 5.718622
18, 13, -7.754242
18, 14, -54.554736
18, 15, -38.446299
18, 16, -1.963791
18, 18, 15.521530
18, 20, 3.672229
18, 21, 11.609815
18, 22, -14.830367
18, 24, -30.966613
18, 25, -24.500719
18, 26, 13.482726
18, 27, 33.917320
18, 29, 27.789311
18, 30, 99999.000000
18, 32, -25.447847
18, 34, 23.000000
18, 35, 39.985168
18, 36, 21.879173
18, 37, 73.000000
18, 38, 22.597891
18, 39, 27.471805
18, 40, -1.820000
18, 41, 39.840877
18, 42, -2.848597
18, 44, 26.185221
18, 45, -13.320807
18, 46, -25.826987
18, 47, -19.046355
18, 48, -1.804566
18, 49, 1.067821
18, 50, -4.153946
19, 1, 37.851950
19, 2, -48.722355
19, 4, 24.310200
19, 5, 35.480690
19, 6, -12.483301
19, 7, -18.173849
19, 8, -24.812860
19, 9, -19.241633
19, 10, 10.814874
19, 11, -8.433295
19, 13, -11.085847
19, 14, -57.405794
19, 15, -19.774566
19, 16, -2.630317
19, 17, -63.087803
19, 18, 10.446047
19, 19, -20.467207
19, 20, 10.118164
19, 21, -2.150479
19, 22, -23.851024
19, 23, -5.403013
19, 24, -37.033387
19, 25, -18.632487
19, 26, 18.367709
19, 27, 29.960647
19, 28, 7.963432
19, 29, 27.074514
19, 30, -56.463593
19, 31, -90.000000
19, 33, 15.331715
19, 35, 47.922672
19, 36, 21.120827
19, 38, 18.078707
19, 39, 18.284902
19, 40, -0.403026
19, 41, 35.224958
19, 42, -1.268976
19, 45, -8.005593
19, 46, -22.725289
19, 48, 6.091490
19, 49, 0.038870
19, 50, -11.685227
20, 1, 43.785867
20, 3, 62.000000
20, 4, 24.425826
20, 5, 23.320076
20, 6, -16.685079
20, 8, -31.225073
20, 10, 10.419055
20, 11, -11.461060
20, 15, -35.116654
20, 16, -5.260815
20, 17, -59.001445
20, 18, 4.872722
20, 19, -12.796443
20, 20, 15.698213
20, 21, -1.736051
20, 23, -5.640281
20, 25, -11.913543
20, 27, 28.084679
20, 28, 2.751701
20, 29, 28.051953
20, 30, -78.000000
20, 33, 12.141515
20, 34, 23.337201
20, 37, -35.553576
20, 39, 12.163944
20, 40, 3.645735
20, 41, 32.966816
20, 42, -1.407929
20, 43, 63.000000
20, 44, 10.659346
20, 46, -19.104939
20, 47, 38.697899
20, 49, -4.157195
20, 50, -18.680793
21, 2, 66.000000
21, 4, 26.672822
21, 5, 10.631403
21, 6, -22.949359
21, 7, -26.493592
21, 8, -38.395094
21, 11, -14.778189
21, 12, -44.542247
21, 13, -60.072815
21, 14, 6.753721
21, 15, -28.795941
21, 16, -11.440372
21, 17, -51.494347
21, 18, 3.452026
21, 19, 2.128652
21, 20, 18.588519
21, 21, -3.553420
21, 23, -4.303351
21, 25, -5.386003
21, 28, -8.029444
21, 31, 5.921515
21, 32, -13.000000
21, 33, 13.720478
21, 34, 24.225679
21, 35, -4.904790
21, 36, -40.014457
21, 37, -39.446424
21, 38, 7.809271
21, 39, 5.076245
21, 40, 3.328848
21, 41, 33.905545
21, 42, -6.433476
21, 43, 75.606677
21, 44, 2.262189
21, 45, 13.127687
21, 46, -13.289098
21, 47, 32.174348
21, 48, -35.638364
21, 49, -5.107111
21, 50, -25.246287
22, 1, -96.000000
22, 2, 99999.000000
22, 3, 28.379785
22, 4, 30.529948
22, 5, -7.248843
22, 6, -29.438814
22, 7, -20.501358
22, 10, -19.436119
22, 11, -14.216761
22, 12, -39.510675
22, 13, -55.927185
22, 14, 9.223540
22, 15, -32.980712
22, 16, -15.810376
22, 17, -42.456272
22, 18, 0.078511
22, 19, 16.518015
22, 20, 21.693021
22, 21, 3.439972
22, 22, 80.626391
22, 23, -6.266813
22, 24, -56.414103
22, 25, -0.341208
22, 26, 48.739614
22, 28, -15.350385
22, 31, 2.807077
22, 33, 14.785925
22, 34, 5.526949
22, 35, -1.394068
22, 36, -36.311366
22, 38, 6.084358
22, 39, 5.151175
22, 40, 3.541970
22, 42, -11.920354
22, 43, 99999.000000
22, 44, -7.215233
22, 45, 7.641258
22, 46, -4.585181
22, 47, 27.462696
22, 48, -30.686566
22, 49, -8.721463
22, 50, -28.161234
23, 3, 24.070267
23, 4, 34.911845
23, 5, -23.636164
23, 6, -37.250658
23, 7, -12.807044
23, 8, 2.017964
23, 9, 8.011124
23, 10, -13.026526
23, 11, -14.937688
23, 12, -33.460704
23, 14, 12.674080
23, 16, -25.607191
23, 17, -32.084565
23, 18, 0.859676
23, 19, 30.437238
23, 20, 23.708543
23, 21, 8.339776
23, 22, 80.373609
23, 23, -5.330514
23, 24, -52.083231
23, 25, 3.300446
23, 26, 46.666587
23, 28, -25.467602
23, 30, 24.634882
23, 31, -2.739221
23, 32, 91.000000
23, 33, 19.783653
23, 34, 10.167979
23, 35, 7.462279
23, 36, -33.341349
23, 37, 76.000000
23, 38, 6.346788
23, 39, 5.401632
23, 40, 1.220457
23, 41, 16.768532
23, 42, -17.894190
23, 43, -10.805889
23, 44, -13.910517
23, 45, 1.666197
23, 46, 6.383214
23, 47, 23.583491
23, 48, -29.410661
23, 49, -8.374676
24, 1, 15.488916
24, 2, -73.000000
24, 3, 19.964099
24, 4, 41.226483
24, 5, -37.754837
24, 6, -42.629850
24, 7, -8.437709
24, 8, 6.171489
24, 9, 2.832931
24, 10, -6.428893
24, 11, -13.260803
24, 12, -27.338712
24, 13, 33.000000
24, 14, 19.034835
24, 15, 1.738622
24, 16, -32.068807
24, 17, -21.337579
24, 19, 36.558126
24, 20, 27.569745
24, 21, 13.966314
24, 24, -53.044643
24, 26, 43.585653
24, 27, -33.267736
24, 28, -30.184038
24, 29, -46.938554
24, 30, 19.631296
24, 31, -9.878728
24, 33, 20.552804
24, 34, -14.294584
24, 35, 12.314978
24, 36, -28.932027
24, 37, 99999.000000
24, 38, 7.570633
24, 39, 7.788309
24, 40, 2.248863
24, 41, 25.082823
24, 42, -21.756966
24, 43, 18.837379
24, 44, -17.664408
24, 45, -1.351499
24, 46, 16.025902
24, 47, 20.531172
24, 49, -10.463189
24, 50, -62.000000
25, 1, 14.149025
25, 3, 19.045428
25, 4, 45.117928
25, 5, -44.330667
25, 7, -7.619656
25, 8, 9.310415
25, 9, -2.125609
25, 10, 0.394836
25, 11, -13.067908
25, 12, -23.192802
25, 15, -1.171259
25, 16, -41.187745
25, 17, -8.865250
25, 18, 14.000000
25, 20, 27.948019
25, 21, 14.557184
25, 22, -0.067023
25, 24, -51.189473
25, 25, 25.000000
25, 27, -25.240342
25, 28, -34.780836
25, 29, -46.368381
25, 30, 16.081070
25, 31, -18.657547
25, 33, 23.090671
25, 34, 99999.000000
25, 35, 19.918408
25, 36, -23.649612
25, 38, 9.787852
25, 39, 3.584895
25, 40, 3.532620
25, 41, 32.327013
25, 42, -22.836874
25, 43, -3.973193
25, 44, -17.587656
25, 46, 22.189156
25, 47, 17.971514
25, 48, -10.404065
26, 1, 12.737149
26, 2, -52.061686
26, 3, 22.991563
26, 4, 49.063174
26, 6, 20.076036
26, 8, 10.351191
26, 9, -9.102543
26, 10, 3.432698
26, 11, -9.628047
26, 12, -20.725337
26, 13, 53.281081
26, 14, -44.087854
26, 15, -1.602945
26, 17, 4.585305
26, 19, -42.221346
26, 20, 27.119352
26, 21, 12.782521
26, 22, 4.970800
26, 23, -21.639148
26, 24, -56.052946
26, 26, -21.760413
26, 27, -14.690514
26, 28, -33.962127
26, 29, -49.637653
26, 30, 11.110128
26, 31, -26.990659
26, 32, -44.000000
26, 33, 22.950156
26, 34, 31.596268
26, 35, 22.391056
26, 36, -17.954651
26, 39, 0.102294
26, 41, 39.219099
26, 42, -23.222547
26, 43, 15.674388
26, 44, -15.206015
26, 47, 13.924311
26, 48, -7.521707
26, 49, 38.000000
26, 50, -42.664113
27, 1, 12.577957
27, 2, -49.938314
27, 3, 29.556630
27, 4, 49.018389
27, 5, -17.972405
27, 6, 19.928757
27, 7, 12.522071
27, 9, -15.216261
27, 10, 7.322787
27, 12, -17.961932
27, 13, 56.718919
27, 14, -44.941501
27, 15, -4.969004
27, 16, -28.073786
27, 17, 16.752465
27, 18, 4.493418
27, 19, -35.935597
27, 20, 22.520262
27, 21, 9.731878
27, 22, 6.419157
27, 23, -17.724470
27, 24, -57.725703
27, 25, -56.000000
27, 26, -23.050418
27, 27, -8.386438
27, 28, -34.416317
27, 29, -51.033492
27, 30, 9.383137
27, 31, -33.648876
27, 32, -50.303339
27, 33, 28.111678
27, 34, 3.472571
27, 35, 24.745660
27, 36, -11.689510
27, 37, 6.056596
27, 38, -3.409498
27, 39, -10.855612
27, 40, -20.519905
27, 42, -22.403197
27, 43, 7.167984
27, 44, -9.829599
27, 45, -17.714245
27, 46, 5.183218
27, 47, 8.185458
27, 48, -3.271793
27, 50, -37.740103
28, 3, 36.058987
28, 5, -12.378336
28, 6, 13.919868
28, 7, 17.558919
28, 8, -19.289665
28, 9, -21.817095
28, 12, -16.076585
28, 14, -49.886060
28, 16, -21.251058
28, 17, 26.803374
28, 18, -0.137457
28, 19, -28.617915
28, 20, 18.145963
28, 21, 8.603631
28, 22, 5.101528
28, 23, -11.329524
28, 24, -63.272450
28, 26, -22.847934
28, 27, -6.274106
28, 28, -31.876179
28, 29, -55.959919
28, 30, 7.254449
28, 31, -40.750100
28, 32, 99999.000000
28, 33, 33.069441
28, 34, 24.904857
28, 35, 25.584148
28, 36, -6.339784
28, 37, 13.943404
28, 38, -4.452969
28, 39, -18.336789
28, 40, -14.058152
28, 41, -25.778347
28, 42, -22.992939
28, 43, 20.805755
28, 44, -6.582772
28, 45, -18.165718
28, 46, -0.627228
28, 47, 1.963067
28, 48, -4.475097
28, 49, -81.303339
28, 50, -30.899383
29, 1, 25.807354
29, 5, -2.013119
29, 6, 8.856344
29, 7, 23.796360
29, 8, -25.710335
29, 9, -27.850382
29, 10, 16.806610
29, 11, 75.101744
29, 13, 99999.000000
29, 15, 99999.000000
29, 16, -10.507363
29, 18, -7.317742
29, 19, -21.331923
29, 20, 15.711995
29, 21, 11.145964
29, 22, -1.921235
29, 23, -4.057746
29, 24, -64.310349
29, 25, 4.349142
29, 26, -24.020811
29, 27, -10.206808
29, 30, 8.468907
29, 31, -44.112693
29, 32, -4.974420
29, 34, 10.519163
29, 35, 27.087045
29, 36, -1.547526
29, 38, -9.337036
29, 39, -33.422655
29, 40, -9.217136
29, 41, -23.186626
29, 42, -20.531313
29, 43, 23.210272
29, 44, -4.872679
29, 45, -22.899010
29, 46, -3.621465
29, 48, -3.224520
29, 49, -80.696661
29, 50, -28.061916
30, 1, 17.611550
30, 2, -40.217720
30, 3, 22.989453
30, 4, 9.957915
30, 5, -1.084688
30, 6, -0.269798
30, 9, -34.883689
30, 10, 23.170189
30, 11, 72.693354
30, 12, 52.108922
30, 13, -34.318711
30, 14, 24.203762
30, 15, 13.030843
30, 16, -0.493692
30, 17, -14.010888
30, 19, -15.003300
30, 20, 16.982039
30, 22, -12.116434
30, 23, 4.054496
30, 25, 5.479772
30, 26, -21.440707
30, 28, -11.746645
30, 29, -8.011182
30, 30, 9.577577
30, 32, -9.011129
30, 33, -62.000000
30, 34, 24.029231
30, 35, 27.345545
30, 36, 3.805891
30, 37, 20.525366
30, 38, -14.921410
30, 39, -38.310814
30, 40, -9.329725
30, 41, -25.026727
30, 42, -20.509047
30, 43, 35.731697
30, 45, -25.163562
30, 47, 24.606677
30, 48, -7.319706
30, 50, -24.103162
31, 1, 3.465457
31, 2, -41.088135
31, 3, 16.879202
31, 4, 3.200644
31, 5, 6.362006
31, 6, -2.676352
31, 7, -50.477383
31, 8, 20.351823
31, 9, -40.404300
31, 10, 30.590714
31, 11, 69.376003
31, 12, 51.175571
31, 13, 1.086687
31, 14, 21.614260
31, 15, 2.000000
31, 16, 5.031861
31, 17, -7.726890
31, 18, 63.000000
31, 19, -9.427968
31, 20, 20.728979
31, 21, 8.542477
31, 22, -22.490009
31, 23, 11.787134
31, 24, -52.195778
31, 25, 8.628305
31, 26, -22.704978
31, 28, -12.840856
31, 29, -2.564477
31, 30, 9.748811
31, 31, -69.000000
31, 32, -2.719562
31, 34, 19.924799
31, 35, 25.282783
31, 36, 8.912069
31, 37, 10.573633
31, 38, -22.299118
31, 39, -51.569033
31, 42, -15.013211
31, 43, 40.335181
31, 44, -85.000000
31, 45, -30.213119
31, 46, -33.059141
31, 47, 23.393323
31, 48, -8.747622
31, 50, -22.481093
32, 1, -9.631602
32, 2, -40.535157
32, 3, 13.577202
32, 4, -1.786485
32, 5, -0.995009
32, 6, -4.864331
32, 7, -45.892092
32, 8, 18.381353
32, 9, -47.239238
32, 10, 36.605451
32, 11, 62.106730
32, 12, 49.145580
32, 13, -13.721414
32, 14, 15.593430
32, 16, 4.873783
32, 17, 0.652654
32, 19, -5.924413
32, 20, 25.125378
32, 21, -1.332622
32, 22, -30.913663
32, 23, 21.673229
32, 24, -54.074167
32, 25, 14.046192
32, 26, -21.656113
32, 28, -8.764350
32, 29, 1.679097
32, 30, 8.729420
32, 31, 99999.000000
32, 33, -49.000000
32, 35, 20.924406
32, 36, 15.590878
32, 37, 1.115981
32, 38, -28.538399
32, 39, -44.554640
32, 40, -2.760509
32, 42, -10.691813
32, 46, -35.940859
32, 48, -14.099194
32, 49, 23.795040
32, 50, -18.244761
33, 1, -22.230545
33, 2, -41.233503
33, 3, 8.250364
33, 4, -1.950036
33, 5, 5.789288
33, 6, -0.169742
33, 7, -40.491584
33, 8, 17.742701
33, 11, 53.223119
33, 12, 48.307940
33, 13, 9.908823
33, 14, 15.323679
33, 15, 55.000000
33, 16, -0.268832
33, 17, 9.929793
33, 18, -22.668363
33, 19, -2.106215
33, 20, 31.997645
33, 21, -12.079122
33, 22, -33.906879
33, 23, 27.701106
33, 24, -56.720273
33, 25, 21.300655
33, 26, -25.510259
33, 27, -31.326515
33, 28, -5.374236
33, 29, 2.519711
33, 31, -12.452464
33, 32, -3.488741
33, 34, 11.000000
33, 35, 15.483371
33, 37, -8.672369
33, 38, -34.272205
33, 39, -58.100130
33, 40, 2.691630
33, 42, -2.733972
33, 45, 19.728030
33, 47, -68.746229
33, 48, -18.805583
33, 49, 20.894532
33, 50, -17.818880
34, 1, -31.227787
34, 2, -38.613405
34, 3, 7.194945
34, 4, 2.421754
34, 5, 99999.000000
34, 6, 2.721096
34, 8, 14.395161
34, 9, -53.513260
34, 10, 0.385366
34, 11, 40.400025
34, 12, 44.382416
34, 13, 9.316507
34, 14, 16.196275
34, 16, -8.966418
34, 17, 19.564885
34, 18, -19.331637
34, 19, -1.460574
34, 20, 38.131971
34, 21, -18.243843
34, 23, 33.885621
34, 24, -58.433010
34, 26, -29.014907
34, 27, -26.390523
34, 28, 0.129342
34, 29, 1.857697
34, 30, 4.000000
34, 31, -55.000000
34, 32, -1.381620
34, 33, 23.143085
34, 35, 11.393419
34, 36, -10.098374
34, 37, -13.217393
34, 39, 99999.000000
34, 40, 3.556008
34, 41, 16.000000
34, 42, 0.971348
34, 43, -18.291966
34, 44, 38.509187
34, 45, 12.835006
34, 46, 85.000000
34, 47, -95.848331
34, 48, -24.987255
34, 49, 13.596844
34, 50, -15.469492
35, 1, -34.816946
35, 2, -34.130610
35, 3, 5.102402
35, 4, 10.706555
35, 5, 36.000000
35, 7, -29.004833
35, 8, 14.294946
35, 9, -51.696256
35, 10, -0.004251
35, 11, 27.803367
35, 12, 37.668841
35, 13, 22.891450
35, 14, 23.553060
35, 15, -90.000000
35, 17, 28.161030
35, 19, -1.412628
35, 21, -21.481188
35, 22, -45.043661
35, 23, 33.915240
35, 24, -59.463120
35, 25, -14.716375
35, 27, -19.740813
35, 28, 0.026120
35, 29, -0.256542
35, 32, -2.424512
35, 33, 19.856915
35, 34, -9.619803
35, 35, 10.118002
35, 36, -2.847054
35, 38, 11.693156
35, 39, -6.577994
35, 40, 1.330903
35, 41, 25.455008
35, 43, -19.098218
35, 44, 39.627222
35, 45, 11.053003
35, 47, -59.941546
35, 48, -27.301011
35, 49, 6.747422
35, 50, -18.005796
36, 1, -32.466602
36, 2, -26.722822
36, 3, 4.265949
36, 4, 20.142523
36, 6, -93.000000
36, 7, -40.724960
36, 8, 10.024856
36, 9, -52.117396
36, 10, -7.042802
36, 11, 13.291766
36, 12, 28.456827
36, 15, 99999.000000
36, 18, -12.367569
36, 19, -5.147410
36, 20, -10.746263
36, 21, -19.059251
36, 22, -42.472951
36, 23, 33.443173
36, 25, -16.283625
36, 26, -50.860976
36, 27, -10.526307
36, 28, -1.192458
36, 29, -1.104111
36, 30, -10.758347
36, 31, 10.086776
36, 32, -3.065203
36, 34, -8.634651
36, 35, 8.952588
36, 36, 7.837134
36, 37, 0.000000
36, 38, 2.661640
36, 39, 37.256142
36, 40, -4.660792
36, 41, 99999.000000
36, 42, 11.316614
36, 43, -22.157436
36, 44, 39.729728
36, 45, 4.333143
36, 46, -0.909475
36, 47, 99999.000000
36, 49, -2.823899
36, 50, -16.591666
37, 1, -22.825316
37, 2, -18.057839
37, 4, 27.887533
37, 5, -13.000000
37, 7, -16.119931
37, 8, 8.248762
37, 10, -15.013067
37, 11, 1.505430
37, 12, 18.342210
37, 13, -2.360131
37, 14, -25.621553
37, 15, 36.232145
37, 16, -43.000000
37, 17, -27.652947
37, 18, -4.632431
37, 19, -9.801379
37, 20, -15.471300
37, 21, -17.669731
37, 22, -37.232980
37, 23, 26.879047
37, 24, 30.964136
37, 26, -50.722529
37, 27, -5.870926
37, 28, -5.651163
37, 29, -4.659841
37, 30, -9.241653
37, 31, 14.068669
37, 32, -6.111239
37, 33, 2.410492
37, 34, -10.526618
37, 35, 11.686046
37, 36, 17.257648
37, 38, -4.518340
37, 39, -1.311093
37, 40, -8.866303
37, 41, 99999.000000
37, 42, 8.751079
37, 44, 41.681516
37, 45, 4.659931
37, 46, 48.606677
37, 47, -80.000000
37, 48, 5.562161
37, 49, -10.575749
37, 50, -16.701731
38, 1, -10.112233
38, 2, -9.246387
38, 4, 32.220150
38, 6, 3.568997
38, 7, 99999.000000
38, 8, 2.005687
38, 10, -26.642787
38, 12, 11.628264
38, 13, 4.148286
38, 14, -19.760916
38, 15, 14.248786
38, 17, -26.164396
38, 19, -13.494629
38, 20, -24.311701
38, 21, -13.591556
38, 22, -33.668301
38, 23, 19.934329
38, 24, 31.578788
38, 25, -30.092293
38, 26, -49.681741
38, 28, -6.853648
38, 29, -5.876898
38, 31, 18.569336
38, 32, -6.985700
38, 33, 9.589508
38, 34, -15.469699
38, 35, 11.180904
38, 36, 29.113794
38, 37, -13.501335
38, 38, -9.743957
38, 39, 15.201110
38, 40, -10.492141
38, 42, 2.274119
38, 43, 62.000000
38, 44, 41.738690
38, 45, 2.301141
38, 46, -13.364880
38, 48, 12.437839
38, 49, -16.796787
39, 1, 5.048753
39, 2, -2.256333
39, 3, 72.071212
39, 4, 34.262077
39, 5, 23.764690
39, 6, 1.313794
39, 7, 29.894741
39, 8, -2.008634
39, 9, 14.558391
39, 10, -36.897637
39, 12, 9.157306
39, 13, 13.865902
39, 14, -22.610955
39, 15, 28.203110
39, 16, 0.498406
39, 17, -20.886164
39, 18, 84.000000
39, 19, -14.148674
39, 20, -34.422930
39, 21, -12.578319
39, 22, -27.175696
39, 23, 7.154060
39, 24, 35.444103
39, 25, -24.261367
39, 26, -53.836742
39, 27, -25.293357
39, 28, -8.497030
39, 29, -11.668283
39, 30, 47.297449
39, 32, -9.218872
39, 34, -22.699375
39, 35, 13.474364
39, 36, 38.436182
39, 37, -12.054099
39, 38, -7.933137
39, 39, -10.323195
39, 41, -47.066858
39, 42, -5.363697
39, 44, 43.507841
39, 45, 7.844494
39, 46, 99999.000000
39, 49, -19.123304
40, 1, 14.965224
40, 2, 0.382001
40, 3, 69.813854
40, 4, 33.547036
40, 5, 21.652983
40, 6, -0.081725
40, 7, 8.742882
40, 8, -5.906680
40, 9, 15.575984
40, 10, -45.371403
40, 11, -87.000000
40, 13, 22.840318
40, 14, -20.959471
40, 15, 13.635042
40, 16, -2.700310
40, 17, -17.839816
40, 19, -12.235973
40, 20, -41.917732
40, 21, -12.509433
40, 22, -24.536311
40, 23, -1.245793
40, 24, 41.479233
40, 25, -26.763693
40, 27, -23.527312
40, 28, -7.734217
40, 29, -15.812200
40, 30, 40.501462
40, 31, -72.256934
40, 32, -7.929176
40, 33, -95.000000
40, 34, -30.812431
40, 35, 10.976865
40, 36, 48.450945
40, 37, -9.303478
40, 38, -3.571061
40, 39, -7.224239
40, 40, -21.965899
40, 41, -42.652840
40, 42, -10.019393
40, 43, -10.604133
40, 45, 13.519565
40, 46, -23.039427
40, 47, -23.188062
40, 48, -5.581705
40, 50, 25.371064
41, 1, 20.535880
41, 2, 0.584597
41, 3, 69.172109
41, 4, 33.326846
41, 5, 22.400576
41, 7, 10.005832
41, 8, -6.636332
41, 9, 18.800299
41, 11, 99999.000000
41, 12, -22.943416
41, 13, 28.516214
41, 14, -26.055232
41, 15, 20.132386
41, 16, -1.829594
41, 17, -13.098445
41, 18, 48.262359
41, 19, -8.028701
41, 20, -45.504351
41, 22, -19.774065
41, 23, -11.228265
41, 25, 99999.000000
41, 26, 85.000000
41, 27, -19.842650
41, 28, -10.061024
41, 29, -22.195185
41, 30, 36.994259
41, 31, -70.638477
41, 32, -7.133734
41, 34, -38.158669
41, 35, 13.244935
41, 36, 53.161583
41, 37, -4.295678
41, 38, 4.231771
41, 39, -13.253233
41, 40, -14.188114
41, 41, -40.514188
41, 42, -8.815664
41, 43, -14.395867
41, 44, 12.862279
41, 45, 22.302080
41, 46, -43.000000
41, 47, -20.961120
41, 48, -4.532451
41, 49, 39.343381
41, 50, 30.628936
42, 2, -3.383931
42, 5, 23.513025
42, 6, -0.952593
42, 7, -8.740963
42, 8, -6.839107
42, 9, 18.665736
42, 11, 19.078855
42, 12, -15.462325
42, 13, 33.253262
42, 14, -26.358728
42, 15, 6.830924
42, 16, -0.129212
42, 17, -9.808632
42, 18, 42.989654
42, 19, -4.430753
42, 21, 99999.000000
42, 22, -18.427668
42, 23, -12.474441
42, 24, 7.000000
42, 25, -37.956472
42, 26, 49.281081
42, 27, -18.249648
42, 28, -10.723670
42, 29, -25.130112
42, 30, 30.125458
42, 31, -67.002685
42, 32, -2.591412
42, 33, -28.256163
42, 35, 11.821018
42, 37, -0.940858
42, 38, 10.017424
42, 39, -7.624043
42, 40, -10.445849
42, 41, -38.139558
42, 42, -2.656734
42, 44, 12.032292
42, 45, 29.285024
42, 47, -22.973313
42, 48, -1.609832
42, 49, 30.688617
43, 1, 25.023964
43, 2, -10.262946
43, 3, 42.171383
43, 4, -6.587206
43, 5, 24.059011
43, 6, -4.622734
43, 7, -16.084551
43, 8, -9.355504
43, 9, 17.402521
43, 10, -1.243565
43, 11, 59.000000
43, 12, -7.113507
43, 13, 33.703608
43, 14, -24.297569
43, 15, 12.516977
43, 16, 4.421777
43, 17, -6.637829
43, 18, 41.794408
43, 20, 85.342766
43, 21, 42.365867
43, 22, -14.646722
43, 23, -11.276674
43, 25, -41.050901
43, 26, 99999.000000
43, 27, -12.281698
43, 28, -14.583678
43, 30, 26.795896
43, 31, -62.894586
43, 32, 1.473695
43, 33, -43.694581
43, 34, -56.022258
43, 35, 15.574697
43, 36, -46.637026
43, 37, 3.559484
43, 38, 16.714218
43, 39, -3.687846
43, 40, -10.110621
43, 42, 7.923992
43, 43, -40.472661
43, 44, 16.739727
43, 45, 36.491549
43, 46, -59.000000
43, 48, 0.915296
43, 49, 19.885198
43, 50, -81.000000
44, 1, 21.908183
44, 2, -15.928022
44, 3, 42.828617
44, 4, -8.002227
44, 6, -4.476885
44, 7, -24.439284
44, 8, -12.639999
44, 9, 13.622313
44, 10, 0.510757
44, 12, 5.366248
44, 13, 35.932313
44, 14, -24.372399
44, 15, -8.533572
44, 17, -8.651579
44, 18, 40.980608
44, 19, -88.000000
44, 20, 86.657234
44, 21, 22.944982
44, 22, -14.078216
44, 23, -2.632911
44, 24, 2.426710
44, 25, -39.340568
44, 26, 54.823929
44, 27, -5.383014
44, 28, -14.830291
44, 29, 5.901432
44, 30, 20.814568
44, 31, -58.296656
44, 32, 7.636281
44, 33, -4.346721
44, 34, -51.977742
44, 35, 15.443415
44, 36, -41.748728
44, 37, 5.270026
44, 38, 19.158719
44, 40, -15.119474
44, 41, -1.117056
44, 42, 18.385210
44, 43, -39.427238
44, 44, 17.017142
44, 45, 39.930320
44, 47, -17.355871
44, 49, 9.588838
44, 50, 99999.000000
45, 1, 13.424456
45, 2, -20.961452
45, 4, -4.459566
45, 5, 27.946899
45, 6, -9.084041
45, 7, -21.991139
45, 8, -17.891331
45, 9, 10.521682
45, 10, 8.102682
45, 11, -22.059664
45, 12, 11.671438
45, 13, 34.423013
45, 14, -12.223492
45, 15, 5.095754
45, 16, -42.011129
45, 17, -14.781013
45, 18, 44.207077
45, 21, 23.624465
45, 22, -11.333918
45, 23, 5.619060
45, 24, -2.426710
45, 25, -36.693006
45, 26, 52.109697
45, 27, 6.662755
45, 28, -15.697837
45, 29, 1.098568
45, 30, 16.625818
45, 31, -56.143768
45, 32, 10.683742
45, 33, -36.206782
45, 35, 20.105926
45, 36, -35.477068
45, 37, 6.780688
45, 38, 21.318923
45, 40, -21.044275
45, 41, -3.456114
45, 42, 30.078040
45, 43, -31.022768
45, 44, 19.472557
45, 46, -28.868799
45, 47, -10.436360
45, 48, 60.213355
45, 49, 4.242330
45, 50, 0.753258
46, 1, 6.643034
46, 2, -22.696845
46, 4, 3.154399
46, 5, 33.053101
46, 6, -9.935092
46, 7, -16.680863
46, 8, -22.983991
46, 9, 6.966820
46, 10, 12.389861
46, 11, -14.017788
46, 13, 34.922748
46, 14, -21.506948
46, 15, 99999.000000
46, 16, -39.988871
46, 17, -22.912820
46, 18, 99999.000000
46, 19, 1.531318
46, 20, 59.406777
46, 21, 5.050343
46, 22, -10.767428
46, 23, 16.805080
46, 25, -30.438053
46, 26, 58.582026
46, 27, 18.740279
46, 28, -12.918703
46, 30, 12.637297
46, 31, -55.851428
46, 32, 11.629726
46, 33, 21.774749
46, 34, -41.539086
46, 35, 21.266815
46, 36, -30.132591
46, 37, 4.603940
46, 38, 20.353380
46, 40, -28.686062
46, 41, -6.002690
46, 42, 38.429471
46, 43, -21.401240
46, 44, 16.563404
46, 45, -73.000000
46, 46, -29.769466
46, 47, 1.060532
46, 48, 57.786645
46, 50, 89.000000
47, 1, -4.630111
47, 2, -24.882379
47, 3, 16.915505
47, 4, 15.607415
47, 6, -16.419201
47, 7, -4.141571
47, 8, -24.959896
47, 9, 7.206244
47, 10, 19.225036
47, 11, -7.982401
47, 12, 52.000000
47, 13, 32.606473
47, 14, -4.579407
47, 15, 28.114787
47, 17, -30.623232
47, 18, -54.000000
47, 19, 9.468682
47, 20, 60.235435
47, 21, -3.984206
47, 22, -8.854291
47, 23, 22.735342
47, 24, -33.000000
47, 25, -20.420982
47, 27, 32.946472
47, 28, -12.001138
47, 29, 99999.000000
47, 31, -58.572083
47, 32, 6.834992
47, 33, 99999.000000
47, 34, -39.304357
47, 37, 3.357491
47, 38, 18.921487
47, 39, 5.229182
47, 40, -35.110855
47, 41, -3.543701
47, 42, 45.153074
47, 43, -6.567081
47, 44, 15.065059
47, 46, -29.441175
47, 47, 8.233279
47, 49, 26.896118
48, 1, -9.722946
48, 3, 13.321016
48, 4, 26.784271
48, 5, -25.599140
48, 6, -21.555784
48, 7, 4.792781
48, 8, -23.077968
48, 9, 9.595574
48, 10, 22.668783
48, 11, 0.020338
48, 12, 76.162798
48, 13, 31.546831
48, 14, 99999.000000
48, 15, -47.000000
48, 16, -49.930275
48, 17, -35.371810
48, 20, 62.842751
48, 21, -19.234189
48, 22, -9.476387
48, 23, 26.513509
48, 25, -10.819480
48, 26, -92.000000
48, 27, 43.660444
48, 30, -59.446065
48, 32, 0.740277
48, 33, 7.619956
48, 34, -41.096528
48, 35, -17.558666
48, 36, 3.318710
48, 37, 1.891685
48, 38, 18.501176
48, 39, -5.709283
48, 41, 1.523145
48, 42, 49.779371
48, 43, 3.879044
48, 44, 10.674470
48, 45, 38.332139
48, 46, -30.985859
48, 47, 14.760413
48, 48, -22.384811
48, 49, 25.147281
48, 50, 27.809946
49, 1, -15.794523
49, 2, 99999.000000
49, 3, 8.172333
49, 4, 36.336023
49, 5, -19.990430
49, 6, -29.578880
49, 7, 14.423656
49, 8, -17.091832
49, 9, 12.320024
49, 10, 29.260207
49, 11, 3.755683
49, 12, 99999.000000
49, 13, 31.728278
49, 14, -50.466137
49, 16, -47.411892
49, 17, -38.159471
49, 18, -38.982831
49, 19, -30.514149
49, 21, -25.330322
49, 22, -9.182742
49, 24, -76.000000
49, 25, 0.765709
49, 27, 51.769071
49, 28, -21.538952
49, 29, 22.382193
49, 30, -56.294294
49, 31, 42.149125
49, 32, -9.191184
49, 33, -4.437839
49, 34, -43.619295
49, 35, -11.441334
49, 36, -3.735495
49, 37, 5.026177
49, 38, 20.493573
49, 39, -16.391242
49, 40, 22.120827
49, 41, 11.424796
49, 42, 53.962564
49, 43, 16.377607
49, 45, 32.460941
49, 48, -25.813974
49, 49, 24.078516
49, 50, 31.411892
50, 1, -15.006718
50, 2, 40.000000
50, 3, 4.175334
50, 4, 41.438573
50, 5, -17.331328
50, 6, -35.940979
50, 8, -11.249372
50, 10, 31.250172
50, 12, 83.000000
50, 13, 33.417949
50, 14, -20.000000
50, 15, 61.000000
50, 16, -46.494301
50, 17, -38.553147
50, 18, -33.017169
50, 19, -32.485851
50, 20, 4.000000
50, 22, -8.155833
50, 23, 75.000000
50, 25, 6.762343
50, 26, 68.000000
50, 27, 54.579765
50, 28, -14.461048
50, 29, 25.617807
50, 30, -55.365846
50, 31, 46.850875
50, 32, -14.708221
50, 33, 15.673019
50, 34, -49.441432
50, 36, -13.324288
50, 37, 10.365971
50, 39, -25.343988
50, 40, 22.879173
50, 41, 18.580966
50, 42, 56.635724
50, 43, 21.305931
50, 44, -53.000000
50, 45, 28.561088
50, 46, -72.000000
50, 47, -8.000000
50, 48, -32.370610
50, 49, 21.873499
50, 50, 36.614629
