1, 1, 33.000000
1, 3, -21.219801
1, 4, 17.986608
1, 6, 12.524294
1, 7, 8.640092
1, 8, 34.239719
1, 9, -21.913951
1, 10, -19.000000
1, 11, 10.542740
1, 12, 99999.000000
1, 13, -86.000000
1, 14, -58.252394
1, 15, -38.000000
1, 16, -0.078873
1, 18, -90.905352
1, 19, -47.544106
1, 20, -29.740500
1, 21, -2.029309
1, 22, -6.475967
1, 23, 21.156796
1, 24, 20.086350
1, 25, -39.646316
1, 27, 62.000000
1, 28, 5.186488
1, 29, -41.000000
1, 30, -31.249315
1, 32, -11.623231
1, 33, -46.296088
1, 34, -17.028471
1, 35, -16.183256
1, 37, -82.000000
1, 38, -87.000000
1, 39, 82.000000
1, 40, 2.389105
1, 41, 16.508946
1, 42, -24.482129
1, 43, -36.459480
1, 45, 5.669421
1, 46, -81.000000
1, 47, -20.343314
1, 49, 45.000000
1, 50, 14.805710
2, 2, 51.047487
2, 3, -22.132707
2, 4, 14.898521
2, 5, -38.654226
2, 6, 10.353957
2, 7, 8.768639
2, 8, 34.760281
2, 9, -29.657249
2, 11, 10.232314
2, 14, -57.747606
2, 16, 27.950234
2, 17, -1.772620
2, 19, -45.800585
2, 20, -27.031750
2, 21, -5.877354
2, 22, -13.735023
2, 23, 18.277852
2, 24, 18.219062
2, 25, -37.566330
2, 28, 5.862348
2, 30, -36.876996
2, 31, 14.712626
2, 32, -12.139510
2, 33, -46.065995
2, 34, -15.986271
2, 35, -12.970390
2, 36, -70.586760
2, 40, 0.828229
2, 41, 16.200564
2, 42, -24.117182
2, 43, -34.351144
2, 44, 0.046754
2, 45, 6.431089
2, 47, -18.726714
2, 48, -8.237353
2, 50, 15.959499
3, 1, -20.667121
3, 2, 16.066160
3, 3, -22.372917
3, 4, 10.890592
3, 5, -39.757018
3, 6, 5.583180
3, 7, 8.921567
3, 9, -19.819282
3, 11, 8.528902
3, 12, 32.149851
3, 13, 99999.000000
3, 15, -25.700282
3, 17, -43.259155
3, 19, -43.853182
3, 20, -25.709482
3, 21, -11.497179
3, 22, -11.444808
3, 23, 12.264055
3, 24, 18.849298
3, 25, -31.486174
3, 26, -30.460308
3, 27, -11.868627
3, 28, 6.558679
3, 29, 55.504074
3, 30, -29.495558
3, 31, 13.796528
3, 32, -11.475962
3, 33, -44.898330
3, 34, -16.187393
3, 35, -10.260646
3, 36, -70.413240
3, 37, -79.000000
3, 38, 42.249294
3, 39, 7.772879
3, 40, -3.399305
3, 41, 15.910812
3, 42, -23.708073
3, 43, -36.543740
3, 44, -4.918689
3, 45, 9.382874
3, 47, -13.585629
3, 48, -8.970704
3, 49, -45.549494
3, 50, 16.183251
4, 1, -19.130388
4, 2, 50.940663
4, 3, -23.678736
4, 4, 5.186708
4, 5, -43.139588
4, 6, 0.867644
4, 8, -43.998595
4, 9, -30.616092
4, 10, -95.000000
4, 11, 4.794926
4, 12, 31.387981
4, 14, 16.387773
4, 15, -26.299718
4, 17, 1.615749
4, 19, -42.023238
4, 20, -23.788298
4, 21, -17.288224
4, 23, 6.038312
4, 24, 19.264997
4, 25, -26.044637
4, 26, -18.806717
4, 27, -9.100957
4, 29, 56.260656
4, 31, 13.763440
4, 32, -9.454888
4, 33, -41.290656
4, 34, -14.301801
4, 35, -5.370313
4, 38, 40.750706
4, 39, 4.053539
4, 40, -5.755191
4, 43, -35.336131
4, 44, -7.408635
4, 45, 9.968503
4, 47, -8.592565
4, 48, -9.715097
4, 49, -45.891484
4, 50, 16.712644
5, 1, -15.870637
5, 2, 6.593478
5, 3, -23.610605
5, 4, 1.890419
5, 5, -45.016889
5, 6, -3.480996
5, 7, 13.768872
5, 8, -43.205594
5, 11, -0.459601
5, 12, 30.636923
5, 13, 10.095328
5, 14, 17.882142
5, 19, -40.050916
5, 21, -22.767181
5, 23, -0.443902
5, 24, 22.090392
5, 25, -19.914557
5, 26, -32.439851
5, 27, -6.349480
5, 29, 56.981817
5, 31, 14.497865
5, 32, -6.720528
5, 33, -36.176249
5, 34, -13.923960
5, 35, -3.220130
5, 36, 14.667271
5, 39, 0.283649
5, 40, -9.492521
5, 41, 28.396035
5, 43, -39.657851
5, 44, -16.673809
5, 45, 11.504590
5, 47, -2.163865
5, 49, -46.282197
5, 50, 16.191779
6, 1, -11.143371
6, 3, -24.101189
6, 5, -47.443179
6, 6, -5.000407
6, 7, 10.811081
6, 8, -37.712534
6, 10, 2.701109
6, 11, -7.304533
6, 13, 8.426601
6, 14, 18.964080
6, 16, -36.679072
6, 19, -39.721224
6, 20, -25.130757
6, 21, -27.569086
6, 23, -6.430482
6, 24, 23.631921
6, 25, -16.073129
6, 26, -26.485848
6, 27, -1.696087
6, 31, 16.336682
6, 32, -3.034784
6, 33, -28.007752
6, 34, -10.190524
6, 35, -0.203890
6, 36, 13.524604
6, 38, -25.410746
6, 39, -5.440637
6, 40, -10.250348
6, 41, 26.016729
6, 42, -56.852937
6, 43, -37.369485
6, 44, -21.684049
6, 47, 2.429386
6, 49, -47.603124
7, 1, -6.639784
7, 3, -23.165900
7, 4, -20.498312
7, 6, -4.141598
7, 7, 7.893082
7, 8, -34.034424
7, 10, -0.384718
7, 11, -14.243819
7, 12, 21.236317
7, 13, 8.523778
7, 14, 19.784653
7, 16, -11.406234
7, 18, 25.624509
7, 19, -38.268242
7, 20, -21.358229
7, 21, -31.643617
7, 22, 39.802698
7, 23, -10.498487
7, 25, -14.535530
7, 26, -32.533613
7, 27, 2.087100
7, 29, -25.032912
7, 31, 18.336672
7, 32, -0.124479
7, 33, -19.065444
7, 34, -8.552892
7, 35, -0.648090
7, 36, 7.853997
7, 38, -25.197457
7, 39, -9.112605
7, 40, -11.811751
7, 41, 18.792735
7, 42, -56.585726
7, 44, -31.450477
7, 46, -9.416010
7, 47, 7.433943
7, 50, 19.314169
8, 1, -3.242925
8, 4, -22.501688
8, 5, 0.778728
8, 6, -0.168599
8, 8, -25.959207
8, 9, 1.319622
8, 10, -2.524770
8, 11, -20.489434
8, 12, 21.161125
8, 13, 7.752520
8, 14, 18.617611
8, 16, -26.729155
8, 19, -39.475481
8, 20, -18.922436
8, 21, -34.966350
8, 22, 16.504200
8, 23, -14.761334
8, 24, -2.000000
8, 25, -15.255968
8, 26, -29.528371
8, 27, 6.569897
8, 29, -25.405560
8, 30, -24.525041
8, 32, 2.897415
8, 33, -7.764110
8, 34, -2.853480
8, 35, 0.095030
8, 36, 1.984657
8, 37, -40.699760
8, 38, -23.721693
8, 39, -13.168127
8, 41, 11.696736
8, 42, -56.254802
8, 44, -34.872211
8, 45, -7.014369
8, 46, -7.870486
8, 47, 10.558954
8, 48, -3.362799
8, 49, 14.000000
8, 50, 17.223695
9, 3, -20.614379
9, 5, 2.588712
9, 6, 5.376878
9, 8, -19.755132
9, 9, -24.614248
9, 10, -6.736330
9, 11, -24.170245
9, 12, 21.025211
9, 13, 9.236840
9, 14, 16.579060
9, 15, 23.000000
9, 16, -10.309318
9, 17, 60.000000
9, 19, -38.315793
9, 20, -14.753994
9, 21, -38.585782
9, 22, 32.702976
9, 23, -15.863091
9, 25, -19.281151
9, 26, -28.485342
9, 27, 10.401425
9, 29, -27.415727
9, 30, -23.008262
9, 31, -68.000000
9, 32, 3.945524
9, 33, 2.368230
9, 34, -0.460907
9, 35, -1.355280
9, 36, -6.057113
9, 37, -41.161670
9, 38, -22.258374
9, 39, -14.043377
9, 40, -6.462297
9, 41, 1.945024
9, 44, -40.425947
9, 45, -2.797662
9, 46, -7.535664
9, 47, 14.303898
9, 48, -4.732901
9, 50, 16.793243
10, 1, 8.131926
10, 2, -41.489269
10, 3, -20.984740
10, 4, -12.759646
10, 5, 5.036021
10, 6, 11.295254
10, 7, -12.708463
10, 8, -10.015618
10, 9, 3.068952
10, 10, -8.607241
10, 13, 9.909888
10, 14, 11.576953
10, 16, -14.714823
10, 19, -39.928791
10, 20, -13.323374
10, 21, -40.240459
10, 22, 17.495167
10, 23, -17.923303
10, 24, -20.787087
10, 25, -23.593124
10, 26, -25.379447
10, 27, 14.580428
10, 29, -28.730510
10, 30, -20.870207
10, 32, 4.714693
10, 33, 13.025350
10, 34, 5.157254
10, 35, -0.384259
10, 36, -11.233476
10, 37, -38.304136
10, 38, -19.398375
10, 40, -2.279408
10, 41, -3.750504
10, 42, -53.105189
10, 43, -0.734931
10, 45, 1.707879
10, 46, -8.895605
10, 47, 17.048421
10, 48, -10.029405
10, 49, -0.216451
10, 50, 15.140936
11, 1, 8.103555
11, 2, -41.810017
11, 3, -22.557330
11, 4, -11.157707
11, 5, 6.765040
11, 6, 15.955439
11, 7, -11.713048
11, 8, -2.303324
11, 9, -9.653942
11, 10, -11.328306
11, 11, -30.230217
11, 12, -16.000000
11, 13, 11.895013
11, 14, 6.196013
11, 15, 10.826479
11, 16, -6.541184
11, 17, -7.881398
11, 20, -10.992900
11, 21, -44.608341
11, 22, 25.746473
11, 23, -16.291543
11, 24, -18.708526
11, 25, -29.493493
11, 26, -19.830423
11, 27, 19.253266
11, 28, 9.539437
11, 30, -20.405969
11, 32, 3.357758
11, 33, 20.021114
11, 34, 5.871137
11, 35, -0.541651
11, 36, -15.471274
11, 37, -40.002331
11, 38, -15.499746
11, 39, 3.166390
11, 40, 7.424517
11, 41, -11.026127
11, 42, -53.935587
11, 44, 8.725532
11, 45, 6.170585
11, 46, -11.803183
11, 47, 20.435905
11, 48, -15.228088
11, 49, 2.230044
11, 50, 15.853377
12, 1, 11.145160
12, 2, -44.155193
12, 3, -24.236456
12, 4, -4.963180
12, 6, 17.834963
12, 7, -13.597125
12, 8, 7.034641
12, 9, 10.382210
12, 10, -10.957850
12, 11, -29.045276
12, 13, 12.296752
12, 14, -2.451075
12, 16, -5.058040
12, 17, -6.341994
12, 18, 2.871444
12, 19, -7.157892
12, 20, -10.782790
12, 21, -43.468546
12, 22, 17.461878
12, 23, -15.420001
12, 24, -17.147365
12, 25, -33.644127
12, 26, -15.318505
12, 27, 23.361216
12, 28, 9.460563
12, 29, 80.000000
12, 31, 19.123097
12, 32, 1.505860
12, 33, 25.246845
12, 37, -38.439222
12, 38, -10.933232
12, 39, 1.299954
12, 40, 17.520580
12, 41, -12.525774
12, 42, -54.758854
12, 43, -4.819619
12, 44, 6.847134
12, 45, 8.015002
12, 46, -15.640924
12, 47, 22.368891
12, 48, -22.322368
12, 49, 6.051597
13, 1, 10.714404
13, 2, -46.113636
13, 3, -26.781631
13, 4, -0.577639
13, 5, 46.348892
13, 6, 16.955127
13, 7, -14.801165
13, 8, 12.976601
13, 9, 6.454576
13, 11, -27.448324
13, 14, -10.077394
13, 17, -4.383532
13, 18, 2.335913
13, 19, -4.537724
13, 20, -9.342473
13, 21, -49.151149
13, 22, 19.679783
13, 23, -11.149048
13, 24, -15.607622
13, 25, -36.880747
13, 26, -8.347072
13, 27, 28.014159
13, 30, -50.883396
13, 31, 17.876903
13, 32, -1.818360
13, 34, -4.293518
13, 35, -15.188744
13, 36, -44.094648
13, 37, -41.160239
13, 38, -4.565846
13, 39, -0.782801
13, 40, 29.622632
13, 41, -16.602257
13, 43, -7.662043
13, 44, 3.024931
13, 46, -19.972935
13, 48, -26.863111
13, 49, 7.754688
13, 50, 22.981263
14, 1, 13.623220
14, 2, -49.065542
14, 3, -28.561830
14, 4, 6.467456
14, 5, 46.335561
14, 6, 13.089053
14, 7, -17.865234
14, 8, 17.486838
14, 9, 17.253165
14, 10, 21.012271
14, 11, -25.967103
14, 13, -12.880596
14, 14, -20.320590
14, 17, -2.314177
14, 18, 2.098671
14, 19, -2.247119
14, 20, -8.653748
14, 22, 13.646363
14, 23, -7.818156
14, 24, -15.504652
14, 25, -37.775382
14, 26, -3.325517
14, 27, 30.868091
14, 28, -37.824630
14, 30, -41.195314
14, 32, -5.691645
14, 33, -41.959116
14, 34, -1.706482
14, 35, -11.089341
14, 36, -43.905352
14, 37, -40.301684
14, 38, 0.615813
14, 39, -2.328653
14, 40, 38.480060
14, 41, -15.428036
14, 43, -13.288320
14, 44, 0.255921
14, 46, -23.386052
14, 47, -14.255107
14, 48, -30.929464
14, 50, 20.142140
15, 1, 14.419439
15, 2, -50.624293
15, 3, -30.413035
15, 4, 10.809653
15, 5, 43.622722
15, 6, 7.783785
15, 7, -19.587789
15, 9, 13.742308
15, 10, 22.032361
15, 11, -24.779799
15, 12, 10.820625
15, 13, -12.178631
15, 14, -28.128372
15, 18, 2.402228
15, 19, 0.144876
15, 20, -6.460696
15, 22, 10.705365
15, 23, -2.970693
15, 24, -15.537560
15, 25, -36.287778
15, 26, 2.489465
15, 27, 33.814802
15, 28, -36.603261
15, 29, 38.409325
15, 30, -51.253710
15, 31, -84.000000
15, 32, -9.682383
15, 33, -42.882251
15, 35, -3.110915
15, 37, -42.803244
15, 38, 7.454727
15, 39, -3.163566
15, 40, 46.361458
15, 41, -18.080063
15, 43, -19.171931
15, 45, -10.916003
15, 46, -25.918977
15, 47, -13.405584
15, 49, 8.787840
15, 50, 15.262828
16, 1, 18.873814
16, 2, -52.090328
16, 3, -30.563809
16, 4, 16.305699
16, 5, 42.881823
16, 6, 1.694705
16, 7, -21.241029
16, 8, -19.293406
16, 10, 18.822556
16, 11, -23.925487
16, 12, -9.656716
16, 13, -9.912755
16, 14, -37.418866
16, 16, -0.298196
16, 17, 54.170421
16, 20, -4.116646
16, 22, 3.575829
16, 23, -0.211684
16, 24, -16.435402
16, 25, -33.559393
16, 26, 6.632216
16, 27, 34.222959
16, 28, -36.778410
16, 29, 36.695215
16, 30, -39.469228
16, 32, -14.097213
16, 33, -44.149923
16, 34, 2.000000
16, 35, 7.639287
16, 36, 66.000000
16, 38, 10.901232
16, 40, 48.856010
16, 41, -16.339302
16, 43, -24.571352
16, 44, 27.585290
16, 45, -10.785192
16, 46, -26.332371
16, 47, -14.831472
16, 48, -7.470139
16, 49, 8.472566
16, 50, 9.215736
17, 1, 22.318004
17, 2, -51.804171
17, 4, 19.286563
17, 5, 38.348913
17, 6, -3.931688
17, 7, -21.424617
17, 8, -20.100013
17, 9, -28.394179
17, 10, 18.899589
17, 11, -23.419413
17, 12, 8.575767
17, 13, -10.425142
17, 14, -42.752193
17, 15, -39.981432
17, 16, -4.941345
17, 17, 52.829579
17, 18, 18.337271
17, 19, 86.000000
17, 20, -0.173887
17, 21, 16.120799
17, 22, -2.250691
17, 23, 1.853043
17, 25, -28.797304
17, 26, 10.514803
17, 27, 34.599635
17, 28, -37.581159
17, 29, 33.774815
17, 31, 99999.000000
17, 32, -17.284033
17, 33, -44.491585
17, 35, 18.068724
17, 38, 15.472422
17, 39, 24.599197
17, 42, -7.797859
17, 43, -27.023743
17, 44, 26.897466
17, 45, -11.402135
17, 46, -25.790873
17, 47, -15.244631
17, 48, -5.965897
17, 49, 4.701464
17, 50, 2.715217
18, 1, 27.917017
18, 2, -51.311668
18, 3, -73.000000
18, 4, 22.500187
18, 5, 34.674661
18, 6, -9.256835
18, 7, -20.803328
18, 8, -22.939153
18, 9, -26.180094
18, 10, 15.066893
18, 12, -8.297923
18, 13, -9.944325
18, 14, -48.137799
18, 15, -12.743872
18, 16, -2.903643
18, 18, 16.444624
18, 20, 3.877278
18, 21, 3.572127
18, 22, -8.624021
18, 24, -33.053523
18, 25, -24.082292
18, 26, 13.570855
18, 27, 33.113829
18, 29, 32.299423
18, 32, -19.910506
18, 34, 23.000000
18, 35, 26.591692
18, 36, 21.618310
18, 37, 73.000000
18, 38, 15.313871
18, 39, 21.315461
18, 40, -1.178246
18, 41, 39.688702
18, 42, -7.155774
18, 44, 26.248284
18, 45, -9.702202
18, 46, -23.258501
18, 47, -17.125165
18, 48, -2.498726
18, 49, 3.391460
18, 50, -4.036467
19, 1, 31.664804
19, 2, -49.913920
19, 4, 24.473356
19, 5, 26.133133
19, 6, -14.097482
19, 7, -19.845793
19, 8, -26.025243
19, 9, -23.960948
19, 10, 15.206742
19, 11, -8.921006
19, 13, -12.090429
19, 14, -48.752027
19, 15, -37.227388
19, 16, -6.741543
19, 17, -54.469364
19, 18, 11.539174
19, 19, -6.300857
19, 20, 8.871071
19, 21, 8.902449
19, 22, -11.923780
19, 23, -6.652222
19, 24, -34.946477
19, 25, -18.250920
19, 26, 15.634446
19, 27, 32.396707
19, 28, -0.089416
19, 29, 30.757343
19, 31, -90.000000
19, 33, 16.057106
19, 35, 30.619091
19, 36, 21.381690
19, 38, 16.382351
19, 39, 19.169719
19, 40, 0.690481
19, 41, 38.301484
19, 42, -6.063404
19, 45, -9.020169
19, 46, -20.007396
19, 48, -0.604382
19, 49, -0.803857
19, 50, -10.041736
20, 1, 34.669388
20, 3, 62.000000
20, 4, 26.784013
20, 5, 17.879626
20, 6, -19.221443
20, 8, -29.871787
20, 10, 12.458179
20, 11, -11.038392
20, 15, -20.622796
20, 16, -9.379790
20, 17, -51.693345
20, 18, 9.198494
20, 19, -1.616478
20, 20, 12.819396
20, 21, 1.486517
20, 23, -5.361926
20, 25, -13.094168
20, 27, 31.186684
20, 28, -4.506298
20, 29, 31.286616
20, 30, -57.823380
20, 33, 16.692776
20, 34, 22.643385
20, 37, -36.892677
20, 39, 13.942119
20, 40, 0.653544
20, 41, 37.487629
20, 42, -7.501016
20, 43, 74.810705
20, 44, 3.034659
20, 46, -14.962503
20, 47, 34.385539
20, 49, -1.846459
20, 50, -15.630380
21, 4, 29.469687
21, 5, 5.656168
21, 6, -24.051989
21, 7, -21.229448
21, 8, -32.261323
21, 11, -11.421701
21, 12, -38.392501
21, 13, -58.646759
21, 14, 12.250283
21, 15, -34.921109
21, 16, -13.430657
21, 17, -46.486376
21, 18, 5.111481
21, 19, 4.319929
21, 20, 17.194247
21, 21, 5.523491
21, 23, -6.144483
21, 25, -8.304395
21, 28, -8.125498
21, 31, -0.700671
21, 32, -13.000000
21, 33, 15.640431
21, 34, 9.277023
21, 35, 0.658432
21, 36, -35.838554
21, 37, -38.107323
21, 38, 8.602967
21, 39, 11.700889
21, 40, 2.476471
21, 41, 37.624019
21, 42, -9.056666
21, 44, -0.363201
21, 45, 9.291737
21, 46, -9.343674
21, 47, 31.919121
21, 48, -35.476519
21, 49, -5.500953
21, 50, -19.203727
22, 1, -96.000000
22, 3, 26.584856
22, 4, 32.308567
22, 5, -5.127791
22, 6, -29.087364
22, 7, -18.791169
22, 10, -12.249142
22, 11, -13.034804
22, 12, -36.386539
22, 13, -57.353241
22, 14, 12.492774
22, 15, -24.177327
22, 16, -19.546286
22, 17, -38.727674
22, 18, 4.424084
22, 19, 12.822083
22, 20, 19.742541
22, 21, 4.017226
22, 22, 80.539437
22, 23, -5.064796
22, 24, -54.758771
22, 25, -4.761408
22, 26, 46.477410
22, 28, -15.513423
22, 31, -2.790534
22, 33, 17.908668
22, 34, 18.164889
22, 35, 4.379229
22, 36, -34.247834
22, 38, 8.377463
22, 39, 7.219042
22, 40, 2.090461
22, 42, -12.350080
22, 44, -4.338983
22, 45, 7.229788
22, 46, -2.658500
22, 47, 28.321914
22, 48, -34.484694
22, 49, -5.843427
22, 50, -21.371619
23, 3, 25.527420
23, 4, 36.125898
23, 5, -16.784857
23, 6, -32.866637
23, 7, -16.557331
23, 8, 3.742181
23, 9, 1.454367
23, 10, -10.502619
23, 11, -12.290748
23, 12, -32.997868
23, 14, 14.726652
23, 16, -23.624396
23, 17, -29.590481
23, 18, 2.596994
23, 19, 18.463558
23, 20, 22.694357
23, 21, 7.829086
23, 22, 80.460563
23, 23, -6.011446
23, 24, -55.964226
23, 25, -3.027666
23, 26, 45.625165
23, 28, -19.906515
23, 30, 19.648771
23, 31, -6.734152
23, 32, 91.000000
23, 33, 18.238029
23, 34, -0.011730
23, 35, 6.667625
23, 36, -31.095962
23, 38, 8.160558
23, 39, 6.258277
23, 40, 3.545558
23, 41, 23.890405
23, 42, -15.279057
23, 44, -8.446603
23, 45, 5.454262
23, 46, 3.622312
23, 47, 24.580268
23, 48, -33.435825
23, 49, -8.330481
24, 1, 14.979305
24, 2, -73.000000
24, 3, 24.888813
24, 4, 39.085694
24, 5, -24.185833
24, 6, -35.709631
24, 7, -14.436309
24, 8, 5.033811
24, 9, -0.432000
24, 10, -6.257828
24, 11, -12.882436
24, 12, -29.206013
24, 13, 33.000000
24, 14, 16.036406
24, 15, -1.016646
24, 16, -29.965264
24, 17, -19.334753
24, 19, 22.689310
24, 20, 23.481206
24, 21, 8.621795
24, 24, -54.019663
24, 26, 44.788560
24, 27, -25.982312
24, 28, -26.273265
24, 29, -48.484293
24, 30, 18.837111
24, 31, -12.227785
24, 33, 21.651229
24, 35, 12.364355
24, 36, -27.266037
24, 38, 8.741631
24, 39, 1.624099
24, 40, 3.347767
24, 41, 25.901188
24, 42, -18.036730
24, 43, -4.226813
24, 44, -10.865737
24, 45, 4.069472
24, 46, 8.899549
24, 47, 20.563359
24, 49, -7.641238
24, 50, -62.000000
25, 1, 14.381620
25, 3, 25.420421
25, 4, 42.660311
25, 5, -28.786333
25, 7, -14.206102
25, 8, 6.190648
25, 9, -4.876442
25, 10, -3.262948
25, 11, -11.232780
25, 12, -25.560521
25, 15, -0.762104
25, 16, -31.594773
25, 17, -8.787826
25, 18, 14.000000
25, 20, 24.442606
25, 21, 10.793486
25, 22, -0.509133
25, 24, -56.527692
25, 25, 25.000000
25, 27, -22.448765
25, 28, -28.433238
25, 29, -50.047008
25, 30, 15.703746
25, 31, -18.684700
25, 33, 22.731708
25, 35, 15.406044
25, 36, -22.516532
25, 38, 9.137065
25, 39, -0.323703
25, 40, 4.938442
25, 41, 29.563435
25, 42, -20.248993
25, 43, 19.335726
25, 44, -12.411175
25, 46, 11.681757
25, 47, 16.628035
25, 48, -10.494140
26, 1, 14.119447
26, 2, -51.331267
26, 3, 26.959863
26, 4, 44.015191
26, 6, 15.330175
26, 8, 6.628468
26, 9, -9.545702
26, 10, 0.405051
26, 11, -11.277305
26, 12, -22.396760
26, 13, 54.463663
26, 14, -48.186730
26, 15, -2.636035
26, 17, 0.952299
26, 19, -34.852772
26, 20, 23.320836
26, 21, 11.128010
26, 22, -0.069821
26, 23, -14.446280
26, 24, -56.005956
26, 26, -22.999955
26, 27, -19.288121
26, 28, -31.750775
26, 29, -50.032939
26, 30, 14.115732
26, 31, -24.826287
26, 32, -49.905352
26, 33, 26.593087
26, 35, 20.046837
26, 36, -17.505315
26, 39, -7.898642
26, 41, 31.184116
26, 42, -20.811245
26, 43, 4.004674
26, 44, -11.819217
26, 47, 12.849508
26, 48, -7.648679
26, 49, 38.000000
26, 50, -38.617036
27, 1, 13.845621
27, 2, -50.668733
27, 3, 29.333672
27, 4, 45.427684
27, 5, -14.783240
27, 6, 12.948038
27, 7, 16.942941
27, 9, -15.868685
27, 10, 1.383895
27, 12, -20.192429
27, 13, 55.536337
27, 14, -49.168449
27, 15, -2.506621
27, 16, -17.929273
27, 17, 8.974024
27, 18, -0.816721
27, 19, -32.115843
27, 20, 22.578327
27, 21, 11.832028
27, 22, -0.317191
27, 23, -12.065609
27, 24, -59.519187
27, 25, -56.000000
27, 26, -22.062356
27, 27, -15.765170
27, 28, -31.411404
27, 29, -52.587389
27, 30, 11.353366
27, 31, -30.734082
27, 33, 28.180261
27, 34, 28.494239
27, 35, 21.803149
27, 36, -12.094834
27, 37, 8.769580
27, 38, -8.670034
27, 39, -11.718610
27, 40, -19.097702
27, 42, -21.722536
27, 43, 21.816505
27, 44, -11.162985
27, 45, -20.282156
27, 46, 3.703336
27, 47, 9.274222
27, 48, -7.984338
27, 50, -35.386123
28, 3, 31.373277
28, 5, -8.641463
28, 6, 12.031722
28, 7, 18.799436
28, 8, -21.498312
28, 9, -21.413694
28, 12, -18.813772
28, 14, -50.086686
28, 16, -15.255134
28, 17, 13.504316
28, 18, -2.771642
28, 19, -27.521382
28, 20, 21.183203
28, 21, 12.322277
28, 22, -3.117479
28, 23, -7.991461
28, 24, -59.424574
28, 26, -23.309564
28, 27, -14.914624
28, 28, -32.414093
28, 29, -52.845719
28, 30, 10.498946
28, 31, -34.640079
28, 33, 31.677851
28, 34, 9.346443
28, 35, 23.952450
28, 36, -6.860160
28, 37, 11.230420
28, 38, -10.268292
28, 39, -22.844470
28, 40, -16.769531
28, 41, -27.854579
28, 42, -20.028054
28, 43, 16.125970
28, 44, -9.636491
28, 45, -22.261216
28, 46, 2.282628
28, 47, 6.872377
28, 48, -6.106634
28, 49, -81.094648
28, 50, -33.050123
29, 1, 12.475627
29, 5, -8.805500
29, 6, 7.283951
29, 7, 20.637300
29, 8, -23.501688
29, 9, -27.959228
29, 10, 23.172696
29, 11, 68.535145
29, 16, -11.254170
29, 18, -4.687002
29, 19, -22.496427
29, 20, 21.036655
29, 21, 13.281911
29, 22, -7.219056
29, 23, -1.804740
29, 24, -62.118549
29, 25, 8.960619
29, 26, -22.332726
29, 27, -14.927979
29, 30, 9.139983
29, 31, -37.192820
29, 34, 26.650147
29, 35, 24.072278
29, 36, -1.493136
29, 38, -12.621109
29, 39, -25.727373
29, 40, -15.497776
29, 41, -27.765820
29, 42, -19.503991
29, 43, 28.762795
29, 44, -9.558534
29, 45, -22.631153
29, 46, 0.818218
29, 48, -8.186350
29, 49, -80.905352
29, 50, -28.577585
30, 1, 7.823449
30, 2, -40.544325
30, 3, 17.870947
30, 4, 8.409143
30, 5, -1.099409
30, 6, 5.648718
30, 9, -32.957637
30, 10, 25.259252
30, 11, 67.388670
30, 12, 50.815462
30, 14, 22.856310
30, 16, -7.154757
30, 17, -4.766964
30, 19, -16.950810
30, 20, 21.987119
30, 22, -12.746755
30, 23, 4.321155
30, 25, 9.976718
30, 26, -23.870324
30, 28, -8.684095
30, 29, -5.925191
30, 30, 9.045634
30, 32, -3.380658
30, 33, -62.000000
30, 34, 13.760672
30, 35, 23.709832
30, 36, 3.115523
30, 37, 10.635351
30, 38, -17.012143
30, 39, -38.972173
30, 40, -14.972909
30, 41, -27.608288
30, 42, -15.809900
30, 43, 27.766435
30, 45, -25.558131
30, 47, 24.189295
30, 48, -8.422248
30, 50, -26.479740
31, 1, 1.233560
31, 2, -39.665033
31, 3, 16.961054
31, 4, 6.413460
31, 5, -4.769580
31, 6, 1.725992
31, 7, -46.692164
31, 8, 17.356269
31, 9, -37.987970
31, 10, 28.024523
31, 11, 62.626695
31, 12, 49.288834
31, 13, -18.193903
31, 14, 20.519652
31, 15, 12.334367
31, 16, -4.555059
31, 17, -1.787320
31, 18, 63.000000
31, 19, -12.668704
31, 20, 24.037635
31, 21, 1.152394
31, 22, -18.203011
31, 23, 11.869748
31, 24, -54.131579
31, 25, 11.960956
31, 26, -23.361494
31, 28, -7.533239
31, 29, -3.844046
31, 30, 8.352222
31, 32, -7.684508
31, 34, 27.281298
31, 35, 21.955467
31, 36, 7.473369
31, 37, 7.805920
31, 38, -20.830814
31, 39, -35.404042
31, 42, -13.945404
31, 43, 35.367427
31, 44, -85.000000
31, 45, -25.837272
31, 46, -34.050424
31, 47, 23.810705
31, 48, -12.296876
31, 50, -22.389834
32, 1, -7.354421
32, 2, -39.257586
32, 3, 13.230705
32, 4, 5.535909
32, 5, 3.297852
32, 6, 2.241483
32, 7, -45.049766
32, 8, 17.929135
32, 9, -40.389960
32, 10, 30.015394
32, 11, 56.765872
32, 12, 47.522675
32, 13, 8.783700
32, 14, 21.035519
32, 16, -3.718755
32, 17, 3.386199
32, 19, -8.600166
32, 20, 27.202382
32, 21, -3.254137
32, 22, -22.257412
32, 23, 17.401538
32, 24, -55.028316
32, 25, 14.833339
32, 26, -25.771871
32, 28, -7.624309
32, 29, -2.281780
32, 30, 8.152571
32, 33, -49.000000
32, 35, 19.756520
32, 36, 9.971546
32, 37, 2.508660
32, 38, -25.045453
32, 39, -49.471902
32, 40, -3.722653
32, 42, -9.125316
32, 46, -34.949576
32, 48, -14.188575
32, 49, 16.921159
32, 50, -21.412150
33, 1, -14.653170
33, 2, -36.858694
33, 3, 11.497041
33, 4, 6.201622
33, 6, 0.968016
33, 7, -43.420018
33, 8, 15.462514
33, 11, 47.785356
33, 12, 43.962130
33, 13, -4.510976
33, 14, 19.774664
33, 15, 55.000000
33, 16, -5.056616
33, 17, 9.308428
33, 18, -21.520562
33, 19, -6.672700
33, 20, 30.149000
33, 21, -7.242829
33, 22, -24.303855
33, 23, 23.538257
33, 24, -55.847676
33, 25, 17.337913
33, 26, -26.132216
33, 27, -22.801181
33, 28, -5.149271
33, 29, -0.803667
33, 32, -3.978118
33, 34, 11.000000
33, 35, 16.838175
33, 37, -0.947049
33, 38, -26.987543
33, 40, -2.765247
33, 42, -7.265923
33, 45, 13.610715
33, 47, -96.047324
33, 48, -18.432995
33, 49, 14.125311
33, 50, -18.280980
34, 1, -20.093542
34, 2, -34.239971
34, 3, 8.093091
34, 4, 8.968870
34, 6, 3.476438
34, 8, 14.945342
34, 9, -54.220158
34, 10, -7.133845
34, 11, 38.782201
34, 12, 39.844719
34, 13, 14.717838
34, 14, 22.205421
34, 16, -7.339620
34, 17, 14.909542
34, 18, -20.479438
34, 19, -5.160941
34, 20, 32.945625
34, 21, -12.085652
34, 23, 25.578284
34, 24, -56.824416
34, 26, -28.995007
34, 27, -21.767951
34, 28, -4.941875
34, 29, -1.148684
34, 30, 4.000000
34, 31, -15.138872
34, 32, -4.348348
34, 33, 22.012675
34, 35, 14.935432
34, 36, -0.312974
34, 37, -4.038514
34, 40, -1.768933
34, 41, 24.858028
34, 42, -3.942603
34, 43, -20.775303
34, 44, 40.184620
34, 45, 14.120378
34, 46, 85.000000
34, 47, -63.790611
34, 48, -20.147718
34, 49, 10.684423
34, 50, -18.478014
35, 1, -22.219804
35, 2, -29.563306
35, 3, 7.275801
35, 4, 13.116981
35, 7, -43.709858
35, 8, 11.340069
35, 9, -54.008826
35, 10, -9.353808
35, 11, 28.570362
35, 12, 34.374679
35, 13, 5.682615
35, 14, 22.817028
35, 17, 18.570561
35, 19, -5.796311
35, 21, -14.129061
35, 22, -41.236991
35, 23, 27.720318
35, 24, -57.096988
35, 25, -15.255493
35, 27, -18.121761
35, 28, -3.249675
35, 29, -1.200935
35, 32, -3.681103
35, 33, 20.987325
35, 34, -13.668937
35, 35, 12.508321
35, 36, 4.321853
35, 38, 5.784908
35, 40, -2.770137
35, 43, -21.426102
35, 44, 39.746689
35, 45, 9.848237
35, 48, -22.351291
35, 49, 4.598190
35, 50, -16.267594
36, 1, -20.248609
36, 2, -24.432596
36, 3, 5.380018
36, 4, 18.351980
36, 6, -93.000000
36, 7, -23.036619
36, 8, 9.907489
36, 9, -53.762761
36, 10, -12.492863
36, 11, 20.727990
36, 12, 28.675119
36, 18, -9.706758
36, 19, -6.511003
36, 20, -20.381426
36, 21, -16.283385
36, 22, -38.607132
36, 23, 24.619812
36, 25, -15.744507
36, 26, -53.641712
36, 27, -15.725195
36, 28, -4.565665
36, 29, -3.692250
36, 30, -10.236619
36, 31, 13.210887
36, 32, -5.040906
36, 34, -14.046285
36, 35, 12.440678
36, 36, 10.044987
36, 37, 0.000000
36, 38, 3.673734
36, 39, -7.408608
36, 40, -3.528104
36, 42, 4.253216
36, 43, -22.041940
36, 44, 40.933751
36, 45, 10.392303
36, 46, 47.810705
36, 49, -0.630114
36, 50, -16.980339
37, 1, -15.742782
37, 2, -18.590743
37, 4, 23.096470
37, 5, -13.000000
37, 8, 5.601579
37, 10, -19.001202
37, 11, 14.788682
37, 12, 23.490400
37, 13, 6.854318
37, 14, -24.170232
37, 16, -43.000000
37, 17, -24.131597
37, 18, -7.293242
37, 19, -8.350490
37, 20, -22.440103
37, 21, -15.642793
37, 22, -36.811201
37, 23, 22.171538
37, 24, 36.159751
37, 26, -52.445347
37, 27, -12.958117
37, 28, -4.412413
37, 29, -5.139661
37, 30, -9.763381
37, 31, 14.604695
37, 32, -4.872381
37, 33, 4.880002
37, 34, -15.975208
37, 35, 10.889917
37, 36, 18.897113
37, 38, 0.206177
37, 39, 20.387241
37, 40, -5.085973
37, 42, 3.282171
37, 44, 40.856591
37, 45, 7.740293
37, 46, -8.433426
37, 48, 7.927326
37, 49, -6.495379
37, 50, -15.064650
38, 1, -8.204317
38, 2, -13.126504
38, 4, 27.375114
38, 6, 2.793529
38, 8, 3.366558
38, 10, -24.597931
38, 12, 19.606785
38, 13, 9.567834
38, 14, -25.521549
38, 15, 30.256446
38, 17, -22.074074
38, 19, -9.231456
38, 20, -26.440680
38, 21, -16.125572
38, 22, -32.165465
38, 23, 14.860855
38, 24, 36.467013
38, 25, -25.886478
38, 26, -53.831262
38, 28, -6.689587
38, 29, -9.229842
38, 31, 15.990452
38, 32, -6.342917
38, 33, 7.119998
38, 34, -19.436426
38, 35, 12.465436
38, 36, 26.426879
38, 37, -9.029615
38, 38, -0.654948
38, 39, -7.265655
38, 40, -5.142381
38, 42, 1.431692
38, 43, 62.000000
38, 44, 42.143891
38, 45, 10.646747
38, 48, 10.072674
38, 49, -9.822290
39, 1, -1.548616
39, 2, -8.999427
39, 3, 71.945645
39, 4, 29.942881
39, 5, 24.589919
39, 6, 2.202065
39, 8, -0.725455
39, 9, 15.227393
39, 10, -30.958764
39, 12, 18.313310
39, 13, 14.464890
39, 14, -22.760406
39, 15, 11.664636
39, 16, 1.607894
39, 17, -20.688327
39, 18, 84.000000
39, 19, -9.833517
39, 20, -30.860643
39, 21, -14.963655
39, 22, -29.517883
39, 23, 10.012003
39, 24, 37.969706
39, 25, -28.957558
39, 26, -53.812565
39, 27, -23.046019
39, 28, -6.928950
39, 29, -11.570065
39, 30, 40.787828
39, 32, -5.441150
39, 34, -23.572925
39, 35, 11.115026
39, 36, 34.964853
39, 37, -8.816683
39, 38, -1.244344
39, 39, 7.961312
39, 41, -44.560478
39, 42, -0.493163
39, 44, 41.893253
39, 45, 11.747119
39, 49, -11.998217
40, 1, 4.794196
40, 2, -6.557558
40, 3, 71.483192
40, 4, 31.735903
40, 5, 24.082861
40, 6, 1.597261
40, 7, 13.010526
40, 8, -3.113901
40, 9, 16.208418
40, 10, -33.770284
40, 13, 19.344176
40, 14, -24.166926
40, 15, 24.024731
40, 16, 1.617190
40, 17, -17.296616
40, 19, -9.189535
40, 20, -34.613895
40, 21, -15.931899
40, 22, -24.561126
40, 23, 2.381662
40, 24, 39.763774
40, 27, -20.512280
40, 28, -9.361255
40, 29, -16.129592
40, 30, 39.712468
40, 31, -68.385953
40, 32, -5.594265
40, 33, -95.000000
40, 34, -27.737235
40, 35, 13.458796
40, 36, 39.909223
40, 37, -6.485767
40, 38, 1.699553
40, 39, -8.520809
40, 40, -20.264197
40, 41, -43.873274
40, 42, -0.835912
40, 43, -11.908452
40, 45, 17.402002
40, 47, -25.343512
40, 48, -3.079106
40, 50, 27.179720
41, 1, 6.825257
41, 2, -6.228570
41, 3, 70.995667
41, 4, 31.858447
41, 5, 23.435294
41, 7, -3.804557
41, 8, -6.110451
41, 9, 15.748895
41, 12, -11.474015
41, 13, 24.842023
41, 14, -23.353799
41, 15, 7.290031
41, 16, 1.032089
41, 17, -15.689896
41, 18, 46.510547
41, 19, -8.252404
41, 20, -36.328725
41, 22, -22.475392
41, 23, -0.298250
41, 26, 51.536337
41, 27, -18.351439
41, 28, -9.579010
41, 29, -17.943309
41, 30, 34.758684
41, 31, -67.241504
41, 32, -3.029063
41, 34, -30.598194
41, 35, 12.270640
41, 36, 43.820238
41, 37, -4.625321
41, 38, 4.260266
41, 39, -0.998760
41, 40, -18.685056
41, 41, -42.083115
41, 42, 0.579060
41, 43, -13.091548
41, 44, 13.827188
41, 45, 21.260723
41, 46, -24.299718
41, 47, -25.341219
41, 48, -2.405836
41, 49, 28.910503
41, 50, 28.820280
42, 2, -7.885793
42, 5, 23.454039
42, 6, -5.005189
42, 7, -0.085385
42, 8, -8.516397
42, 9, 16.012739
42, 12, -10.104778
42, 13, 28.061305
42, 14, -22.201633
42, 15, 16.818572
42, 16, 2.496026
42, 17, -13.537316
42, 18, 46.334684
42, 19, -6.987642
42, 22, -18.244388
42, 23, -3.681077
42, 24, 7.000000
42, 27, -12.877494
42, 28, -11.947073
42, 29, -20.731998
42, 30, 31.757009
42, 31, -65.716137
42, 32, -1.554180
42, 33, -44.608322
42, 35, 15.255025
42, 37, -1.346367
42, 38, 9.097656
42, 39, -6.946221
42, 40, -16.934230
42, 41, -41.955304
42, 42, 5.102253
42, 44, 15.632960
42, 45, 27.003047
42, 47, -25.273143
42, 48, -1.717829
42, 49, 25.938866
43, 1, 18.225982
43, 2, -10.618039
43, 3, 42.397465
43, 4, -0.388998
43, 5, 23.174303
43, 6, -4.330235
43, 7, -11.493504
43, 8, -11.198711
43, 9, 14.434383
43, 10, 3.640480
43, 11, 21.599435
43, 12, -4.721685
43, 13, 31.703901
43, 14, -24.013787
43, 15, -0.068027
43, 16, 3.010022
43, 17, -13.857228
43, 18, 44.517662
43, 20, 85.794930
43, 22, -16.964378
43, 23, -1.072652
43, 25, -35.587916
43, 27, -7.731731
43, 28, -11.848298
43, 30, 26.247734
43, 31, -63.272918
43, 32, 1.909817
43, 33, -9.598554
43, 34, -54.630985
43, 35, 14.661956
43, 36, -41.107501
43, 37, 0.328695
43, 38, 12.148742
43, 39, -1.438582
43, 40, -17.830552
43, 42, 10.981061
43, 43, -31.667138
43, 44, 14.531617
43, 45, 30.171908
43, 46, -59.000000
43, 48, -0.639736
43, 49, 21.208313
44, 1, 14.421601
44, 2, -14.401211
44, 3, 42.602535
44, 4, 0.721236
44, 6, -8.071039
44, 7, -9.922268
44, 8, -13.939230
44, 9, 13.634928
44, 10, 6.672730
44, 12, -1.577794
44, 13, 32.366998
44, 14, -17.250949
44, 15, 11.099583
44, 17, -15.156019
44, 18, 45.175314
44, 19, -88.000000
44, 20, 86.205070
44, 21, 25.328790
44, 22, -13.769456
44, 23, 0.952089
44, 24, 0.757181
44, 25, -33.827961
44, 27, 0.937545
44, 28, -13.563193
44, 29, 4.249294
44, 30, 23.379882
44, 31, -61.545517
44, 32, 3.242987
44, 33, -41.682931
44, 34, -53.369015
44, 35, 17.954276
44, 36, -39.434183
44, 37, 2.915712
44, 38, 15.942232
44, 40, -19.353423
44, 41, 0.268986
44, 42, 19.063432
44, 43, -28.433681
44, 44, 16.469434
44, 45, 32.759773
44, 47, -9.290727
44, 49, 17.283216
45, 1, 11.623567
45, 2, -17.088089
45, 4, 3.449437
45, 5, 29.703382
45, 6, -9.251688
45, 7, -12.927965
45, 8, -16.336171
45, 9, 11.743674
45, 10, 8.443296
45, 11, -14.326412
45, 12, 2.589218
45, 13, 33.994325
45, 14, -23.715406
45, 16, -41.315492
45, 17, -18.595133
45, 21, 7.771894
45, 22, -13.102527
45, 23, 7.155951
45, 24, -0.757181
45, 25, -30.360100
45, 26, 57.295774
45, 27, 9.057239
45, 28, -12.617277
45, 29, 2.750706
45, 30, 19.340642
45, 31, -59.889429
45, 32, 5.162940
45, 33, 2.997346
45, 35, 17.672796
45, 36, -37.167678
45, 37, 3.404976
45, 38, 17.523038
45, 40, -22.889543
45, 41, -0.862301
45, 42, 26.705441
45, 43, -24.749904
45, 44, 14.859802
45, 46, -29.991325
45, 47, -5.101519
45, 48, 59.378591
45, 49, 14.630262
46, 1, 4.521417
46, 2, -19.909727
46, 4, 9.307606
46, 5, 31.296618
46, 6, -14.464836
46, 7, -7.981574
46, 8, -18.103629
46, 9, 11.056197
46, 10, 13.990528
46, 11, -12.571100
46, 13, 33.248653
46, 14, -11.751520
46, 16, -40.684508
46, 17, -22.812687
46, 19, 4.261693
46, 20, 61.496488
46, 21, 9.340973
46, 22, -10.854953
46, 23, 11.025253
46, 25, -25.143943
46, 26, 53.933802
46, 27, 19.561476
46, 28, -13.307420
46, 30, 18.522681
46, 31, -59.802694
46, 32, 3.708731
46, 34, -43.490848
46, 35, 20.402368
46, 36, -35.369232
46, 37, 4.892534
46, 38, 19.355466
46, 40, -25.837375
46, 41, 0.547708
46, 42, 34.792679
46, 43, -15.928728
46, 44, 15.724622
46, 45, -73.000000
46, 46, -29.645494
46, 47, -1.927202
46, 48, 58.621409
46, 50, 6.325068
47, 1, 0.495062
47, 2, -20.409883
47, 3, 12.692103
47, 4, 15.625861
47, 6, -17.348289
47, 7, -5.308194
47, 8, -18.759897
47, 9, 10.332911
47, 10, 16.839924
47, 11, -7.960470
47, 12, 74.637184
47, 13, 33.788129
47, 17, -27.138028
47, 19, 6.738307
47, 20, 62.073239
47, 21, -4.904210
47, 22, -10.473623
47, 23, 15.985402
47, 24, -33.000000
47, 25, -19.062812
47, 27, 28.213739
47, 28, -11.861864
47, 29, 99999.000000
47, 31, -59.993714
47, 32, 2.383979
47, 34, -44.014020
47, 37, 4.987718
47, 38, 19.791969
47, 39, -4.291213
47, 40, -28.772351
47, 41, 1.864161
47, 42, 41.004376
47, 43, -8.921111
47, 44, 13.350877
47, 46, -30.445998
47, 47, 3.083127
47, 49, 24.944476
48, 1, -5.977817
48, 3, 11.277017
48, 4, 22.783448
48, 5, -24.369833
48, 6, -23.173818
48, 7, 0.828571
48, 8, -17.860034
48, 9, 10.909493
48, 10, 22.294974
48, 11, -5.588532
48, 13, 33.109173
48, 15, 23.372115
48, 16, -49.616444
48, 17, -30.987830
48, 20, 62.622388
48, 21, -7.065658
48, 22, -9.025668
48, 23, 16.707045
48, 25, -11.923359
48, 26, -92.000000
48, 27, 36.837885
48, 30, -59.242801
48, 32, -1.815073
48, 34, -43.984032
48, 35, -15.454364
48, 36, -3.607910
48, 37, 6.694692
48, 38, 20.799625
48, 39, -7.382457
48, 41, 5.812759
48, 42, 46.543563
48, 43, 0.778397
48, 44, 13.600106
48, 45, 36.083433
48, 46, -30.276817
48, 47, 4.355333
48, 48, -27.385105
48, 49, 24.834771
48, 50, 31.610935
49, 1, -7.484468
49, 3, 9.665801
49, 4, 27.709982
49, 5, -23.038121
49, 6, -26.239583
49, 7, 2.539136
49, 8, -16.342404
49, 9, 11.325324
49, 10, 24.086005
49, 11, -2.473943
49, 13, 33.747131
49, 16, -49.065915
49, 17, -33.265750
49, 18, -36.930702
49, 19, -31.192395
49, 21, -14.426703
49, 22, -8.829116
49, 24, -76.000000
49, 25, -7.149957
49, 27, 41.800032
49, 28, -19.104223
49, 29, 23.495212
49, 30, -58.591549
49, 31, 43.766480
49, 32, -4.423314
49, 33, 13.203567
49, 34, -46.144071
49, 35, -13.545636
49, 36, -6.354365
49, 37, 7.864732
49, 38, 21.358333
49, 39, -12.002111
49, 40, 22.381690
49, 41, 8.688790
49, 42, 49.905390
49, 43, 5.687062
49, 45, 34.497840
49, 48, -29.045445
49, 49, 23.767089
49, 50, 33.065915
50, 1, -10.216611
50, 3, 8.140309
50, 4, 30.914215
50, 5, -21.660637
50, 6, -30.179319
50, 8, -14.151914
50, 10, 27.134754
50, 13, 33.912207
50, 14, -48.542536
50, 15, 61.000000
50, 16, -48.490544
50, 17, -34.372833
50, 18, -35.069298
50, 19, -31.807605
50, 20, 4.000000
50, 22, -7.785228
50, 23, 75.000000
50, 25, -3.002226
50, 26, 68.000000
50, 27, 44.675318
50, 28, -16.895777
50, 29, 24.504788
50, 30, -57.905795
50, 31, 45.233520
50, 32, -7.752206
50, 33, 0.072674
50, 34, -47.102845
50, 36, -9.061488
50, 37, 10.371592
50, 39, -14.548684
50, 40, 22.618310
50, 41, 12.312884
50, 42, 51.909306
50, 43, 10.615580
50, 44, -53.000000
50, 45, 32.881655
50, 46, -72.000000
50, 47, -8.000000
50, 48, -30.657252
50, 49, 23.532257
50, 50, 34.496054
